4.525862126737732751e+02
4.487936412110231004e+02
4.447181013343056861e+02
4.403419702851052762e+02
4.356471363662076328e+02
4.306151040063490996e+02
4.252271258556628482e+02
4.194643655624465168e+02
4.133080950282708272e+02
4.067399299931263386e+02
3.997421077294054612e+02
3.922978103803317822e+02
3.843915370146031592e+02
3.760095267268915791e+02
3.671402340293973907e+02
3.577748562841518947e+02
3.479079109492197404e+02
3.375378578877871973e+02
3.266677588616444154e+02
3.153059625644099242e+02
3.034667991428827918e+02
2.911712631538812843e+02
2.784476584231327934e+02
2.653321725147361008e+02
2.518693427965033038e+02
2.381123708389847309e+02
2.241232376972744191e+02
2.099725702222816608e+02
1.957392087881830776e+02
1.815094306485540869e+02
1.673757915005913901e+02
1.534355615965996549e+02
1.397887524840261051e+02
1.265357563085857038e+02
1.137746510245801801e+02
1.015982603641833890e+02
9.009109449047090834e+01
7.932633222770311932e+01
6.936303393704841369e+01
6.024379014013573652e+01
5.199300953730108432e+01
4.461602670795665659e+01
3.809916217442784614e+01
3.241079653726270493e+01
2.750343103433118230e+01
2.331660850327053680e+01
1.978047442931528366e+01
1.681968259837345769e+01
1.435730810547480907e+01
1.231843222096077639e+01
1.063311182284483891e+01
9.238534677096838621e+00
8.080275979493679372e+00
7.112690500960224149e+00
6.298576477454990830e+00
5.608314492431201614e+00
5.018708307290796533e+00
4.511736918960131071e+00
4.073379340114116509e+00
3.692612022798780647e+00
3.360619522298851525e+00
3.070213304391169906e+00
2.815426238020803051e+00
2.591239945120998200e+00
2.393403825913209104e+00
2.218312429205806957e+00
2.062917255601132371e+00
1.924657383166501035e+00
1.801399532504290857e+00
1.691382429815381894e+00
1.593163067625687601e+00
1.505564191648099071e+00
1.427623406731312716e+00
1.358544902981301705e+00
1.297655070517170550e+00
1.244363268106011944e+00
1.198128796131519014e+00
1.158434765978351599e+00
1.124769136144962767e+00
1.096612778845302616e+00
1.073434103900191561e+00
1.054689513439822646e+00
1.039828768093876699e+00
1.028304174997847431e+00
1.019582337591950383e+00
1.013157050571594109e+00
1.008561830825771555e+00
1.005380613760879616e+00
1.003255366831227624e+00
1.001889788608939291e+00
1.001048825273074261e+00
1.000554347802575350e+00
1.000277866096335178e+00
1.000131495051763686e+00
1.000058465613940406e+00
1.000024296418705161e+00
1.000009384040046356e+00
1.000003348140508619e+00
1.000001096303319015e+00
1.000000327103274023e+00
