1.810633856751098278e+02
1.795512162748422895e+02
1.779266519564257862e+02
1.761827662656471318e+02
1.743124543920157237e+02
1.723084771360147727e+02
1.701635157739482054e+02
1.678702392406641764e+02
1.654213850922485847e+02
1.628098557118843814e+02
1.600288311677713864e+02
1.570719000047884890e+02
1.539332090311476122e+02
1.506076328247227707e+02
1.470909632059890555e+02
1.433801182793376938e+02
1.394733698060719007e+02
1.353705866173222603e+02
1.310734904859166079e+02
1.265859193453115807e+02
1.219140909787425642e+02
1.170668583322047454e+02
1.120559454893160876e+02
1.068961511800968935e+02
1.016055046194920806e+02
9.620535667611389385e+01
9.072038810202592174e+01
8.517851610652493832e+01
7.961068126742273421e+01
7.405049899752728493e+01
6.853376385990563335e+01
6.309780122238417022e+01
5.778066919312263394e+01
5.262022440384006927e+01
4.765307762677885961e+01
4.291347867734882016e+01
3.843218340604906302e+01
3.423536726079542802e+01
3.034365803829327035e+01
2.677136306339084726e+01
2.352596135172312231e+01
2.060791811695089137e+01
1.801085707794463886e+01
1.572209657601005617e+01
1.372352127004244515e+01
1.199272634917152480e+01
1.050434098171729858e+01
9.231417408514751344e+00
8.146765955349295041e+00
7.224126355665536181e+00
6.439091185859513011e+00
5.769733773159908097e+00
5.196933994779302068e+00
4.704433291724805066e+00
4.278678211909966222e+00
3.908525739550271272e+00
3.584883005001855860e+00
3.300341561340224494e+00
3.048847339027197734e+00
2.825427200429305508e+00
2.625976129524167479e+00
2.447097868637427620e+00
2.285986506790905537e+00
2.140335903999797118e+00
2.008266065624841445e+00
1.888258946694328699e+00
1.779099464405637709e+00
1.679820093234333012e+00
1.589649112082263560e+00
1.507963422666488196e+00
1.434247034688206357e+00
1.368056027168248256e+00
1.308990263207119309e+00
1.256671559873863364e+00
1.210727561565947630e+00
1.170780337191740461e+00
1.136438743972370435e+00
1.107293824896066203e+00
1.082916834291332009e+00
1.062859800447894187e+00
1.046658731315738722e+00
1.033839577918055586e+00
1.023926867649067374e+00
1.016454542560772500e+00
1.010978082631977859e+00
1.007086600522949071e+00
1.004413406651959884e+00
1.002643659311220015e+00
1.001518142775287501e+00
1.000832864859720450e+00
1.000434868831490576e+00
1.000215231615767975e+00
1.000100535965850579e+00
1.000044111748209952e+00
1.000018087733563155e+00
1.000006892909514278e+00
1.000002426571291458e+00
1.000000783987927466e+00
1.000000230808679946e+00
1.000000061438610865e+00
