4.525639655917829600e+02
4.487676532721951048e+02
4.446877623707623570e+02
4.403065756634801460e+02
4.356058737172009501e+02
4.305670384556701720e+02
4.251711836897412127e+02
4.193993162927591811e+02
4.132325318616191225e+02
4.066522487745491503e+02
3.996404845031988771e+02
3.921801778164352186e+02
3.842555600763680559e+02
3.758525781156753851e+02
3.669593701349309640e+02
3.575667945996540880e+02
3.476690101776410415e+02
3.372641022687873829e+02
3.263547485827853620e+02
3.149489124745436470e+02
3.030605483443420098e+02
2.907102983883549996e+02
2.779261544497873047e+02
2.647440528630218068e+02
2.512083643033220142e+02
2.373722351823003294e+02
2.232977326386710502e+02
2.090557423878041732e+02
1.947255684719556825e+02
1.803941872543051375e+02
1.661551158105139336e+02
1.521068680941615980e+02
1.383509915495542657e+02
1.249897024412110085e+02
1.121231696215491525e+02
9.984653242822736274e+01
8.824677646552036947e+01
7.739962758101273721e+01
6.736665471136630856e+01
5.819279099120596754e+01
4.990448401708601267e+01
4.250866564987557439e+01
3.599268639177750373e+01
3.032528951889251445e+01
2.545861026391020232e+01
2.133108445821764576e+01
1.787105223083684180e+01
1.500076107977449169e+01
1.264042396970200421e+01
1.071198336694934738e+01
9.142275507649150867e+00
7.865375690915199058e+00
6.824020733728508148e+00
5.970127972015440321e+00
5.264538501757217936e+00
4.676186742324556000e+00
4.180928638092553662e+00
3.760247704424041437e+00
3.400012364518860686e+00
3.089396047802001721e+00
2.820010035755579736e+00
2.585250349683854587e+00
2.379829655441355385e+00
2.199452481076168642e+00
2.040592283519306882e+00
1.900336171417551068e+00
1.776272465257765276e+00
1.666404719840986370e+00
1.569082126162951285e+00
1.482940341744713786e+00
1.406849320309989659e+00
1.339866257016325779e+00
1.281192804829395460e+00
1.230136492151352456e+00
1.186076837817160445e+00
1.148436981065949603e+00
1.116661680712027316e+00
1.090202295991760328e+00
1.068508903667782839e+00
1.051029131400827321e+00
1.037212707465052786e+00
1.026520244536026860e+00
1.018434471085999826e+00
1.012472045520911523e+00
1.008194242962670240e+00
1.005215159151847448e+00
1.003206564785333654e+00
1.001899084928357331e+00
1.001079891001526834e+00
1.000587510196975227e+00
1.000304632968415763e+00
1.000149911378860557e+00
1.000069692947791022e+00
1.000030454773690014e+00
1.000012440855453821e+00
1.000004722525614120e+00
1.000001655000103629e+00
1.000000531673899351e+00
1.000000155373979016e+00
1.000000040961915637e+00
