9.054582309090136505e+01
8.979210976659864230e+01
8.898258454513819515e+01
8.811384356651262806e+01
8.718240204647129588e+01
8.618471716885355249e+01
8.511721645980620110e+01
8.397633233311893264e+01
8.275854350853954600e+01
8.146042399536641199e+01
8.007870029430627312e+01
7.861031739267203022e+01
7.705251400129458261e+01
7.540290729475761111e+01
7.365958715758002029e+01
7.182121959542523371e+01
6.988715853053973603e+01
6.785756465455069986e+01
6.573352935318938250e+01
6.351720094597070698e+01
6.121190960741611775e+01
5.882228637491441958e+01
5.635437063701319005e+01
5.381569948908929746e+01
5.121537141754214417e+01
4.856407602997580142e+01
4.587408111307595959e+01
4.315916831957071054e+01
4.043450942257279479e+01
3.771647649244238210e+01
3.502238169148780855e+01
3.237014574191020699e+01
2.977789851817556865e+01
2.726352054383098533e+01
2.484414017741489999e+01
2.253560751392400618e+01
2.035197188033497895e+01
1.830499447529255974e+01
1.640373030690485123e+01
1.465421324980253992e+01
1.305927408320660810e+01
1.161851346244145766e+01
1.032844014257232956e+01
9.182770315871932709e+00
8.172868238131387741e+00
7.288293546429193803e+00
6.517409188706316137e+00
5.847997835809970013e+00
5.267835416709906404e+00
4.765178200557616428e+00
4.329133443964162886e+00
3.949900584550584792e+00
3.618887124960502355e+00
3.328717592897432631e+00
3.073162995691849364e+00
2.847021108654404387e+00
2.645975338242722685e+00
2.466453527354751429e+00
2.305500160384755137e+00
2.160668017126730955e+00
2.029929758450043309e+00
1.911606686583115167e+00
1.804310774702323705e+00
1.706896356780591928e+00
1.618418863459648360e+00
1.538099064660198190e+00
1.465292052270153578e+00
1.399460532285981884e+00
1.340151960828654953e+00
1.286978838991226670e+00
1.239601296614972759e+00
1.197711116774645701e+00
1.161016650762555225e+00
1.129228597208506324e+00
1.102047219753286456e+00
1.079152061267911522e+00
1.060195406391593265e+00
1.044800555709702428e+00
1.032565423715157360e+00
1.023071185434014430e+00
1.015894868485731850e+00
1.010624124340038898e+00
1.006872074055848110e+00
1.004290183614184651e+00
1.002577557634275029e+00
1.001485738357185573e+00
1.000818897045461009e+00
1.000430034224893960e+00
1.000214321474357959e+00
1.000100942225465417e+00
1.000044721552411531e+00
1.000018544214406946e+00
1.000007157428940419e+00
1.000002555934231152e+00
1.000000838935506398e+00
1.000000251286165875e+00
1.000000068147937737e+00
1.000000016590076868e+00
1.000000003591632103e+00
1.000000000684363455e+00
