1.810768066578852711e+02
1.795668984423931249e+02
1.779449653531227113e+02
1.762041385664784912e+02
1.743373790954724427e+02
1.723375227113371579e+02
1.701973358154812104e+02
1.679095836664957915e+02
1.654671124014913062e+02
1.628629462831588910e+02
1.600904015386479102e+02
1.571432180159891061e+02
1.540157096479001950e+02
1.507029343585170409e+02
1.472008835510088716e+02
1.435066906474421273e+02
1.396188572915475277e+02
1.355374947482995083e+02
1.312645767257998557e+02
1.268041982999928905e+02
1.221628338524691912e+02
1.173495849699585563e+02
1.123764071650254408e+02
1.072583021627195592e+02
1.020134605043181892e+02
9.666333754427573410e+01
9.123264481013556804e+01
8.574923845618788221e+01
8.024388750509413626e+01
7.474990708461002953e+01
6.930264625010374857e+01
6.393882647923094709e+01
5.869573562638758091e+01
5.361029289803988718e+01
4.871801281553277363e+01
4.405190935608558789e+01
3.964139428683540700e+01
3.551123453460313328e+01
3.168064040254787272e+01
2.816255763752818453e+01
2.496323011479811882e+01
2.208208524183538657e+01
1.951197116021287670e+01
1.723974491348232618e+01
1.524717695569403908e+01
1.351210406203879977e+01
1.200973502579358687e+01
1.071399650514738866e+01
9.598803762108637727e+00
8.639154193245023095e+00
7.811968826549439804e+00
7.096643683086893084e+00
6.475312290874383869e+00
5.932855380350864571e+00
5.456717908400253059e+00
5.036603927828360305e+00
4.664116810292074256e+00
4.332399329165306234e+00
4.035810141490571823e+00
3.769655236015298172e+00
3.529978465038328572e+00
3.313405865016342045e+00
3.117033842149717238e+00
2.938350192589096910e+00
2.775177880522826879e+00
2.625633372829682344e+00
2.488093456306429196e+00
2.361166522631611198e+00
2.243666133639426796e+00
2.134586139775967339e+00
2.033077589216287340e+00
1.938428062469826907e+00
1.850043940446060020e+00
1.767435634785385457e+00
1.690205232685755066e+00
1.618035585540455346e+00
1.550679761619675689e+00
1.487950009629685821e+00
1.429705836931483454e+00
1.375841320204865159e+00
1.326272172298096352e+00
1.280923288835162932e+00
1.239717482154148342e+00
1.202565940468468098e+00
1.169360721357073141e+00
1.139969385593128548e+00
1.114231746306993731e+00
1.091958650242967455e+00
1.072932690081046303e+00
1.056910728016709378e+00
1.043628063631047764e+00
1.032804001943159022e+00
1.024148490689767321e+00
1.017369425735605848e+00
1.012180185796900833e+00
1.008306950237428001e+00
1.005495363467513226e+00
1.003516127929910962e+00
1.002169142808027269e+00
1.001285880807138318e+00
