4.525848037497911491e+02
4.487920153504995255e+02
4.447162285610622234e+02
4.403398174495923740e+02
4.356446671032358040e+02
4.306122788041314493e+02
4.252239022801716146e+02
4.194606986926935406e+02
4.133039381720517440e+02
4.067352357690455165e+02
3.997368296198661142e+02
3.922919048815055021e+02
3.843849665329916547e+02
3.760022633973972574e+02
3.671322646558085694e+02
3.577661886281458692e+02
3.478985816160042646e+02
3.375279420722020518e+02
3.266573822235794182e+02
3.152953154911713796e+02
3.034561536217881894e+02
2.911609924125883140e+02
2.784382593887001462e+02
2.653242909852687035e+02
2.518638010018606224e+02
2.381101967816484546e+02
2.241256953071024327e+02
2.099811889320451428e+02
1.957558106528493340e+02
1.815361526160558867e+02
1.674150999381195106e+02
1.534902557468261364e+02
1.398619532529264688e+02
1.266308767710332859e+02
1.138953453856357214e+02
1.017483489382089203e+02
9.027446363591177203e+01
7.954681012755655445e+01
6.962424558368095973e+01
6.054899769512218199e+01
5.234494709034133564e+01
4.501674093009718547e+01
3.854987194597987354e+01
3.291178482709986497e+01
2.805398072941462928e+01
2.391499040125010112e+01
2.042399044562830568e+01
1.750476105403737037e+01
1.507964176845629645e+01
1.307314476933352942e+01
1.141493566892368428e+01
1.004198328946163343e+01
8.899796929649681942e+00
7.942790663182965893e+00
7.133916790111491935e+00
6.443776965137335111e+00
5.849441381238688287e+00
5.333186398354547997e+00
4.881311221053270977e+00
4.483131501669467056e+00
4.130188239400513162e+00
3.815665165893993738e+00
3.533981191172957281e+00
3.280514692833175427e+00
3.051418335674710214e+00
2.843490984694653001e+00
2.654082695496736477e+00
2.481017227145033477e+00
2.322523113395667416e+00
2.177169044616622973e+00
2.043802461911965018e+00
1.921492151387446334e+00
1.809476477665859173e+00
1.707118908043757877e+00
1.613871877894193396e+00
1.529249111214705081e+00
1.452805539566487392e+00
1.384123226633635850e+00
1.322801377903480624e+00
1.268448637005538782e+00
1.220676354450437540e+00
1.179092186987967805e+00
1.143294051212617957e+00
1.112864958021335005e+00
1.087369514825250683e+00
1.066352895195197270e+00
1.049342884474890658e+00
1.035855273417883637e+00
1.025402443558824261e+00
1.017504518063617969e+00
1.011702002671960088e+00
1.007568497707470367e+00
1.004721919747318948e+00
1.002832803895139069e+00
1.001628676778433258e+00
1.000894124847905964e+00
1.000466888553186218e+00
1.000230918146733261e+00
1.000107688443988341e+00
1.000047122425414381e+00
