1.810607805414185805e+02
1.795481834093905320e+02
1.779231243954569948e+02
1.761786674419391545e+02
1.743076969969897050e+02
1.723029619145496554e+02
1.701571302696524128e+02
1.678628565181882948e+02
1.654128624743732132e+02
1.628000335829667620e+02
1.600175319120595816e+02
1.570589271684146411e+02
1.539183468205636416e+02
1.505906460819819870e+02
1.470715980324409600e+02
1.433581035134386639e+02
1.394484195970223936e+02
1.353424043723501313e+02
1.310417745025420686e+02
1.265503704670281877e+02
1.218744226280878422e+02
1.170228092725318731e+02
1.120072956374783217e+02
1.068427407270538083e+02
1.015472566036917215e+02
9.614230298417810161e+01
9.065269863230867031e+01
8.510653051564830207e+01
7.953494232507966899e+01
7.397178610594167480e+01
6.845312476837243310e+01
6.301657941668290874e+01
5.770052391533372571e+01
5.254313983148913536e+01
4.758135750176980849e+01
4.284972272920280290e+01
3.837924236796538224e+01
3.419627422427294761e+01
3.032153538841349771e+01
2.676930627392536266e+01
2.354690339787596187e+01
2.065448097552556561e+01
1.808519941065778625e+01
1.582576882424627307e+01
1.385734058708556660e+01
1.215668366588287697e+01
1.069755079918871488e+01
9.452117634360675424e+00
8.392370547379952583e+00
7.491328298348238768e+00
6.724008193504245057e+00
6.068084918611074130e+00
5.504232870933578603e+00
5.016182658631598734e+00
4.590552282166177278e+00
4.216528857129242525e+00
3.885476816956146884e+00
3.590536213162634827e+00
3.326255274985273847e+00
3.088280617931429273e+00
2.873111045049942636e+00
2.677909232753736823e+00
2.500359971739828602e+00
2.338562728891953046e+00
2.190948189964952775e+00
2.056211391083580864e+00
1.933256871336055616e+00
1.821153400645192377e+00
1.719097115870767745e+00
1.626382434319755266e+00
1.542380108448036857e+00
1.466521466859065370e+00
1.398287478437679532e+00
1.337200975278359127e+00
1.282820318281948646e+00
1.234733047022668284e+00
1.192548587930287285e+00
1.155889786535212904e+00
1.124383723812388158e+00
1.097652823888882079e+00
1.075307555010592830e+00
1.056942020929461545e+00
1.042133443848888508e+00
1.030446005510463836e+00
1.021438830622021454e+00
1.014677190360955938e+00
1.009745417281605606e+00
1.006259693105240327e+00
1.003878887226904437e+00
1.002311994882877810e+00
1.001321366132458035e+00
1.000721675242861375e+00
1.000375275195619862e+00
1.000185063611578107e+00
1.000086174658787908e+00
1.000037712279248314e+00
1.000015431285152578e+00
1.000005870874978608e+00
1.000002064061946916e+00
1.000000666115405945e+00
