1.810671229225703485e+02
1.795555905530233645e+02
1.779317695121513907e+02
1.761887504338317001e+02
1.743194481733528391e+02
1.723166461172777417e+02
1.701730514236754459e+02
1.678813626123582878e+02
1.654343509651164084e+02
1.628249571951072312e+02
1.600464047877356393e+02
1.570923312849340050e+02
1.539569385603131764e+02
1.506351627911639639e+02
1.471228643496177995e+02
1.434170371831241937e+02
1.395160364078797386e+02
1.354198217747439799e+02
1.311302133681287216e+02
1.266511543571943719e+02
1.219889738436669973e+02
1.171526408720952901e+02
1.121539985461556768e+02
1.070079650259606154e+02
1.017326861085508085e+02
9.634962231045321346e+01
9.088355212509425485e+01
8.536247271810046300e+01
7.981738008965638187e+01
7.428191303258923028e+01
6.879184938667751226e+01
6.338444940174049691e+01
5.809764960320104166e+01
5.296912131370672228e+01
4.803522052996902403e+01
4.332986941654016277e+01
3.888342307182298185e+01
3.472158685770232012e+01
3.086445756921620642e+01
2.732576405676491405e+01
2.411237780804817987e+01
2.122415026169835883e+01
1.865411110672373596e+01
1.638903177661929789e+01
1.441032362779748333e+01
1.269520523317118332e+01
1.121804312539361348e+01
9.951750550664158368e+00
8.869123583449916026e+00
7.944005244711424218e+00
7.152194876376324117e+00
6.472057522654192319e+00
5.884829553094630405e+00
5.374654440221765306e+00
4.928409766013276183e+00
4.535399288994226730e+00
4.186982081342234707e+00
3.876197585417208824e+00
3.597426257295170959e+00
3.346105810400493930e+00
3.118507120284360390e+00
2.911563583118578880e+00
2.722743031739020214e+00
2.549950776018327314e+00
2.391454126856051410e+00
2.245821359573872744e+00
2.111870529618709025e+00
1.988625462702615199e+00
1.875277531619614635e+00
1.771152580479324889e+00
1.675682682068299290e+00
1.588382439167845384e+00
1.508829392508119094e+00
1.436647901042812148e+00
1.371495719132058921e+00
1.313052474864653929e+00
1.261009370999583989e+00
1.215059662830266340e+00
1.174889773179926378e+00
1.140171235223343960e+00
1.110553958115622297e+00
1.085661532715269884e+00
1.065089375923335968e+00
1.048406402795442727e+00
1.035160596843028413e+00
1.024888351385939922e+00
1.017126863255965130e+00
1.011428299922083385e+00
1.007374068728301930e+00
1.004587403548633073e+00
1.002742701900280142e+00
1.001570566845215504e+00
1.000858225735891560e+00
1.000445749844659948e+00
1.000219112471421257e+00
1.000101466489571989e+00
1.000044044267977217e+00
1.000017824717652992e+00
1.000006686301561087e+00
1.000002310119935123e+00
