9.055125617320840092e+01
8.979845832225345248e+01
8.898999842945134731e+01
8.812249598726985766e+01
8.719249288908319784e+01
8.619647671091188101e+01
8.513090949745433988e+01
8.399226273568805823e+01
8.277705920912205784e+01
8.148192241271088676e+01
8.010363416485607502e+01
7.863920096989042463e+01
7.708592955175626571e+01
7.544151178595549823e+01
7.370411899022954572e+01
7.187250518264160348e+01
6.994611846735355698e+01
6.792521915407827748e+01
6.581100255138616717e+01
6.360572359731354908e+01
6.131281961246768475e+01
5.893702650258433806e+01
5.648448273650706852e+01
5.396281443832924651e+01
5.138119403789980311e+01
4.875036422531312041e+01
4.608261857985552012e+01
4.339173034032121024e+01
4.069282151238444101e+01
3.800216602906428420e+01
3.533692312900678445e+01
3.271480058044753036e+01
3.015365185753907795e+01
2.767101674926130173e+01
2.528362087128707358e+01
2.300685569842814004e+01
2.085426639553766393e+01
1.883707909902904376e+01
1.696380150829512701e+01
1.523992984345921364e+01
1.366779077202756376e+01
1.224653854997804459e+01
1.097231567431653687e+01
9.838570792885903415e+00
8.836512125231784864e+00
7.955660386042035626e+00
7.184454510341907962e+00
6.510858393167375802e+00
5.922918594894474253e+00
5.409231521309330937e+00
4.959292583477203031e+00
4.563716725979640287e+00
4.214336324911364784e+00
3.904195814124724162e+00
3.627470448655296664e+00
3.379338722424169550e+00
3.155834934034513317e+00
2.953702080091562987e+00
2.770257834480509551e+00
2.603279695013876349e+00
2.450910533267632641e+00
2.311583015952081599e+00
2.183960296604707363e+00
2.066890341807987586e+00
1.959371620923555435e+00
1.860528225393175417e+00
1.769592616655981665e+00
1.685894152536924651e+00
1.608851439342708023e+00
1.537966548075566431e+00
1.472819319943847072e+00
1.413060393405213055e+00
1.358402159851511470e+00
1.308607492867952526e+00
1.263476677387620262e+00
1.222833392775211747e+00
1.186510826644833205e+00
1.154339014127335972e+00
1.126134350538952056e+00
1.101691973455567908e+00
1.080781410855601532e+00
1.063145588128039831e+00
1.048503004276961192e+00
1.036552642340351937e+00
1.026980984895486282e+00
1.019470377866062094e+00
1.013707936760056549e+00
1.009394219848690044e+00
1.006250988563559101e+00
1.004027512632937436e+00
1.002505033940985779e+00
1.001499168041754873e+00
1.000860196707693994e+00
1.000471391262794718e+00
1.000245694903513227e+00
1.000121254447438934e+00
1.000056388923393991e+00
1.000024582814678542e+00
1.000009990400627435e+00
1.000003762073841118e+00
