4.525881936479829051e+02
4.487959504729892615e+02
4.447207911553855411e+02
4.403451006938194041e+02
4.356507761497845195e+02
4.306193318015548925e+02
4.252320313254855364e+02
4.194700506509654474e+02
4.133146752806194399e+02
4.067475359206251255e+02
3.997508861915467833e+02
3.923079259452334213e+02
3.844031732476960315e+02
3.760228873440796633e+02
3.671555438358715264e+02
3.577923618039658322e+02
3.479278806343276642e+02
3.375605817796887891e+02
3.266935475657194843e+02
3.153351453886070885e+02
3.034997212515394835e+02
2.912082815974878258e+02
2.784891369298370591e+02
2.653784749736316257e+02
2.519208254304837453e+02
2.381693731598141426e+02
2.241860724594649525e+02
2.100415127446590304e+02
1.958144861877692904e+02
1.815912117199266618e+02
1.674641781573781998e+02
1.535305829443008179e+02
1.398903626807160947e+02
1.266438373516499354e+02
1.138890214342939373e+02
1.017186903797710755e+02
9.021732782661581496e+01
7.945811366110493168e+01
6.950014104488300859e+01
6.038606648686445766e+01
5.214039564952190631e+01
4.476858448262220236e+01
3.825708815186330014e+01
3.257441993865938912e+01
2.767319374364694440e+01
2.349302626338186428e+01
1.996408123840943460e+01
1.701096325374864904e+01
1.455662650376492451e+01
1.252596477331164948e+01
1.084879564370058347e+01
9.462038757434623193e+00
8.311000429816752799e+00
7.349794630661933503e+00
6.541031790541713242e+00
5.854974602173554921e+00
5.268385177960833055e+00
4.763272261176155986e+00
4.325701460392881614e+00
3.944771519795786663e+00
3.611801163421250571e+00
3.319725343946120066e+00
3.062671628608665042e+00
2.835675918560917275e+00
2.634497079644461781e+00
2.455496810491897275e+00
2.295559687843302665e+00
2.152036146131248273e+00
2.022697164349315013e+00
1.905693675805715248e+00
1.799516627202250918e+00
1.702955654867220003e+00
1.615055839758486211e+00
1.535073114362373259e+00
1.462429675758651459e+00
1.396671202371408738e+00
1.337427758785922904e+00
1.284380013670443299e+00
1.237231856087857018e+00
1.195689802442898353e+00
1.159448906053434314e+00
1.128184372280802261e+00
1.101547841950085038e+00
1.079167337027488349e+00
1.060650075551458071e+00
1.045587616640791806e+00
1.033562958953848199e+00
1.024159216574570541e+00
1.016969347906108601e+00
1.011606198005527313e+00
1.007711943863024429e+00
1.004965998334027333e+00
1.003090573163841315e+00
1.001853404747375276e+00
1.001067539713919929e+00
1.000588471856060035e+00
1.000309235916431394e+00
1.000154244446291418e+00
1.000072685075749535e+00
1.000032194095713756e+00
