9.054371920170612498e+01
8.978965619707321366e+01
8.897972535788477444e+01
8.811051445881813038e+01
8.717852925497901140e+01
8.618021627302957199e+01
8.511199108707481287e+01
8.397027277315952176e+01
8.275152525028208572e+01
8.145230620794907850e+01
8.006932428293802673e+01
7.859950507222343674e+01
7.704006644474554832e+01
7.538860343048305879e+01
7.364318270887058304e+01
7.180244637741985514e+01
6.986572424341115095e+01
6.783315333647053080e+01
6.570580268094352050e+01
6.348580059309935564e+01
6.117646088669364701e+01
5.878240340028898459e+01
5.630966323536269869e+01
5.376578206907169033e+01
5.115987395557144168e+01
4.850265725588671017e+01
4.580644386478402907e+01
4.308507688287397031e+01
4.035380847787781988e+01
3.762911105773586229e+01
3.492841718967734010e+01
3.226978704806534637e+01
2.967150658484316494e+01
2.715162499665932572e+01
2.472744616314192356e+01
2.241499511705299952e+01
2.022848664988341127e+01
1.817982805316975714e+01
1.627819083508117970e+01
1.452968612845113583e+01
1.293717468429580109e+01
1.150023445164343272e+01
1.021529696472760662e+01
9.075948975034021871e+00
8.073379590015463236e+00
7.196937820496297711e+00
6.434753378532590773e+00
5.774367083138673529e+00
5.203317836102494987e+00
4.709641092172290655e+00
4.282247850875882555e+00
3.911170876465420498e+00
3.587682736256816884e+00
3.304304988848386859e+00
3.054737005308454822e+00
2.833735541484639686e+00
2.636973027578097373e+00
2.460895592652315944e+00
2.302593589419241304e+00
2.159690010984218311e+00
2.030247010822403109e+00
1.912688054220139433e+00
1.805732568902337798e+00
1.708340488440016181e+00
1.619664987590995198e+00
1.539012448226056096e+00
1.465809037308085871e+00
1.399573245000197419e+00
1.339893485649433114e+00
1.286409614113853905e+00
1.238797128216238885e+00
1.196753006907188333e+00
1.159982563834325076e+00
1.128187277553133638e+00
1.101054137788159970e+00
1.078247461331021784e+00
1.059404261370509914e+00
1.044134052007959612e+00
1.032023469267048688e+00
1.022645397982252735e+00
1.015571566071654663e+00
1.010386973000106714e+00
1.006704200803846705e+00
1.004175694930562468e+00
1.002502494863013016e+00
1.001438552118223635e+00
1.000790544424817297e+00
1.000413807151796952e+00
1.000205509594881859e+00
1.000096421373430466e+00
1.000042540526776769e+00
1.000017559824442293e+00
1.000006744083109300e+00
1.000002395442612269e+00
1.000000781696144481e+00
1.000000232669997935e+00
1.000000062670108214e+00
1.000000015144398624e+00
1.000000003252647929e+00
1.000000000614426288e+00
