1.810688039282171644e+02
1.795575446066833365e+02
1.779340385542565457e+02
1.761913821960576456e+02
1.743224968001230479e+02
1.723201728025666739e+02
1.701771250454737583e+02
1.678860603403792879e+02
1.654397588089328792e+02
1.628311704497296830e+02
1.600535283214611297e+02
1.571004796000304680e+02
1.539662355406828169e+02
1.506457410327426487e+02
1.471348639492244956e+02
1.434306038405082404e+02
1.395313186748942940e+02
1.354369672665708038e+02
1.311493637366309883e+02
1.266724388188626733e+02
1.220125010583060430e+02
1.171784889882470253e+02
1.121822032710897332e+02
1.070385056482488153e+02
1.017654695063661308e+02
9.638446512478017780e+01
9.092016146831569756e+01
8.540042602604914634e+01
7.985610500524111899e+01
7.432066852034043336e+01
6.882970959940483624e+01
6.342029212115814829e+01
5.813015131206274333e+01
5.299676107293954885e+01
4.805629476853862059e+01
4.334251943237273963e+01
3.888567643838920418e+01
3.471141300822027631e+01
3.083983660708505425e+01
2.728476639336140863e+01
2.405325070174252033e+01
2.114540593431566151e+01
1.855461010003069333e+01
1.626805484002825253e+01
1.426762590233999717e+01
1.253104789589732349e+01
1.103319988170790111e+01
9.747489102671591965e+00
8.647164976554812199e+00
7.706466235970867551e+00
6.901519672804139027e+00
6.210945125076703377e+00
5.616161571535762675e+00
5.101426041995015481e+00
4.653664056861176235e+00
4.262163638913923691e+00
3.918204226122398826e+00
3.614679926669329468e+00
3.345758397826589459e+00
3.106597443536021075e+00
2.893125290722124099e+00
2.701879519460170798e+00
2.529893931962606590e+00
2.374621088748826381e+00
2.233879194595534745e+00
2.105814062793271546e+00
1.988869119502358451e+00
1.881758432971416539e+00
1.783439494063329356e+00
1.693083986202204017e+00
1.610046098091279632e+00
1.533829015554351471e+00
1.464050993544450119e+00
1.400412774328964494e+00
1.342668061397965351e+00
1.290598347553642666e+00
1.243992776677815160e+00
1.202633077585121280e+00
1.166283113427206031e+00
1.134682342234559993e+00
1.107542491468457291e+00
1.084546934795777018e+00
1.065352496457816489e+00
1.049593572368924033e+00
1.036888468049172563e+00
1.026847701946255187e+00
1.019083764575245299e+00
1.013221554226913179e+00
1.008908526130079641e+00
1.005823561283814671e+00
1.003683703243134051e+00
1.002248197254386852e+00
1.001319633545331822e+00
1.000742369793439002e+00
1.000398719437713302e+00
1.000203596865827160e+00
1.000098388357006707e+00
1.000044773972370127e+00
1.000019084321255969e+00
1.000007574720773729e+00
