9.054679750348171297e+01
8.979324474327276562e+01
8.898390538562888707e+01
8.811537924576857961e+01
8.718418566444807993e+01
8.618678643193456423e+01
8.511961418882854957e+01
8.397910699002743229e+01
8.276174972995498536e+01
8.146412311668366613e+01
8.008296084221211686e+01
7.861521551706913158e+01
7.705813380946769087e+01
7.540934104117792458e+01
7.366693523209544026e+01
7.182959024090918376e+01
6.989666720875626993e+01
6.786833296666146964e+01
6.574568340991977777e+01
6.353086907330187216e+01
6.122721926857234820e+01
5.883936019068020329e+01
5.637332139688442822e+01
5.383662406877363082e+01
5.123834355755571579e+01
4.858913798929927452e+01
4.590123429441596414e+01
4.318836307105749484e+01
4.046563435510390860e+01
3.774934780963175740e+01
3.505673320320677533e+01
3.240562040988171333e+01
2.981404254341249427e+01
2.729978112406552526e+01
2.487986810469885413e+01
2.257006571079982749e+01
2.038435075038425026e+01
1.833443454110992477e+01
1.642935201338934803e+01
1.467515303885685540e+01
1.307472495139754898e+01
1.162776729439674206e+01
1.033092831168708514e+01
9.178098532576543178e+00
8.160841580460196809e+00
7.268928167409291596e+00
6.490928415650667027e+00
5.814812185921986121e+00
5.228508228196799834e+00
4.720380756367451802e+00
4.279595203025897021e+00
3.896361009398935593e+00
3.562055322807245350e+00
3.269244535031373911e+00
3.011628708172491287e+00
2.783936450111135219e+00
2.581795435340868305e+00
2.401598199852427840e+00
2.240376073671821899e+00
2.095687855949007972e+00
1.965525115055404726e+00
1.848233111214725444e+00
1.742445055590474245e+00
1.647027244239015475e+00
1.561033020119736436e+00
1.483664106675647520e+00
1.414238350286752155e+00
1.352163173429751897e+00
1.296914066183270986e+00
1.248017319311424567e+00
1.205036071454029578e+00
1.167558745826162925e+00
1.135189164375219439e+00
1.107538026560271005e+00
1.084215910039881825e+00
1.064828329370236304e+00
1.048973533752370679e+00
1.036243570071061049e+00
1.026228718948907881e+00
1.018524852711214512e+00
1.012742730688851012e+00
1.008517891030605185e+00
1.005519711240299818e+00
1.003458403038484104e+00
1.002089117714767275e+00
1.001212856584632771e+00
1.000674388468599130e+00
1.000357775195089394e+00
1.000180340442218485e+00
1.000085974451671023e+00
1.000038571522233966e+00
1.000016196472822916e+00
1.000006327953564700e+00
1.000002285677275449e+00
1.000000757999511825e+00
1.000000229075199698e+00
1.000000062579909477e+00
1.000000015319775892e+00
1.000000003329285958e+00
1.000000000635662856e+00
