1.810601147231213019e+02
1.795473938303553894e+02
1.779221876550295178e+02
1.761775556374551854e+02
1.743063768469483534e+02
1.723013937114521923e+02
1.701552666305684625e+02
1.678606408957479061e+02
1.654102273848808409e+02
1.627968985017527928e+02
1.600138007790972381e+02
1.570544854398522148e+02
1.539130579944361727e+02
1.505843476194720267e+02
1.470640965903100721e+02
1.433491693996213883e+02
1.394377803611403976e+02
1.353297374477587312e+02
1.310266988286072092e+02
1.265324370423182643e+02
1.218531039802249012e+02
1.169974878822305300e+02
1.119772514268212973e+02
1.068071378193594967e+02
1.015051296881473775e+02
9.609254377540277403e+01
9.059404310390884518e+01
8.503754780514891820e+01
7.945402644824740435e+01
7.387715186799452738e+01
6.834280949644077907e+01
6.288845233137838164e+01
5.755230506877824581e+01
5.237243051509229730e+01
4.738568381400271079e+01
4.262659353627781655e+01
3.812622214282049526e+01
3.391107018784931171e+01
3.000209701541989560e+01
2.641393362919387044e+01
2.315435906958498791e+01
2.022409876653520655e+01
1.761698169520392554e+01
1.532046385965144175e+01
1.331649135528488870e+01
1.158264119113779778e+01
1.009344737969296268e+01
8.821798865844051818e+00
7.740289013737688961e+00
6.822405779895567512e+00
6.043476532133532864e+00
5.381317673505506605e+00
4.816580208618587378e+00
4.332820497860104147e+00
3.916353888387038129e+00
3.555963493653770957e+00
3.242536492201562481e+00
2.968688722769503130e+00
2.728420065852869669e+00
2.516823572579254265e+00
2.329854823920753493e+00
2.164156817314324410e+00
2.016929972978809271e+00
1.885835439624427456e+00
1.768921081636284809e+00
1.664561875256208801e+00
1.571408971156081247e+00
1.488343923200979635e+00
1.414436369345071443e+00
1.348904740450216799e+00
1.291080368340059570e+00
1.240375701535379349e+00
1.196257304975780977e+00
1.158224061185734843e+00
1.125790666387656014e+00
1.098476253289736748e+00
1.075797824348676324e+00
1.057268116099967070e+00
1.042397460306817125e+00
1.030699090312840349e+00
1.021697138712156061e+00
1.014936324685823399e+00
1.009992118697590646e+00
1.006480088011135754e+00
1.004063228903357308e+00
1.002456389753229260e+00
1.001427338099254216e+00
1.000794537080649249e+00
1.000422167257701611e+00
1.000213264349642639e+00
1.000101984330873606e+00
1.000045948229764559e+00
1.000019402890347520e+00
1.000007635819607499e+00
1.000002783153875141e+00
1.000000933186283358e+00
1.000000285724558458e+00
1.000000079250095375e+00
1.000000019740567403e+00
1.000000004374554941e+00
