9.054304167667793024e+01
8.978886201571528147e+01
8.897879475429326135e+01
8.810942440701865053e+01
8.717725295611433012e+01
8.617872256890927929e+01
8.511024379154140718e+01
8.396822991235407585e+01
8.274913820272485054e+01
8.144951873548824040e+01
8.006607144417900201e+01
7.859571201118444606e+01
7.703564704938122532e+01
7.538345885859887119e+01
7.363719978308624547e+01
7.179549585653182930e+01
6.985765898510111072e+01
6.782380637616878971e+01
6.569498526415256379e+01
6.347330021395264765e+01
6.116203940420896146e+01
5.876579532577308385e+01
5.629057430955276686e+01
5.374388827529640622e+01
5.113482114435704773e+01
4.847406158516451313e+01
4.577389328537745428e+01
4.304813391736822581e+01
4.031201454717380273e+01
3.758199259724720775e+01
3.487549375894384696e+01
3.221058156579277210e+01
2.960555770885473947e+01
2.707850150979844628e+01
2.464676302071162795e+01
2.232643056438453044e+01
2.013179954479319278e+01
1.807487425363873967e+01
1.616493727643147338e+01
1.440822106720873208e+01
1.280771258565415494e+01
1.136311420037243458e+01
1.007097252737392168e+01
8.924972345333209489e+00
7.916376773141351464e+00
7.034579659266845475e+00
6.267724039636009437e+00
5.603333802534574914e+00
5.028905858769836534e+00
4.532417462793306484e+00
4.102716748581324069e+00
3.729781613301550447e+00
3.404849589770199358e+00
3.120436075311648683e+00
2.870267830134994647e+00
2.649162034449672909e+00
2.452878965232383912e+00
2.277970288290494416e+00
2.121637340224269419e+00
1.981606650071227937e+00
1.856024625384076643e+00
1.743370206419469604e+00
1.642383061788530885e+00
1.552004881256610513e+00
1.471331814114009040e+00
1.399576593810800684e+00
1.336039132827916864e+00
1.280084347312109516e+00
1.231125807736564326e+00
1.188613692479299155e+00
1.152025598009945417e+00
1.120859094029643455e+00
1.094625452265420629e+00
1.072844577352474404e+00
1.055041642200619689e+00
1.040746124292581287e+00
1.029493787938680072e+00
1.020831707730341265e+00
1.014325823617357569e+00
1.009569948697848218e+00
1.006194792143574768e+00
1.003875517546562790e+00
1.002336639841711508e+00
1.001353587921885113e+00
1.000750882124063157e+00
1.000397441542481003e+00
1.000199924862841483e+00
1.000095161467406291e+00
1.000042656070989633e+00
1.000017912253433616e+00
1.000007006122385134e+00
1.000002536537627273e+00
1.000000844256038413e+00
1.000000256418910327e+00
1.000000070496547488e+00
1.000000017391573959e+00
1.000000003813757088e+00
1.000000000735856487e+00
1.000000000123620447e+00
1.000000000017753576e+00
