9.054314663956394327e+01
8.978898381942964591e+01
8.897893593268685208e+01
8.810958783065463251e+01
8.717744186513066040e+01
8.617894060575648041e+01
8.511049503242261949e+01
8.396851889582465844e+01
8.274946995348112466e+01
8.144989878088316004e+01
8.006650582046412978e+01
7.859620725590420420e+01
7.703621017577188468e+01
7.538409730731756042e+01
7.363792134618778107e+01
7.179630856841755815e+01
6.985857097531831528e+01
6.782482567960545339e+01
6.569611958555748288e+01
6.347455664605135439e+01
6.116342410225309578e+01
5.876731314641953219e+01
5.629222842877388189e+01
5.374567980873950290e+01
5.113674880423215541e+01
4.847612142013673520e+01
4.577607856352953775e+01
4.305043522607934392e+01
4.031442019616545025e+01
3.758448941988326197e+01
3.487806840930214491e+01
3.221322240173667950e+01
2.960825733080084632e+01
2.708125998794191247e+01
2.464959178807906071e+01
2.232935687927459867e+01
2.013487133709013222e+01
1.807816507228070435e+01
1.616855096145143378e+01
1.441229569446816861e+01
1.281242319281140496e+01
1.136867381460484872e+01
1.007763108908078209e+01
8.933013257450191702e+00
7.926110989291585085e+00
7.046337428644708467e+00
6.281844616043984253e+00
5.620153563435367872e+00
5.048745344424044212e+00
4.555567836544899940e+00
4.129426126973272382e+00
3.760241670739842501e+00
3.439182861273582414e+00
3.158684492791478782e+00
2.912383215949872817e+00
2.694999470465551550e+00
2.502194050255594604e+00
2.330421188569284041e+00
2.176792172353877675e+00
2.038956139165864379e+00
1.914999263111629713e+00
1.803360457313787357e+00
1.702760702191333797e+00
1.612143430000811062e+00
1.530624276232271042e+00
1.457449345693639486e+00
1.391961604185773638e+00
1.333575019744702939e+00
1.281755751035094537e+00
1.236009225257061805e+00
1.195871589049017469e+00
1.160903919381386151e+00
1.130687805953092706e+00
1.104821402568248789e+00
1.082915644200602046e+00
1.064590859918262078e+00
1.049474333461123843e+00
1.037199406166047888e+00
1.027406507374185374e+00
1.019746134646005498e+00
1.013883419298031718e+00
1.009503614434922536e+00
1.006317696440178322e+00
1.004067284524029935e+00
1.002528223544870034e+00
1.001512394610688972e+00
1.000867572218630430e+00
1.000475403169568622e+00
1.000247814273283575e+00
1.000122334730577878e+00
1.000056915976550664e+00
1.000024826773921571e+00
1.000010096570346452e+00
1.000003805131217227e+00
1.000001320300107022e+00
1.000000418811047620e+00
1.000000120528257597e+00
1.000000031209864026e+00
1.000000007206684582e+00
1.000000001469532940e+00
