1.810726140726094400e+02
1.795619995044726238e+02
1.779392444881803499e+02
1.761974622120070535e+02
1.743295931489019210e+02
1.723284496831629156e+02
1.701867716722199191e+02
1.678972943535448223e+02
1.654528300436895165e+02
1.628463650715483197e+02
1.600711733263351562e+02
1.571209476647859162e+02
1.539899501914191262e+02
1.506731820773706261e+02
1.471665730924725324e+02
1.434671903659522627e+02
1.395734650380677238e+02
1.354854343957433684e+02
1.312049957835801024e+02
1.267361670416259614e+02
1.220853464530440391e+02
1.172615632205520768e+02
1.122767073922498184e+02
1.071457260245875318e+02
1.018867703470473600e+02
9.652127697444105081e+01
9.107396504635603662e+01
8.557273085647861421e+01
8.004842240231255346e+01
7.453447868772506979e+01
6.906642287378784317e+01
6.368120474930685759e+01
5.841639659035370613e+01
5.330925718594711782e+01
4.839569121094975657e+01
4.370914444324640158e+01
3.927948836027392332e+01
3.513195883491798099e+01
3.128622112550233325e+01
2.775563518321933998e+01
2.454678977540697815e+01
2.165935995377795464e+01
1.908631992230295538e+01
1.681451369602874024e+01
1.482555194562115375e+01
1.309696935099477066e+01
1.160354778484521709e+01
1.031869185591696692e+01
9.215738776437582658e+00
8.269095952245155701e+00
7.455125903233460249e+00
6.752734795612270524e+00
6.143661361585790459e+00
5.612499813699683315e+00
5.146517066358418546e+00
4.735337349338426094e+00
4.370565845118531634e+00
4.045410292526264939e+00
3.754340626722871388e+00
3.492807074122279420e+00
3.257020894109293074e+00
3.043791297626759373e+00
2.850407054071408819e+00
2.674550599844404353e+00
2.514234258811629985e+00
2.367750880269040792e+00
2.233633782132669499e+00
2.110622925500630576e+00
1.997635686241679087e+00
1.893741519203928192e+00
1.798140321315559120e+00
1.710144449299529246e+00
1.629164197590101448e+00
1.554696200567354136e+00
1.486313849977644264e+00
1.423658582212052437e+00
1.366430906105014831e+00
1.314380327051449360e+00
1.267293797342641692e+00
1.224982852845524661e+00
1.187270056971847065e+00
1.153975687823733942e+00
1.124905751683424660e+00
1.099842395869918832e+00
1.078537641587400397e+00
1.060711072740566197e+00
1.046051715775035973e+00
1.034223869064438306e+00
1.024876160954905080e+00
1.017652724458336655e+00
1.012205154295956477e+00
1.008203900001459763e+00
1.005347936617496885e+00
1.003371887422981779e+00
1.002050174414880424e+00
1.001198168095802865e+00
1.000670644179212809e+00
1.000358100688829799e+00
1.000181632774294727e+00
1.000087103709357939e+00
