9.054436778828117838e+01
8.979041355068753205e+01
8.898060914697812507e+01
8.811154507020023630e+01
8.717973017202093899e+01
8.618161449588752987e+01
8.511361759673638971e+01
8.397216304027833189e+01
8.275371978861043942e+01
8.145485117063277869e+01
8.007227209792370104e+01
7.860291511047992685e+01
7.704400571185209401e+01
7.539314726833386260e+01
7.364841548977086916e+01
7.180846216770348178e+01
6.987262740798468030e+01
6.784105904952268418e+01
6.571483730171756577e+01
6.349610185949759256e+01
6.118817787410691267e+01
5.879569618913571105e+01
5.632470222926244219e+01
5.378274690740578023e+01
5.117895197053184120e+01
4.852404143611539666e+01
4.583033030632802962e+01
4.311166173402261848e+01
4.038328441742155661e+01
3.766166338522111090e+01
3.496421964891241174e+01
3.230899754742991092e+01
2.971426301411788984e+01
2.719804136283871543e+01
2.477760926884221959e+01
2.246896197683180318e+01
2.028628277639038302e+01
1.824144664549780259e+01
1.634359277217286177e+01
1.459880052660599148e+01
1.300989964578938540e+01
1.157643754615766696e+01
1.029481498558483210e+01
9.158586632049036780e+00
8.158907057007528607e+00
7.285087434878811941e+00
6.525216239561990150e+00
5.866790719208213822e+00
5.297306384454639527e+00
4.804759427647812053e+00
4.378030720628414585e+00
4.007137329693328809e+00
3.683355074927933792e+00
3.399230311008986760e+00
3.148508446596894217e+00
2.926009828260372814e+00
2.727481140136114757e+00
2.549444245606026005e+00
2.389056724217768490e+00
2.243991253890810000e+00
2.112335686177113647e+00
1.992512491389262452e+00
1.883214863619394164e+00
1.783356524147271305e+00
1.692032526596600750e+00
1.608488736063143021e+00
1.532097941892162085e+00
1.462340744107867296e+00
1.398789479738645314e+00
1.341093604033947617e+00
1.288965184964182331e+00
1.242163558244651744e+00
1.200478736639620347e+00
1.163713829273345102e+00
1.131667404035747726e+00
1.104117278634884292e+00
1.080807510519879111e+00
1.061440272850642019e+00
1.045673832783328372e+00
1.033127063216691122e+00
1.023389973200357517e+00
1.016038831407037435e+00
1.010653771895467345e+00
1.006836452110659863e+00
1.004225439515559870e+00
1.002507504342480260e+00
1.001423779216570553e+00
1.000770644147124466e+00
1.000396022538566410e+00
1.000192370606859837e+00
1.000087912221194975e+00
1.000037602605830189e+00
1.000014970085075339e+00
1.000005513726628159e+00
1.000001866545170204e+00
1.000000576666130847e+00
1.000000161348837180e+00
1.000000040545935054e+00
1.000000009068897189e+00
1.000000001787804571e+00
