4.525616760229859779e+02
4.487649903128003075e+02
4.446846682507425044e+02
4.403029845161936464e+02
4.356017106737895688e+02
4.305622187034426247e+02
4.251656115150011033e+02
4.193928841371125600e+02
4.132251194313718656e+02
4.066437222557658515e+02
3.996306959505145073e+02
3.921689648020508230e+02
3.842427457067689716e+02
3.758379715474466707e+02
3.669427677470710023e+02
3.575479820072206394e+02
3.476477652989546527e+02
3.372401996836462672e+02
3.263279654392221119e+02
3.149190362124263061e+02
3.030273865004319305e+02
2.906736907225797495e+02
2.778859875788516547e+02
2.647002774963222009e+02
2.511610150383961582e+02
2.373214526243404237e+02
2.232437873545596005e+02
2.089990598874655916e+02
1.946667540330659278e+02
1.803340489848449693e+02
1.660946839047746266e+02
1.520474078250141758e+02
1.382940072143364887e+02
1.249369293188997290e+02
1.120765510964285170e+02
9.980817988526109730e+01
8.821891044874826093e+01
7.738450007924771512e+01
6.736645428698486171e+01
5.820953470377084216e+01
4.993990251291111804e+01
4.256409007695373248e+01
3.606894754688016747e+01
3.042264038518368352e+01
2.557668243820156917e+01
2.146888663355829863e+01
1.802701489676704938e+01
1.517282628833983438e+01
1.282617312155187328e+01
1.090879051704762048e+01
9.347469783650034003e+00
8.076394982301279057e+00
7.038540299020361601e+00
6.186151815404002718e+00
5.480447410880887382e+00
4.890743422637087612e+00
4.393246025984594461e+00
3.969730249305268188e+00
3.606281452185073455e+00
3.292210100334994838e+00
3.019187938260186499e+00
2.780604575522076072e+00
2.571113381647630369e+00
2.386323287197231746e+00
2.222593575011640343e+00
2.076896048039817533e+00
1.946718294969747909e+00
1.829990333895394228e+00
1.725023613015677082e+00
1.630456135888853186e+00
1.545200711374362434e+00
1.468395398483366643e+00
1.399356429958094505e+00
1.337534476616115020e+00
1.282475233937787618e+00
1.233785137005369847e+00
1.191102698665558179e+00
1.154075656325664889e+00
1.122343894021553989e+00
1.095527998893147226e+00
1.073223271239824417e+00
1.054998956182695347e+00
1.040402330487038007e+00
1.028967029537556366e+00
1.020224662075198907e+00
1.013718408030349849e+00
1.009017027109976539e+00
1.005727618334713913e+00
1.003505626274602269e+00
1.002060995837648960e+00
1.001159976220139525e+00
1.000622750694702967e+00
1.000317677641750835e+00
1.000153337940818288e+00
1.000069717458987206e+00
1.000029712574938889e+00
1.000011807167747291e+00
1.000004349711562046e+00
1.000001476279707813e+00
1.000000458472122489e+00
