9.054342780783544242e+01
8.978931215982791514e+01
8.897931910849410997e+01
8.811003468241204928e+01
8.717796257321991504e+01
8.617954687043578588e+01
8.511120027175331870e+01
8.396933846143649305e+01
8.275042136344811183e+01
8.145100196808097337e+01
8.006778339360059249e+01
7.859768476891468936e+01
7.703791639939490210e+01
7.538606449437251911e+01
7.364018547932371916e+01
7.179890957587792855e+01
6.986155289657826017e+01
6.782823675864732138e+01
6.570001226517841530e+01
6.347898743215498030e+01
6.116845326289240603e+01
5.877300420690215077e+01
5.629864742204901518e+01
5.375289424039065977e+01
5.114482629472242081e+01
4.848512799468407763e+01
4.578607657343746240e+01
4.306148090579200982e+01
4.032656088884501600e+01
3.759776054149018876e+01
3.489249026669967435e+01
3.222879703256261763e+01
2.962496558821946735e+01
2.709905914600579280e+01
2.466841398475513003e+01
2.234910873311200064e+01
2.015543505706262195e+01
1.809940131527720197e+01
1.619030356730737097e+01
1.443439823942884459e+01
1.283470705434371162e+01
1.139097715353941531e+01
1.009980786649545514e+01
8.954941167628932774e+00
7.947697071939354707e+00
7.067520188371900325e+00
6.302591772265706993e+00
5.640455088579731324e+00
5.068602176449339858e+00
4.574977463969659652e+00
4.148366978605282362e+00
3.778658713590811846e+00
3.456976860747245972e+00
3.175706941838382313e+00
2.928438039348053135e+00
2.709851432980110886e+00
2.515582616591220066e+00
2.342077695518959501e+00
2.186457807177208945e+00
2.046398453696780972e+00
1.920025691203856688e+00
1.805828293681263075e+00
1.702583924778471314e+00
1.609297325410272039e+00
1.525148907461684189e+00
1.449452503937218806e+00
1.381621184890228893e+00
1.321140016323032906e+00
1.267544525942489342e+00
1.220403580735796467e+00
1.179305484395332115e+00
1.143846411056810508e+00
1.113620766964674491e+00
1.088213600161324512e+00
1.067195606562634902e+00
1.050121467309709677e+00
1.036532118477068387e+00
1.025961114636524174e+00
1.017944609362388508e+00
1.012033807733904167e+00
1.007808231543117605e+00
1.004887923608575262e+00
1.002942872785554052e+00
1.001698439585749112e+00
1.000936288456502510e+00
1.000491113880639382e+00
1.000244101728326118e+00
1.000114455712485473e+00
1.000050383623685812e+00
1.000020714057140214e+00
1.000007908955178770e+00
1.000002787433971418e+00
1.000000900856363506e+00
1.000000265073540007e+00
1.000000070464240887e+00
1.000000016780786982e+00
1.000000003547468319e+00
1.000000000659188704e+00
1.000000000106572529e+00
1.000000000014755752e+00
