1.810667086933032408e+02
1.795551022254209954e+02
1.779311937906645369e+02
1.761880716340846504e+02
1.743186477948328275e+02
1.723157023410364559e+02
1.701719385225815699e+02
1.678800502596617434e+02
1.654328034251584825e+02
1.628231323779837112e+02
1.600442531476416264e+02
1.570897945398995148e+02
1.539539482091805382e+02
1.506316384021972397e+02
1.471187115942906303e+02
1.434121455887740240e+02
1.395102768044781101e+02
1.354130434145606898e+02
1.311222407032502701e+02
1.266417834694595257e+02
1.219779685355177037e+02
1.171397284460281583e+02
1.121388653258505457e+02
1.069902517045506585e+02
1.017119830493778210e+02
9.632546497302477917e+01
9.085541684296589438e+01
8.532977311408802734e+01
7.977946447365764016e+01
7.423806318307292429e+01
6.874128116130272304e+01
6.332631564638819555e+01
5.803104582126468358e+01
5.289309450771207111e+01
4.794878152569799568e+01
4.323200881981700405e+01
3.877313079077458013e+01
3.459787485940152862e+01
3.072638525241530161e+01
2.717246534840368000e+01
2.394308887768170635e+01
2.103823664629218726e+01
1.845109309227757777e+01
1.616860711373998427e+01
1.417238704746559463e+01
1.243986470765261565e+01
1.094563326792831148e+01
9.662843813791873515e+00
8.564539852737917514e+00
7.624819944834026586e+00
6.819744836931942444e+00
6.127942766588097889e+00
5.530908182355712022e+00
5.013027279853172757e+00
4.561391717126857870e+00
4.165475578683366820e+00
3.816749654879359355e+00
3.508294355947020549e+00
3.234453226849383523e+00
2.990548621519593553e+00
2.772663997250947698e+00
2.577485792499281114e+00
2.402192166429081066e+00
2.244374794957191277e+00
2.101981677650961444e+00
1.973271910188074685e+00
1.856776514191327498e+00
1.751262102221645245e+00
1.655696165471891579e+00
1.569214071092188689e+00
1.491088494306543666e+00
1.420702085926301983e+00
1.357523840720479269e+00
1.301089093090396442e+00
1.250982556016716041e+00
1.206823538334308443e+00
1.168252533145344607e+00
1.134918750010763144e+00
1.106468733953809958e+00
1.082536778856584059e+00
1.062738207155864867e+00
1.046666618235131851e+00
1.033895866612369430e+00
1.023986883005437942e+00
1.016498647398559330e+00
1.011001862534344875e+00
1.007093355548565494e+00
1.004409095286542764e+00
1.002633996348698320e+00
1.001507320009766389e+00
1.000823317420808101e+00
1.000427589082232505e+00
1.000210269615159131e+00
1.000097468678273760e+00
1.000042382063422997e+00
1.000017196697581490e+00
1.000006474163009917e+00
1.000002247618991369e+00
1.000000714765147736e+00
1.000000206710116135e+00
