9.054555692528664679e+01
8.979180160796803989e+01
8.898222829797595068e+01
8.811343239842682351e+01
8.718192834240859668e+01
8.618417249708394934e+01
8.511659155602634996e+01
8.397561711090997960e+01
8.275772710671523669e+01
8.145949487551469304e+01
8.007764640511204846e+01
7.860912642144234042e+01
7.705117373751994592e+01
7.540140613549222337e+01
7.365791478985772756e+01
7.181936789668239385e+01
6.988512273385069307e+01
6.785534483100528291e+01
6.573113226840661127e+01
6.351464235078123011e+01
6.120921702316618251e+01
5.881950243036923354e+01
5.635155700493883302e+01
5.381294145447267852e+01
5.121278308411359603e+01
4.856180613521963352e+01
4.587231937244133206e+01
4.315815215682116701e+01
4.043453086479603797e+01
3.771788891633381979e+01
3.502560600541098523e+01
3.237567548195877265e+01
2.978630323534076396e+01
2.727544677624775815e+01
2.486030925263840174e+01
2.255680942970110436e+01
2.037905458723700036e+01
1.833884804727745177e+01
1.644526574656145002e+01
1.470433603347367324e+01
1.311885299288281459e+01
1.168834574512102265e+01
1.040921453629004567e+01
9.275029925293054589e+00
8.276975568041299525e+00
7.404400152453835204e+00
6.645432343980487211e+00
5.987606330402465815e+00
5.418446122983905155e+00
4.925964394134391355e+00
4.499045116834182956e+00
4.127696168122795939e+00
3.803175187239345334e+00
3.518006210876572393e+00
3.265913673720646671e+00
3.041703401409932894e+00
2.841117883234979047e+00
2.660687170875856378e+00
2.497589423913049611e+00
2.349528351453574970e+00
2.214629765656828120e+00
2.091356485760747841e+00
1.978439569572663759e+00
1.874823655563074620e+00
1.779624438379054707e+00
1.692096538562468666e+00
1.611610070973294562e+00
1.537634068419804656e+00
1.469724694548633082e+00
1.407516038430038696e+00
1.350711356295299481e+00
1.299072986260816798e+00
1.252409802391237115e+00
1.210561910352573989e+00
1.173383176964039487e+00
1.140722965861495464e+00
1.112408971101553234e+00
1.088233196822331772e+00
1.067942890321275318e+00
1.051237641191470784e+00
1.037773021904383919e+00
1.027170222597950655e+00
1.019030295743102776e+00
1.012951024967837510e+00
1.008544166739467229e+00
1.005450916279183815e+00
1.003353882075567638e+00
1.001984519682615371e+00
1.001125740837690348e+00
1.000610134239032112e+00
1.000314784580695004e+00
1.000153975920222704e+00
1.000071093520952692e+00
1.000030835430090193e+00
1.000012497328132355e+00
1.000004705611098998e+00
1.000001635654467425e+00
1.000000521230542505e+00
1.000000151125817860e+00
1.000000039539120422e+00
