4.526174312126959762e+02
4.488301200784711114e+02
4.447607015148037704e+02
4.403916868758141163e+02
4.357051176445788201e+02
4.306826727177954695e+02
4.253058028429387036e+02
4.195558958216133192e+02
4.134144762222072131e+02
4.068634433783526561e+02
3.998853513507981461e+02
3.924637342558863793e+02
3.845834798632973275e+02
3.762312535813429122e+02
3.673959738163575821e+02
3.580693381458657996e+02
3.482463977151938366e+02
3.379261746905908126e+02
3.271123144275534855e+02
3.158137602119429062e+02
3.040454340100710624e+02
2.918289016796177293e+02
2.791929956735367000e+02
2.661743626315827100e+02
2.528178977271352323e+02
2.391770226777315713e+02
2.253137605327501944e+02
2.112985584564895021e+02
1.972098105832369583e+02
1.831330375583327736e+02
1.691596885117423028e+02
1.553855457235682138e+02
1.419087326258602388e+02
1.288273520411831328e+02
1.162368129744243959e+02
1.042269392230114278e+02
9.287898886235481655e+01
8.226274651975619179e+01
7.243387556784664127e+01
6.343172973260374192e+01
5.527781809091641918e+01
4.797509014038342912e+01
4.150815692633260312e+01
3.584449179684498432e+01
3.093656596896874689e+01
2.672477959305437878e+01
2.314096150487676340e+01
2.011214477038020476e+01
1.756429335631116473e+01
1.542566602052799496e+01
1.362955765996857949e+01
1.211624810514678785e+01
1.083409818266870772e+01
9.739842670975896510e+00
8.798219642060916001e+00
7.981130949409544151e+00
7.266543496791118883e+00
6.637319402191710793e+00
6.080116939273199961e+00
5.584448288378644598e+00
5.141928414476653053e+00
4.745710757912593891e+00
4.390082853539558627e+00
4.070186552385320233e+00
3.781828670081560873e+00
3.521353807685865700e+00
3.285558162471019283e+00
3.071629383448890138e+00
2.877102276432145445e+00
2.699823536923682266e+00
2.537921068283104820e+00
2.389775194199389219e+00
2.253990437925269763e+00
2.129367616530907448e+00
2.014876781843689901e+00
1.909631974660782605e+00
1.812868800319987983e+00
1.723925503730365572e+00
1.642227637988251443e+00
1.567275781133881773e+00
1.498635281856090185e+00
1.435926872171551238e+00
1.378817217232122916e+00
1.327008984190938046e+00
1.280230608788977209e+00
1.238226406093889231e+00
1.200747861521057391e+00
1.167546816732957460e+00
1.138370914600642880e+00
1.112961240418223419e+00
1.091051749335501198e+00
1.072369905981677585e+00
1.056638004290437083e+00
1.043574831526425495e+00
1.032897593837242667e+00
1.024324229464871117e+00
1.017576326155460675e+00
1.012382804169836836e+00
1.008484347174994467e+00
1.005638319549458037e+00
