1.810568423481572893e+02
1.795435726909594791e+02
1.779177286441603769e+02
1.761723559611311885e+02
1.743003181311947571e+02
1.722943399039519647e+02
1.701470616907137412e+02
1.678511062719750271e+02
1.653991592853482757e+02
1.627840649740399499e+02
1.599989386271402623e+02
1.570372970223415336e+02
1.538932079688596275e+02
1.505614597204364600e+02
1.470377505600745565e+02
1.433188982231856983e+02
1.394030679976765441e+02
1.352900172942059100e+02
1.309813531987994395e+02
1.264807979942509490e+02
1.217944558721429047e+02
1.169310720810524913e+02
1.119022736244783403e+02
1.067227784268047088e+02
1.014105577643469331e+02
9.598693489937258505e+01
9.047660150063568096e+01
8.490753287975405783e+01
7.931078365693178966e+01
7.372014755225895044e+01
6.817166892755179219e+01
6.270299976245379980e+01
5.735260409145931959e+01
5.215882250056806413e+01
4.715882173491418428e+01
4.238746808416006928e+01
3.787617685623770569e+01
3.365180237653513728e+01
2.973564168712315592e+01
2.614262845761747300e+01
2.288078970040418625e+01
1.995102539803100328e+01
1.734724976668787022e+01
1.505690362838264740e+01
1.306181286515942475e+01
1.133933232258798718e+01
9.863683028113179319e+00
8.607368622787520351e+00
7.542548977381175135e+00
6.642257463744138057e+00
5.881372655267512961e+00
5.237291451187400249e+00
4.690292228071784031e+00
4.223615881518073323e+00
3.823322497669281894e+00
3.477997348426944857e+00
3.178380955527960516e+00
2.916986649918087871e+00
2.687750298347803657e+00
2.485736295285649433e+00
2.306906171098157987e+00
2.147943909163551712e+00
2.006125825689964337e+00
1.879221596511146508e+00
1.765414932224565137e+00
1.663235739150426884e+00
1.571499038878238386e+00
1.489248692794095552e+00
1.415705798236414736e+00
1.350222511059936625e+00
1.292242200278283848e+00
1.241266523693167922e+00
1.196829504739066463e+00
1.158478219569630374e+00
1.125759413151992794e+00
1.098211292501764191e+00
1.075359838763483955e+00
1.056719126826308974e+00
1.041795227741320273e+00
1.030093223649610756e+00
1.021126680332882453e+00
1.014428653835682148e+00
1.009563050037919130e+00
1.006135014031896757e+00
1.003799081206092403e+00
1.002264105370937797e+00
1.001294457172424490e+00
1.000707563506748610e+00
1.000368405512609193e+00
1.000181984063527763e+00
1.000084918219924068e+00
1.000037254073610660e+00
1.000015286508798784e+00
1.000005833793224497e+00
1.000002057866325789e+00
1.000000666452544040e+00
1.000000196695832733e+00
1.000000052479243839e+00
1.000000012546585548e+00
1.000000002662098986e+00
