4.525532344061506365e+02
4.487551347461507021e+02
4.446731695981571306e+02
4.402895785715796251e+02
4.355860933455923032e+02
4.305440406872460244e+02
4.251444724421247656e+02
4.193683262013295803e+02
4.131966205153502187e+02
4.066106886047070930e+02
3.995924544740099122e+02
3.921247551276588865e+02
3.841917121615670112e+02
3.757791553079635491e+02
3.668750994744710852e+02
3.574702753737254284e+02
3.475587119128306313e+02
3.371383660320147442e+02
3.262117925871866646e+02
3.147868431181365736e+02
3.028773779204022958e+02
2.905039707783829499e+02
2.776945801196468437e+02
2.644851544019547305e+02
2.509201335412064395e+02
2.370528025570540080e+02
2.229454489274298510e+02
2.086692721315939423e+02
1.943039933947071916e+02
1.799371167041635715e+02
1.656627997663532028e+02
1.515803066570643693e+02
1.377920332048266800e+02
1.244011219180734429e+02
1.115087151416756654e+02
9.921093181542836703e+01
8.759569230210500734e+01
7.673955363030086119e+01
6.670474937672312876e+01
5.753664867389213100e+01
4.926185163845719472e+01
4.188711877182114307e+01
3.539928642292596095e+01
2.976624927660526154e+01
2.493899839232446070e+01
2.085459872260049252e+01
1.743988679627818073e+01
1.461558356081382826e+01
1.230046528028990238e+01
1.041522912592927597e+01
8.885734540128266801e+00
7.645391682986192095e+00
6.636589399621566798e+00
5.811184960943655220e+00
5.130191886881195096e+00
4.562880044644685107e+00
4.085532931102700438e+00
3.680091601439113624e+00
3.332864847203442338e+00
3.033418862811816830e+00
2.773694763410495590e+00
2.547351859357112502e+00
2.349303991565457661e+00
2.175404111913755489e+00
2.022233235341163837e+00
1.886957619153526222e+00
1.767227630640270775e+00
1.661100472424701380e+00
1.566975758556620413e+00
1.483537886737507749e+00
1.409702575172133265e+00
1.344567149420703878e+00
1.287365404181082695e+00
1.237428312088656224e+00
1.194151705695767784e+00
1.156971548758548129e+00
1.125346769590427121e+00
1.098749039604174582e+00
1.076658454099095996e+00
1.058563839249671013e+00
1.043966343421284915e+00
1.032385027730435390e+00
1.023363312267978165e+00
1.016475334601437241e+00
1.011331512543366173e+00
1.007582843616892765e+00
1.004923685103966235e+00
1.003092916546502567e+00
1.001873489615888735e+00
1.001090441189806945e+00
1.000607517137595881e+00
1.000322647743376425e+00
1.000162624703327285e+00
1.000077421903378783e+00
1.000034636948300415e+00
1.000014481959575541e+00
1.000005625479036597e+00
1.000002017298054158e+00
1.000000663245197874e+00
1.000000198448188327e+00
