1.810578472591420791e+02
1.795447512565934005e+02
1.779191104676900181e+02
1.761739755803544085e+02
1.743022158099605008e+02
1.722965625419483331e+02
1.701496638667559864e+02
1.678541514372328436e+02
1.654027211240357644e+02
1.627882289499178512e+02
1.600038037346243698e+02
1.570429777608563597e+02
1.538998365581219048e+02
1.505691885722532675e+02
1.470467550186712344e+02
1.433293795805214188e+02
1.394152567821757884e+02
1.353041768201303228e+02
1.309977833484039706e+02
1.264998391850853210e+02
1.218164931365007106e+02
1.169565391527935247e+02
1.119316568894860353e+02
1.067566205466546876e+02
1.014494607282607035e+02
9.603156219776163027e+01
9.052767904609893890e+01
8.496584823126242725e+01
7.937718303501226558e+01
7.379553007452297209e+01
6.825697745496989910e+01
6.279920774049327292e+01
5.746069781266356102e+01
5.227977832476710773e+01
4.729357799910906124e+01
4.253689173335477847e+01
3.804102524015704745e+01
3.383268118485359111e+01
2.993296061925711626e+01
2.635655689979880734e+01
2.311121534127005006e+01
2.019751925352024458e+01
1.760904138179610001e+01
1.533287014628452916e+01
1.335048509136651695e+01
1.163891980472534726e+01
1.017211855188418568e+01
8.922370539774970410e+00
7.861697698783770782e+00
6.963080632486106758e+00
6.201432320255867658e+00
5.554266301237016812e+00
5.002048704147234126e+00
4.528263633583601511e+00
4.119251813999876610e+00
3.763898358247936393e+00
3.453246121142370839e+00
3.180099048139996665e+00
2.938660451894589354e+00
2.724230111627753637e+00
2.532966247084416089e+00
2.361706361144351174e+00
2.207835001818348353e+00
2.069185393995523814e+00
1.943963719402751922e+00
1.830687822707857126e+00
1.728135102773304510e+00
1.635296724699389026e+00
1.551336905136645017e+00
1.475556946712571094e+00
1.407364070867838546e+00
1.346245080995587484e+00
1.291744643331636633e+00
1.243447668469631395e+00
1.200965063709299008e+00
1.163922108565937918e+00
1.131948904920123677e+00
1.104672703967988889e+00
1.081712287064718003e+00
1.062674836994715655e+00
1.047155779236895068e+00
1.034741870564244604e+00
1.025017413804696575e+00
1.017572990792462218e+00
1.012015663653516029e+00
1.007979318167503191e+00
1.005133787644103771e+00
1.003191613094003953e+00
1.001911712420667566e+00
1.001099748381758303e+00
1.000605486913416886e+00
1.000317825297020402e+00
1.000158384281619073e+00
1.000074587678210891e+00
1.000033026125061175e+00
1.000013673822870208e+00
1.000005262134952000e+00
1.000001870045106100e+00
1.000000609405627516e+00
1.000000180727227184e+00
