9.054823418739567842e+01
8.979492527490333487e+01
8.898587015761252417e+01
8.811767507392389120e+01
8.718686673738366721e+01
8.618991538173199274e+01
8.512326329292503146e+01
8.398335951367830887e+01
8.276670141727731789e+01
8.146988383608530171e+01
8.008965638877195659e+01
7.862298956990484555e+01
7.706715003600899649e+01
7.541978533225088199e+01
7.367901804146865175e+01
7.184354899012228657e+01
6.991276870232456986e+01
6.788687574386574397e+01
6.576699993719822146e+01
6.355532765577844856e+01
6.125522553076618237e+01
5.887135794557912050e+01
5.640979269045641331e+01
5.387808815535912288e+01
5.128535453291496538e+01
4.864228078572800484e+01
4.596111873059412289e+01
4.325561565344062132e+01
4.054088755385341614e+01
3.783322658708731723e+01
3.514983866362582177e+01
3.250851057187824722e+01
2.992721041575407881e+01
2.742363049260312735e+01
2.501468770967245447e+01
2.271600279922102672e+01
2.054138530860444334e+01
1.850235581891743664e+01
1.660773920343790522e+01
1.486336212513269572e+01
1.327188373354225170e+01
1.183278037815480133e+01
1.054249338815690606e+01
9.394734533387438802e+00
8.380928314076939500e+00
7.490755885683603843e+00
6.712754557765387098e+00
6.034921476933574169e+00
5.445271576370744882e+00
4.932308189279729582e+00
4.485378533421534364e+00
4.094903036873459357e+00
3.752484014480173435e+00
3.450912500217934387e+00
3.184100012095460119e+00
2.946964034498863239e+00
2.735292891361450707e+00
2.545609348612356548e+00
2.375044960711600428e+00
2.221230726701572955e+00
2.082205093145601982e+00
1.956337900730686252e+00
1.842268052307058035e+00
1.738852767344982286e+00
1.645126647293245092e+00
1.560269030626704412e+00
1.483578159039383060e+00
1.414450586326414516e+00
1.352364189868902278e+00
1.296863222224520218e+00
1.247544128472020342e+00
1.204041336218513614e+00
1.166012821838042113e+00
1.133125860878054336e+00
1.105043873399153664e+00
1.081415584706427291e+00
1.061867775136112524e+00
1.046002661574261472e+00
1.033400455038474330e+00
1.023626943138809420e+00
1.016245177729114602e+00
1.010829668033347506e+00
1.006981050238325848e+00
1.004339141867187646e+00
1.002592622732849215e+00
1.001484242059265339e+00
1.000811278155149697e+00
1.000421779288554802e+00
1.000207716626128729e+00
1.000096472770084288e+00
1.000042053865948022e+00
1.000017116833979536e+00
1.000006468713990238e+00
1.000002256024666192e+00
1.000000721321419483e+00
1.000000209918957994e+00
1.000000055171570867e+00
1.000000012984372022e+00
1.000000002711203262e+00
1.000000000497137886e+00
