4.525682347671587422e+02
4.487726385166478167e+02
4.446935799749881539e+02
4.403133597768787695e+02
4.356137788137712050e+02
4.305762420649627984e+02
4.251818893996992870e+02
4.194117570240263149e+02
4.132469734027460504e+02
4.066689935540404122e+02
3.996598755566282648e+02
3.922026028843220047e+02
3.842814557402214746e+02
3.758824338449211382e+02
3.669937320756580448e+02
3.576062688868366877e+02
3.477142654957035575e+02
3.373158713215864282e+02
3.264138280647667330e+02
3.150161610624417676e+02
3.031368821575200059e+02
2.907966833016355963e+02
2.780235945936950088e+02
2.648535746237288890e+02
2.513309951518093328e+02
2.375089767357786457e+02
2.234495275055451771e+02
2.092234345897778951e+02
1.949098575915249114e+02
1.805955769368326855e+02
1.663738578629462666e+02
1.523429041589431279e+02
1.386038951643722328e+02
1.252586251686368257e+02
1.124067957623274765e+02
1.001430474998437177e+02
8.855385498621035367e+01
7.771444558283195647e+01
6.768593165162972980e+01
5.851286421171701591e+01
5.022141656314638425e+01
4.281838517393357080e+01
3.629114925499801103e+01
3.060866046728863665e+01
2.572344474827337280e+01
2.157449843057192851e+01
1.809086369558230345e+01
1.519558923132201933e+01
1.280973549566121861e+01
1.085608107392622657e+01
9.262231018575604935e+00
7.962914427920336102e+00
6.901372532256698555e+00
6.029859520484361468e+00
5.309383955408459421e+00
4.708890575725606098e+00
4.204110909076131719e+00
3.776297519614020715e+00
3.411011486803701143e+00
3.097071887260314682e+00
2.825715804145894072e+00
2.589969582065626774e+00
2.384202061401994754e+00
2.203817706287770406e+00
2.045047425207602299e+00
1.904801898813854422e+00
1.780561689744654341e+00
1.670287367797715694e+00
1.572340028812144963e+00
1.485407676678814015e+00
1.408436232972237967e+00
1.340565824939004891e+00
1.281073839850309204e+00
1.229326325964264610e+00
1.184738930255709422e+00
1.146747922193696922e+00
1.114791153828262216e+00
1.088298185875459012e+00
1.066688337238862472e+00
1.049375102331154608e+00
1.035775203521747345e+00
1.025320477836322741e+00
1.017470825795228517e+00
1.011726580994008584e+00
1.007638901071322035e+00
1.004817132167873162e+00
1.002932536595978252e+00
1.001718252056734038e+00
1.000965810365112674e+00
1.000518921322556043e+00
1.000265470662012879e+00
1.000128760200127642e+00
1.000058934692359403e+00
1.000025326359288425e+00
1.000010161847171064e+00
1.000003783881528996e+00
1.000001298967496677e+00
1.000000408161839660e+00
1.000000116479129453e+00
1.000000029933990175e+00
