9.055389807183439643e+01
8.980153662363855460e+01
8.899358220664159091e+01
8.812666443986816489e+01
8.719733661166557681e+01
8.620209906102179787e+01
8.513742805318983642e+01
8.399981082582621639e+01
8.278578748969343337e+01
8.149200045261076752e+01
8.011525198915002477e+01
7.865257049265569833e+01
7.710128581039768392e+01
7.545911386588905145e+01
7.372425050278926051e+01
7.189547413050932789e+01
6.997225630165492305e+01
6.795487879701117606e+01
6.584455513009528715e+01
6.364355361181949178e+01
6.135531824698276182e+01
5.898458279081626898e+01
5.653747231403107065e+01
5.402158566625558223e+01
5.144605136996389660e+01
4.882154882319540690e+01
4.616028636591600787e+01
4.347592791728182249e+01
4.078346067550798892e+01
3.809899794077983159e+01
3.543951360195664080e+01
3.282250829396522107e+01
3.026561167259238516e+01
2.778613053249708287e+01
2.540055832372332745e+01
2.312406753740520315e+01
2.097001179380695390e+01
1.894946849570226988e+01
1.707085476260357026e+01
1.533964824753100054e+01
1.375823978422068627e+01
1.232593643830788288e+01
1.103912181355486943e+01
9.891566413383687362e+00
8.874866123298245313e+00
7.978973552977867811e+00
7.192777258880482805e+00
6.504679614145205235e+00
5.903126336636884020e+00
5.377049283236772226e+00
4.916197640213082032e+00
4.511348605980257886e+00
4.154404095864986601e+00
3.838392157557124484e+00
3.557398857841003625e+00
3.306457914866158809e+00
3.081422168663867645e+00
2.878834889682694076e+00
2.695811979648731427e+00
2.529940029576044580e+00
2.379190936905708043e+00
2.241851520938007436e+00
2.116465901134390037e+00
2.001788652294913096e+00
1.896747303595233358e+00
1.800413193651939414e+00
1.711979854687458280e+00
1.630747972246743727e+00
1.556115641985668985e+00
1.487572247974956019e+00
1.424693956925143778e+00
1.367138698871016356e+00
1.314638701875194382e+00
1.266989217669576950e+00
1.224032969660437953e+00
1.185640921128529257e+00
1.151690973352062386e+00
1.122046925567268483e+00
1.096540288258630147e+00
1.074957278353551038e+00
1.057032605797961322e+00
1.042450652763963870e+00
1.030853565670723393e+00
1.021854834207027940e+00
1.015056275267486319e+00
1.010066052659511104e+00
1.006515450989180271e+00
1.004072530522280848e+00
1.002451424905767441e+00
1.001416787678569342e+00
1.000783620609338342e+00
1.000413310568869063e+00
1.000207075175463478e+00
1.000098132283583130e+00
1.000043782675863691e+00
1.000018296917417171e+00
1.000007122023712558e+00
1.000002566319746489e+00
1.000000850317272372e+00
1.000000257173289109e+00
