4.525599319690146558e+02
4.487629389184447177e+02
4.446822555824793426e+02
4.403001472615187595e+02
4.355983745418840840e+02
4.305582965646274829e+02
4.251610012404464101e+02
4.193874660960706819e+02
4.132187535991021718e+02
4.066362448815946209e+02
3.996219157324986782e+02
3.921586585130393701e+02
3.842306532169334901e+02
3.758237901916001533e+02
3.669261459924230167e+02
3.575285123901900874e+02
3.476249766201110560e+02
3.372135484799914025e+02
3.262968267954065027e+02
3.148826940299958324e+02
3.029850234197206760e+02
2.906243779883777734e+02
2.778286752606925916e+02
2.646337856184630937e+02
2.510840263425336900e+02
2.372325078760738393e+02
2.231412843045301884e+02
2.088812571960656044e+02
1.945317816424070543e+02
1.801799265435575137e+02
1.659193488812031205e+02
1.518487548350643692e+02
1.380699397884638699e+02
1.246854247849534119e+02
1.117957384165617327e+02
9.949642913258513488e+01
8.787493115734088178e+01
7.700744401937814132e+01
6.695601644732917634e+01
5.776604462537923013e+01
4.946439691218387935e+01
4.205835726186207779e+01
3.553553481314196461e+01
2.986481763545478785e+01
2.499835877784059690e+01
2.087448147139278021e+01
1.742129060151291142e+01
1.456069488962294400e+01
1.221249386453115449e+01
1.029817725740041290e+01
8.744126512409424734e+00
7.483994028401219190e+00
6.460151525403938777e+00
5.624223634353279877e+00
4.936833321528349749e+00
4.366762574315736778e+00
3.889764033774417928e+00
3.487247257037088932e+00
3.145017500651094089e+00
2.852181909794769155e+00
2.600274909384021171e+00
2.382604236563437006e+00
2.193787408274086470e+00
2.029434930754970168e+00
1.885936493906042122e+00
1.760313761926917797e+00
1.650113154044629882e+00
1.553321117250036743e+00
1.468291542187297294e+00
1.393680030915490642e+00
1.328383048378182663e+00
1.271482006573853241e+00
1.222193378576513778e+00
1.179826257978030757e+00
1.143748558045258656e+00
1.113362465892512976e+00
1.088089016067778303e+00
1.067360900426864490e+00
1.050622027270788239e+00
1.037331969260199882e+00
1.026973326107592843e+00
1.019060155516377852e+00
1.013145940794645483e+00
1.008829991703400042e+00
1.005761634225330825e+00
1.003641960042300330e+00
1.002223225755469516e+00
1.001306198280170312e+00
1.000735853435275491e+00
1.000395885368519533e+00
1.000202507163688193e+00
1.000098029085910945e+00
1.000044679840362161e+00
1.000019069847801090e+00
1.000007577475200193e+00
1.000002785585484721e+00
1.000000940996022880e+00
1.000000289983241641e+00
1.000000080882621045e+00
1.000000020245985111e+00
