1.810619464014297080e+02
1.795495356481941371e+02
1.779246907872316399e+02
1.761804793444568134e+02
1.743097896566098370e+02
1.723053747480207107e+02
1.701599071021075531e+02
1.678660457501273982e+02
1.654165171423776997e+02
1.628042112692037620e+02
1.600222944461272618e+02
1.570643400516835015e+02
1.539244782878255933e+02
1.505975656981048871e+02
1.470793747031496537e+02
1.433668027699584684e+02
1.394580999951696185e+02
1.353531128292836172e+02
1.310535403810127377e+02
1.265631982105619926e+02
1.218882827549912236e+02
1.170376275567553392e+02
1.120229403460177338e+02
1.068590078532956085e+02
1.015638531409911849e+02
9.615882843087587162e+01
9.066862511410947434e+01
8.512118215701921997e+01
7.954747479692542811e+01
7.398116761452499190e+01
6.845812011339150160e+01
6.301573910618304808e+01
5.769218063994144785e+01
5.252541481461097561e+01
4.755217928807049788e+01
4.280686077590033278e+01
3.832035728937181318e+01
3.411898565250562854e+01
3.022350712883212509e+01
2.664834678248955768e+01
2.340107769052512765e+01
2.048222808017349550e+01
1.788544765265519487e+01
1.559803991397008538e+01
1.360183298048526979e+01
1.187432626398088154e+01
1.039001987373777247e+01
9.121812843033602292e+00
8.042349722358890673e+00
7.125204826794224289e+00
6.345818593800170326e+00
5.682136998907436620e+00
5.114946157900698509e+00
4.627932437276940369e+00
4.207526791837195468e+00
3.842606456837322604e+00
3.524126937086448308e+00
3.244745282013443255e+00
2.998476963337957546e+00
2.780408795370947761e+00
2.586473619064462159e+00
2.413281204628083820e+00
2.257994221952885461e+00
2.118236963056514099e+00
1.992026020719866120e+00
1.877714758367154513e+00
1.773946099220946149e+00
1.679610400394759173e+00
1.593806805022490503e+00
1.515807507003250398e+00
1.445024907179618179e+00
1.380981799258736986e+00
1.323284631638265818e+00
1.271599697770256165e+00
1.225631958298302404e+00
1.185106197968269992e+00
1.149750402352740064e+00
1.119281555376770765e+00
1.093394397574419585e+00
1.071753913505771205e+00
1.053992324304541706e+00
1.039711096209847252e+00
1.028487962673203970e+00
1.019888293670197399e+00
1.013479479544290074e+00
1.008846491276747193e+00
1.005606570030329161e+00
1.003421155503384732e+00
1.002003665394965326e+00
1.001122479972935242e+00
1.000599299095968897e+00
1.000303742914597116e+00
1.000145517585184329e+00
1.000065595097734406e+00
1.000027682808051654e+00
1.000010879002148245e+00
1.000003957941203003e+00
1.000001324637187050e+00
1.000000405024674244e+00
1.000000112297947830e+00
