1.810682729310051400e+02
1.795569229694068554e+02
1.779333111234020066e+02
1.761905313707329981e+02
1.743215021599852435e+02
1.723190106854525254e+02
1.701757680696667876e+02
1.678844768664372396e+02
1.654379123361918857e+02
1.628290189430406372e+02
1.600510234645088872e+02
1.570975659728072173e+02
1.539628497204875259e+02
1.506418106205665595e+02
1.471303065267557315e+02
1.434253258673846574e+02
1.395252143415031867e+02
1.354299173247888746e+02
1.311412343396616791e+02
1.266630804119255487e+02
1.220017473744900229e+02
1.171661562184270196e+02
1.121680894933131043e+02
1.070223906201497925e+02
1.017471149433910682e+02
9.636361560632975909e+01
9.089654613189034649e+01
8.537376122401475698e+01
7.982609810706907183e+01
7.428702304142133528e+01
6.879213182120021486e+01
6.337849933114666356e+01
5.808388172973183572e+01
5.294578543409318883e+01
4.800042940952138082e+01
4.328164054597542076e+01
3.881973496603649920e+01
3.464044939712050564e+01
3.076399441407483337e+01
2.720430348821620115e+01
2.396854665269498597e+01
2.105696409854753881e+01
1.846305304757744281e+01
1.617411206061853335e+01
1.417211331004822483e+01
1.243483944654705375e+01
1.093719258879326972e+01
9.652563753483731190e+00
8.554145732205880037e+00
7.616082844465122292e+00
6.814376056928360015e+00
6.127497536722673388e+00
5.536708377387984825e+00
5.026109720233766787e+00
4.582484453198310881e+00
4.195000291546874926e+00
3.854844874201182492e+00
3.554852236606881544e+00
3.289162340890200653e+00
3.052936354810338759e+00
2.842134129735078396e+00
2.653349043614248615e+00
2.483689384648864795e+00
2.330693780072197185e+00
2.192269300209653160e+00
2.066643348111961931e+00
1.952323238530786265e+00
1.848059878859661387e+00
1.752813920900391453e+00
1.665724078356379811e+00
1.586078019206846879e+00
1.513286420629994522e+00
1.446860544349545918e+00
1.386393226917181032e+00
1.331542683934362481e+00
1.282018188130778169e+00
1.237566627600297453e+00
1.197959216177932218e+00
1.162978142750833443e+00
1.132403559622900735e+00
1.106001839300706946e+00
1.083516316154261361e+00
1.064661686680840047e+00
1.049122874454713417e+00
1.036558564710966301e+00
1.026608926954646117e+00
1.018906433403753864e+00
1.013088277696670536e+00
1.008808772202547388e+00
1.005750252015311430e+00
1.003631377423021220e+00
1.002212208008447014e+00
1.001295919740555096e+00
1.000727469498857491e+00
1.000389827686595901e+00
1.000198577267629174e+00
1.000095718588606131e+00
1.000043441957503054e+00
1.000018463861398921e+00
1.000007306294676379e+00
