4.525880393181898853e+02
4.487957739052523038e+02
4.447205896971247512e+02
4.403448715347918778e+02
4.356505163652172428e+02
4.306190384173274310e+02
4.252317014115205325e+02
4.194696814501523363e+02
4.133142643818625857e+02
4.067470814858554036e+02
3.997503872477752225e+02
3.923073827536912859e+02
3.844025877627357204e+02
3.760222637744491863e+02
3.671548893199203576e+02
3.577916872078619122e+02
3.479272014778904918e+02
3.375599192874099117e+02
3.266929298302022175e+02
3.153346086193622568e+02
3.034993110631842796e+02
2.912080542675001311e+02
2.784891605271749881e+02
2.653788302263835135e+02
2.519216061650629115e+02
2.381706861091216467e+02
2.241880362078785538e+02
2.100442555606817052e+02
1.958181424999015974e+02
1.815959170290245766e+02
1.674700622616294936e+02
1.535377614925791647e+02
1.398989272745528183e+02
1.266538446861590614e+02
1.139004822925774931e+02
1.017315596448351727e+02
9.023149699933222223e+01
7.947340759919613618e+01
6.951632067462564635e+01
6.040283898780420913e+01
5.215743298944370565e+01
4.478555014715341542e+01
3.827367051285986577e+01
3.259036909207316057e+01
2.768835709970965198e+01
2.350737707268149634e+01
1.997773400794880061e+01
1.702417099470577355e+01
1.456975709204411018e+01
1.253945719226807931e+01
1.086310092172876907e+01
9.477554096081352242e+00
8.328007316880722044e+00
7.368411832722697064e+00
6.561191735411030734e+00
5.876427224706933572e+00
5.290727900657758553e+00
4.785999837331671891e+00
4.348266200563284833e+00
3.966643644174025596e+00
3.632520571256965702e+00
3.338939182406881923e+00
3.080155575292407910e+00
2.851340074546212300e+00
2.648379230683543195e+00
2.467746474584670668e+00
2.306416122054238294e+00
2.161802786500098161e+00
2.031714238937561312e+00
1.914310238937574571e+00
1.808063121132890805e+00
1.711718275705004899e+00
1.624254321463983297e+00
1.544843835651525499e+00
1.472816013497102228e+00
1.407622630169498956e+00
1.348808276784434268e+00
1.295985222040816343e+00
1.248812632502894093e+00
1.206979464760563836e+00
1.170190234133473561e+00
1.138153063205678661e+00
1.110569809640453265e+00
1.087128497751845391e+00
1.067498566095736789e+00
1.051329484021124250e+00
1.038253059875798856e+00
1.027889325024551548e+00
1.019855355106186412e+00
1.013775928002028426e+00
1.009294639381039582e+00
1.006084068250599151e+00
1.003853804005809591e+00
1.002355549379332356e+00
1.001385001478782177e+00
1.000780683299173690e+00
1.000420270440628201e+00
1.000215187112048376e+00
1.000104321494160731e+00
1.000047649935318139e+00
