1.810548936582869146e+02
1.795413036874601573e+02
1.779150890794366546e+02
1.761692883527802564e+02
1.742967568961736333e+02
1.722902104385598250e+02
1.701422794087365844e+02
1.678455756197449205e+02
1.653927727605698692e+02
1.627767021853112510e+02
1.599904654434223801e+02
1.570275648764339564e+02
1.538820533964035064e+02
1.505487042361330907e+02
1.470232009955404351e+02
1.433023476757378489e+02
1.393842975655456087e+02
1.352687987998733092e+02
1.309574531263201607e+02
1.264539828857175507e+02
1.217644994389924449e+02
1.168977642827705239e+02
1.118654319442598535e+02
1.066822615236692116e+02
1.013662815960424126e+02
9.593889128184008541e+01
9.042487889024972958e+01
8.485233892848815174e+01
7.925246879652966925e+01
7.365922851636376834e+01
6.810885073477358276e+01
6.263919428491627173e+01
5.728894296344545012e+01
5.209666183731644651e+01
4.709973600398021176e+01
4.233323058279160023e+01
3.782872468057498594e+01
3.361318459104634115e+01
2.970795065097991028e+01
2.612791591771579647e+01
2.288097121886636387e+01
1.996777875206411323e+01
1.738191485392159663e+01
1.511039277452345608e+01
1.313454088820890675e+01
1.143117494550788393e+01
9.973970092713214441e+00
8.734915129743788142e+00
7.685722643801113918e+00
6.799076909445439298e+00
6.049626329076067677e+00
5.414664797873131263e+00
4.874489943236850920e+00
4.412467547627079156e+00
4.014863082250043291e+00
3.670518206326872424e+00
3.370451163501973380e+00
3.107447885903230844e+00
2.875690595532319094e+00
2.670448841257911710e+00
2.487839230025862935e+00
2.324647398616192184e+00
2.178199458142652922e+00
2.046268943082803826e+00
1.927007201951534965e+00
1.818888305314363407e+00
1.720662644440606570e+00
1.631315837108517686e+00
1.550031215093269132e+00
1.476155156779539679e+00
1.409165034534484606e+00
1.348639741612407406e+00
1.294232786801658985e+00
1.245647911872577618e+00
1.202617189930689001e+00
1.164881659169171302e+00
1.132174740032319216e+00
1.104208919903786335e+00
1.080666372760337168e+00
1.061194210974825136e+00
1.045404874990720989e+00
1.032881746551621349e+00
1.023189482877748357e+00
1.015887928661431738e+00
1.010547915084054837e+00
1.006766939218499468e+00
1.004182729434759391e+00
1.002483066558615521e+00
1.001410884506916732e+00
1.000764480391627353e+00
1.000393444114725749e+00
1.000191501681826578e+00
1.000087743404814766e+00
1.000037655071720488e+00
1.000015053428664480e+00
1.000005573039329132e+00
1.000001898561783120e+00
1.000000591066255495e+00
1.000000166909652100e+00
1.000000042407605649e+00
