1.810578023104998806e+02
1.795446963549538282e+02
1.779190433310107551e+02
1.761738933907253966e+02
1.743021150866769915e+02
1.722964389848404778e+02
1.701495121630699430e+02
1.678539650239555385e+02
1.654024918959253512e+02
1.627879469016078531e+02
1.600034565229933605e+02
1.570425501714097436e+02
1.538993098564182276e+02
1.505685397184894043e+02
1.470459557204895589e+02
1.433283951560890443e+02
1.394140448028108210e+02
1.353026854995711972e+02
1.309959496446797687e+02
1.264975865814759715e+02
1.218137290710907337e+02
1.169531520726518750e+02
1.119275129167921534e+02
1.067515597616280445e+02
1.014432930991525836e+02
9.602406322315796672e+01
9.051858522093161241e+01
8.495485250643140773e+01
7.936393051175033975e+01
7.377961425762578074e+01
6.823793748077439147e+01
6.277652709023826105e+01
5.743380511031358537e+01
5.224805088707193335e+01
4.725634883688572074e+01
4.249346067523011072e+01
3.799067473977238762e+01
3.377469715738464373e+01
2.986665831660396364e+01
2.628131137191365596e+01
2.302649545953831733e+01
2.010292363316518305e+01
1.750433390681071089e+01
1.521801227427556924e+01
1.322566181777439276e+01
1.150455621581279075e+01
1.002888438273376970e+01
8.771171101899614797e+00
7.703650882721785109e+00
6.799481248621522589e+00
6.033706550483611153e+00
5.383920189017224800e+00
4.830615142794926875e+00
4.357252078603670142e+00
3.950103990459863823e+00
3.597951805681344428e+00
3.291705907998683678e+00
3.024016814638085915e+00
2.788919411056191233e+00
2.581534837164252139e+00
2.397836830872939196e+00
2.234477463726328939e+00
2.088661017472251746e+00
1.958053074353330647e+00
1.840713026219692905e+00
1.735040637756580795e+00
1.639730026814745889e+00
1.553726935778508844e+00
1.476187251842774550e+00
1.406436313877167166e+00
1.343929592021935404e+00
1.288215859038354338e+00
1.238904066886680200e+00
1.195634936316224417e+00
1.158057927083456118e+00
1.125813922012402157e+00
1.098523701501082472e+00
1.075782100586025081e+00
1.057157572485627917e+00
1.042196671566280708e+00
1.030432692441870524e+00
1.021397388767654180e+00
1.014634411744997688e+00
1.009712932263709950e+00
1.006239905290461367e+00
1.003869632209590579e+00
1.002309667815091121e+00
1.001322652338922259e+00
1.000724236222106045e+00
1.000377795284456806e+00
1.000187001367535133e+00
1.000087451115496018e+00
1.000038456548470789e+00
1.000015820619892359e+00
1.000006054520015564e+00
1.000002142216252610e+00
1.000000696059532013e+00
1.000000206171106187e+00
1.000000055221964335e+00
1.000000013258127041e+00
