9.055630622489523773e+01
8.980434939389702720e+01
8.899686550031697152e+01
8.813049434010181926e+01
8.720180080006674928e+01
8.620729839710875808e+01
8.514347831773928021e+01
8.400684463052272122e+01
8.279395635036757994e+01
8.150147701642680431e+01
8.012623239695905397e+01
7.866527684594178993e+01
7.711596869736628435e+01
7.547605488283454633e+01
7.374376468453350242e+01
7.191791217712197692e+01
6.999800645771469476e+01
6.798436820449121853e+01
6.587825043708762962e+01
6.368196057784550845e+01
6.139898004338773063e+01
5.903407665446012942e+01
5.659340417803480960e+01
5.408458236811267739e+01
5.151675003145077625e+01
4.890058301620440062e+01
4.624826873276714423e+01
4.357342901319721307e+01
4.089098395459588176e+01
3.821695102358336982e+01
3.556817624773096753e+01
3.296199785431974760e+01
3.041584721686778536e+01
2.794679729029401827e+01
2.557107455413132513e+01
2.330355636070750336e+01
2.115728084842610812e+01
1.914300043837917542e+01
1.726881153638275990e+01
1.553989162968430016e+01
1.395836994555107324e+01
1.252334908514819034e+01
1.123108298733052557e+01
1.007530229871219696e+01
9.047663440521812817e+00
8.138284515835540134e+00
7.336321919426846527e+00
6.630537933389404337e+00
6.009812678967542787e+00
5.463563285993280338e+00
4.982047460317848397e+00
4.556545151691819839e+00
4.179427663903163115e+00
3.844135523101984919e+00
3.545092952572681089e+00
3.277587523903931377e+00
3.037639465719571774e+00
2.821878130674888574e+00
2.627435414003239877e+00
2.451859260694868592e+00
2.293045807085281496e+00
2.149186377882372767e+00
2.018725102079435896e+00
1.900323636034234598e+00
1.792830695979062750e+00
1.695255269162712297e+00
1.606743170962368294e+00
1.526556928101306720e+00
1.454058847234697360e+00
1.388696744943889394e+00
1.329991400488170328e+00
1.277524566203879663e+00
1.230926472548983686e+00
1.189862212928578744e+00
1.154017080945520357e+00
1.123081670157391132e+00
1.096738127302689048e+00
1.074649214125650953e+00
1.056451706716229122e+00
1.041755167508990221e+00
1.030146368448985328e+00
1.021198781994913540e+00
1.014485765667591854e+00
1.009595505306926322e+00
1.006145563681916988e+00
1.003795045090289273e+00
1.002252892764492254e+00
1.001281570946005894e+00
1.000696186742033200e+00
1.000359809319317117e+00
1.000176210657205633e+00
1.000081415456713030e+00
1.000035321112059616e+00
1.000014314318905528e+00
1.000005388529265016e+00
1.000001872684037396e+00
1.000000596813757525e+00
1.000000173144474092e+00
1.000000045362195333e+00
1.000000010638746328e+00
