1.811049949647146207e+02
1.795997951220083166e+02
1.779833299987076884e+02
1.762488461497781032e+02
1.743894355851382159e+02
1.723980822931512478e+02
1.702677197342877378e+02
1.679913006598758614e+02
1.655618806282245146e+02
1.629727165619061111e+02
1.602173816004566049e+02
1.572898973345073443e+02
1.541848842402744708e+02
1.508977307451742718e+02
1.474247808225468361e+02
1.437635393123347285e+02
1.399128932730381507e+02
1.358733465706033883e+02
1.316472635920575840e+02
1.272391164378920081e+02
1.226557282172415455e+02
1.179065031876381653e+02
1.130036325211617623e+02
1.079622625534598228e+02
1.028006106370625332e+02
9.754001237819113612e+01
9.220488333531915259e+01
8.682257848511163445e+01
8.142313422634495623e+01
7.603888069873616473e+01
7.070391699884977754e+01
6.545344863667511959e+01
6.032299528626486307e+01
5.534748729932701394e+01
5.056028103028700116e+01
4.599213488158883933e+01
4.167019889116011910e+01
3.761707913713958362e+01
3.385004256841107662e+01
3.038042650155602686e+01
2.721330875282552952e+01
2.434747871468048785e+01
2.177572719319070771e+01
1.948544528710018398e+01
1.745949303771233474e+01
1.567727098228615645e+01
1.411590642571562348e+01
1.275145504875773028e+01
1.156001984992901654e+01
1.051870369302088370e+01
9.606336764969103825e+00
8.803951716272981898e+00
8.095011536508842198e+00
7.465422694949278792e+00
6.903384492435467479e+00
6.399132995212922559e+00
5.944635025821881413e+00
5.533277248866058429e+00
5.159581247847048857e+00
4.818961342845545559e+00
4.507530384949025581e+00
4.221951062343074490e+00
3.959326237423762329e+00
3.717120569872246705e+00
3.493106006073190883e+00
3.285324676947430689e+00
3.092063788018577064e+00
2.911838018127406169e+00
2.743375792698679483e+00
2.585606641281677831e+00
2.437647713034688746e+00
2.298788360047657964e+00
2.168472421130363426e+00
2.046278376700241264e+00
1.931897876445929141e+00
1.825113294899652461e+00
1.725775004829621206e+00
1.633779033505313061e+00
1.549045721294971312e+00
1.471499950179671723e+00
1.401053450230813846e+00
1.337589620577053218e+00
1.280951219391716078e+00
1.230931193207863927e+00
1.187266838826297022e+00
1.149637424238983741e+00
1.117665330234226984e+00
1.090920693417907872e+00
1.068929412521112621e+00
1.051184207870885512e+00
1.037158199469654152e+00
1.026320213987625518e+00
1.018150786908172956e+00
1.012157647784853731e+00
1.007889419804629982e+00
1.004946371712516440e+00
1.002987344568238903e+00
1.001732413154571288e+00
1.000961367009040037e+00
1.000508613712212780e+00
