4.525575179925094176e+02
4.487601318605675260e+02
4.446789947989158236e+02
4.402963636596757624e+02
4.355939896521906007e+02
4.305532215809869285e+02
4.251551360532473041e+02
4.193806983505764947e+02
4.132109578237254368e+02
4.066272817447679131e+02
3.996116315039401456e+02
3.921468848252582120e+02
3.842172072459869696e+02
3.758084754021027720e+02
3.669087536202242177e+02
3.575088238659294575e+02
3.476027671664687091e+02
3.371885921424560024e+02
3.262689031873788394e+02
3.148515970833849451e+02
3.029505724258797841e+02
2.905864311837466403e+02
2.777871461480470430e+02
2.645886621080724694e+02
2.510353926373902027e+02
2.371805688015746512e+02
2.230863914879416541e+02
2.088239361315492886e+02
1.944727582378952775e+02
1.801201512521391805e+02
1.658600160030908057e+02
1.517913140869574136e+02
1.380160968469762395e+02
1.246371273132792652e+02
1.117551441894911477e+02
9.946585340244033091e+01
8.785677146000267612e+01
7.700408227702692443e+01
6.696970048635893136e+01
5.779875399504842903e+01
4.951770093042248533e+01
4.213327615188207886e+01
3.563241711990300331e+01
2.998324824118442677e+01
2.513711121335821375e+01
2.103152545385247763e+01
1.759386074975732228e+01
1.474541975576683228e+01
1.240557665288437939e+01
1.049561217525869772e+01
8.941929094423793245e+00
7.678421313366170509e+00
6.647889400558468331e+00
5.802523902524357347e+00
5.103591067379164237e+00
4.520533476889999847e+00
4.029729432277239454e+00
3.613140412082651132e+00
3.257026800292812663e+00
2.950845915502990913e+00
2.686381065133606416e+00
2.457099050746013980e+00
2.257702093174163149e+00
2.083827520772608022e+00
1.931849529026845147e+00
1.798745542243657125e+00
1.682000062434669596e+00
1.579528354334445828e+00
1.489609720331352083e+00
1.410825401112530519e+00
1.341999647083130354e+00
1.282144619587072487e+00
1.230410795999471452e+00
1.186044715583950193e+00
1.148355461552976520e+00
1.116690492117104361e+00
1.090420561923505005e+00
1.068932715256909471e+00
1.051629801269858611e+00
1.037934691898325212e+00
1.027297346382445964e+00
1.019203007208284273e+00
1.013180075775328204e+00
1.008806556923263376e+00
1.005714340241779858e+00
1.003590963438545591e+00
1.002178840620992828e+00
1.001272207041471685e+00
1.000712219300883277e+00
1.000380760294015348e+00
1.000193543247992034e+00
1.000093098469196251e+00
1.000042163034990272e+00
1.000017879750067840e+00
1.000007057726367776e+00
1.000002576797311971e+00
1.000000864239703802e+00
1.000000264315437981e+00
1.000000073128832323e+00
1.000000018146801173e+00
