9.054660154648399839e+01
8.979301690497906918e+01
8.898364075106773896e+01
8.811507221477997120e+01
8.718382987562429776e+01
8.618637468353657027e+01
8.511913835831721542e+01
8.397855795450637117e+01
8.276111729061791777e+01
8.146339593131659740e+01
8.008212637091365593e+01
7.861425998762356926e+01
7.705704221021046862e+01
7.540809715068708385e+01
7.366552169655035698e+01
7.182798871135968000e+01
6.989485855166938677e+01
6.786629756171998906e+01
6.574340154882303011e+01
6.352832147186622791e+01
6.122438770126130692e+01
5.883622825125598865e+01
5.636987538056536806e+01
5.383285395951398300e+01
5.123424408835227695e+01
4.858470972352316153e+01
4.589648465223503138e+01
4.318330719787861227e+01
4.046029570034773570e+01
3.774375825698953690e+01
3.505093257214794988e+01
3.239965513844745715e+01
2.980796337147401687e+01
2.729363963233296886e+01
2.487371203572637057e+01
2.256393311005614066e+01
2.037826311995119255e+01
1.832838939054063232e+01
1.642331540666917178e+01
1.466905294631205692e+01
1.306844638164627703e+01
1.162115025556596137e+01
1.032376958236777398e+01
9.170157969941394427e+00
8.151853238741198382e+00
7.258615867932505239e+00
6.479024674799103600e+00
5.801078696583317651e+00
5.212755565906483035e+00
4.702484806543287377e+00
4.259508094959998381e+00
3.874115111718321458e+00
3.537759988503732078e+00
3.243076540674186159e+00
2.983818397627648888e+00
2.754752174262510955e+00
2.551528806393929205e+00
2.370551980068120734e+00
2.208855426323640625e+00
2.063994564537929843e+00
1.933953590247393883e+00
1.817066784678852853e+00
1.711952120139852429e+00
1.617455442084567929e+00
1.532603982605216020e+00
1.456568292871412984e+00
1.388631725852915944e+00
1.328166406183303172e+00
1.274614349153362136e+00
1.227472216287068818e+00
1.186278259350233899e+00
1.150600361402613681e+00
1.120024682723666176e+00
1.094145118905624825e+00
1.072554384195671506e+00
1.054837860515161596e+00
1.040571288229834135e+00
1.029322918526548891e+00
1.020660016822546812e+00
1.014158802538212001e+00
1.009416254043691952e+00
1.006061873351796088e+00
1.003767572219817383e+00
1.002254277020053985e+00
1.001294528478675838e+00
1.000711099577892726e+00
1.000372299199786541e+00
1.000185046492653607e+00
1.000086939902390171e+00
1.000038428151762027e+00
1.000015897027843437e+00
1.000006119914863101e+00
1.000002178859390023e+00
1.000000712533330560e+00
1.000000212441567449e+00
1.000000057280928667e+00
1.000000013844758895e+00
1.000000002971094482e+00
1.000000000560361313e+00
1.000000000091746610e+00
