4.525611684571797468e+02
4.487644018683461127e+02
4.446839869586621603e+02
4.403021968912338480e+02
4.356008015958110491e+02
4.305611713132191767e+02
4.251644071346674991e+02
4.193915022286971066e+02
4.132235376107752245e+02
4.066419163842991793e+02
3.996286403317233749e+02
3.921666325181627144e+02
3.842401091366471064e+02
3.758350031163922722e+02
3.669394409680258491e+02
3.575442728825155427e+02
3.476436541612234805e+02
3.372356735630241360e+02
3.263230210502413797e+02
3.149136836565141380e+02
3.030216537762636335e+02
2.906676291239990633e+02
2.778796780350091353e+02
2.646938378669850067e+02
2.511546083142752650e+02
2.373152958928666294e+02
2.232381612711501475e+02
2.089943182374631476e+02
1.946633327789639623e+02
1.803324739699270651e+02
1.660955761365054286e+02
1.520514850063481163e+02
1.383020799559939746e+02
1.249498902904211803e+02
1.120953553113946413e+02
9.983381443097918861e+01
8.825235233425814840e+01
7.742666155636753444e+01
6.741811604865078777e+01
5.827126879603582665e+01
5.001198856447896901e+01
4.264643042140246365e+01
3.616098875530439472e+01
3.052331030736224804e+01
2.568435265991510619e+01
2.158136987234653503e+01
1.814160493381568884e+01
1.528638442472889025e+01
1.293526002390359508e+01
1.100983624502318925e+01
9.436968717096661408e+00
8.151107487746442004e+00
7.095680487664246527e+00
6.223541503383800411e+00
5.496620599131086138e+00
4.884992641475429664e+00
4.365610350603180478e+00
3.920932870298752260e+00
3.537630649514288184e+00
3.205480192473805445e+00
2.916496057603406467e+00
2.664295672551350691e+00
2.443660998575297949e+00
2.250248790324650638e+00
2.080402775462926179e+00
1.931029967831751737e+00
1.799514171566444221e+00
1.683649356896628202e+00
1.581582809380212007e+00
1.491762836346981036e+00
1.412888914944567587e+00
1.343864057103072440e+00
1.283750243899042465e+00
1.231728265644077114e+00
1.187063319704647846e+00
1.149077377662657717e+00
1.117128778337382888e+00
1.090598896209601820e+00
1.068885218937356107e+00
1.051399823784421983e+00
1.037572074582644444e+00
1.026854316036674319e+00
1.018729355563050776e+00
1.012718555673556731e+00
1.008389415534358458e+00
1.005361632569413466e+00
1.003310840236444568e+00
1.001969528147047761e+00
1.001125038622846519e+00
1.000614937858832487e+00
1.000320402151659183e+00
1.000158471407659899e+00
1.000074066433366493e+00
1.000032549700858420e+00
1.000013377274179938e+00
1.000005111018831938e+00
1.000001803679919199e+00
1.000000583808333898e+00
1.000000171998689735e+00
1.000000045743725918e+00
