4.525864074422264025e+02
4.487938529496523188e+02
4.447183285103084813e+02
4.403422099508293854e+02
4.356473836327061804e+02
4.306153513617759359e+02
4.252273622889070452e+02
4.194645754437012783e+02
4.133082566880810873e+02
4.067400139297402575e+02
3.997420743609637839e+02
3.922976072436603090e+02
3.843910952963846626e+02
3.760087569963134229e+02
3.671390210247814707e+02
3.577730525909296944e+02
3.479053293947010843e+02
3.375342624721444622e+02
3.266628540478179161e+02
3.152993807667914439e+02
3.034580862912926591e+02
2.911598622724054053e+02
2.784328912607572875e+02
2.653132194051748911e+02
2.518452211170182409e+02
2.380819126903795677e+02
2.240850677450481783e+02
2.099250850228927447e+02
1.956805593674570218e+02
1.814375105830843609e+02
1.672882332437015975e+02
1.533297442350152551e+02
1.396618244344363404e+02
1.263846765665874443e+02
1.135962523443555483e+02
1.013893370478980245e+02
8.984851618128017492e+01
7.904718314262569834e+01
6.904477432790595515e+01
5.988443352368378214e+01
5.159130562919096263e+01
4.417163644239945341e+01
3.761280827600787546e+01
3.188437153940928681e+01
2.694004513460604855e+01
2.272056278946087460e+01
1.915715104064073415e+01
1.617535200690550923e+01
1.369886396447561339e+01
1.165307455253304347e+01
9.968007728798948364e+00
8.580490298822898154e+00
7.435452715095098419e+00
6.486392189400368657e+00
5.695123391735919860e+00
5.031006763100868362e+00
4.469868693359063450e+00
3.992813352801686921e+00
3.585083113439516467e+00
3.235068118086129818e+00
2.933510296924897620e+00
2.672903514013131421e+00
2.447064162451541236e+00
2.250834644621761971e+00
2.079881677093898595e+00
1.930557228584059759e+00
1.799797951834331444e+00
1.685046605055071867e+00
1.584185054755317124e+00
1.495472863295455257e+00
1.417488493423343598e+00
1.349072200766555429e+00
1.289271044724023874e+00
1.237287313940697908e+00
1.192432116207781112e+00
1.154085949404105360e+00
1.121667769247630675e+00
1.094613453491838584e+00
1.072363734033084270e+00
1.054360775669740180e+00
1.040051787466455879e+00
1.028897504251514938e+00
1.020383161931095461e+00
1.014029726985475000e+00
1.009403569036645631e+00
1.006123371580353032e+00
1.003863723420816978e+00
1.002355400691647080e+00
1.001382760077562217e+00
1.000778897948811252e+00
1.000419314326998821e+00
1.000214803459054558e+00
1.000104218178848647e+00
1.000047647735850642e+00
1.000020415753370528e+00
1.000008150110842431e+00
1.000003012295163529e+00
1.000001023818066326e+00
1.000000317665344918e+00
1.000000089273135107e+00
