9.055446558699871673e+01
8.980219549465137163e+01
8.899434625982998170e+01
8.812754936094943048e+01
8.719836013351959991e+01
8.620328115298909211e+01
8.513879110588332821e+01
8.400137982344905652e+01
8.278759015948229205e+01
8.149406737827436586e+01
8.011761667205780668e+01
7.865526934111663593e+01
7.710435803376445563e+01
7.546260124661742452e+01
7.372819701626742983e+01
7.189992537984979037e+01
6.997725873326348278e+01
6.796047866332932585e+01
6.585079716932166605e+01
6.365047942169898931e+01
6.136296434204425054e+01
5.899297835092635722e+01
5.654663665786839744e+01
5.403152551704269513e+01
5.145675802263632903e+01
4.883299537127965806e+01
4.617242520042407961e+01
4.348868876475092549e+01
4.079674949146595253e+01
3.811269700948988515e+01
3.545348320203510184e+01
3.283659025948812626e+01
3.027963509753387683e+01
2.779991972183394466e+01
2.541394288171457205e+01
2.313689420603443381e+01
2.098215732887139495e+01
1.896085252726902226e+01
1.708145127988560574e+01
1.534949413851797395e+01
1.376743881598769015e+01
1.233465724561288113e+01
1.104758890764542123e+01
9.900043925096825959e+00
8.883634896253131075e+00
7.988303190261766495e+00
7.202895643846982665e+00
6.515743101588177488e+00
5.915194096006278990e+00
5.390065081583181872e+00
4.929981674069250808e+00
4.525600910540058308e+00
4.168719727251730234e+00
3.852286946597867523e+00
3.570343262115399430e+00
3.317915520831541620e+00
3.090888855152333914e+00
2.885874650139444775e+00
2.700085939976559768e+00
2.531226228686424662e+00
2.377393792677866102e+00
2.237001334160847676e+00
2.108709971202298306e+00
1.991376352674669947e+00
1.884011668961930397e+00
1.785751231829667551e+00
1.695833083705935884e+00
1.613583853280100566e+00
1.538409901125127766e+00
1.469791751817178360e+00
1.407279895470266107e+00
1.350490250492228039e+00
1.299097909241152760e+00
1.252828251846838548e+00
1.211445114993689343e+00
1.174736404675257084e+00
1.142498247376795284e+00
1.114519337813528743e+00
1.090567414239724142e+00
1.070379677745596503e+00
1.053658468587707953e+00
1.040072723792176301e+00
1.029264844609759422e+00
1.020861798582411106e+00
1.014488730137394379e+00
1.009783140659652023e+00
1.006407823247174260e+00
1.004061129155083165e+00
1.002483693875728665e+00
1.001461344677590182e+00
1.000824447551572405e+00
1.000444358128048883e+00
1.000227880272802183e+00
1.000110702323843137e+00
1.000050696183402810e+00
1.000021770289108547e+00
1.000008716167818834e+00
1.000003233339264108e+00
1.000001103852436568e+00
1.000000344300723043e+00
