4.525607383661219387e+02
4.487638859550457937e+02
4.446833675519412168e+02
4.403014525811651652e+02
4.355999064304090780e+02
4.305600938235741637e+02
4.251631091533905078e+02
4.193899374601582508e+02
4.132216499043453837e+02
4.066396376537266519e+02
3.996258880550188337e+02
3.921633067430396409e+02
3.842360889071661632e+02
3.758301422274488459e+02
3.669335629466189630e+02
3.575371650895316407e+02
3.476350609064112973e+02
3.372252881311800365e+02
3.263104765511830010e+02
3.148985426388350675e+02
3.030033965894348853e+02
2.906456410802529717e+02
2.778532355172498001e+02
2.646620936575934024e+02
2.511165765877157412e+02
2.372698375267016218e+02
2.231839703871235372e+02
2.089299111839925729e+02
1.945870410993604196e+02
1.802424432481697067e+02
1.659897729437767566e+02
1.519277144413528049e+02
1.381580164190218056e+02
1.247831240782902711e+02
1.119034572793382694e+02
9.961442024657044669e+01
8.800326666719941215e+01
7.714598085793751636e+01
6.710436638563757583e+01
5.792355261304165737e+01
4.963013146549071308e+01
4.223111642319737058e+01
3.571387042641035947e+01
3.004707929744288109e+01
2.518275686921828793e+01
2.105916630527389799e+01
1.760444225099341509e+01
1.474061608022855907e+01
1.238769690236575372e+01
1.046745571461162605e+01
8.906603543924044075e+00
7.639141716406809834e+00
6.607779204298680931e+00
5.764437144315411210e+00
5.069970852425170094e+00
4.493315526307105401e+00
4.010292692429627159e+00
3.602300934539111488e+00
3.255067319613223820e+00
2.957572009257382728e+00
2.701195024040443649e+00
2.479083797280781098e+00
2.285708892503604872e+00
2.116562396798582490e+00
1.967954193735451884e+00
1.836869469140190114e+00
1.720861288835455083e+00
1.617961724452526395e+00
1.526602435770277211e+00
1.445540689329362971e+00
1.373789897333191901e+00
1.310555418914859604e+00
1.255177038427690572e+00
1.207079579866048746e+00
1.165732797249338093e+00
1.130621185560374498e+00
1.101223807423709289e+00
1.077003692932998691e+00
1.057405870189868979e+00
1.041862632774222641e+00
1.029804265983983669e+00
1.020673174919221271e+00
1.013939237512344826e+00
1.009114291750274228e+00
1.005763976458685427e+00
1.003515653250208528e+00
1.002061774821039197e+00
1.001158734521546023e+00
1.000621829475025537e+00
1.000317404090401707e+00
1.000153454280286569e+00
1.000069950842696676e+00
1.000029916707651845e+00
1.000011940493639173e+00
1.000004421826886869e+00
1.000001509791067944e+00
1.000000472051923550e+00
1.000000134144658048e+00
1.000000034365816193e+00
1.000000007866565621e+00
