1.810568009446220401e+02
1.795435288352186092e+02
1.779176831562588177e+02
1.761723101186853455e+02
1.743002738243841350e+02
1.722942998340219560e+02
1.701470296226295886e+02
1.678510873540614625e+02
1.653991604512708022e+02
1.627840954453178028e+02
1.599990105375110261e+02
1.570374261886300644e+02
1.538934148364379837e+02
1.505617705146710534e+02
1.470381986780519128e+02
1.433195259020346839e+02
1.394039282963763071e+02
1.352911764240614048e+02
1.309828932327674238e+02
1.264828199757057661e+02
1.217970833279415501e+02
1.169344549201284735e+02
1.119065923697261269e+02
1.067282486827929375e+02
1.014174347647514622e+02
9.599551790488389713e+01
9.048723773057561459e+01
8.492062056063406317e+01
7.932677366326872459e+01
7.373954300720832578e+01
6.819502203583152777e+01
6.273090508313818248e+01
5.738568744616279815e+01
5.219772478026704476e+01
4.720417704520015434e+01
4.243987598123470661e+01
3.793616889365965505e+01
3.371980380890849460e+01
2.981192993974930872e+01
2.622729081485089964e+01
2.297368349451979341e+01
2.005174466005701817e+01
1.745510266754710926e+01
1.517090492445200312e+01
1.318069483023170818e+01
1.146157623868766429e+01
9.987571283189419447e+00
8.731055037579638523e+00
7.664142517446624225e+00
6.759912443486237876e+00
5.993377365837438298e+00
5.342147171782103854e+00
4.786775889240494131e+00
4.310822003302384964e+00
3.900682904313529598e+00
3.545279898834994281e+00
3.235670523092252449e+00
2.964652505182304054e+00
2.726403941910424678e+00
2.516183043463910973e+00
2.330092954554053630e+00
2.164905256499695341e+00
2.017930042447280581e+00
1.886919562135507045e+00
1.769994355119323792e+00
1.665583749828124294e+00
1.572375452038357047e+00
1.489271177285582226e+00
1.415346823175063440e+00
1.349816638569701022e+00
1.292001363468849418e+00
1.241300500835124554e+00
1.197168846465207492e+00
1.159097261622506148e+00
1.126597540602148451e+00
1.099191180028142645e+00
1.076401908397739637e+00
1.057751922971292169e+00
1.042761810186431770e+00
1.030954014880097080e+00
1.021859451395225937e+00
1.015026469040105628e+00
1.010031005745064547e+00
1.006486516023261668e+00
1.004052244369245894e+00
1.002438671253293556e+00
1.001409444855468678e+00
1.000779718117271955e+00
1.000411393858770426e+00
1.000206208251703144e+00
1.000097773938021684e+00
1.000043648999007218e+00
1.000018252830788823e+00
1.000007109644743375e+00
1.000002563609865947e+00
1.000000849995434926e+00
1.000000257245367230e+00
1.000000070496142479e+00
1.000000017341539094e+00
1.000000003793144243e+00
