1.810743556955666520e+02
1.795640177054933417e+02
1.779415799742950242e+02
1.762001607977020115e+02
1.743327061453620388e+02
1.723320342371544029e+02
1.701908910207178565e+02
1.679020179499726169e+02
1.654582334992625761e+02
1.628525298404828163e+02
1.600781860464187787e+02
1.571288990449792493e+02
1.539989333158765419e+02
1.506832899709408764e+02
1.471778953671145018e+02
1.434798087418693058e+02
1.395874475096529466e+02
1.355008277934374803e+02
1.312218164722805227e+02
1.267543894993783198e+02
1.221048894967173766e+02
1.172822736957464258e+02
1.122983412316808796e+02
1.071679267123369783e+02
1.019090450150911948e+02
9.654297061133262048e+01
9.109423362139034452e+01
8.559051455619628257e+01
8.006242063131196574e+01
7.454312898178666558e+01
6.906788637371560924e+01
6.367336133305353485e+01
5.839685308259573304e+01
5.327537216252227381e+01
4.834461968090985806e+01
4.363790501208301720e+01
3.918505425934554154e+01
3.501137239217926123e+01
3.113672887306356785e+01
2.757483797508946566e+01
2.433279928036223794e+01
2.141095008540565914e+01
1.880305967459151617e+01
1.649686702182927789e+01
1.447493124705431633e+01
1.271573215844868265e+01
1.119493127168631297e+01
9.886686526902684236e+00
8.764910085882606339e+00
7.804369509496006607e+00
6.981556945525960067e+00
6.275284599974969346e+00
5.667001629447561584e+00
5.140860990382054574e+00
4.683589076662752149e+00
4.284222966950008704e+00
3.933779659175207222e+00
3.624911432201714412e+00
3.351585743908539694e+00
3.108811359933010277e+00
2.892418183351022520e+00
2.698888328030367489e+00
2.525230537886023807e+00
2.368888213745552918e+00
2.227671777495962235e+00
2.099707703394006142e+00
1.983398462141116481e+00
1.877389405682935442e+00
1.780540078593907172e+00
1.691898520793786442e+00
1.610677830281455503e+00
1.536234617031464245e+00
1.468049063114622577e+00
1.405706207936741725e+00
1.348877929844443990e+00
1.297305030674802406e+00
1.250778950064574513e+00
1.209122973806280088e+00
1.172173301056730566e+00
1.139760872504169020e+00
1.111695279488111199e+00
1.087752239065866711e+00
1.067665963537311136e+00
1.051127288856135822e+00
1.037787742340869457e+00
1.027268960907878004e+00
1.019176165401207257e+00
1.013113886307778211e+00
1.008701912100879339e+00
1.005589528070812921e+00
1.003466503389089493e+00
1.002069884426668445e+00
1.001186342684085684e+00
1.000650475013640239e+00
1.000339949283203911e+00
1.000168659633421608e+00
1.000079086000211337e+00
1.000034879363643547e+00
1.000014391368808653e+00
1.000005522858341767e+00
