9.054382284615215326e+01
8.978977549626866050e+01
8.897986238844954698e+01
8.811067149072937355e+01
8.717870874397206649e+01
8.618042084232251909e+01
8.511222349471006510e+01
8.397053586035107742e+01
8.275182186509603355e+01
8.145263909742982378e+01
8.006969594542712798e+01
7.859991756012540520e+01
7.704052110642041384e+01
7.538910057836493195e+01
7.364372119944283668e+01
7.180302308748893836e+01
6.986633342645295386e+01
6.783378584298824876e+01
6.570644502817826549e+01
6.348643387257802573e+01
6.117705950357361644e+01
5.878293364693364254e+01
5.631008171376121396e+01
5.376603399326503308e+01
5.115989138668790304e+01
4.850235734894242512e+01
4.580572723776490562e+01
4.308382625372144759e+01
4.035188775169942232e+01
3.762636508135499014e+01
3.492467241842410886e+01
3.226485338372061307e+01
2.966518063563718499e+01
2.714369497109079177e+01
2.471769853032871822e+01
2.240322304068962467e+01
2.021450002857223538e+01
1.816346478225665706e+01
1.625932865972563590e+01
1.450825421219672684e+01
1.291316381171341376e+01
1.147370466653585908e+01
1.018638146767411357e+01
9.044853307177204371e+00
8.040375532073886333e+00
7.162352017896759904e+00
6.398951399877084611e+00
5.737734319416437856e+00
5.166239212108806100e+00
4.672481850612737020e+00
4.245337586031938670e+00
3.874792519792210843e+00
3.552067412177660533e+00
3.269632735444336635e+00
3.021142505177059956e+00
2.801317421371683380e+00
2.605805059167862314e+00
2.431038234663061903e+00
2.274104620963586232e+00
2.132633346751714232e+00
2.004699032645564927e+00
1.888740915490832561e+00
1.783494006071096427e+00
1.687929833371821120e+00
1.601205408621052539e+00
1.522619954825275235e+00
1.451579358889423244e+00
1.387568176440859169e+00
1.330128531950060866e+00
1.278844688445745614e+00
1.233331680025525845e+00
1.193226373917860350e+00
1.158179680494475505e+00
1.127849247759161955e+00
1.101892666826240763e+00
1.079961771341959809e+00
1.061698886644107498e+00
1.046735819068010942e+00
1.034696018788946459e+00
1.025199823761798523e+00
1.017872152746981396e+00
1.012351602113158666e+00
1.008299703192472530e+00
1.005409137389991381e+00
1.003409948327978585e+00
1.002073159461152052e+00
1.001211616157362538e+00
1.000678248579947915e+00
1.000362244258979683e+00
1.000183800170616921e+00
1.000088186810859314e+00
1.000039809549494008e+00
1.000016816348882953e+00
1.000006608208210857e+00
1.000002400429286231e+00
1.000000800527401701e+00
1.000000243298157843e+00
1.000000066851943314e+00
1.000000016464906549e+00
1.000000003600897802e+00
