4.525669263950983350e+02
4.487711249501429052e+02
4.446918317689767832e+02
4.403113440249047699e+02
4.356114589653957978e+02
4.305735778106175644e+02
4.251788366558460552e+02
4.194082680608377132e+02
4.132429971678097331e+02
4.066644762589817788e+02
3.996547616092215662e+02
3.921968362666612506e+02
3.842749819537079361e+02
3.758752025649197890e+02
3.669857006819158869e+02
3.575974070590534097e+02
3.477045610852064783e+02
3.373053377273689648e+02
3.264025133516250321e+02
3.150041590559719680e+02
3.031243457293383585e+02
2.907838400109658892e+02
2.780107647699307449e+02
2.648411918489895243e+02
2.513196289230074569e+02
2.374993568430413688e+02
2.234425693511839484e+02
2.092202642873263301e+02
1.949118352334100166e+02
1.806043159193715724e+02
1.663912376415025847e+02
1.523710733267199373e+02
1.386452613802877920e+02
1.253158283003983939e+02
1.124826607763358197e+02
1.002405142447548059e+02
8.867588319758624493e+01
7.786389526250066240e+01
6.786542145747378640e+01
5.872461353415886975e+01
5.046708032366554164e+01
4.309889365698561647e+01
3.660656792441584173e+01
3.095808607029943005e+01
2.610495343087146836e+01
2.198515859481377888e+01
1.852682078078257888e+01
1.565222185638883623e+01
1.328187339897665531e+01
1.133826648899216316e+01
9.748998264956343363e+00
8.449059191361868670e+00
7.382183572474701805e+00
6.501291407707925352e+00
5.768158789807817932e+00
5.152527456780136461e+00
4.630891793915476562e+00
4.185184992169707741e+00
3.801536778732685029e+00
3.469210411275723605e+00
3.179763686048617366e+00
2.926429900199325473e+00
2.703685246744287785e+00
2.506957717519387341e+00
2.332434029048563673e+00
2.176929222564426780e+00
2.037793499132389385e+00
1.912839661894978116e+00
1.800281194947151553e+00
1.698675567939099906e+00
1.606870305678214761e+00
1.523951203446457070e+00
1.449193152084927272e+00
1.382014564303668980e+00
1.321936488238854457e+00
1.268547270591520837e+00
1.221473230821326750e+00
1.180355386637150783e+00
1.144831960219122591e+00
1.114526256494865697e+00
1.089039517193030049e+00
1.067948431072481386e+00
1.050807016421668738e+00
1.037152509411284340e+00
1.026514671481774776e+00
1.018427612927868209e+00
1.012442905861355547e+00
1.008142532538789604e+00
1.005150175508328081e+00
1.003139554025292091e+00
1.001838937645678662e+00
1.001031551292286048e+00
1.000552207183504905e+00
1.000281022614077253e+00
1.000135397946033455e+00
1.000061484293589764e+00
1.000026186338746736e+00
1.000010404670469644e+00
1.000003834379955325e+00
1.000001302294494243e+00
