4.525568023159703444e+02
4.487592856206194938e+02
4.446779939482700001e+02
4.402951796879488029e+02
4.355925887579572873e+02
4.305515636935285784e+02
4.251531736786245688e+02
4.193783752132350742e+02
4.132082072712897798e+02
4.066240248802261590e+02
3.996077750062559062e+02
3.921423184169881324e+02
3.842118007652401843e+02
3.758020754368778285e+02
3.669011796667400631e+02
3.574998639803193896e+02
3.475921730926539794e+02
3.371760739202240416e+02
3.262541232758763385e+02
3.148341640792773433e+02
3.029300345152336718e+02
2.905622695454520112e+02
2.777587686271654093e+02
2.645553976022002871e+02
2.509964867885432511e+02
2.371351817587864161e+02
2.230335986961084132e+02
2.087627332994654807e+02
1.944020718250469884e+02
1.800388559631234671e+02
1.657669608538650721e+02
1.516853585613131372e+02
1.378961584384634023e+02
1.245022412857117473e+02
1.116045356290085522e+02
9.929902053095170800e+01
8.767357771950159417e+01
7.680485291357057065e+01
6.675531737076616423e+01
5.757074041430713862e+01
4.927828636709646304e+01
4.188543002243586244e+01
3.537984049766512840e+01
2.973031415105283060e+01
2.488874742984237898e+01
2.079303888892050622e+01
1.737070915070500021e+01
1.454294379713180696e+01
1.222871246983020477e+01
1.034860959676788283e+01
8.828103000980126680e+00
7.599961785369512057e+00
6.605750494355391744e+00
5.796401746669975985e+00
5.131991084502826261e+00
4.580915932881405972e+00
4.118714132627993685e+00
3.726746520018989095e+00
3.390922818402439809e+00
3.100587317458407988e+00
2.847617784388633222e+00
2.625740829912568408e+00
2.430035644077996437e+00
2.256584999953148429e+00
2.102232715972996324e+00
1.964414081254882483e+00
1.841034869724449408e+00
1.730382429848941417e+00
1.631057896497597026e+00
1.541922079436912396e+00
1.462049783620529508e+00
1.390688908947933955e+00
1.327222082704493156e+00
1.271129925061749377e+00
1.221956263855985325e+00
1.179276540990243483e+00
1.142671144302023656e+00
1.111705388535858319e+00
1.085917393779810558e+00
1.064814300778929690e+00
1.047876311321180864e+00
1.034567152120093869e+00
1.024348901954405200e+00
1.016698797224970141e+00
1.011125664731831408e+00
1.007183976712527684e+00
1.004484089651126455e+00
1.002697903885655162e+00
1.001559858582758977e+00
1.000863767132887494e+00
1.000456435778170672e+00
1.000229252998452667e+00
1.000108976527153359e+00
1.000048797638968257e+00
1.000020478419373804e+00
1.000008009581630830e+00
1.000002902037811392e+00
1.000000967607067137e+00
1.000000294752894980e+00
1.000000081387327988e+00
