1.810556754699101702e+02
1.795422195507788103e+02
1.779161615664052363e+02
1.761705437238590548e+02
1.742982256725988748e+02
1.722919280550905796e+02
1.701442869558955238e+02
1.678479206848973888e+02
1.653955103773045323e+02
1.627798959003718267e+02
1.599941885097969703e+02
1.570319015799669842e+02
1.538871005212920124e+02
1.505545726716574677e+02
1.470300174821280734e+02
1.433102566826252939e+02
1.393934632845838166e+02
1.352794072299782044e+02
1.309697142103452450e+02
1.264681326456494190e+02
1.217808020359845358e+02
1.169165139052913389e+02
1.118869544003563306e+02
1.067069153820844178e+02
1.013944586860683472e+02
9.597101632424774209e+01
9.046140799301218749e+01
8.489375664383462095e+01
7.929928340380254781e+01
7.371196517327319953e+01
6.816804213455867512e+01
6.270536847688287452e+01
5.736260804902939014e+01
5.217828735387303851e+01
4.718973096451089333e+01
4.243191836071746081e+01
3.793631521932520201e+01
3.372974477637390578e+01
2.983337409646481220e+01
2.626189385332755322e+01
2.302296659394632528e+01
2.011700600505107772e+01
1.753732798440052321e+01
1.527068429551139950e+01
1.329815386349929263e+01
1.159632958266388947e+01
1.013870527253164155e+01
8.897143883588446656e+00
7.843299094970092256e+00
6.949870793886991471e+00
6.191600155548894868e+00
5.545948224154838790e+00
4.993446169565547876e+00
4.517747455616476948e+00
4.105444312323723643e+00
3.745728077649586485e+00
3.429973956747023323e+00
3.151318239997484394e+00
2.904275455469704337e+00
2.684420539259025684e+00
2.488142024390457507e+00
2.312459331760523096e+00
2.154890908388172210e+00
2.013358850545870826e+00
1.886117697580828922e+00
1.771698374096647433e+00
1.668861506243677129e+00
1.576556920854104371e+00
1.493887900055436146e+00
1.420079785158721686e+00
1.354452951966527374e+00
1.296400179659674690e+00
1.245368182535068646e+00
1.200842755014482677e+00
1.162336771130787039e+00
1.129380300927039116e+00
1.101512382736897555e+00
1.078274437391451901e+00
1.059205760629864157e+00
1.043841794921089861e+00
1.031715825897147498e+00
1.022364345852649459e+00
1.015335678043938428e+00
1.010200756700542435e+00
1.006564431790754721e+00
1.004075486803886808e+00
1.002433785468949567e+00
1.001393537069875883e+00
1.000762429193333691e+00
1.000397120206679924e+00
1.000196134463790854e+00
1.000091457466124600e+00
1.000040075665910022e+00
1.000016418086829173e+00
1.000006253591078087e+00
1.000002201233490817e+00
1.000000711301394007e+00
1.000000209481764379e+00
1.000000055783534014e+00
1.000000013315949454e+00
