1.810715861754557068e+02
1.795607895921707495e+02
1.779378203709508739e+02
1.761957860310502042e+02
1.743276203890220870e+02
1.723261280179883101e+02
1.701840396154095174e+02
1.678940796858214526e+02
1.654490479817430639e+02
1.628419161409483991e+02
1.600659408966765795e+02
1.571147951016326942e+02
1.539827175764835658e+02
1.506646824462358154e+02
1.471565881386082992e+02
1.434554655615827983e+02
1.395597041276300274e+02
1.354692932274982979e+02
1.311860754609777757e+02
1.267140064001484205e+02
1.220594139026122775e+02
1.172312480405935986e+02
1.122413106286721103e+02
1.071044512175920005e+02
1.018387144178732484e+02
9.646542171876323835e+01
9.100916982152789103e+01
8.549772720601612264e+01
7.996181152731263353e+01
7.443473284002557477e+01
6.895189189253453321e+01
6.355012906752276081e+01
5.826692807055636791e+01
5.313948906718874099e+01
4.820369822351128164e+01
4.349303373199899880e+01
3.903746122152971054e+01
3.486238239974273512e+01
3.098770802888940779e+01
2.742712799765223863e+01
2.418764566373575775e+01
2.126942976852607359e+01
1.866601505260908311e+01
1.636485357259048357e+01
1.434818548199646315e+01
1.259416488994551742e+01
1.107814837691575960e+01
9.774035801436303572e+00
8.655548994137971519e+00
7.697345401436661128e+00
6.875889375930163361e+00
6.170039312794270536e+00
5.561347710338616857e+00
5.034106291954343781e+00
4.575193461916049031e+00
4.173793112381350312e+00
3.821052081189393324e+00
3.509731399575261701e+00
3.233888751105664650e+00
2.988611382830455021e+00
2.769803920329727109e+00
2.574025992457965817e+00
2.398370187418693344e+00
2.240370294496266901e+00
2.097931290338779231e+00
1.969274641210918997e+00
1.852894347303884581e+00
1.747520463544016467e+00
1.652087672395495588e+00
1.565707066114641055e+00
1.487639791814469925e+00
1.417271698453561157e+00
1.354088595201027090e+00
1.297652147396763933e+00
1.247576769182246581e+00
1.203508112190745383e+00
1.165103901285179155e+00
1.132017931552498302e+00
1.103888005426894692e+00
1.080328440626819875e+00
1.060927513778988862e+00
1.045249836713609604e+00
1.032843230595970940e+00
1.023249222661387181e+00
1.016015905370981631e+00
1.010711632579760266e+00
1.006937937898147783e+00
1.004340183935075181e+00
1.002614792229185259e+00
1.001512422819858195e+00
1.000837083548772544e+00
1.000441734158116658e+00
1.000221389391900306e+00
1.000104934174425253e+00
1.000046820665440261e+00
1.000019567298134904e+00
1.000007617358083412e+00
1.000002745617029065e+00
1.000000910274152277e+00
1.000000275592145105e+00
