1.810691197189554771e+02
1.795579095745091536e+02
1.779344596829238867e+02
1.761918672784327669e+02
1.743230544806201863e+02
1.723208126052622049e+02
1.701778573813682556e+02
1.678868964856793013e+02
1.654407108444096934e+02
1.628322511492287106e+02
1.600547509755484441e+02
1.571018577586869469e+02
1.539677826570937214e+02
1.506474699888401290e+02
1.471367864431395560e+02
1.434327296169738020e+02
1.395336545826471877e+02
1.354395161327686594e+02
1.311521230583303463e+02
1.266753992869349332e+02
1.220156449511876673e+02
1.171817885030459081e+02
1.121856188990887233e+02
1.070419847516523362e+02
1.017689453133502582e+02
9.638785642938867682e+01
9.092337339747474800e+01
8.540335231232806734e+01
7.985863227202526105e+01
7.432268313292443906e+01
6.883110764407483373e+01
6.342099302361831548e+01
5.813011547300095572e+01
5.299601165857534824e+01
4.805494342840307809e+01
4.334079521640205002e+01
3.888395655939888229e+01
3.471025337830242563e+01
3.083999933397193871e+01
2.728724075705299157e+01
2.405926367580525138e+01
2.115641822139723516e+01
1.857229406202889876e+01
1.629425172380175013e+01
1.430428141518533991e+01
1.258012737920410196e+01
1.109658684125328243e+01
9.826873334725888753e+00
8.743928565466713820e+00
7.821576891595871217e+00
7.035440942013705623e+00
6.363571871172090333e+00
5.786786931189921823e+00
5.288743212653207237e+00
4.855803215977037901e+00
4.476761495327928664e+00
4.142501445506504787e+00
3.845640044169106542e+00
3.580200751203687304e+00
3.341335986452445894e+00
3.125104790134267674e+00
2.928300637769763348e+00
2.748319187205414682e+00
2.583054843862261585e+00
2.430816734810974822e+00
2.290257396477440643e+00
2.160310112754459944e+00
2.040132854457885170e+00
1.929058058905408934e+00
1.826548178779729525e+00
1.732157223664191781e+00
1.645498584262180763e+00
1.566219362415590233e+00
1.493981258804915280e+00
1.428447797757130155e+00
1.369277313434865695e+00
1.316120739947697516e+00
1.268622927016907598e+00
1.226426033021504436e+00
1.189173587400887522e+00
1.156514068382681559e+00
1.128103256090351891e+00
1.103605101645745767e+00
1.082691296277122905e+00
1.065040046767487203e+00
1.050334720038287983e+00
1.038263009040349072e+00
1.028517127757533345e+00
1.020795316447618228e+00
1.014804681828046284e+00
1.010265152960341251e+00
1.006914130712151856e+00
1.004511266014159965e+00
1.002842736007321101e+00
1.001724413666913227e+00
1.001003455853198387e+00
1.000558059523006804e+00
1.000295421103831739e+00
1.000148218904039155e+00
1.000070152876697538e+00
