1.810549944253253329e+02
1.795414178272103811e+02
1.779152178115196534e+02
1.761694328267323613e+02
1.742969181111780586e+02
1.722903891341421740e+02
1.701424759185359221e+02
1.678457896787429604e+02
1.653930032541892103e+02
1.627769468265504429e+02
1.599907203617305811e+02
1.570278240993718555e+02
1.538823082024156008e+02
1.505489423540937821e+02
1.470234056244058820e+02
1.433024962959363506e+02
1.393843605131594927e+02
1.352687375757691370e+02
1.309572184159717096e+02
1.264535122724144003e+02
1.217637148045665043e+02
1.168965689070643776e+02
1.118637073385627190e+02
1.066798640653933461e+02
1.013630390728261830e+02
9.593459950328539776e+01
9.041929858386924934e+01
8.484519320093497186e+01
7.924344150764160588e+01
7.364796397533154959e+01
6.809495517536545606e+01
6.262223959781814386e+01
5.726847314363362074e+01
5.207220252700660978e+01
4.707080736215397820e+01
4.229936348002762259e+01
3.778947990106060217e+01
3.356817433404776096e+01
2.965686119176825031e+01
2.607052986403709127e+01
2.281718745460768716e+01
1.989762797936294092e+01
1.730556871309962474e+01
1.502816490211911393e+01
1.304687898676801971e+01
1.133864393742207355e+01
9.877227587660387442e+00
8.634681551876377981e+00
7.582749200689641533e+00
6.694114915517822340e+00
5.943401082930111379e+00
5.307856263682405817e+00
4.767721084968836287e+00
4.306299642781158177e+00
3.909796094934232968e+00
3.566993665832102423e+00
3.268855138632998703e+00
3.008112494310561491e+00
2.778893749215271214e+00
2.576413190100987016e+00
2.396732126224498494e+00
2.236583908787666886e+00
2.093249949311131175e+00
1.964471721657736758e+00
1.848385390384913007e+00
1.743468944207522631e+00
1.648495204646933887e+00
1.562487094869780879e+00
1.484673813527589425e+00
1.414448044523958670e+00
1.351325144970841219e+00
1.294905534955939741e+00
1.244841427225152453e+00
1.200808746892858769e+00
1.162484744096559997e+00
1.129531493996594138e+00
1.101585247714626181e+00
1.078251430649260101e+00
1.059104936736168012e+00
1.043695193108002295e+00
1.031555246069731480e+00
1.022213856781385877e+00
1.015209336240806115e+00
1.010103658358657563e+00
1.006495336095409199e+00
1.004029682029240034e+00
1.002405418279991745e+00
1.001377117445544140e+00
1.000753560128833319e+00
1.000392665227636702e+00
1.000194065118620745e+00
1.000090575876647625e+00
1.000039735302055588e+00
1.000016301160977950e+00
1.000006218952493198e+00
1.000002192950111057e+00
1.000000710008244198e+00
1.000000209537690754e+00
1.000000055920182040e+00
1.000000013378730124e+00
