9.054317676621367639e+01
8.978902090536624314e+01
8.897898162094823249e+01
8.810964415469243249e+01
8.717751134039254168e+01
8.617902634192944333e+01
8.511060087062963930e+01
8.396864957581470890e+01
8.274963131667225014e+01
8.145009801599493926e+01
8.006675175937816391e+01
7.859651072826825668e+01
7.703658443164964353e+01
7.538455851776362238e+01
7.363848919186594344e+01
7.179700692607826795e+01
6.985942871086221828e+01
6.782587755427981335e+01
6.569740727817836046e+01
6.347612988859500405e+01
6.116534191823256350e+01
5.876964517067686700e+01
5.629505627323177919e+01
5.374909842095343748e+01
5.114086774419015313e+01
4.848106595598661528e+01
4.578199045966498204e+01
4.305747306895800364e+01
4.032275907701887974e+01
3.759431977289522564e+01
3.488959379385065063e+01
3.222665602391433026e+01
2.962381712926307742e+01
2.709916216859497595e+01
2.467004278619877056e+01
2.235254385827389711e+01
2.016095149730565339e+01
1.810725423104091902e+01
1.620071205952352500e+01
1.444752805798972162e+01
1.285065350222109259e+01
1.140974976953558517e+01
1.012131868254293465e+01
8.978998369280031255e+00
7.974005684434732011e+00
7.095690932816968832e+00
6.332158496066362829e+00
5.670900232547203323e+00
5.099388711350677283e+00
4.605584764549208288e+00
4.178327369256431112e+00
3.807591061834477930e+00
3.484613702147596470e+00
3.201912203411376723e+00
2.953213413000892018e+00
2.733330690022665266e+00
2.538014462430349560e+00
2.363798952153084887e+00
2.207859626868533098e+00
2.067888817622753006e+00
1.941991608948934411e+00
1.828600930565923877e+00
1.726409419100185971e+00
1.634315401714583116e+00
1.551380620811805944e+00
1.476797626980961953e+00
1.409864934628721755e+00
1.349968078822368689e+00
1.296564748082346119e+00
1.249172318449851327e+00
1.207356449163138334e+00
1.170719912922707051e+00
1.138891445285530546e+00
1.111514984256118055e+00
1.088240102304702361e+00
1.068714611627327393e+00
1.052580214333655118e+00
1.039471709480605410e+00
1.029019756427353327e+00
1.020856658900502589e+00
1.014624201684755089e+00
1.009982329725366279e+00
1.006617439417974991e+00
1.004249230269668391e+00
1.002635379520600667e+00
1.001573676103985733e+00
1.000901614839164067e+00
1.000493758528193444e+00
1.000257397228148992e+00
1.000127158009745054e+00
1.000059241917683250e+00
1.000025893250754416e+00
1.000010557567596825e+00
1.000003991324448505e+00
1.000001389935673002e+00
1.000000442710738957e+00
1.000000127987958232e+00
1.000000033307929526e+00
1.000000007733405250e+00
1.000000001586344611e+00
