9.055591646838331599e+01
8.980389553005669256e+01
8.899633746571817028e+01
8.812988062216692242e+01
8.720108826427245674e+01
8.620647210385372716e+01
8.514252133163013525e+01
8.400573782623749253e+01
8.279267822104681329e+01
8.150000349279686418e+01
8.012453668817610719e+01
7.866332931654075367e+01
7.711373679876932385e+01
7.547350316266967241e+01
7.374085490256044295e+01
7.191460356282715338e+01
6.999425615153170099e+01
6.798013193192140591e+01
6.587348347241227486e+01
6.367661906112281400e+01
6.139302272027902774e+01
5.902746711213229247e+01
5.658611365061531728e+01
5.407659318027669570e+01
5.150805973669245219e+01
4.889120926487338892e+01
4.623825487153568048e+01
4.356285036973682168e+01
4.087995469667458082e+01
3.820563139906260375e+01
3.555677991091714318e+01
3.295079886674047032e+01
3.040518618166209563e+01
2.793708594766862063e+01
2.556279804389605204e+01
2.329727226484087410e+01
2.115361408469697579e+01
1.914263311155231762e+01
1.727246699384112105e+01
1.554831223793328476e+01
1.397228851923718729e+01
1.254345446212334281e+01
1.125798093102900665e+01
1.010947367359263716e+01
9.089422367146941184e+00
8.187739859722501734e+00
7.393345872908509087e+00
6.694745481918872976e+00
6.080555297244846003e+00
5.539939235883565516e+00
5.062929597955616146e+00
4.640625334761507403e+00
4.265274921190565394e+00
3.930263415601482180e+00
3.630030338650462429e+00
3.359946497017474609e+00
3.116174684050231125e+00
2.895533046211955952e+00
2.695372797182395530e+00
2.513475539286545768e+00
2.347970685987500694e+00
2.197270627250377917e+00
2.060020079622593148e+00
1.935056011102633589e+00
1.821375113535960155e+00
1.718106613029084961e+00
1.624489003219847350e+00
1.539849913964568495e+00
1.463588727272403744e+00
1.395161721445044689e+00
1.334069511571679634e+00
1.279846446444465657e+00
1.232051521932274074e+00
1.190260367791496465e+00
1.154058003439704327e+00
1.123032322632764535e+00
1.096768586042988547e+00
1.074845471580163192e+00
1.056833354571375061e+00
1.042295399112804555e+00
1.030791732436822983e+00
1.021886505507543896e+00
1.015157126456144310e+00
1.010204521418295531e+00
1.006663045201185991e+00
1.004208696107325549e+00
1.002564580037885511e+00
1.001503047802209778e+00
1.000844482514341438e+00
1.000453217807355299e+00
1.000231422954001248e+00
1.000111945302734506e+00
1.000051055139447032e+00
1.000021839616757724e+00
1.000008712666282884e+00
1.000003221548410037e+00
1.000001096626100594e+00
1.000000341160146133e+00
1.000000096233642166e+00
1.000000024403170373e+00
