1.810674052717904203e+02
1.795559091696166547e+02
1.779321272648628849e+02
1.761891498043489435e+02
1.743198909716953722e+02
1.723171330981669485e+02
1.701735817767509502e+02
1.678819332929259645e+02
1.654349558248537164e+02
1.628255858637539291e+02
1.600470412472249109e+02
1.570929520667327211e+02
1.539575104850962362e+02
1.506356401576840369e+02
1.471231854672806492e+02
1.434171201311995674e+02
1.395157738946814447e+02
1.354190749641978186e+02
1.311288045411833139e+02
1.266488582844116024e+02
1.219855077666949938e+02
1.171476530298673993e+02
1.121470552415030539e+02
1.069985363151257900e+02
1.017201303150438605e+02
9.633316972017146895e+01
9.086228841423468339e+01
8.533532289851392250e+01
7.978309402245689341e+01
7.423905384770986871e+01
6.873878643252135134e+01
6.331935760347028719e+01
5.801851728767847050e+01
5.287376861032331732e+01
4.792133031920489117e+01
4.319503241113148562e+01
3.872519792789533000e+01
3.453757519816076638e+01
3.065239247272442569e+01
2.708360899344156536e+01
2.383843132694276790e+01
2.091715016463364663e+01
1.831333064273336575e+01
1.601435984486712627e+01
1.400232133157067871e+01
1.225513252387967889e+01
1.074785168029396054e+01
9.454042192033375258e+00
8.347077011709973959e+00
7.401277027878648163e+00
6.592802914395834435e+00
5.900256152647831875e+00
5.304984955386582435e+00
4.791127295062998392e+00
4.345449762415142025e+00
3.957053799940665417e+00
3.617019685536205564e+00
3.318046409696613797e+00
3.054127213145481967e+00
2.820281266740302328e+00
2.612345855426579266e+00
2.426822590316720429e+00
2.260765806214355411e+00
2.111700284984730391e+00
1.977557150446993983e+00
1.856619707776415718e+00
1.747474086884214906e+00
1.648962195731048741e+00
1.560136440557978954e+00
1.480216874394886251e+00
1.408551951968207039e+00
1.344584024911453568e+00
1.287820284604615839e+00
1.237809265372153522e+00
1.194122475215590562e+00
1.156340396493656719e+00
1.124042075235162308e+00
1.096797761644378477e+00
1.074164444686580566e+00
1.055684462439731020e+00
1.040887508510820236e+00
1.029296210077255580e+00
1.020435044317530515e+00
1.013841800697569795e+00
1.009080257303611061e+00
1.005752394412666950e+00
1.003508442305376391e+00
1.002053388778797682e+00
1.001149189269809447e+00
1.000612680131709231e+00
1.000309906544488925e+00
1.000148073552714401e+00
1.000066514784913929e+00
1.000027946794884048e+00
1.000010922401709079e+00
1.000003947114194380e+00
1.000001310406505972e+00
1.000000396875138753e+00
1.000000108824320000e+00
1.000000026794428898e+00
