4.525651615214291041e+02
4.487690642139593820e+02
4.446894271684305977e+02
4.403085402005195306e+02
4.356081921885072461e+02
4.305697748645631577e+02
4.251744136077350049e+02
4.194031289249207362e+02
4.132370324658850222e+02
4.066575614891532382e+02
3.996467556419970606e+02
3.921875796971564228e+02
3.842642954509658466e+02
3.758628852744033679e+02
3.669715287553185021e+02
3.575811324069815100e+02
3.476859104729639398e+02
3.372840123618519783e+02
3.263781891376064550e+02
3.149764877317695095e+02
3.030929571232085209e+02
2.907483456880021322e+02
2.779707633610683502e+02
2.647962763641108381e+02
2.512693963429026951e+02
2.374434202525880835e+02
2.233805728099001442e+02
2.091519005240213289e+02
1.948368660897328368e+02
1.805225952447323152e+02
1.663027360545075624e+02
1.522759039070918163e+02
1.385437049500940532e+02
1.252083565163480330e+02
1.123699548231744672e+02
1.001234765481776776e+02
8.855563933619400530e+01
7.774178323937657353e+01
6.774296578713727968e+01
5.860348229717077828e+01
5.034902449944488723e+01
4.298566967382502213e+01
3.649984639402752151e+01
3.085935193132653254e+01
2.601540493061461845e+01
2.190561431395674319e+01
1.845764482459305711e+01
1.559327699878129003e+01
1.323251010811987527e+01
1.129735236484388317e+01
9.714987787569336675e+00
8.420098464225565849e+00
7.356239858666362430e+00
6.476293686258724591e+00
5.742134118176702273e+00
5.123719002242722809e+00
4.597847805741256622e+00
4.146812980478906674e+00
3.757122634277243911e+00
3.418406988755630316e+00
3.122556608403026068e+00
2.863089637681335287e+00
2.634714010793071548e+00
2.433037887378282527e+00
2.254382356490448380e+00
2.095658553904320875e+00
1.954281673725347446e+00
1.828103860950746062e+00
1.715355413858211220e+00
1.614589008109395651e+00
1.524625145719893604e+00
1.444499154021890774e+00
1.373411147123746234e+00
1.310680672601649999e+00
1.255707531291949453e+00
1.207939712906194174e+00
1.166848759887867626e+00
1.131912333637149048e+00
1.102603404890001748e+00
1.078385325675989437e+00
1.058711997928442505e+00
1.043032343360227765e+00
1.030798228859128640e+00
1.021474883432395231e+00
1.014552677195464714e+00
1.009558978718986477e+00
1.006068741520562027e+00
1.003712565309176519e+00
1.002181272137500967e+00
1.001226516809294642e+00
1.000657537496503213e+00
1.000334722606151416e+00
1.000161090238040451e+00
1.000072950971828911e+00
1.000030929351863218e+00
1.000012209998327295e+00
1.000004461724586236e+00
1.000001499550871920e+00
1.000000460353686060e+00
1.000000128127957355e+00
