4.525693302283649473e+02
4.487739262365794843e+02
4.446950935134180440e+02
4.403151384937140165e+02
4.356158688528246330e+02
4.305786974984800963e+02
4.251847735578923562e+02
4.194151440368231647e+02
4.132509499840965645e+02
4.066736610621972545e+02
3.996653523668682624e+02
3.922090271132346402e+02
3.842889883627565837e+02
3.758912622464529818e+02
3.670040740808418036e+02
3.576183773043464385e+02
3.477284332121540160e+02
3.373324369680224208e+02
3.264331822636524407e+02
3.150387532406097648e+02
3.031632278791868771e+02
2.908273720333793904e+02
2.780592977581647460e+02
2.648950537287601037e+02
2.513791096949582595e+02
2.375646914801237131e+02
2.235139186013107633e+02
2.092976938802844131e+02
1.949952942962759437e+02
1.806936157581761222e+02
1.664860324293065617e+02
1.524708446162623261e+02
1.387493086831943856e+02
1.254232681777831573e+02
1.125924368859248972e+02
1.003514204979224331e+02
8.878660151112767096e+01
7.797304828356722339e+01
6.797163908366466956e+01
5.882661010879956365e+01
5.056373722541660953e+01
4.318933990568596215e+01
3.669024978181687402e+01
3.103481588205091768e+01
2.617492857819600616e+01
2.204894371491049654e+01
1.858529042603121795e+01
1.570646616826175546e+01
1.333307541989260692e+01
1.138756530495886565e+01
9.797355977876437194e+00
8.497150628496161318e+00
7.430325033669460844e+00
6.549418813535958783e+00
5.815857394640493894e+00
5.199106577913397587e+00
4.675490742713171777e+00
4.226892170177912078e+00
3.839503470364728166e+00
3.502743887480336937e+00
3.208389706635315530e+00
2.949921042195054799e+00
2.722057269279672287e+00
2.520440430726931691e+00
2.341425458966131856e+00
2.181942321896705561e+00
2.039403607487191739e+00
1.911638869491019577e+00
1.796843243735718687e+00
1.693532429002896800e+00
1.600499501664569557e+00
1.516771555916833325e+00
1.441566014901901172e+00
1.374247689208471179e+00
1.314288278223521900e+00
1.261230072792572932e+00
1.214655259147648936e+00
1.174161636815702181e+00
1.139344946603548125e+00
1.109787510062550053e+00
1.085052578444179350e+00
1.064683662595886871e+00
1.048208093377369421e+00
1.035144055823814968e+00
1.025010282272543982e+00
1.017337460651178693e+00
1.011680248814147420e+00
1.007628659527641801e+00
1.004817579926291060e+00
1.002933375707392605e+00
1.001716911301062662e+00
1.000962834917413558e+00
1.000515523084417380e+00
1.000262528399714634e+00
1.000126628097801618e+00
1.000057588922823149e+00
1.000024572459215610e+00
1.000009783651905515e+00
1.000003613383527057e+00
1.000001229878019426e+00
