9.055069178519340767e+01
8.979779644216675649e+01
8.898922245002543718e+01
8.812158653709762746e+01
8.719142739061979341e+01
8.619522887287473623e+01
8.512944873333614737e+01
8.399055349948071125e+01
8.277506023883327657e+01
8.147958587190258584e+01
8.010090467232298295e+01
7.863601450784166502e+01
7.708221224359174073e+01
7.543717853611107671e+01
7.369907198080505850e+01
7.186663222485904612e+01
6.993929121061249532e+01
6.791729116179064363e+01
6.580180726124487478e+01
6.359507219454368965e+01
6.130049885829173917e+01
5.892279657693113393e+01
5.646807517413527933e+01
5.394393026110039102e+01
5.135950221273867555e+01
4.872550060690378615e+01
4.605418552831606149e+01
4.335929723533297420e+01
4.065592641412812469e+01
3.796031875957032753e+01
3.528961006098568021e+01
3.266149141926610611e+01
3.009380867997673903e+01
2.760410551385708189e+01
2.520912553346263252e+01
2.292429494402668055e+01
2.076321284565484859e+01
1.873718063664303557e+01
1.685480413689543866e+01
1.512170121849066540e+01
1.354034326258431697e+01
1.211005041290309592e+01
1.082714868531045305e+01
9.685282516486395821e+00
8.675860961103582625e+00
7.788601650057269232e+00
7.012126140613306191e+00
6.334555447284011542e+00
5.744056533911505724e+00
5.229299326374375667e+00
4.779797935024444833e+00
4.386126645634891297e+00
4.040017640645850783e+00
3.734360348833120291e+00
3.463129777239409179e+00
3.221272612360187804e+00
3.004576232879257347e+00
2.809539031406498744e+00
2.633252879083325837e+00
2.473302060056749241e+00
2.327678589512078400e+00
2.194711655165353381e+00
2.073008495538387841e+00
1.961404592702667760e+00
1.858921910828302604e+00
1.764734579912140111e+00
1.678141690099255845e+00
1.598546717925099392e+00
1.525442677269313929e+00
1.458401565956095158e+00
1.397066264155208293e+00
1.341142896339453383e+00
1.290391884876524120e+00
1.244616497395917287e+00
1.203648526154310838e+00
1.167331669791919602e+00
1.135504019873220249e+00
1.107981607167092930e+00
1.084545116101722328e+00
1.064931597215621473e+00
1.048832355690570539e+00
1.035897303993337459e+00
1.025745116697552639e+00
1.017977698036732104e+00
1.012196916018449633e+00
1.008021357678076546e+00
1.005101031016923052e+00
1.003128423312401374e+00
1.001845013019927677e+00
1.001043085691222689e+00
1.000563384958313762e+00
1.000289625169530794e+00
1.000141137110363676e+00
1.000064904979065972e+00
1.000028029594651979e+00
1.000011306332077243e+00
1.000004234797020386e+00
1.000001463345910224e+00
1.000000463236412562e+00
1.000000133309092210e+00
