4.525772015285214707e+02
4.487831147895964250e+02
4.447058124387489784e+02
4.403276334237998526e+02
4.356304223638965709e+02
4.305956340008389702e+02
4.252044646517574051e+02
4.194380143251166260e+02
4.132774833135050017e+02
4.067044071373773590e+02
3.997009336484102846e+02
3.922501458666464487e+02
3.843364336718879031e+02
3.759459167391597703e+02
3.670669200362340234e+02
3.576905017191272691e+02
3.478110312984563848e+02
3.374268134380999982e+02
3.265407496306183930e+02
3.151610262341858970e+02
3.033018129488330032e+02
2.909839507994720975e+02
2.782356031902999689e+02
2.650928377985557063e+02
2.516001012935318784e+02
2.378105435366344977e+02
2.237861436209836370e+02
2.095975875716503936e+02
1.953238476091501070e+02
1.810514165295818714e+02
1.668731589429718838e+02
1.528867547077881852e+02
1.391927295195697525e+02
1.258920934157574010e+02
1.130836394271270819e+02
1.008609903142311595e+02
8.930951876764846986e+01
7.850330196281484518e+01
6.850230023675972291e+01
5.934996649764750742e+01
5.107149235060133918e+01
4.367287428805478555e+01
3.714093616451675217e+01
3.144437329586521557e+01
2.653579377776871695e+01
2.235463334620880005e+01
1.883072447236058622e+01
1.588822363520105974e+01
1.344955736824396730e+01
1.143904815146527554e+01
9.785928690340144342e+00
8.426541628131435147e+00
7.305636430436104334e+00
6.376795115510273781e+00
5.602121484498228554e+00
4.951396707428679100e+00
4.400928665192267886e+00
3.932305305834003839e+00
3.531214778349426542e+00
3.186433667791134905e+00
2.889025379251810577e+00
2.631744996254368640e+00
2.408619451322438820e+00
2.214661236612494477e+00
2.045675199229176844e+00
1.898125454872554574e+00
1.769038545672574791e+00
1.655927032684205491e+00
1.556723821900544591e+00
1.469721771476582006e+00
1.393515992292290839e+00
1.326948188477226509e+00
1.269053674019521960e+00
1.219012471978645040e+00
1.176106197998578518e+00
1.139682292299563304e+00
1.109126683732124086e+00
1.083845285423266747e+00
1.063253989966073343e+00
1.046776181556104746e+00
1.033846288196955676e+00
1.023917584797888303e+00
1.016472326978066665e+00
1.011032339982026906e+00
1.007168401455010409e+00
1.004507125097788611e+00
1.002734536409328747e+00
1.001596069542135758e+00
1.000893229211404778e+00
1.000477579696508412e+00
1.000242988814278089e+00
1.000117141990098490e+00
1.000053257499968762e+00
1.000022717383539872e+00
1.000009040815476702e+00
1.000003336331497295e+00
1.000001134083176257e+00
1.000000352517540270e+00
1.000000099414765309e+00
1.000000025219790700e+00
