9.054454820943651328e+01
8.979061923505888387e+01
8.898084284694991197e+01
8.811180959517231770e+01
8.718002829576001034e+01
8.618194882477966701e+01
8.511399038770090897e+01
8.397257595455822354e+01
8.275417356471199071e+01
8.145534519632667525e+01
8.007280385747802143e+01
7.860347947923303025e+01
7.704459406598331839e+01
7.539374637346341501e+01
7.364900612815087300e+01
7.180901746071909031e+01
6.987311078912242124e+01
6.784142184375735951e+01
6.571501587152995683e+01
6.349601428685290472e+01
6.118772016333268482e+01
5.879473799959948366e+01
5.632308218103379005e+01
5.378026754958460742e+01
5.117537456217506531e+01
4.851908076443336171e+01
4.582364985543914315e+01
4.310286961736292710e+01
4.037193059233269565e+01
3.764723876999138952e+01
3.494615784689987947e+01
3.228667993138825665e+01
2.968702791363910976e+01
2.716519800317235678e+01
2.473845690454624346e+01
2.242281432781594930e+01
2.023249739728307617e+01
1.817945825141728378e+01
1.627294884163221056e+01
1.451919677558309907e+01
1.292121232113730400e+01
1.147874905556764880e+01
1.018842931146059705e+01
9.044031398168062452e+00
8.036920106816715759e+00
7.156587323151136104e+00
6.391257996426377375e+00
5.728510348643335526e+00
5.155859437776445731e+00
4.661260242354877903e+00
4.233499197955812754e+00
3.862459273311842800e+00
3.539260208330047952e+00
3.256289470308066480e+00
3.007148634193231640e+00
2.786543384575844495e+00
2.590143703832683553e+00
2.414435644810699166e+00
2.256579408938220066e+00
2.114282057709846008e+00
1.985688211683377169e+00
1.869288903377870570e+00
1.763847123781543402e+00
1.668338025096090860e+00
1.581901693662094877e+00
1.503806514972736430e+00
1.433421232678267598e+00
1.370193821105690990e+00
1.313635301289789448e+00
1.263306722806424087e+00
1.218807785789360887e+00
1.179766021815281896e+00
1.145826054431100083e+00
1.116639118281310239e+00
1.091853585907348601e+00
1.071107590854317726e+00
1.054024851815367647e+00
1.040214484802020944e+00
1.029275016828327338e+00
1.020802129525027135e+00
1.014399033337777922e+00
1.009687950058095973e+00
1.006321052855784881e+00
1.003989392112907053e+00
1.002428763221009822e+00
1.001422039786911800e+00
1.000798075148468191e+00
1.000427754056793406e+00
1.000218080560505651e+00
1.000105291798790264e+00
1.000047909897463283e+00
1.000020436764991194e+00
1.000008125541993698e+00
1.000002992442884597e+00
1.000001013873639266e+00
1.000000313714929367e+00
1.000000087948800687e+00
1.000000022148349821e+00
1.000000004964223921e+00
1.000000000980312942e+00
