1.810605164139860790e+02
1.795478683017009018e+02
1.779227482106952039e+02
1.761782180353700937e+02
1.743071597544472979e+02
1.723023192446138694e+02
1.701563609925729565e+02
1.678619351316619088e+02
1.654117582729792559e+02
1.627987096044247437e+02
1.600159436795513273e+02
1.570570211941405034e+02
1.539160588316095755e+02
1.505878989257747662e+02
1.470682992159130436e+02
1.433541423280478853e+02
1.394436637816878886e+02
1.353366962690873834e+02
1.310349266662433649e+02
1.265421607028527688e+02
1.218645884489020688e+02
1.170110417965878327e+02
1.119932329849230257e+02
1.068259610246893772e+02
1.015272707720715744e+02
9.611854756025074664e+01
9.062452897379226613e+01
8.507321483759922387e+01
7.949565712962834141e+01
7.392561367458681332e+01
6.839905348047851419e+01
6.295350772197813427e+01
5.762726880293889309e+01
5.245845058203661182e+01
4.748393536189303887e+01
4.273824689307302549e+01
3.825240228231911033e+01
3.405280776060827463e+01
3.016027187832649048e+01
2.658921283378586153e+01
2.334713245169362494e+01
2.043441650783508123e+01
1.784449933020225032e+01
1.556440095536189183e+01
1.357561024115411108e+01
1.185525142368171991e+01
1.037743992677078531e+01
9.114711276168900866e+00
8.039399298186465259e+00
7.124848815923606971e+00
6.346373167844534535e+00
5.681904117436253898e+00
5.112324440004235804e+00
4.621513737647541475e+00
4.196168597334419381e+00
3.825474349926763384e+00
3.500706349700447362e+00
3.214826474099969911e+00
2.962120584950446389e+00
2.737900898641684844e+00
2.538278495613568886e+00
2.359998374713441205e+00
2.200323060897970695e+00
2.056949642249342958e+00
1.927947305872032668e+00
1.811706069193739221e+00
1.706891084188113972e+00
1.612399864127775695e+00
1.527321778007614261e+00
1.450900219697951465e+00
1.382498188441429798e+00
1.321567876001053410e+00
1.267624504039157385e+00
1.220224308631524535e+00
1.178946365788888340e+00
1.143377939805255927e+00
1.113103179902257267e+00
1.087695200882792257e+00
1.066711755047145216e+00
1.049694747109818582e+00
1.036173710903518952e+00
1.025673053601067863e+00
1.017722427651839068e+00
1.011869106910754823e+00
1.007690847860635452e+00
1.004807537597102174e+00
1.002890055755013776e+00
1.001665218120876721e+00
1.000916342158857830e+00
1.000479721615606943e+00
1.000237936383186588e+00
1.000111307900418689e+00
1.000048874634710261e+00
1.000020038399907385e+00
1.000007627976069902e+00
1.000002679572774333e+00
1.000000862888789532e+00
1.000000252906465104e+00
1.000000066942344112e+00
1.000000015867456016e+00
