4.525745117208788884e+02
4.487799757798482574e+02
4.447021518107271163e+02
4.403233677874844147e+02
4.356254558814678717e+02
4.305898567666446297e+02
4.251977509268850781e+02
4.194302206329481919e+02
4.132684464102406423e+02
4.066939418815092040e+02
3.996888308059210999e+02
3.922361699048159949e+02
3.843203206144982573e+02
3.759273721800134922e+02
3.670456174366264008e+02
3.576660811484087503e+02
3.477830988149699465e+02
3.373949413500773176e+02
3.265044779219327324e+02
3.151198654862906210e+02
3.032552491348353669e+02
2.909314523648521345e+02
2.781766308616184915e+02
2.650268575691736146e+02
2.515266010147215923e+02
2.377290534827259023e+02
2.236962612862979540e+02
2.094990067825187907e+02
1.952163917847327923e+02
1.809350755919291771e+02
1.667481289567113265e+02
1.527534788287765650e+02
1.390519382682021785e+02
1.257448416988985969e+02
1.129313371665929253e+02
1.007054230733578919e+02
8.915285449306546184e+01
7.834807998032181331e+01
6.835139906251903597e+01
5.920654793529962490e+01
5.093892078746341667e+01
4.355461205985893258e+01
3.704041822100298731e+01
3.136486696125162865e+01
2.648025185658954328e+01
2.232555080320197050e+01
1.883001002574342664e+01
1.591709751378581039e+01
1.350848500105445460e+01
1.152771669871075488e+01
9.903269345669674095e+00
8.570796011538998727e+00
7.474460794088308546e+00
6.567392188972058342e+00
5.811387190288099802e+00
5.176068076501312731e+00
4.637720190062988301e+00
4.178023504069910743e+00
3.782844454098075904e+00
3.441193618374214669e+00
3.144395381761716735e+00
2.885469160084902285e+00
2.658692957839565274e+00
2.459307925249580418e+00
2.283322560612852214e+00
2.127381806952131971e+00
1.988675095575878959e+00
1.864865719495630403e+00
1.754030642032431864e+00
1.654604777024351270e+00
1.565327147823200038e+00
1.485188469985614379e+00
1.413380903587931892e+00
1.349251226339748255e+00
1.292258686803157586e+00
1.241938485874492626e+00
1.197871375749184342e+00
1.159659419638699562e+00
1.126907646579133671e+00
1.099211217607167113e+00
1.076147759195571929e+00
1.057274614241505262e+00
1.042130785483887712e+00
1.030243211477677612e+00
1.021136706325642685e+00
1.014346478480212754e+00
1.009431746733050694e+00
1.005988734215279790e+00
1.003661353398255685e+00
1.002148236590114871e+00
1.001205369394175371e+00
1.000644322163058098e+00
1.000326776262862261e+00
1.000156546140117841e+00
1.000070502694939023e+00
1.000029696191939932e+00
1.000011633378268261e+00
1.000004213097591466e+00
1.000001401371165111e+00
1.000000425101750023e+00
