4.525778854098889497e+02
4.487839371097694539e+02
4.447068021590950480e+02
4.403288257334365312e+02
4.356318600388489699e+02
4.305973690578065316e+02
4.252065603577204342e+02
4.194405476354380653e+02
4.132805478241749597e+02
4.067081166516468897e+02
3.997054264740902454e+02
3.922555899775774151e+02
3.843430328849273110e+02
3.759539180756720498e+02
3.670766224531718080e+02
3.577022664075017246e+02
3.478252937537042726e+02
3.374440975041251818e+02
3.265616837026016697e+02
3.151863617689958232e+02
3.033324453692060843e+02
2.910209427810561351e+02
2.782802101803305845e+02
2.651465354221449502e+02
2.516646140495725206e+02
2.378878738635326897e+02
2.238786000200032049e+02
2.097078100165709031e+02
1.954548279589107551e+02
1.812065111231553374e+02
1.670560900376928259e+02
1.531015969892074509e+02
1.394438776499776509e+02
1.261842066073147066e+02
1.134215594452505087e+02
1.012496302590685247e+02
8.975372154748325215e+01
7.900766961550513656e+01
6.907099814329475862e+01
5.998650991723132364e+01
5.177852629624536007e+01
4.445196111003389916e+01
3.799236774315387066e+01
3.236702583171292247e+01
2.752704222619247787e+01
2.341033919623509263e+01
1.994530479595391981e+01
1.705480158943581870e+01
1.466018558196330623e+01
1.268498803470239622e+01
1.105796218572366563e+01
9.715288590796166801e+00
8.601851414389024342e+00
7.671621767308709927e+00
6.887290046614966244e+00
6.219358740155969123e+00
5.644931258238263361e+00
5.146413337130091747e+00
4.710293426040374598e+00
4.326104385147912623e+00
3.985607468216858074e+00
3.682192577838562908e+00
3.410460789824524497e+00
3.165944575041625964e+00
2.944922831753058912e+00
2.744295882379056639e+00
2.561495340513454178e+00
2.394412521373105118e+00
2.241335827713509143e+00
2.100892269221147579e+00
1.971991336724158606e+00
1.853771268099102310e+00
1.745548648292166272e+00
1.646772543518858267e+00
1.556984199691084703e+00
1.475782935177218924e+00
1.402798397643114647e+00
1.337668955429136775e+00
1.280025715288106714e+00
1.229481504959497373e+00
1.185624107050803566e+00
1.148013056633084394e+00
1.116179407836048298e+00
1.089628024715696641e+00
1.067842128728877515e+00
1.050289979647390348e+00
1.036433605395939317e+00
1.025739377611199599e+00
1.017689958116942295e+00
1.011796788951283776e+00
1.007611985338202842e+00
1.004738343759234764e+00
1.002836282632282083e+00
1.001626904386660799e+00
1.000890936402490938e+00
1.000463942429632880e+00
1.000228740057531152e+00
1.000106283239406091e+00
1.000046308206707257e+00
1.000018818111912289e+00
