9.054482805874815199e+01
8.979095060288894103e+01
8.898123533719537193e+01
8.811227462163947166e+01
8.718057942417810580e+01
8.618260217826956193e+01
8.511476512670772365e+01
8.397349484381938112e+01
8.275526364146898572e+01
8.145663855564147582e+01
8.007433857208198447e+01
7.860530067267193033e+01
7.704675515872030189e+01
7.539631052178322079e+01
7.365204787478785420e+01
7.181262461362206295e+01
6.987738654004378702e+01
6.784648713064527215e+01
6.572101197709370979e+01
6.350310564911726630e+01
6.119609735135527018e+01
5.880462077764916273e+01
5.633472254638746080e+01
5.379395258201594743e+01
5.119142886710356777e+01
4.853786822755311903e+01
4.584557435691687033e+01
4.312837428295456732e+01
4.040149509425384622e+01
3.768137414252986162e+01
3.498539826450326728e+01
3.233157092753139494e+01
2.973811061680262924e+01
2.722298915179475287e+01
2.480342469298836150e+01
2.249535053963577980e+01
2.031288679605146896e+01
1.826784679784345755e+01
1.636931293697900003e+01
1.462331631287638700e+01
1.303265074647305788e+01
1.159684377197156202e+01
1.031229546836571842e+01
9.172581302767589762e+00
8.168899139117188568e+00
7.290625407463230623e+00
6.525933576922763990e+00
5.862421755608890450e+00
5.287696914334294895e+00
4.789871128126415911e+00
4.357939128053647693e+00
3.982023827784577197e+00
3.653494041972507933e+00
3.364973103811726318e+00
3.110266167250225866e+00
2.884236772419785488e+00
2.682660473011094560e+00
2.502076868426934997e+00
2.339653598335079909e+00
2.193068775633071787e+00
2.060413171868271665e+00
1.940110521566272395e+00
1.830853187298677298e+00
1.731550432020211527e+00
1.641287017772153911e+00
1.559290339279375992e+00
1.484904594146326806e+00
1.417570558158478988e+00
1.356809456603090380e+00
1.302209336891688496e+00
1.253412397950788737e+00
1.210102024304483548e+00
1.171988836232831455e+00
1.138795830876655257e+00
1.110243492119906694e+00
1.086036383333276900e+00
1.065853019722121653e+00
1.049340641537064078e+00
1.036115892073353972e+00
1.025771482391159228e+00
1.017887917883957938e+00
1.012048509845087763e+00
1.007855391585423366e+00
1.004944202945965870e+00
1.002995487236932437e+00
1.001741550788355362e+00
1.000968395420168466e+00
1.000513159570759703e+00
1.000258133005515138e+00
1.000122742378020790e+00
1.000054918651091640e+00
1.000023007210770309e+00
1.000008976013457396e+00
1.000003242107592838e+00
1.000001077247198111e+00
1.000000326974582299e+00
1.000000089972804540e+00
1.000000022258274335e+00
1.000000004905787110e+00
1.000000000953696677e+00
