4.525533619663678451e+02
4.487552930291167286e+02
4.446733661536470663e+02
4.402898228175394024e+02
4.355863970268104595e+02
4.305444184437513400e+02
4.251449425122343655e+02
4.193689112893874267e+02
4.131973488601422559e+02
4.066115952914171885e+02
3.995935830403446971e+02
3.921261595234216202e+02
3.841934591303631805e+02
3.757813272696344029e+02
3.668777979968213003e+02
3.574736253314987948e+02
3.475628664397061698e+02
3.371435123762349804e+02
3.262181589814584299e+02
3.147947067671285595e+02
3.028870741913828510e+02
2.905159036483460113e+02
2.777092338810599017e+02
2.645031065536704773e+02
2.509420686854914209e+02
2.370795269824444631e+02
2.229779053755168263e+02
2.087085540211002694e+02
1.943513575091846519e+02
1.799939930467458282e+02
1.657307969606784184e+02
1.516612109529593795e+02
1.378877988687900142e+02
1.245138506052077645e+02
1.116406218253877114e+02
9.936429507388635329e+01
8.777278731103287157e+01
7.694256716782334138e+01
6.693567755959543319e+01
5.779718001801153093e+01
4.955324029620456372e+01
4.221005526930107976e+01
3.575377561000675541e+01
3.015150710856857330e+01
2.535338010433697775e+01
2.129557045401216797e+01
1.790405039413510480e+01
1.509876000323356671e+01
1.279783613781579454e+01
1.092152839039270340e+01
9.395476081295100812e+00
8.153111891420099511e+00
7.137081564809838241e+00
6.299702555131856840e+00
5.602602391171466856e+00
5.015758571393978293e+00
4.516194141326337785e+00
4.086567292700502563e+00
3.713841185309626258e+00
3.388150287336286315e+00
3.101910861592012569e+00
2.849169751869229827e+00
2.625153478922567452e+00
2.425967621130936447e+00
2.248398746231146994e+00
2.089780820233525738e+00
1.947899431584003915e+00
1.820917071224596784e+00
1.707309956708999987e+00
1.605811630701802661e+00
1.515361441791110542e+00
1.435057658401149183e+00
1.364115804989226577e+00
1.301833085166751891e+00
1.247559611550234093e+00
1.200676727881464068e+00
1.160582146396653913e+00
1.126681111528124335e+00
1.098382487583212219e+00
1.075098618256542071e+00
1.056247980598002290e+00
1.041259934084465266e+00
1.029581099162718338e+00
1.020682979172474081e+00
1.014070337318616177e+00
1.009289619215691269e+00
1.005936495601574165e+00
1.003661521388158784e+00
1.002173051357177602e+00
1.001236921956086601e+00
1.000672920513541619e+00
1.000348581976805429e+00
1.000171240393909367e+00
1.000079425612251383e+00
1.000034617383507740e+00
1.000014104126887293e+00
1.000005341294932348e+00
1.000001868505391300e+00
1.000000599701716508e+00
1.000000175282855341e+00
