9.054820247695785440e+01
8.979488957003047744e+01
8.898583017742241452e+01
8.811763059783221763e+01
8.718681764332986006e+01
8.618986169774659345e+01
8.512320526584403524e+01
8.398329769975237014e+01
8.276663680056354622e+01
8.146981798187319157e+01
8.008959164091717753e+01
7.862292930284262127e+01
7.706709897442154045e+01
7.541974995386463831e+01
7.367900708125529263e+01
7.184357406721747452e+01
6.991284509417732806e+01
6.788702333533626643e+01
6.576724437529976797e+01
6.355570174317387711e+01
6.125577089250207763e+01
5.887212700324017334e+01
5.641085097512230107e+01
5.387951698441957404e+01
5.128725406471282611e+01
4.864477344874233466e+01
4.596435299893935422e+01
4.325977010635786968e+01
4.054617511237893979e+01
3.783989876554534959e+01
3.515818960735278864e+01
3.251888057754545969e+01
2.993998855088035072e+01
2.743925585319747640e+01
2.503364878956651296e+01
2.273883440514332577e+01
2.056866245806324045e+01
1.853468412190831671e+01
1.664574137163756617e+01
1.490766048699177659e+01
1.332307896480671161e+01
1.189142707452018755e+01
1.060907358029007064e+01
9.469630722626487085e+00
8.464398017273763841e+00
7.582909934042756817e+00
6.813541411901776534e+00
6.144119533612626860e+00
5.562490828227681483e+00
5.057001693754824778e+00
4.616863054794699828e+00
4.232387107162722373e+00
3.895100707174222965e+00
3.597753606767406964e+00
3.334248180873553125e+00
3.099519811795673707e+00
2.889394427739897964e+00
2.700443647469164876e+00
2.529850744216850078e+00
2.375294070313602290e+00
2.234849770311087447e+00
2.106912796584289538e+00
1.990134048638648512e+00
1.883371246675758615e+00
1.785651334054735973e+00
1.696142409292217268e+00
1.614133272390632312e+00
1.539018647100517390e+00
1.470288096484231755e+00
1.407516679397628145e+00
1.350355573246245111e+00
1.298521251611708838e+00
1.251782352096092232e+00
1.209944055659418538e+00
1.172830539112201143e+00
1.140266741866842404e+00
1.112061179906484121e+00
1.087991733881859879e+00
1.067796170564229818e+00
1.051168634313982553e+00
1.037762552991788212e+00
1.027199490688629924e+00
1.019082628318020545e+00
1.013012929607653545e+00
1.008605768015001347e+00
1.005505886142830541e+00
1.003398990865596918e+00
1.002018949819533100e+00
1.001150308796506794e+00
1.000626551677751275e+00
1.000325055720861833e+00
1.000159981942799758e+00
1.000074367312921542e+00
1.000032493110188492e+00
1.000013273794124080e+00
1.000005040440828941e+00
1.000001767858390789e+00
1.000000568736745254e+00
1.000000166558180137e+00
1.000000044037796965e+00
