9.055111501185778877e+01
8.979828933086690768e+01
8.898979596794713132e+01
8.812225324655423719e+01
8.719220164656505290e+01
8.619612703572369128e+01
8.513048939566876072e+01
8.399175772423846809e+01
8.277645180541613001e+01
8.148119152510926710e+01
8.010275436734563925e+01
7.863814164252163152e+01
7.708465386689486820e+01
7.543997551935549950e+01
7.370226913567474014e+01
7.187027834984007768e+01
6.994343904544338386e+01
6.792199722816762630e+01
6.580713156781970952e+01
6.360107778575108739e+01
6.130725119041237292e+01
5.893036271176396923e+01
5.647652279147366983e+01
5.395332650653759998e+01
5.136991241759476878e+01
4.873698694224827932e+01
4.606680568441494472e+01
4.337310324961134711e+01
4.067096380178094961e+01
3.797662612651115666e+01
3.530721939235708362e+01
3.268042923008069067e+01
3.011409817840861791e+01
2.762576985322007062e+01
2.523219210908973764e+01
2.294880052405006765e+01
2.078920911621321466e+01
1.876473951001044682e+01
1.688402194729308192e+01
1.515270076137423061e+01
1.357327257691821920e+01
1.214507732355061087e+01
1.086445046496034017e+01
9.725030615526820910e+00
8.718201563164921453e+00
7.833633750591138423e+00
7.059879758954417106e+00
6.384973261165036718e+00
5.796982448847038505e+00
5.284477085498442861e+00
4.836881772409571845e+00
4.444704282395418815e+00
4.099643885901882001e+00
3.794597597878521800e+00
3.523590239877722130e+00
3.281656519378078229e+00
3.064700732106155456e+00
2.869353919989646062e+00
2.692841411996189649e+00
2.532867362548699930e+00
2.387518197659279195e+00
2.255184034662730319e+00
2.134495859465499024e+00
2.024275990137618386e+00
1.923499611535421483e+00
1.831265563767725091e+00
1.746774900692423138e+00
1.669315918657023001e+00
1.598254386308009645e+00
1.533027633004141910e+00
1.473141059571871692e+00
1.418165614154765830e+00
1.367734901726557872e+00
1.321540897591724661e+00
1.279327685778082202e+00
1.240883166163851303e+00
1.206029165838842898e+00
1.174610749663686171e+00
1.146485683354405483e+00
1.121514943400883535e+00
1.099554933696607284e+00
1.080451746477257835e+00
1.064037499574498780e+00
1.050128578677673064e+00
1.038525548863536541e+00
1.029014549971415171e+00
1.021370083387762362e+00
1.015359146445651062e+00
1.010746612843282710e+00
1.007301585423993062e+00
1.004804213526137469e+00
1.003052262346034507e+00
1.001866639014651561e+00
1.001095174290644874e+00
1.000614223881150178e+00
1.000328024029790042e+00
1.000166111961487525e+00
1.000079404510004322e+00
1.000035654018067044e+00
1.000014958318525382e+00
