4.525840921261906828e+02
4.487911560319138289e+02
4.447151898747977725e+02
4.403385607651678697e+02
4.356431452913486169e+02
4.306104343599571393e+02
4.252216650419057373e+02
4.194579830738858846e+02
4.133006398124005045e+02
4.067312274931185812e+02
3.997319565769679457e+02
3.922859787231772657e+02
3.843777584683100486e+02
3.759934959516051549e+02
3.671216019468550371e+02
3.577532249709606162e+02
3.478828282693542064e+02
3.375088119622641898e+02
3.266341725175981878e+02
3.152671879606626817e+02
3.034221128356543318e+02
2.911198619451882905e+02
2.783886564255421945e+02
2.652645999681981834e+02
2.517921472828873561e+02
2.380244216523567218e+02
2.240233342342793037e+02
2.098594553448767499e+02
1.956115881635416542e+02
1.813659990663668680e+02
1.672152670797069050e+02
1.532567285905556105e+02
1.395905130465348805e+02
1.263171910556569344e+02
1.135350875079001440e+02
1.013373476446235486e+02
8.980888089062280244e+01
7.902334210338041487e+01
6.904033804042677502e+01
5.990306300339192092e+01
5.163656648687795325e+01
4.424683286455854869e+01
3.772080635077441713e+01
3.202742452832837472e+01
2.711963552432544944e+01
2.293727665290991879e+01
1.941059890241187702e+01
1.646414683645557275e+01
1.402066132967278556e+01
1.200467305087473413e+01
1.034550068075359341e+01
8.979453642450268447e+00
7.851150268919488084e+00
6.913978682674694731e+00
6.129827944632477710e+00
5.468284172139765253e+00
4.905511777383814831e+00
4.423025447747533256e+00
4.006514522769109021e+00
3.644823367852199958e+00
3.329134354592335754e+00
3.052355004773001035e+00
2.808682491172496576e+00
2.593306227226051419e+00
2.402208560183830777e+00
2.232029541013782037e+00
2.079970158915401157e+00
1.943716624611887323e+00
1.821375011312353909e+00
1.711410503892528467e+00
1.612588832117879623e+00
1.523919515504432720e+00
1.444601687110760535e+00
1.373973795072745085e+00
1.311468617965254158e+00
1.256574899216446717e+00
1.208806576248270259e+00
1.167680106947538210e+00
1.132699850172529610e+00
1.103350927225581479e+00
1.079098563895491081e+00
1.059392643772562481e+00
1.043676101595085726e+00
1.031395813949740559e+00
1.022014742248485542e+00
1.015024191987104363e+00
1.009955144874466137e+00
1.006387710060923535e+00
1.003957873482506535e+00
1.002360951394071442e+00
1.001351497308876626e+00
1.000739840006231285e+00
1.000385862433090134e+00
1.000190963113217091e+00
1.000089288546397226e+00
1.000039256973064283e+00
1.000016146432869846e+00
1.000006177829497300e+00
1.000002185395060472e+00
1.000000709978990932e+00
