4.526102036734007470e+02
4.488216371359757773e+02
4.447507475449160665e+02
4.403800099249814934e+02
4.356914235158752717e+02
4.306666181558244375e+02
4.252869876991455840e+02
4.195338540718910849e+02
4.133886657004464382e+02
4.068332340836539061e+02
3.998500121838647487e+02
3.924224180433354832e+02
3.845352065395543377e+02
3.761748914192821189e+02
3.673302186334864246e+02
3.579926904668807879e+02
3.481571379494032499e+02
3.378223364898150294e+02
3.269916565333628569e+02
3.156737372874700327e+02
3.038831671880827230e+02
2.916411498512403568e+02
2.789761288950654716e+02
2.659243394407965866e+02
2.525302486302745137e+02
2.388468425801164301e+02
2.249357134146439705e+02
2.108668981007293155e+02
1.967184215833162284e+02
1.825755010947857215e+02
1.685293773787094267e+02
1.546757526947224619e+02
1.411128353359069081e+02
1.279390159943734488e+02
1.152502319679180118e+02
1.031371093387186306e+02
9.168200827783400086e+01
8.095612889342152130e+01
7.101686001373175827e+01
6.190556595339406698e+01
5.364600180108730143e+01
4.624352231868312657e+01
3.968520152438738080e+01
3.394091096152832421e+01
2.896531989039731414e+01
2.470068946034939117e+01
2.108024770959572791e+01
1.803186670151285398e+01
1.548172963372754118e+01
1.335768247632858063e+01
1.159201292333226618e+01
1.012348241772107293e+01
8.898540589301081383e+00
7.871756893002930688e+00
7.005592591451308415e+00
6.269693008777802667e+00
5.639898744379578055e+00
5.097158022826408619e+00
4.626480879034736482e+00
4.216023528434594603e+00
3.856341461540088833e+00
3.539811751535758333e+00
3.260202333659667495e+00
3.012357200538353208e+00
2.791967268715818573e+00
2.595402262871499666e+00
2.419585577095649587e+00
2.261899640348639551e+00
2.120113226123187200e+00
1.992324639920275198e+00
1.876916297576773918e+00
1.772517305573496627e+00
1.677971521664235910e+00
1.592309304392327318e+00
1.514721759541437507e+00
1.444536740974532885e+00
1.381196159094738585e+00
1.324234323758625154e+00
1.273257163512374168e+00
1.227922292285121397e+00
1.187920086926220753e+00
1.152956193044708311e+00
1.122736137733493900e+00
1.096952909417202582e+00
1.075278385012801152e+00
1.057359298047698237e+00
1.042818057654437691e+00
1.031258208555977163e+00
1.022273762631331628e+00
1.015461142471112188e+00
1.010432155298185863e+00
1.006826330091669996e+00
1.004321124229098139e+00
1.002638907920197386e+00
1.001550185825380135e+00
1.000873105090814175e+00
1.000469813341744008e+00
1.000240579824733134e+00
1.000116734215772407e+00
1.000053418190094190e+00
