9.055646512606725196e+01
8.980453977812194921e+01
8.899709379952687982e+01
8.813076833660782938e+01
8.720212991483238341e+01
8.620769403936172637e+01
8.514395430850213131e+01
8.400741771497382615e+01
8.279464681661058023e+01
8.150230944124811572e+01
8.012723654247666616e+01
7.866648873465318559e+01
7.711743189690449185e+01
7.547782203559488323e+01
7.374589932102892931e+01
7.192049085514513251e+01
7.000112127170075382e+01
6.798812971030636731e+01
6.588279103606896570e+01
6.368743839935530104e+01
6.140558335628593056e+01
5.904202882344398517e+01
5.660296915927878558e+01
5.409607070856792177e+01
5.153052529608597609e+01
4.891706851623284535e+01
4.626795436489792479e+01
4.359687794545332196e+01
4.091883880984818944e+01
3.824993912097097137e+01
3.560711337002260990e+01
3.300778992385441768e+01
3.046948919426350244e+01
2.800936857099046762e+01
2.564373014166486087e+01
2.338751315595710523e+01
2.125379852250645385e+01
1.925335656085643876e+01
1.739427091122319169e+01
1.568167014209701016e+01
1.411759362849348598e+01
1.270100955201650095e+01
1.142799081931171479e+01
1.029204039135074922e+01
9.284542674701777187e+00
8.395304395312527035e+00
7.613138981015087126e+00
6.926444751971418512e+00
6.323730112430777872e+00
5.794048179774345719e+00
5.327317302354698469e+00
4.914520103572464826e+00
4.547789013220103982e+00
4.220398006676806979e+00
3.926686781742912302e+00
3.661944561409957277e+00
3.422277133106505609e+00
3.204474481776048211e+00
3.005889488005087262e+00
2.824332268230839382e+00
2.657980705399319188e+00
2.505305665682406424e+00
2.365008892322851608e+00
2.235971955061805350e+00
2.117215288882832613e+00
2.007866837524458159e+00
1.907139911075575789e+00
1.814319561604737396e+00
1.728756210536475324e+00
1.649864637552210356e+00
1.577125981458106674e+00
1.510090272627282459e+00
1.448377281557050367e+00
1.391674086382693742e+00
1.339728601055135027e+00
1.292339186165908371e+00
1.249341213891039803e+00
1.210591956485236320e+00
1.175955367592456557e+00
1.145288251558921111e+00
1.118429039436377836e+00
1.095189998902454942e+00
1.075353276542589054e+00
1.058670760762398411e+00
1.044867397930522523e+00
1.033647317122526665e+00
1.024701937552775721e+00
1.017719157011420572e+00
1.012392744897250951e+00
1.008431167931801209e+00
1.005565226335832119e+00
1.003554040262141456e+00
1.002189082639419748e+00
1.001296107047960460e+00
1.000734980860434442e+00
1.000397611933590447e+00
1.000204338759812295e+00
1.000099304605833073e+00
1.000045413348823686e+00
1.000019440035779805e+00
