9.055032391969713501e+01
8.979736371841615039e+01
8.898871347871957482e+01
8.812098794668557389e+01
8.719072348898438918e+01
8.619440125373544959e+01
8.512847581923082885e+01
8.398941001230737413e+01
8.277371658808968391e+01
8.147800744999868527e+01
8.009905104576310464e+01
7.863383849277823856e+01
7.707965885441244325e+01
7.543418379653594741e+01
7.369556158870670970e+01
7.186252006501479173e+01
6.993447771425988435e+01
6.791166151867888345e+01
6.579522949941700460e+01
6.358739515597683578e+01
6.129155011540799336e+01
5.891238035648522953e+01
5.645597038156576986e+01
5.392988873030079588e+01
5.134324734309786464e+01
4.870672659038655183e+01
4.603255741226279696e+01
4.333445210811777315e+01
4.062747603561926724e+01
3.792785397921918644e+01
3.525270736386165993e+01
3.261972190297106522e+01
3.004674968031501336e+01
2.755135495169998450e+01
2.515031883917389877e+01
2.285912412463052235e+01
2.069144689924079472e+01
1.865868610871899236e+01
1.676956419409811616e+01
1.502983124739848364e+01
1.344210076677710042e+01
1.200583697431937047e+01
1.071750206906324188e+01
9.570857700020752645e+00
8.557399974959260192e+00
7.666893564265759409e+00
6.887960154455879724e+00
6.208671579365614868e+00
5.617099535696476131e+00
5.101781823369703872e+00
4.652078188619953814e+00
4.258404655678359241e+00
3.912350747319422783e+00
3.606696464394714141e+00
3.335353483767756533e+00
3.093257238406582399e+00
2.876234172041994164e+00
2.680863206284605393e+00
2.504344243499200040e+00
2.344380902486595364e+00
2.199080481878868287e+00
2.066871491566418140e+00
1.946437646031893953e+00
1.836666495609068583e+00
1.736610502042888582e+00
1.645458151196053986e+00
1.562512599944732683e+00
1.487175406280167866e+00
1.418933118259913861e+00
1.357344891466776282e+00
1.302029827203437407e+00
1.252653319752782712e+00
1.208912311736040524e+00
1.170519923628737136e+00
1.137190389674282986e+00
1.108625542936308106e+00
1.084504199788297374e+00
1.064475668400403974e+00
1.048158244932406280e+00
1.035143001797502516e+00
1.025002492841992741e+00
1.017303313331102466e+00
1.011620886871864355e+00
1.007554524769721294e+00
1.004740794363942591e+00
1.002863557362532632e+00
1.001659639389998357e+00
1.000919844656257718e+00
1.000485774132230166e+00
1.000243485810788924e+00
1.000115343420132419e+00
1.000051404064918659e+00
1.000021444768392609e+00
1.000008329288104347e+00
1.000002994260467570e+00
1.000000989842153576e+00
1.000000298799199605e+00
1.000000081731699408e+00
1.000000020088775532e+00
1.000000004396161213e+00
