9.054954402157488857e+01
8.979645631096036595e+01
8.898765873904926593e+01
8.811976324449253184e+01
8.718930306289234977e+01
8.619275587101547842e+01
8.512657242464845808e+01
8.398721137447454055e+01
8.277118095491290717e+01
8.147508822874783618e+01
8.009569652798731454e+01
7.862999164981965805e+01
7.707525723559992059e+01
7.542915956921851262e+01
7.368984176693604127e+01
7.185602698160448654e+01
6.992712979865899570e+01
6.790337444988271898e+01
6.578591780802395306e+01
6.357697435117013640e+01
6.127993940944764972e+01
5.889950604921848765e+01
5.644176994818908355e+01
5.391431562462157956e+01
5.132627648336558934e+01
4.868836043328492025e+01
4.601283244164529407e+01
4.331344546884619717e+01
4.060531193211767942e+01
3.790470933906102857e+01
3.522881614903297276e+01
3.259537735042645323e+01
3.002230368912246661e+01
2.752721383083598639e+01
2.512693471457707517e+01
2.283698150184629228e+01
2.067104420751541838e+01
1.864051251857461722e+01
1.675407258644671771e+01
1.501740887268346114e+01
1.343303978941700016e+01
1.200030764230908353e+01
1.071553155268258095e+01
9.572317580295653272e+00
8.562004836646979200e+00
7.674212131275958804e+00
6.897438966983165720e+00
6.219669533418175966e+00
5.628929969181032611e+00
5.113757574201054368e+00
4.663554482000551005e+00
4.268814997996401850e+00
3.921232219571598954e+00
3.613702700503421905e+00
3.340255779149483129e+00
3.095936160996084485e+00
2.876665290864519164e+00
2.679100846283005932e+00
2.500506520871567329e+00
2.338637954911793937e+00
2.191646216611918607e+00
2.057997795292981102e+00
1.936409186884257672e+00
1.825794151513425945e+00
1.725222003797119763e+00
1.633885500262191481e+00
1.551076901733091651e+00
1.476170659427383791e+00
1.408611012887763581e+00
1.347902702256954965e+00
1.293603061053111070e+00
1.245314007727165828e+00
1.202672901311484077e+00
1.165341838600433499e+00
1.132995674314410062e+00
1.105309724334995636e+00
1.081948620394013627e+00
1.062557985370367275e+00
1.046760407943872151e+00
1.034156621852686753e+00
1.024331950458574170e+00
1.016867154685854313e+00
1.011352042516527883e+00
1.007399745749543163e+00
1.004659541241346155e+00
1.002826475547031082e+00
1.001646731706642424e+00
1.000918482892373618e+00
1.000488727410643985e+00
1.000247145992897879e+00
1.000118284178837413e+00
1.000053335303845659e+00
1.000022545615877112e+00
1.000008886048427303e+00
1.000003246161158543e+00
1.000001091985455171e+00
1.000000335856271683e+00
1.000000093712651195e+00
1.000000023521413484e+00
1.000000005261634017e+00
