9.054956742316541352e+01
8.979648183548191298e+01
8.898768624555923168e+01
8.811979243930905170e+01
8.718933344262595142e+01
8.619278664913531429e+01
8.512660243754969258e+01
8.398723896219671303e+01
8.277120381073623889e+01
8.147510321086855356e+01
8.009569942536219855e+01
7.862997689311285399e+01
7.707521754301792782e+01
7.542908551597118105e+01
7.368972126624369423e+01
7.185584466475860665e+01
6.992686628188327802e+01
6.790300547693087196e+01
6.578541325999111677e+01
6.357629711933923033e+01
6.127904413368712966e+01
5.889833773407812600e+01
5.644026248200191276e+01
5.391239024414766590e+01
5.132384024817132939e+01
4.868530480019771289e+01
4.600903205980728927e+01
4.330875734894674878e+01
4.059957517716716069e+01
3.789774565524441385e+01
3.522043137904127263e+01
3.258536428213407987e+01
3.001044638231362782e+01
2.751329366607170357e+01
2.511073829385108880e+01
2.281831041494440271e+01
2.064972651935993397e+01
1.861641563564552015e+01
1.672711693684698986e+01
1.498758160574957721e+01
1.340040749669074671e+01
1.196502695778927894e+01
1.067785644283619284e+01
9.532602212829758059e+00
8.520701135858589126e+00
7.631861478940658472e+00
6.854657957933083523e+00
6.177130189135407790e+00
5.587335285009578989e+00
5.073813665850146926e+00
4.625940866844274524e+00
4.234154690541120480e+00
3.890063362199437602e+00
3.586453426775050968e+00
3.317223941636886941e+00
3.077275438834680799e+00
2.862378975289450622e+00
2.669044217452073653e+00
2.494398127935980813e+00
2.336079306201003014e+00
2.192148474145998005e+00
2.061013215960888711e+00
1.941364456232940627e+00
1.832122571927323529e+00
1.732391788258883292e+00
1.641422125047439007e+00
1.558578419492835376e+00
1.483315849520914442e+00
1.415161049389615178e+00
1.353697531780132080e+00
1.298553885838992672e+00
1.249393232771458306e+00
1.205902733108429103e+00
1.167782508888650872e+00
1.134734053286601929e+00
1.106448891662354939e+00
1.082598770780223374e+00
1.062828860294329658e+00
1.046755288474484180e+00
1.033967817598537620e+00
1.024037689490724379e+00
1.016529800237404135e+00
1.011017590242915043e+00
1.007098543720139849e+00
1.004408101395779518e+00
1.002630125922210347e+00
1.001502739918465945e+00
1.000819217064179645e+00
1.000424445884012803e+00
1.000208121624510671e+00
1.000096138632792453e+00
1.000041631007108522e+00
1.000016809346670144e+00
1.000006291957593163e+00
1.000002169706569521e+00
1.000000684622249114e+00
1.000000196221014992e+00
1.000000050679031860e+00
1.000000011693787050e+00
1.000000002388054865e+00
