4.525580257003617817e+02
4.487607280136256804e+02
4.446796946625837563e+02
4.402971850930733808e+02
4.355949535368653187e+02
4.305543523169253035e+02
4.251564621316982198e+02
4.193822530141766833e+02
4.132127798254331310e+02
4.066294162180473677e+02
3.996141309574654201e+02
3.921498102760128859e+02
3.842206295049001028e+02
3.758124765261459856e+02
3.669134285439445762e+02
3.575142822235129074e+02
3.476091353122389478e+02
3.371960153728914520e+02
3.262775481607714028e+02
3.148616544237060566e+02
3.029622594846820789e+02
2.905999949174532162e+02
2.778028660472049296e+02
2.646068530896832272e+02
2.510564077809499111e+02
2.372048017742121147e+02
2.231142784645420534e+02
2.088559569734865136e+02
1.945094366512839770e+02
1.801620536069608249e+02
1.659077484631969241e+02
1.518455176842843173e+02
1.380774401393668143e+02
1.247062963030443257e+02
1.118328292586280384e+02
9.955273314861891265e+01
8.795349350067434102e+01
7.711124132813488075e+01
6.708781431056497979e+01
5.792823813607555650e+01
4.965884347787476827e+01
4.228621407656899578e+01
3.579711593613850340e+01
3.015948683873270753e+01
2.532447361019058718e+01
2.122940091753164893e+01
1.780145320934915532e+01
1.496176669896625988e+01
1.262957683225227790e+01
1.072606052579965485e+01
9.177556411237651091e+00
7.917935582814181750e+00
6.890015341664155635e+00
6.046037344401770319e+00
5.347345294755109890e+00
4.763475577721493437e+00
4.270905859513286273e+00
3.851692241928361682e+00
3.492176319839579879e+00
3.181877016689476534e+00
2.912616353926503088e+00
2.677876608527130831e+00
2.472354565032215401e+00
2.291665816594796734e+00
2.132153042579222557e+00
1.990760458975267655e+00
1.864946961543624937e+00
1.752619766811506441e+00
1.652077453744296598e+00
1.561956268607330722e+00
1.481176889893747850e+00
1.408891074523525244e+00
1.344429061956371463e+00
1.287249470210502622e+00
1.236893755540419804e+00
1.192947192939268097e+00
1.155007870457365193e+00
1.122664517100705472e+00
1.095483250538774822e+00
1.073002657587438513e+00
1.054736079045934138e+00
1.040179586225799424e+00
1.028823906687303280e+00
1.020168470587178078e+00
1.013735798696900670e+00
1.009084633174974099e+00
1.005820512949885615e+00
1.003602896499261155e+00
1.002148400983885246e+00
1.001230209585513231e+00
1.000674140557827219e+00
1.000352212472435554e+00
1.000174731515492965e+00
1.000081944090789321e+00
1.000036152051905880e+00
1.000014924844927267e+00
1.000005732268779424e+00
1.000002035303105830e+00
1.000000663458759487e+00
1.000000197065492369e+00
