1.810581099962080316e+02
1.795450589087569711e+02
1.779194705545208421e+02
1.761743968359415646e+02
1.743027083665531336e+02
1.722971381377657281e+02
1.701503360800815017e+02
1.678549359487281265e+02
1.654036360088876734e+02
1.627892950008967716e+02
1.600050448163147507e+02
1.570444211941600656e+02
1.539015135325114443e+02
1.505711345810770183e+02
1.470490103099444639e+02
1.433319896119471935e+02
1.394182726644716581e+02
1.353076557269612863e+02
1.310017888642126991e+02
1.265044415537842326e+02
1.218217693643612449e+02
1.169625729080532324e+02
1.119385381295022484e+02
1.067644447914487529e+02
1.014583278879047867e+02
9.604157485162610897e+01
9.053894006633493063e+01
8.497845764348490150e+01
7.939123401895314203e+01
7.381110402993458308e+01
6.827413809699699243e+01
6.281799424766357021e+01
5.748111713228885833e+01
5.230179684587795208e+01
4.731711293012707387e+01
4.256180266440532733e+01
3.806710651671105694e+01
3.385965585254828625e+01
2.996047679548748377e+01
2.638418745763757656e+01
2.313846172591928507e+01
2.022382006555987033e+01
1.763378604122375748e+01
1.535541750245975656e+01
1.337018629849919726e+01
1.165514420188196176e+01
1.018428075816548706e+01
8.929956601537600847e+00
7.864288003815122607e+00
6.960367503509465870e+00
6.193230730953085406e+00
5.540516966714959857e+00
4.982813759717884317e+00
4.503716056424621250e+00
4.089660474735136830e+00
3.729610960930193730e+00
3.414672225012303830e+00
3.137694890213793997e+00
2.892916533697091452e+00
2.675661671816075060e+00
2.482106022728005623e+00
2.309098605663742809e+00
2.154029648410245912e+00
2.014731499203236798e+00
1.889401781621467213e+00
1.776541096632729744e+00
1.674900481264161245e+00
1.583436029473969109e+00
1.501269463985066777e+00
1.427654139746378892e+00
1.361946156517455098e+00
1.303580161291898021e+00
1.252049216024887279e+00
1.206887950289157851e+00
1.167658224834249747e+00
1.133936746165136178e+00
1.105304459618234647e+00
1.081338001905701285e+00
1.061603865155279491e+00
1.045656070092299661e+00
1.033037978016366543e+00
1.023288392129739099e+00
1.015951411250827219e+00
1.010588782804195507e+00
1.006792962803948699e+00
1.004198895297709448e+00
1.002492745517148176e+00
1.001416413530478833e+00
1.000767467158169000e+00
1.000394956880109154e+00
1.000192213449602630e+00
1.000088051042529180e+00
1.000037775392711659e+00
1.000015095052302128e+00
1.000005585264612806e+00
1.000001901328935405e+00
1.000000591379965220e+00
1.000000166807093693e+00
1.000000042322766181e+00
1.000000009574498083e+00
