4.525586688363502503e+02
4.487614747335251195e+02
4.446805606352957625e+02
4.402981880834923345e+02
4.355961136107380867e+02
4.305556920434957533e+02
4.251580067756598851e+02
4.193840307055976382e+02
4.132148216927900535e+02
4.066317564653396630e+02
3.996168068614056210e+02
3.921528620736299331e+02
3.842241001354717014e+02
3.758164111843407227e+02
3.669178739936605211e+02
3.575192858144488923e+02
3.476147436343087520e+02
3.372022724779861278e+02
3.262844932780906220e+02
3.148693190953872545e+02
3.029706640543703315e+02
2.906091443179295197e+02
2.778127448564370638e+02
2.646174198602464571e+02
2.510675886979709901e+02
2.372164837637627386e+02
2.231263019587117640e+02
2.088681086395728244e+02
1.945214425076125053e+02
1.801735730706169250e+02
1.659183699951610720e+02
1.518547568004194943e+02
1.380847406221179767e+02
1.247110354555319276e+02
1.118343279651902833e+02
9.955027132038178195e+01
8.794633117423356339e+01
7.709864524486226856e+01
6.706908924674628736e+01
5.790276161712321823e+01
4.962610185681457153e+01
4.224583737585339094e+01
3.574890844689058866e+01
3.010345034821379429e+01
2.526082037258863977e+01
2.115855413857661560e+01
1.772403386291363958e+01
1.487856684176433752e+01
1.254152106968470193e+01
1.063415869747180587e+01
9.082851683844708646e+00
7.821452764367679222e+00
6.792714237668822541e+00
5.948775337715838774e+00
5.250852134476761357e+00
4.668341800531369934e+00
4.177584601377705376e+00
3.760512705983845461e+00
3.403366075055758166e+00
3.095589733226856488e+00
2.828961525297510438e+00
2.596948145562173238e+00
2.394255695962264507e+00
2.216528333314602861e+00
2.060149508632189264e+00
1.922108535915951322e+00
1.799905566673285051e+00
1.691477400876993720e+00
1.595133745509931700e+00
1.509498523006914450e+00
1.433454085289521895e+00
1.366088189011876119e+00
1.306644692787386264e+00
1.254479385275139469e+00
1.209022317505632271e+00
1.169747647399737023e+00
1.136151456386619518e+00
1.107737398858255284e+00
1.084009496112602111e+00
1.064470952378312241e+00
1.048627585272852381e+00
1.035994339096180106e+00
1.026103384114148920e+00
1.018512480360140637e+00
1.012812563631601215e+00
1.008633840178377650e+00
1.005649994610290809e+00
1.003580374246320739e+00
1.002190192202672359e+00
1.001288903244872408e+00
1.000726983830538819e+00
1.000391422313330558e+00
1.000200307080142625e+00
1.000096972237581650e+00
1.000044189357412794e+00
1.000018852236963962e+00
1.000007486210295671e+00
1.000002749799635327e+00
1.000000928012830137e+00
1.000000285668873889e+00
