4.525978966622105872e+02
4.488072750294306843e+02
4.447339990024023564e+02
4.403604933502538756e+02
4.356687002812819856e+02
4.306401851421397282e+02
4.252562691473719383e+02
4.194981927667276409e+02
4.133473135364436644e+02
4.067853421060281676e+02
3.997946202482121407e+02
3.923584443038820382e+02
3.844614370557541179e+02
3.760899702669244675e+02
3.672326390198019794e+02
3.578807874794794088e+02
3.480290837147005050e+02
3.376761386746463813e+02
3.268251612877656953e+02
3.154846378878404494e+02
3.036690197845343278e+02
2.913993978326270167e+02
2.787041374358193480e+02
2.656194417557412635e+02
2.521898053020124451e+02
2.384683149995127849e+02
2.245167518483932554e+02
2.104054441342688619e+02
1.962128236556430068e+02
1.820246405357642345e+02
1.679328008000973114e+02
1.540338048352850535e+02
1.404267846327485927e+02
1.272111634220592435e+02
1.144839922920737649e+02
1.023370531643358987e+02
9.085385345890557574e+01
8.010667132487874653e+01
7.015383679492950364e+01
6.103744849687617346e+01
5.278172254024429577e+01
4.539214583221245647e+01
3.885555841152108059e+01
3.314121964453156721e+01
2.820282648157763816e+01
2.398135771360837154e+01
2.040852895869829098e+01
1.741057319789045010e+01
1.491202423765643026e+01
1.283918448105287879e+01
1.112300588250521116e+01
9.701197562308429667e+00
8.519480991888652710e+00
7.532024526148386023e+00
6.701183313076507275e+00
5.996732554896434308e+00
5.394804255676469928e+00
4.876722152762063445e+00
4.427886821163875553e+00
4.036807581533213174e+00
3.694324074129491819e+00
3.393018281266249492e+00
3.126791673168693109e+00
2.890571070281215071e+00
2.680106643794056609e+00
2.491831292530101383e+00
2.322758409838010074e+00
2.170402336432469159e+00
2.032711563714004299e+00
1.908008895996916809e+00
1.794935584652133986e+00
1.692398268782134618e+00
1.599518684857640816e+00
1.515586738634938868e+00
1.440017792479177716e+00
1.372314997677569703e+00
1.312037274706213674e+00
1.258773206236403208e+00
1.212120760046903500e+00
1.171672493878024524e+00
1.137005763745860154e+00
1.107677454194390343e+00
1.083222812650861178e+00
1.063158017016396784e+00
1.046986069849666245e+00
1.034205474033513372e+00
1.024320933983382531e+00
1.016855107079010168e+00
1.011360273821374944e+00
1.007428760400703949e+00
1.004701065750786659e+00
1.002870916857982131e+00
1.001686868487653204e+00
1.000950514971415295e+00
1.000511811882494273e+00
1.000262333026268990e+00
1.000127452748856172e+00
1.000058423747496095e+00
1.000025140535051538e+00
1.000010099478188641e+00
