1.810599813115474888e+02
1.795472399167807112e+02
1.779220104228086541e+02
1.761773519787401483e+02
1.743061433622952450e+02
1.723011267213080941e+02
1.701549622032794957e+02
1.678602948980023086e+02
1.654098355620327538e+02
1.627964565973108790e+02
1.600133047048251456e+02
1.570539315104567493e+02
1.539124432437083385e+02
1.505836702179908002e+02
1.470633563883802424e+02
1.433483686228972829e+02
1.394369244902521814e+02
1.353288363169607464e+02
1.310257679817038365e+02
1.265314993864242865e+02
1.218521917787040962e+02
1.169966451266997467e+02
1.119765366234894657e+02
1.068066272161839265e+02
1.015049209551855256e+02
9.609276013018599372e+01
9.059483784560985953e+01
8.503910918503679284e+01
7.945658275916669311e+01
7.388097658297540704e+01
6.834822622773118894e+01
6.289583931930229710e+01
5.756209884960496481e+01
5.238512836495369385e+01
4.740184452969123186e+01
4.264683610220555465e+01
3.815122185509227393e+01
3.394155186823601156e+01
3.003882505362602018e+01
2.645769873970416342e+01
2.320596183169303472e+01
2.028433021837539485e+01
1.768660145479764978e+01
1.540017642584300184e+01
1.340692137903236159e+01
1.168430859064308081e+01
1.020674320114615163e+01
8.946962778574224728e+00
7.877389298217798874e+00
6.971322645387775907e+00
6.203889603994996449e+00
5.552698512921828922e+00
4.998190736506313847e+00
4.523718132686742166e+00
4.115404009696523424e+00
3.761859461647931724e+00
3.453826885232861965e+00
3.183810756383133711e+00
2.945737445695452816e+00
2.734666461424080097e+00
2.546559317816916579e+00
2.378101425009289116e+00
2.226567089223216556e+00
2.089716613784633026e+00
1.965715846410300172e+00
1.853070816422289990e+00
1.750572402494524393e+00
1.657247856708181866e+00
1.572317404831615306e+00
1.495155096336908462e+00
1.425253658036113702e+00
1.362193372118998491e+00
1.305615024053294881e+00
1.255196847039492525e+00
1.210635244022300716e+00
1.171628997630097979e+00
1.137866735043252309e+00
1.109017583243439686e+00
1.084725156514714461e+00
1.064605161596549721e+00
1.048246897949916212e+00
1.035218727063834665e+00
1.025077202248751984e+00
1.017379064858576099e+00
1.011694842257983451e+00
1.007622457387337134e+00
1.004799185884632795e+00
1.002910523121097741e+00
1.001695021178675926e+00
1.000944820993413087e+00
1.000502286855978751e+00
1.000253695892150407e+00
1.000121233962345091e+00
1.000054565189533173e+00
1.000023016621765404e+00
1.000009050215375783e+00
1.000003297662524160e+00
1.000001106322334854e+00
1.000000339328662502e+00
1.000000094421613639e+00
