1.810667584262532728e+02
1.795551605366594288e+02
1.779312621344050740e+02
1.761881517033646674e+02
1.743187415583724658e+02
1.723158120850472699e+02
1.701720668979520212e+02
1.678802003348972391e+02
1.654329787453707183e+02
1.628233370300811202e+02
1.600444918316719622e+02
1.570900726461958925e+02
1.539542719005748950e+02
1.506320147000271845e+02
1.471191484662579398e+02
1.434126520358649941e+02
1.395108629431314000e+02
1.354137205490812050e+02
1.311230213821260122e+02
1.266426815178397334e+02
1.219789990547648983e+02
1.171409077701845121e+02
1.121402109243735481e+02
1.069917820212173751e+02
1.017137172694614549e+02
9.632742271545747315e+01
9.085761778219273310e+01
8.533223654872661257e+01
7.978220887696018337e+01
7.424110579441708069e+01
6.874463770885056135e+01
6.333000032805635016e+01
5.803507171209804483e+01
5.289747460232467091e+01
4.795353065743869792e+01
4.323714671323691761e+01
3.877868648701820575e+01
3.460389268909609228e+01
3.073293240100700174e+01
2.717964085168197386e+01
2.395103359632241080e+01
2.104714340904765990e+01
1.846121580145342023e+01
1.618026723381524334e+01
1.418597563386920690e+01
1.245583808032274398e+01
1.096450069353294055e+01
9.685146200628789614e+00
8.590819488561448836e+00
7.655582633324471864e+00
6.855417224212458471e+00
6.168828923340094583e+00
5.577150318665344386e+00
5.064575567838687675e+00
4.617987461808858107e+00
4.226650478289553092e+00
3.881841882070745431e+00
3.576480049483270918e+00
3.304790105895871744e+00
3.062027130773846473e+00
2.844260814293150919e+00
2.648214673858997337e+00
2.471147856477936333e+00
2.310766898942224312e+00
2.165156821406558851e+00
2.032723986839144459e+00
1.912146159918619803e+00
1.802327561081880081e+00
1.702358250781532689e+00
1.611477953424491183e+00
1.529044615053748668e+00
1.454507796689577859e+00
1.387386641926733333e+00
1.327251795450458349e+00
1.273710413806502961e+00
1.226393371168138069e+00
1.184943934116021946e+00
1.149007521222890071e+00
1.118222595221588289e+00
1.092213153841040674e+00
1.070583583159248953e+00
1.052916726058735986e+00
1.038775847948932185e+00
1.027710757126328867e+00
1.019267726614639491e+00
1.013002195799001193e+00
1.008492666834372331e+00
1.005353909632213050e+00
1.003247651778065963e+00
1.001889363887621398e+00
1.001050460939548747e+00
1.000556052570551913e+00
1.000279092573493678e+00
1.000132239432333314e+00
1.000058868589797534e+00
1.000024495032157068e+00
1.000009473776155122e+00
1.000003385315312521e+00
1.000001110375237312e+00
1.000000331942424436e+00
