4.525739791414485467e+02
4.487793557463958223e+02
4.447014306203710703e+02
4.403225297657312467e+02
4.356244831454754944e+02
4.305887289729653276e+02
4.251964450066153063e+02
4.194287105187858060e+02
4.132667027618927591e+02
4.066919318182804091e+02
3.996865176582130630e+02
3.922335129996725414e+02
3.843172751142719221e+02
3.759238889976587075e+02
3.670416432559930513e+02
3.576615585829807173e+02
3.477779667435674469e+02
3.373891354726849272e+02
3.264979315824849095e+02
3.151125108112073008e+02
3.032470185354496834e+02
2.909222804474858322e+02
2.781664567797057543e+02
2.650156278362061357e+02
2.515142727736391350e+02
2.377155981957964741e+02
2.236816687691586480e+02
2.094832894575322655e+02
1.951995889742186705e+02
1.809172576150675980e+02
1.667294007411937002e+02
1.527339827081465842e+02
1.390318556190299830e+02
1.257243930903743632e+02
1.129107807603288904e+02
1.006850511313697041e+02
8.913298802855720737e+01
7.832906180956382514e+01
6.833358576260162920e+01
5.919030144093908774e+01
5.092460051396489717e+01
4.354256845380130869e+01
3.703098845491456359e+01
3.135837306762520527e+01
2.647700095180556801e+01
2.232583626337001803e+01
1.883411170154089120e+01
1.592527853231341162e+01
1.352098264542937223e+01
1.154472548108036989e+01
9.924915767758999863e+00
8.597106508037938966e+00
7.505326617494162633e+00
6.602536974555205163e+00
5.850344032353143042e+00
5.218172670043841777e+00
4.682124764855648102e+00
4.223733129358429927e+00
3.828773439781204768e+00
3.486236039657770291e+00
3.187501066210181921e+00
2.925715414584637131e+00
2.695343088052665426e+00
2.491849976276471867e+00
2.311485090910676998e+00
2.151127121332858216e+00
2.008173456362571052e+00
1.880456085831527124e+00
1.766174233173625874e+00
1.663837322613972214e+00
1.572214428868542235e+00
1.490288128086632691e+00
1.417211929889805599e+00
1.352271332614911836e+00
1.294849037665855240e+00
1.244395006492551747e+00
1.200401905113883227e+00
1.162386163618543522e+00
1.129874512837340417e+00
1.102395560928010942e+00
1.079475798392657504e+00
1.060639364443014987e+00
1.045410915992370349e+00
1.033320947276663793e+00
1.023912872300048571e+00
1.016751105378884690e+00
1.011429294974635740e+00
1.007577835879087003e+00
1.004869848376956698e+00
1.003024987548936764e+00
1.001810716772158827e+00
1.001041005085983038e+00
1.000572731559039141e+00
1.000300343506071332e+00
1.000149474996321342e+00
1.000070266330797875e+00
1.000031039917316900e+00
1.000012813427268776e+00
1.000004913132485518e+00
1.000001738460311707e+00
