9.055135427530755976e+01
8.979857008349043213e+01
8.899012531057378794e+01
8.812263946732835507e+01
8.719265441097256542e+01
8.619665760440045688e+01
8.513111087321583170e+01
8.399248534236009789e+01
8.277730324367436765e+01
8.148218727240256953e+01
8.010391812680160228e+01
7.863950078175965075e+01
7.708623991446076218e+01
7.544182470642670069e+01
7.370442297972822132e+01
7.187278427368677569e+01
6.994635102066783361e+01
6.792537642634708561e+01
6.581104699572995287e+01
6.360560687189821749e+01
6.131248027953454738e+01
5.893638741139996284e+01
5.648344810044912379e+01
5.396126663969268833e+01
5.137899022505209246e+01
4.874733280626377052e+01
4.607855576423361299e+01
4.338639693732982749e+01
4.068594025329684882e+01
3.799341974519882115e+01
3.532595417360208501e+01
3.270121192672757360e+01
3.013701032436465255e+01
2.765085878710271317e+01
2.525946127116932161e+01
2.297819945274671127e+01
2.082062373430284552e+01
1.879798344818196654e+01
1.691882978001989812e+01
1.518872409859045547e+01
1.361007993469641164e+01
1.218215856190238711e+01
1.090122631605181525e+01
9.760867434191263570e+00
8.752430940332740050e+00
7.865576090802049336e+00
7.088870407499199722e+00
6.410389355947875956e+00
5.818268441400440416e+00
5.301166875604663709e+00
4.848615645643926442e+00
4.451239302674649068e+00
4.100857013662075445e+00
3.790481495362222120e+00
3.514242399961211571e+00
3.267262934446216960e+00
3.045515744059779095e+00
2.845678124865556047e+00
2.664999524521268537e+00
2.501187799746558582e+00
2.352315865986335019e+00
2.216747464370998788e+00
2.093079475439378001e+00
1.980097963449002796e+00
1.876745390986669593e+00
1.782096816992966293e+00
1.695343186906330235e+00
1.615779986741083585e+00
1.542799586704069803e+00
1.475885601783554213e+00
1.414607618455436144e+00
1.358614755579077515e+00
1.307626813126679943e+00
1.261422252955541889e+00
1.219822933027552514e+00
1.182676291620300413e+00
1.149836403283149844e+00
1.121145834379649209e+00
1.096420376003673924e+00
1.075438469459426782e+00
1.057936511807202606e+00
1.043610375348313468e+00
1.032122583708700914e+00
1.023113840467118285e+00
1.016217132744549945e+00
1.011072483398673283e+00
1.007340579054431418e+00
1.004713882873065955e+00
1.002924352939904340e+00
1.001747432309994856e+00
1.001002473905313606e+00
1.000550154533895064e+00
1.000287684101974106e+00
1.000142718976689382e+00
1.000066853363208885e+00
1.000029417031904178e+00
1.000012091367223466e+00
1.000004614434042427e+00
1.000001624352459650e+00
1.000000523703808097e+00
