9.055203807198869015e+01
8.979936716410965403e+01
8.899105370076516408e+01
8.812371986358169806e+01
8.719391052394030339e+01
8.619811653220202174e+01
8.513280350328074064e+01
8.399444677880254062e+01
8.277957325520063137e+01
8.148481075324541223e+01
8.010694556008401435e+01
7.864298869095661360e+01
7.709025128421770034e+01
7.544642934890282504e+01
7.370969781691405842e+01
7.187881349993325841e+01
6.995322610318200418e+01
6.793319589504041289e+01
6.581991596807819178e+01
6.361563625413940315e+01
6.132378558356232645e+01
5.894908712831973929e+01
5.649766157839395220e+01
5.397711142675786533e+01
5.139657885977825202e+01
4.876676906952605606e+01
4.609993044884016911e+01
4.340978324546892964e+01
4.071138899635320740e+01
3.802095459275492573e+01
3.535556727373469244e+01
3.273286029035050859e+01
3.017061342182276817e+01
2.768629783233939179e+01
2.529658065277037338e+01
2.301681069735368368e+01
2.086051224451823316e+01
1.883891803882793781e+01
1.696057474853757085e+01
1.523105322654938121e+01
1.365279146297344148e+01
1.222508986255174968e+01
1.094426676016636968e+01
9.803967889078046838e+00
8.795608470463738726e+00
7.908912806730192813e+00
7.132505985607695997e+00
6.454507472611531682e+00
5.863078118996289056e+00
5.346880392781531377e+00
4.895425095170804042e+00
4.499294002707457274e+00
4.150243776061012468e+00
3.841209288756040952e+00
3.566232339158567299e+00
3.320343930800388144e+00
3.099425690878687245e+00
2.900070232290089312e+00
2.719453342547398567e+00
2.555224490624517841e+00
2.405417292645031679e+00
2.268378553523336727e+00
2.142713054058059008e+00
2.027240887204355246e+00
1.920964369515292924e+00
1.823042001726549177e+00
1.732767420164524230e+00
1.649551684645396810e+00
1.572907580826535590e+00
1.502434904868147791e+00
1.437805985005127907e+00
1.378751006513013078e+00
1.325043045586045798e+00
1.276483054406222006e+00
1.232885322423699970e+00
1.194064114644733499e+00
1.159822225902047865e+00
1.129942095867213059e+00
1.104179940365704216e+00
1.082263121685326901e+00
1.063890747203739551e+00
1.048737273552327931e+00
1.036458704715019108e+00
1.026700802620388320e+00
1.019108582095327398e+00
1.013336257342863034e+00
1.009056771720609369e+00
1.005970098279599156e+00
1.003809648662981946e+00
1.002346353739939078e+00
1.001390246269802775e+00
1.000789645332163191e+00
1.000428280693786309e+00
1.000220877099505357e+00
1.000107824537251666e+00
1.000049578099234004e+00
1.000021357989367088e+00
1.000008571214966446e+00
1.000003184602690443e+00
1.000001088196013965e+00
