4.525745794133795243e+02
4.487800575242441710e+02
4.447022506332159537e+02
4.403234873863730172e+02
4.356256007792438822e+02
4.305900324964468950e+02
4.251979642609480265e+02
4.194304798621399755e+02
4.132687616856376280e+02
4.066943256310568131e+02
3.996892982416616178e+02
3.922367396389227565e+02
3.843210154054078203e+02
3.759282198333017391e+02
3.670466518888242717e+02
3.576673437655667840e+02
3.477846399412695746e+02
3.373968221448310487e+02
3.265067725254933748e+02
3.151226635561228022e+02
3.032586587914946676e+02
2.909356035829259213e+02
2.781816793315525729e+02
2.650329890409229847e+02
2.515340361116311385e+02
2.377380529422032964e+02
2.237071315408437897e+02
2.095121057389426369e+02
1.952321345898066625e+02
1.809539400891594596e+02
1.667706604427194463e+02
1.527802936124876965e+02
1.390837254281281332e+02
1.257823623332982237e+02
1.129754203525332912e+02
1.007569577122314683e+02
8.921277624443341381e+01
7.841735259785991730e+01
6.843098966971417951e+01
5.929739613400228393e+01
5.104190198842277937e+01
4.367049605227949627e+01
3.716982472448195551e+01
3.150822066410752953e+01
2.663774014300358317e+01
2.249708788328162967e+01
1.901521136883531682e+01
1.611526821704302037e+01
1.371862491586944088e+01
1.174854377965918673e+01
1.013326088202186170e+01
8.808245373097754793e+00
7.717545394889325117e+00
6.814246910935167101e+00
6.060176834028693449e+00
5.425052691922927828e+00
4.885308339563777302e+00
4.422810350915534094e+00
4.023633613613410098e+00
3.677003505168461750e+00
3.374452011271211749e+00
3.109187934036534262e+00
2.875652036709664738e+00
2.669215657372165040e+00
2.485981365328038706e+00
2.322651012618226929e+00
2.176435435233513793e+00
2.044988284890412178e+00
1.926352888303129784e+00
1.818915566598506839e+00
1.721361891302783054e+00
1.632634353365340019e+00
1.551891208744887285e+00
1.478467025148046510e+00
1.411835782264255101e+00
1.351577341672277388e+00
1.297347803766007335e+00
1.248853856832824905e+00
1.205830868113966892e+00
1.168024306446849625e+00
1.135174176805918478e+00
1.107002441333661213e+00
1.083203766876663643e+00
1.063440207517819092e+00
1.047340459077971131e+00
1.034504044147768198e+00
1.024510235406305592e+00
1.016930830403493191e+00
1.011345237602058189e+00
1.007355906542825918e+00
1.004602063294708358e+00
1.002770029407163532e+00
1.001599038035130951e+00
1.000882263494454305e+00
1.000463563847833637e+00
1.000231031564721595e+00
1.000108748032504602e+00
1.000048121841491611e+00
1.000019917956859627e+00
1.000007669211683492e+00
