4.525755414517274744e+02
4.487811782716024140e+02
4.447035551698776885e+02
4.403250044646691777e+02
4.356273632843786459e+02
4.305920779446690858e+02
4.252003353321662757e+02
4.194332249618871629e+02
4.132719355284619382e+02
4.066979898339399710e+02
3.996935219118495866e+02
3.922415999355421263e+02
3.843265980484462716e+02
3.759346195270001090e+02
3.670539726193343313e+02
3.576756989251942400e+02
3.477941522240028007e+02
3.374076231507925741e+02
3.265190020060578604e+02
3.151364682277429097e+02
3.032741906458005587e+02
2.909530176247562849e+02
2.782011306865540519e+02
2.650546293914866851e+02
2.515580094452409980e+02
2.377644906300857315e+02
2.237361468065934105e+02
2.095437876245746907e+02
1.952665415767512798e+02
1.809910935783657067e+02
1.668105383335372665e+02
1.528228242352890902e+02
1.391287820712163352e+02
1.258297585529444973e+02
1.130249061628775422e+02
1.008082166242332818e+02
8.926542297642168933e+01
7.847093114438405337e+01
6.848497133336358900e+01
5.935117714771853059e+01
5.109480053214731043e+01
4.372174882695586717e+01
3.721858377846399435e+01
3.155355180372815482e+01
2.667862486501471864e+01
2.253243114966560867e+01
1.904385749170219810e+01
1.613602646437925969e+01
1.373030514180147676e+01
1.175000056988466568e+01
1.012344274269953637e+01
8.786243894605087590e+00
7.682638625917513231e+00
6.765931748492354458e+00
5.998187090225265194e+00
5.349362236658593339e+00
4.796121599883185205e+00
4.320544633225632758e+00
3.908898569222558184e+00
3.550582392259881814e+00
3.237287533822101437e+00
2.962373039961140986e+00
2.720423900722217514e+00
2.506949738237443270e+00
2.318182145863347365e+00
2.150936690833439080e+00
2.002515093159169979e+00
1.870631500589350571e+00
1.753353012856736726e+00
1.649048724540881361e+00
1.556344091545478037e+00
1.474078966704647886e+00
1.401268631394553932e+00
1.337067817170879636e+00
1.280738155863301309e+00
1.231619724250257120e+00
1.189107349643666156e+00
1.152632135876656472e+00
1.121648322536165310e+00
1.095625201951168082e+00
1.074043484101486978e+00
1.056395281285176679e+00
1.042186796790725900e+00
1.030942819991733650e+00
1.022212210628840046e+00
1.015573657344104097e+00
1.010641096004210038e+00
1.007068266863088368e+00
1.004551984270391607e+00
1.002833801836977345e+00
1.001699890822621564e+00
1.000979112736179344e+00
1.000539448900380268e+00
1.000283126942187240e+00
1.000140924568162726e+00
1.000066202427292827e+00
1.000029200210425406e+00
1.000012025162206442e+00
1.000004595876620161e+00
1.000001619546902587e+00
