4.525836728730773757e+02
4.487906512070053964e+02
4.447145814281875005e+02
4.403378267379525823e+02
4.356422589585493483e+02
4.306093631875122583e+02
4.252203694193138972e+02
4.194564147770353770e+02
4.132987401431714147e+02
4.067289250335301176e+02
3.997291644860795259e+02
3.922825914948878108e+02
3.843736480580269017e+02
3.759885071702042296e+02
3.671155470122702127e+02
3.577458771025672490e+02
3.478739142098335151e+02
3.374980033182881130e+02
3.266210758275561830e+02
3.152513334285910105e+02
3.034029417201216461e+02
2.910967126654035155e+02
2.783607495500879168e+02
2.652310223902869097e+02
2.517518360650100817e+02
2.379761482459065576e+02
2.239656900464076159e+02
2.097908399304610612e+02
1.955302016523291400e+02
1.812698407717142857e+02
1.671021425409212497e+02
1.531242675263718809e+02
1.394362007785525464e+02
1.261384158205436421e+02
1.133292056316575440e+02
1.011017677203634406e+02
8.954116682186902665e+01
7.872133312783309123e+01
6.870228168060948803e+01
5.952775443784423004e+01
5.122348534403436560e+01
4.379626626633886843e+01
3.723394561469888941e+01
3.150642274420787459e+01
2.656761465958331314e+01
2.235827613587665752e+01
1.880946271656902979e+01
1.584635258423430493e+01
1.339210166130057011e+01
1.137140618626863819e+01
9.713491290377394449e+00
8.354327116425888988e+00
7.237981904453036464e+00
6.317134740873300736e+00
5.552868717025686074e+00
4.913931455120149394e+00
4.375675875105429213e+00
3.918881130969424920e+00
3.528611864888872685e+00
3.193218111805685488e+00
2.903523092047775034e+00
2.652202465815820975e+00
2.433331160187099496e+00
2.242061910267005853e+00
2.074399067395056306e+00
1.927036947789794397e+00
1.797239808541489570e+00
1.682747846385170831e+00
1.581699329550036559e+00
1.492562988771060084e+00
1.414077447455811987e+00
1.345196182393369133e+00
1.285037609048849339e+00
1.232840586415640871e+00
1.187926035934039115e+00
1.149665502796174188e+00
1.117457370613517131e+00
1.090711098668634360e+00
1.068839340739891952e+00
1.051257211492957699e+00
1.037387394663867646e+00
1.026669340807379704e+00
1.018570565187237875e+00
1.012598073943701271e+00
1.008308214441638651e+00
1.005313708957318086e+00
1.003287198339361863e+00
1.001961190483672492e+00
1.001124788257541143e+00
1.000617906978350069e+00
1.000323865055163575e+00
1.000161255872093813e+00
1.000075914635501828e+00
1.000033617087076721e+00
1.000013924973251367e+00
1.000005362933920061e+00
1.000001907855522010e+00
1.000000622526769689e+00
1.000000184897437139e+00
1.000000049578751549e+00
