4.525847050886941361e+02
4.487918615471186854e+02
4.447160001507220386e+02
4.403394891009068033e+02
4.356442060049507745e+02
4.306116426411700786e+02
4.252230367031192486e+02
4.194595341655403331e+02
4.133023860605329105e+02
4.067331835065402288e+02
3.997341347595175307e+02
3.922883878125311981e+02
3.843804016069170757e+02
3.759963681775763007e+02
3.671246869733896006e+02
3.577564911028286474e+02
3.478862232850741520e+02
3.375122567726423313e+02
3.266375533974826908e+02
3.152703471444461343e+02
3.034248372725405716e+02
2.911218700330873617e+02
2.783895825895269809e+02
2.652639770289469539e+02
2.517893866815899457e+02
2.380187917708501004e+02
2.240139372818782419e+02
2.098452035835694005e+02
1.955911806137863209e+02
1.813379002722690529e+02
1.671776899995970211e+02
1.532076241866353143e+02
1.395275696259703579e+02
1.262378467937451347e+02
1.134365597672054520e+02
1.012166825780625601e+02
8.966302625654316216e+01
7.884924510855925917e+01
6.883506827668692551e+01
5.966395813543881843e+01
5.136139536707135989e+01
4.393396741695856633e+01
3.736939026182757573e+01
3.163752403272808778e+01
2.669235600554641508e+01
2.247482900699275277e+01
1.891630210939338141e+01
1.594235810223523586e+01
1.347663220672996864e+01
1.144433831352090536e+01
9.775215172279207110e+00
8.405699353331570478e+00
7.280240174633415329e+00
6.351784452526537450e+00
5.581555340108773855e+00
4.938313392321866502e+00
4.397311423800367436e+00
3.939139713858352820e+00
3.548615118340803676e+00
3.213811638264113757e+00
2.925275617191493538e+00
2.675426393692391880e+00
2.458117306084338871e+00
2.268321379903719404e+00
2.101906469200394589e+00
1.955470886963069033e+00
1.826218439124877690e+00
1.711858776318033293e+00
1.610524173569042317e+00
1.520697314437249315e+00
1.441146876415428935e+00
1.370869186056035582e+00
1.309035268138919683e+00
1.254943398523487685e+00
1.207977799787591566e+00
1.167574357014916853e+00
1.133194160307113396e+00
1.104305334639190450e+00
1.080373081291544635e+00
1.060857241074739887e+00
1.045216112371352812e+00
1.032914814501201040e+00
1.023436250201069653e+00
1.016292726800108071e+00
1.011036538161158571e+00
1.007268237160886093e+00
1.004641853255691775e+00
1.002866830478660320e+00
1.001706893910711882e+00
1.000976352187093132e+00
1.000534507489253322e+00
1.000278898445025488e+00
1.000138077418472271e+00
1.000064544515874454e+00
1.000028337537088419e+00
1.000011618720156426e+00
1.000004421661254694e+00
1.000001551590930848e+00
1.000000498478774924e+00
1.000000145501018123e+00
