1.810702133951714927e+02
1.795591947604071947e+02
1.779359696617705424e+02
1.761936410365408960e+02
1.743251376578583063e+02
1.723232585951353144e+02
1.701807286012404461e+02
1.678902658395120397e+02
1.654446634019780618e+02
1.628368860669311289e+02
1.600601836844244588e+02
1.571082224447129647e+02
1.539752350568352028e+02
1.506561905194819531e+02
1.471469836791127079e+02
1.434446441149383702e+02
1.395475630414481714e+02
1.354557358539282745e+02
1.311710166443358787e+02
1.266973794776032634e+02
1.220411794513496631e+02
1.172114045965536064e+02
1.122199075740028604e+02
1.070816039796317654e+02
1.018146220342254509e+02
9.644038669314404899e+01
9.098362001646069075e+01
8.547223928593406583e+01
7.993713517769545263e+01
7.441181464912959598e+01
6.893189740475220617e+01
6.353446112506668442e+01
5.825723918986182781e+01
5.313768529942127117e+01
4.821193178974924365e+01
4.351368177781075985e+01
3.907308837973495486e+01
3.491568555098922388e+01
3.106144274735229516e+01
2.752401765736317074e+01
2.431027598779799703e+01
2.142013357707471499e+01
1.884675387211442654e+01
1.657710430907305010e+01
1.459284120628698922e+01
1.287145863970785697e+01
1.138760756155711995e+01
1.011447229838038808e+01
9.025086576550146233e+00
8.093482201213312521e+00
7.295589298003625878e+00
6.609843364495221252e+00
6.017494668820915216e+00
5.502652312623072639e+00
5.052122073106811939e+00
4.655110114602904581e+00
4.302863465897071471e+00
3.988305714662891077e+00
3.705707657998304150e+00
3.450413026768532898e+00
3.218623081125472130e+00
3.007233071298572202e+00
2.813708483992100717e+00
2.635988471590723137e+00
2.472406143122497291e+00
2.321618839083548380e+00
2.182544919720799115e+00
2.054306271693893127e+00
1.936177387208875222e+00
1.827542476599976595e+00
1.727861807442877540e+00
1.636647606194721050e+00
1.553448756466512481e+00
1.477842519325641923e+00
1.409430851108824712e+00
1.347838745316411568e+00
1.292712375992349783e+00
1.243715544203227052e+00
1.200523826918030723e+00
1.162816691910853129e+00
1.130268516226321962e+00
1.102539849047216469e+00
1.079270381316892680e+00
1.060074952289408623e+00
1.044543575667424840e+00
1.032245944053966857e+00
1.022740221922033621e+00
1.015585248637802529e+00
1.010354666957694381e+00
1.006651108001150208e+00
1.004118512316064082e+00
1.002450985607772127e+00
1.001397216340633944e+00
1.000760273884371276e+00
1.000393370999589360e+00
1.000192740095982469e+00
1.000089032227901908e+00
1.000038586747537872e+00
1.000015609255107796e+00
1.000005860390445367e+00
