9.055007508274879058e+01
8.979707782930384496e+01
8.898838578533921861e+01
8.812061330954618654e+01
8.719029642174338335e+01
8.619391599530455039e+01
8.512792644779710827e+01
8.398879061411123814e+01
8.277302149670886422e+01
8.147723157523476800e+01
8.009819031498406616e+01
7.863289043168929027e+01
7.707862333858172121e+01
7.543306400938891443e+01
7.369436522580173232e+01
7.186126082775729174e+01
6.993317713814305137e+01
6.791035118077424215e+01
6.579395364603513485e+01
6.358621378273318214e+01
6.129054251664215514e+01
5.891164913709558704e+01
5.645564588968383646e+01
5.393013382168729919e+01
5.134426232583746241e+01
4.870875412025593221e+01
4.603588701522369320e+01
4.333942389899786463e+01
4.063448308642267648e+01
3.793734267585413278e+01
3.526517499044579296e+01
3.263571062780699350e+01
3.006683611205351525e+01
2.757613451736703425e+01
2.518038443846579000e+01
2.289503886499388940e+01
2.073371123166886321e+01
1.870770036416891458e+01
1.682558833571042811e+01
1.509294453756477417e+01
1.351216489111002517e+01
1.208246681668859246e+01
1.080004861565012142e+01
9.658407287885159676e+00
8.648793153652917454e+00
7.760765157593688457e+00
6.982799778417085435e+00
6.302901140372421551e+00
5.709161507936943991e+00
5.190229899833563643e+00
4.735660737322304747e+00
4.336131685070185426e+00
3.983536929260613313e+00
3.670975972903891549e+00
3.392666434165132472e+00
3.143811567378660410e+00
2.920450049652476565e+00
2.719308856441895461e+00
2.537672069396368801e+00
2.373271206940289701e+00
2.224197364980683211e+00
2.088832445420391259e+00
1.965795692876957101e+00
1.853901972774385731e+00
1.752129004066706353e+00
1.659591581764038759e+00
1.575521400775824254e+00
1.499251343411853510e+00
1.430203079807122801e+00
1.367876692018171525e+00
1.311840931049014003e+00
1.261722793903681916e+00
1.217195448916659872e+00
1.177964140474619503e+00
1.143750474983426413e+00
1.114276262803125750e+00
1.089248672595083400e+00
1.068348680032601417e+00
1.051224575165125907e+00
1.037491651767938894e+00
1.026738263539952456e+00
1.018537397539953426e+00
1.012462011374255288e+00
1.008101802410166670e+00
1.005078941483960486e+00
1.003060623850762445e+00
1.001766978845129330e+00
1.000973773486685259e+00
1.000510246258896618e+00
1.000253130556405079e+00
1.000118343557006462e+00
1.000051880468973975e+00
1.000021211116361775e+00
1.000008040193243852e+00
1.000002807637208058e+00
1.000000896980024478e+00
1.000000260216719061e+00
1.000000067993768393e+00
1.000000015862051450e+00
1.000000003272245364e+00
