4.525830250534763195e+02
4.487899238111351110e+02
4.447137694120240781e+02
4.403369264251434743e+02
4.356412688214824698e+02
4.306082848852950633e+02
4.252192091605164705e+02
4.194551850898129715e+02
4.132974621524609802e+02
4.067276313644769630e+02
3.997279029344731498e+02
3.922814296289525373e+02
3.843726789405750424e+02
3.759878564148107216e+02
3.671153814099553188e+02
3.577464150737692989e+02
3.478754383466565514e+02
3.375008752791566167e+02
3.266257538242026612e+02
3.152583924958665307e+02
3.034130968730099767e+02
2.911108449139472896e+02
2.783799345500128766e+02
2.652565612431773729e+02
2.517852874368003029e+02
2.380193605398366401e+02
2.240208318469182132e+02
2.098604263391042366e+02
1.956171134923512795e+02
1.813773329917003991e+02
1.672338375717780821e+02
1.532841289397943854e+02
1.396284824859349669e+02
1.263675823873945063e+02
1.135998202197249469e+02
1.014183458479334377e+02
8.990799664251952095e+01
7.914226626783738539e+01
6.918050270549566960e+01
6.006554142121166961e+01
5.182197826951739472e+01
4.445526340694455314e+01
3.795174978953910738e+01
3.227975865519640308e+01
2.739163476774615802e+01
2.322666557282388666e+01
1.971464396935745356e+01
1.677977926360347638e+01
1.434461930575087685e+01
1.233364884916067261e+01
1.067627756405788020e+01
9.309019563281458076e+00
8.176779771093432458e+00
7.233280214546573994e+00
6.440759648059025011e+00
5.769145729761014252e+00
5.194922086327007804e+00
4.699895446834085000e+00
4.270021917553498803e+00
3.894392332988638294e+00
3.564419782135265446e+00
3.273228495571957719e+00
3.015216504279205623e+00
2.785753473637405886e+00
2.580975299906626663e+00
2.397643228384476188e+00
2.233043319613250866e+00
2.084909654122976796e+00
1.951360756233379012e+00
1.830843203173691869e+00
1.722079476621796390e+00
1.624019087629443581e+00
1.535793120984811688e+00
1.456672831746430141e+00
1.386032990354186145e+00
1.323320488580816523e+00
1.268028424987621694e+00
1.219675586065914086e+00
1.177790994708994399e+00
1.141903048799900677e+00
1.111532730378284484e+00
1.086190414685540340e+00
1.065375908629466295e+00
1.048581442312603418e+00
1.035297363417033933e+00
1.025020196210271406e+00
1.017262515654424382e+00
1.011563795077333072e+00
1.007501104763646405e+00
1.004698384748319073e+00
1.002833086271353480e+00
1.001639308951439267e+00
1.000907104144796556e+00
1.000478241269334712e+00
1.000239281197768948e+00
1.000113131882329309e+00
1.000050311655751978e+00
1.000020940289938709e+00
1.000008112639316993e+00
1.000002908255380074e+00
