1.810888826593401291e+02
1.795809960041035538e+02
1.779614117899881194e+02
1.762233112201910785e+02
1.743597121875755533e+02
1.723635149212517490e+02
1.702275585998056329e+02
1.679446903156432995e+02
1.655078478020739681e+02
1.629101573178975286e+02
1.601450480082808667e+02
1.572063839078849981e+02
1.540886145021417235e+02
1.507869443925886799e+02
1.472975220978182733e+02
1.436176473378954483e+02
1.397459952731428530e+02
1.356828550777153168e+02
1.314303789110708749e+02
1.269928358044356855e+02
1.223768632196607200e+02
1.175917071029203100e+02
1.126494392145444294e+02
1.075651384760574132e+02
1.023570211881173293e+02
9.704650343995849937e+01
9.165817810384612585e+01
8.621968878353794707e+01
8.076148429093797176e+01
7.531643999163101455e+01
6.991933698406606368e+01
6.460619676492608221e+01
5.941347783261774396e+01
5.437715140527100033e+01
4.953168558360752627e+01
4.490898001083635904e+01
4.053730512458614044e+01
3.644030987082288675e+01
3.263616745286317666e+01
2.913692852628708252e+01
2.594814375794257444e+01
2.306880208890760287e+01
2.049160770889084660e+01
1.820358936021179019e+01
1.618700327184154020e+01
1.442046009095131964e+01
1.288018152009848194e+01
1.154127852553962974e+01
1.037894308338478666e+01
9.369460243115707243e+00
8.490974719803787707e+00
7.723981518474223762e+00
7.051546778645424673e+00
6.459296453299112173e+00
5.935231430605833580e+00
5.469435825491357761e+00
5.053741114584893168e+00
4.681395860643705831e+00
4.346773593917212963e+00
4.045134456957409697e+00
3.772442649552370408e+00
3.525232937081011375e+00
3.300515347346764106e+00
3.095706564091421420e+00
2.908578040581231594e+00
2.737213317458566664e+00
2.579969644983284294e+00
2.435441354791575197e+00
2.302424306727654191e+00
2.179882065362998222e+00
2.066915192570728976e+00
1.962735167350144749e+00
1.866644018538318406e+00
1.778019931302708523e+00
1.696308108355041755e+00
1.621015322880434928e+00
1.551706150777637738e+00
1.487998955652212185e+00
1.429560290971431780e+00
1.376097285037916507e+00
1.327348493744125335e+00
1.283074357502478557e+00
1.243048601851626023e+00
1.207051657604495620e+00
1.174866584075123122e+00
1.146277290927150583e+00
1.121068309047090761e+00
1.099025121193776489e+00
1.079934171409353105e+00
1.063582053854113862e+00
1.049753887022498500e+00
1.038231340872141084e+00
1.028791068919853835e+00
1.021204336406258184e+00
1.015238432939085778e+00
1.010660077992003636e+00
1.007240573227395020e+00
1.004762041983095155e+00
1.003023824757476312e+00
1.001848034927443676e+00
