4.525570365442140996e+02
4.487595636101892183e+02
4.446783240085594571e+02
4.402955717276267933e+02
4.355930545937003444e+02
4.305521174170406198e+02
4.251538320921173977e+02
4.193791583449406630e+02
4.132091389839886233e+02
4.066251335871778565e+02
3.996090945101215084e+02
3.921438888882294691e+02
3.842136698767889129e+02
3.758042996712991339e+02
3.669038258102093550e+02
3.575030108139782783e+02
3.475959132855887788e+02
3.371805161185695283e+02
3.262593943684721012e+02
3.148404116006676645e+02
3.029374291205055556e+02
2.905710074572851909e+02
2.777690739125390564e+02
2.645675240839968296e+02
2.510107193361567681e+02
2.371518366333101540e+02
2.230530225532617123e+02
2.087853003830453531e+02
1.944281788245425560e+02
1.800689139740691189e+02
1.658013838854450341e+02
1.517245481032172165e+02
1.379404837508904791e+02
1.245520153354599842e+02
1.116599869789207418e+02
9.936026200721711632e+01
8.774057332079405569e+01
7.687738515046005716e+01
6.683295796193733906e+01
5.765282790866154983e+01
4.936391466400174721e+01
4.197345176157259772e+01
3.546888872662605507e+01
2.981884444055947725e+01
2.497510067457742622e+01
2.087552252722683477e+01
1.744769174532401834e+01
1.461295528371953800e+01
1.229054043610340763e+01
1.040138121928562320e+01
8.871343090197791881e+00
7.633619822913468411e+00
6.630193265990110163e+00
5.812372520382099950e+00
5.140540418055863370e+00
4.583312343147429857e+00
4.116344537218839861e+00
3.721016504897377342e+00
3.383165701965587413e+00
3.091989164243885480e+00
2.839163407414647455e+00
2.618183633522600751e+00
2.423891910433434660e+00
2.252150856243378296e+00
2.099619600132997643e+00
1.963596341159194347e+00
1.841901653707778808e+00
1.732785726710378338e+00
1.634849718226142334e+00
1.546976243654585081e+00
1.468267062693544123e+00
1.397987736366492317e+00
1.335519773814378919e+00
1.280320886236445244e+00
1.231893669148902415e+00
1.189762561574352562e+00
1.153458453427599562e+00
1.122509943931691678e+00
1.096440046190594098e+00
1.074767084413826179e+00
1.057008603753625264e+00
1.042687256982888888e+00
1.031337798886911461e+00
1.022514473126280965e+00
1.015798199361037879e+00
1.010803059127034498e+00
1.007181649010759683e+00
1.004628938658431947e+00
1.002884359577256523e+00
1.001731972783047153e+00
1.000998721160192062e+00
1.000550952967338869e+00
1.000289579571268961e+00
1.000144368802814654e+00
1.000067942945384925e+00
1.000030028230597834e+00
1.000012393744374117e+00
1.000004748397649079e+00
1.000001677813624479e+00
1.000000542938790815e+00
