4.525969430696315499e+02
4.488061932846217701e+02
4.447327769210435804e+02
4.403591192279326378e+02
4.356671636116855097e+02
4.306384776035869777e+02
4.252543859325554649e+02
4.194961343474941486e+02
4.133450879752412561e+02
4.067829680483465609e+02
3.997921307559864772e+02
3.923558917180315575e+02
3.844588991061766592e+02
3.760875576791729031e+02
3.672305048974890838e+02
3.578791387673841768e+02
3.480281950657236507e+02
3.376763690488519387e+02
3.268269735967886049e+02
3.154886219541685932e+02
3.036759188018771738e+02
2.914101383782779635e+02
2.787198628847632449e+02
2.656415486650809612e+02
2.522199819599352111e+02
2.385085808560457679e+02
2.245694959629309437e+02
2.104734600959361615e+02
1.962993376822298615e+02
1.821333286827758684e+02
1.680677904890668799e+02
1.541996553474968152e+02
1.406284409514819345e+02
1.274538780115598087e+02
1.147732102572344530e+02
1.026782579139732263e+02
9.125237262336128197e+01
8.056744628707502898e+01
7.068116366647855386e+01
6.163470339279176358e+01
5.345108903351720642e+01
4.613436673785881936e+01
3.966973663802083649e+01
3.402469281969598569e+01
2.915113665754706673e+01
2.498833036239383176e+01
2.146646502865121775e+01
1.851054535213132723e+01
1.604425542641735092e+01
1.399347606578553282e+01
1.228917594328902751e+01
1.086948942269320462e+01
9.680907792842296189e+00
8.678626767797629427e+00
7.826190216495022334e+00
7.094631733325783784e+00
6.461334602313752562e+00
5.908810222478977359e+00
5.423547061941448533e+00
4.995022810605141750e+00
4.614916740268562911e+00
4.276517510839849656e+00
3.974297406005173450e+00
3.703615294342001985e+00
3.460512462070463702e+00
3.241572385955624469e+00
3.043823384721682679e+00
2.864669698405613030e+00
2.701841279997151180e+00
2.553355717965574367e+00
2.417487787714534875e+00
2.292743611795551750e+00
2.177837549143162743e+00
2.071670819840232713e+00
1.973311502326601463e+00
1.881975898071224895e+00
1.797011360415316839e+00
1.717880593396177380e+00
1.644147242933287734e+00
1.575462433715634436e+00
1.511551831610913776e+00
1.452202867057142521e+00
1.397251922313467398e+00
1.346571510186833631e+00
1.300057686206114838e+00
1.257618084252555057e+00
1.219161020307917065e+00
1.184586076665980370e+00
1.153776489983649789e+00
1.126593557066950968e+00
1.102873167097997653e+00
1.082424474413663962e+00
1.065030635359573763e+00
1.050451439759168215e+00
1.038427576116801143e+00
1.028686194134883269e+00
1.020947382959624061e+00
1.014931171132308796e+00
1.010364660356560362e+00
1.006988908028149554e+00
