9.055103023044767951e+01
8.979818545278219233e+01
8.898966856441646200e+01
8.812209684538061083e+01
8.719200948671628737e+01
8.619589076560865237e+01
8.513019870292011149e+01
8.399139988249595490e+01
8.277601112095811686e+01
8.148064866321890065e+01
8.010208553505081852e+01
7.863731760088494127e+01
7.708363874247947933e+01
7.543872538104697867e+01
7.370073029999674930e+01
7.186838537568362995e+01
6.994111237831586436e+01
6.791914045542399947e+01
6.580362825085413192e+01
6.359678784403632079e+01
6.130200682705176973e+01
5.892396389257717004e+01
5.646873232143010313e+01
5.394386479047189198e+01
5.135845204827539590e+01
4.872314732918211888e+01
4.605014802141823083e+01
4.335312621670866662e+01
4.064710050361240690e+01
3.794824287815361430e+01
3.527361706335405245e+01
3.264084793297971743e+01
3.006772611893244473e+01
2.757175712090118225e+01
2.516967005295183668e+01
2.287690710181965770e+01
2.070712020765378369e+01
1.867170563809603223e+01
1.677940916849835773e+01
1.503603371016636814e+01
1.344427685537525541e+01
1.200371772536390225e+01
1.071096105193583448e+01
9.559932572494561853e+00
8.542305175095368242e+00
7.648021852265618037e+00
6.865871592515585320e+00
6.184069714564833120e+00
5.590795892246385179e+00
5.074651131853835651e+00
4.625007885724892631e+00
4.232242912382556455e+00
3.887857524268619969e+00
3.584501827801284346e+00
3.315926694996438773e+00
3.076889057413454420e+00
2.863033513983639811e+00
2.670767891071007316e+00
2.497144208715777580e+00
2.339751043800255115e+00
2.196619378680070955e+00
2.066141795737497233e+00
1.947003945859701490e+00
1.838127032083701318e+00
1.738620139642373053e+00
1.647741334708105576e+00
1.564866451662408231e+00
1.489464407003841639e+00
1.421077770488957004e+00
1.359307246095242894e+00
1.303798715707354505e+00
1.254231620251633927e+00
1.210307727812357070e+00
1.171739769831993794e+00
1.138239974067491556e+00
1.109509095993802985e+00
1.085227022513332029e+00
1.065046263001810045e+00
1.048589559463505294e+00
1.035452418689432941e+00
1.025210663305043290e+00
1.017432264712899936e+00
1.011691953960055734e+00
1.007586594695847992e+00
1.004749174418402058e+00
1.002859558979417587e+00
1.001650789256614660e+00
1.000910523667606800e+00
1.000478052872542101e+00
1.000237955093717934e+00
1.000111803850144199e+00
1.000049353191100998e+00
1.000020363652061928e+00
1.000007810490129101e+00
1.000002768090705096e+00
1.000000900608219778e+00
1.000000267099720119e+00
1.000000071655808842e+00
1.000000017243737771e+00
1.000000003688362948e+00
