4.525691457473609489e+02
4.487736976799789659e+02
4.446948102388523694e+02
4.403147873047437884e+02
4.356154334024001855e+02
4.305781575609543097e+02
4.251841041438270281e+02
4.194143143210233688e+02
4.132499220134105258e+02
4.066723882059415587e+02
3.996637774695581697e+02
3.922070803072032845e+02
3.842865844979482972e+02
3.758882978971125226e+02
3.670004240952814598e+02
3.576138908760638628e+02
3.477229294701847380e+02
3.373257001138976534e+02
3.264249563241670558e+02
3.150287365625874259e+02
3.031510675670071464e+02
2.908126586242662484e+02
2.780415605449554732e+02
2.648737572738345420e+02
2.513536522279464123e+02
2.375344060271394540e+02
2.234780778402151782e+02
2.092555198330484814e+02
1.949459740260087415e+02
1.806363241967639510e+02
1.664199632772889856e+02
1.523952498823942960e+02
1.386635468242437526e+02
1.253268599318905245e+02
1.124851267669091470e+02
1.002332405809008549e+02
8.865793270176041574e+01
7.783467290799417526e+01
6.782477762181135006e+01
5.867293453390327329e+01
5.040535403320866692e+01
4.302873778430258511e+01
3.653021010189880258e+01
3.087828863669046342e+01
2.602488160642430159e+01
2.190819818814416564e+01
1.845635959133682036e+01
1.559141609285114427e+01
1.323342507797157097e+01
1.130423848038326540e+01
9.730689652784780819e+00
8.446955212110621503e+00
7.395983033054212896e+00
6.530002557126184826e+00
5.810244821803977722e+00
5.206077369494081175e+00
4.693792236231441706e+00
4.255273458636602335e+00
3.876724233435040912e+00
3.547569663264574125e+00
3.259586402295671093e+00
3.006258771654791939e+00
2.782328444290053326e+00
2.583491245271226866e+00
2.406195163882988819e+00
2.247502057234817663e+00
2.104986370434003717e+00
1.976654119236430862e+00
1.860872924893817393e+00
1.756308904760882861e+00
1.661869164845212410e+00
1.576650112249551983e+00
1.499892325575556962e+00
1.430942669587469185e+00
1.369223975922227776e+00
1.314212113213987010e+00
1.265419769636044300e+00
1.222385868524060060e+00
1.184669300411793857e+00
1.151845610278220189e+00
1.123505415054588230e+00
1.099253600002727538e+00
1.078708691961859367e+00
1.061502166117113788e+00
1.047277749418902060e+00
1.035690989818228713e+00
1.026409438192367851e+00
1.019113736840280504e+00
1.013499748234326647e+00
1.009281634136155015e+00
1.006195562378640718e+00
1.004003530427276303e+00
1.002496695932157955e+00
1.001497623413901472e+00
1.000860998805647162e+00
1.000472607505482170e+00
1.000246666088217218e+00
1.000121873151655905e+00
1.000056732087762912e+00
1.000024753838072877e+00
