9.055033909268843217e+01
8.979738582442919892e+01
8.898874482321306800e+01
8.812103150633097925e+01
8.719078309068390809e+01
8.619448179758562389e+01
8.512858355511362163e+01
8.398955288155855214e+01
8.277390464363999456e+01
8.147825337048369931e+01
8.009937076126733757e+01
7.863425194201604995e+01
7.708019089506618116e+01
7.543486529192215073e+01
7.369643069457063689e+01
7.186362373958813521e+01
6.993587347213995997e+01
6.791341944382885742e+01
6.579743452370612999e+01
6.359014959607568329e+01
6.129497644132577960e+01
5.891662413831926415e+01
5.646120332598795954e+01
5.393631167409208160e+01
5.135109301744322607e+01
4.871626190747777230e+01
4.604408495738380935e+01
4.334831045029496721e+01
4.064403840533561407e+01
3.794752481308798764e+01
3.527591619749164664e+01
3.264691412171705309e+01
3.007837373252798230e+01
2.758784580976979584e+01
2.519207777576952267e+01
2.290649526210694731e+01
2.074469148128893181e+01
1.871795600548659166e+01
1.683487672847812533e+01
1.510104793465101203e+01
1.351891287978013700e+01
1.208776085633696873e+01
1.080388669724690232e+01
9.660906078351208848e+00
8.650204504151165708e+00
7.761483706800753168e+00
6.983358719456376207e+00
6.303954140734033373e+00
5.711450274342732669e+00
5.194538827932586145e+00
4.742762196774404693e+00
4.346727367148146115e+00
3.998201893340872726e+00
3.690112212437623107e+00
3.416471775247213127e+00
3.172267616145257207e+00
2.953330094120546256e+00
2.756203671120707632e+00
2.578029077437852479e+00
2.416440913406027402e+00
2.269480628383262921e+00
2.135522955476200302e+00
2.013213676261543572e+00
1.901417218896515049e+00
1.799173332605142894e+00
1.705662489421788885e+00
1.620179600450764035e+00
1.542115187181551716e+00
1.470942531152584998e+00
1.406208780146918746e+00
1.347527718842809863e+00
1.294572034185699660e+00
1.247063433116113007e+00
1.204759813969444426e+00
1.167439689139953440e+00
1.134885006814530861e+00
1.106864233711581935e+00
1.083117895432743616e+00
1.063348656754691479e+00
1.047217478954856063e+00
1.034346518413004734e+00
1.024328399928398303e+00
1.016740511532097102e+00
1.011162217350260129e+00
1.007192512977858279e+00
1.004465715517563362e+00
1.002663258372115784e+00
1.001520437093236460e+00
1.000827858848793328e+00
1.000428197578792533e+00
1.000209486277721105e+00
1.000096484492710935e+00
1.000041624376561300e+00
1.000016727865043142e+00
1.000006225173849961e+00
1.000002131480167700e+00
1.000000666803247062e+00
1.000000189154396368e+00
1.000000048259276353e+00
1.000000010975755194e+00
