9.055331112332154930e+01
8.980085420636042670e+01
8.899278961326494652e+01
8.812574491716847547e+01
8.719627113532469309e+01
8.620086610237591174e+01
8.513600334321441210e+01
8.399816712374277472e+01
8.278389436615732677e+01
8.148982410053859837e+01
8.011275507890781000e+01
7.864971209255833173e+01
7.709802139824267897e+01
7.545539546245623796e+01
7.372002696371143315e+01
7.189069163835223719e+01
6.996685910498631245e+01
6.794881024705375694e+01
6.583775906737446348e+01
6.363597615391929452e+01
6.134691002271892302e+01
5.897530165418019266e+01
5.652728655130817970e+01
5.401047767985949122e+01
5.143402178097188937e+01
4.880862087999445720e+01
4.614651047834809816e+01
4.346138605527504950e+01
4.076827028160928990e+01
3.808331491339333041e+01
3.542353382010551854e+01
3.280646708867423200e+01
3.024978062203043905e+01
2.777081098826652905e+01
2.538607118547135855e+01
2.311073900105320789e+01
2.095815511655461805e+01
1.893936224663427836e+01
1.706271853978617514e+01
1.533361739509138033e+01
1.375434116419747355e+01
1.232406770817731001e+01
1.103903682687709242e+01
9.892869202533582040e+00
8.877015378764040676e+00
7.981298583231051680e+00
7.194505178822461211e+00
6.504972132910201488e+00
5.901123225111950532e+00
5.371914645300015501e+00
4.907164694929456950e+00
4.497758914622398407e+00
4.135738002295730631e+00
3.814288481279150655e+00
3.527663323367277393e+00
3.271061140583527482e+00
3.040489053972722289e+00
2.832627818564536604e+00
2.644710402099203161e+00
2.474418773032061480e+00
2.319799161171731683e+00
2.179193686713101652e+00
2.051185573910796034e+00
1.934555469728355348e+00
1.828247008295166731e+00
1.731340249677328469e+00
1.643031792643394606e+00
1.562620250464711980e+00
1.489495546458003084e+00
1.423130319058359738e+00
1.363071762371417917e+00
1.308932516936915480e+00
1.260379729750320754e+00
1.217122029282754037e+00
1.178894800633669693e+00
1.145444701143407018e+00
1.116514754384883679e+00
1.091831547695150784e+00
1.071095999660818698e+00
1.053978846536033576e+00
1.040121445331405159e+00
1.029141781720896098e+00
1.020644826804054883e+00
1.014235756832065016e+00
1.009534168560529466e+00
1.006187370027295191e+00
1.003881104454430462e+00
1.002346599326436882e+00
1.001363497308202399e+00
1.000758879155782433e+00
1.000403110114635341e+00
1.000203554283486840e+00
1.000097284320099034e+00
1.000043795073080277e+00
1.000018473127773477e+00
1.000007259174928276e+00
1.000002640812616583e+00
1.000000883330582235e+00
1.000000269663738228e+00
1.000000074532177319e+00
