4.525649948843044399e+02
4.487688646612740513e+02
4.446891879897921172e+02
4.403082532765415067e+02
4.356078476888325213e+02
4.305693608809918942e+02
4.251739157089020864e+02
4.194025296163515009e+02
4.132363105362620104e+02
4.066566912201882928e+02
3.996457058554786386e+02
3.921863126084947453e+02
3.842627652940385019e+02
3.758610366577686364e+02
3.669692947052594718e+02
3.575784320486039292e+02
3.476826462972963441e+02
3.372800670252828468e+02
3.263734217410051315e+02
3.149707295315619717e+02
3.030860066371239441e+02
2.907399631761900878e+02
2.779606646911653343e+02
2.647841263092983013e+02
2.512548014179697304e+02
2.374259212672853039e+02
2.233596374138788008e+02
2.091269161347481145e+02
1.948071337334603186e+02
1.804873249975089777e+02
1.662610449377737041e+02
1.522268172574579808e+02
1.384861624254934043e+02
1.251412239930332930e+02
1.122920434443808801e+02
1.000335700636769900e+02
8.845253057764051619e+01
7.762432006835096843e+01
6.761010610368801110e+01
5.845435670528149075e+01
5.018300403174639257e+01
4.280243467452858397e+01
3.629945140197517617e+01
3.064228040866763081e+01
2.578260720072503887e+01
2.165852235786274349e+01
1.819815883102458898e+01
1.532372083042932154e+01
1.295555600082316694e+01
1.101591885146304328e+01
9.432118458412743323e+00
8.138832047558882010e+00
7.079483574533788293e+00
6.206711469122042857e+00
5.482059079364583809e+00
4.875095819437863298e+00
4.362206358530639427e+00
3.925270429036073594e+00
3.550408075057058355e+00
3.226901280147730144e+00
2.946339960214131803e+00
2.701990748207903970e+00
2.488356376408309423e+00
2.300880883082401240e+00
2.135756420238107633e+00
1.989795100725269661e+00
1.860339136092587831e+00
1.745191482542312711e+00
1.642556145199983497e+00
1.550982162697736255e+00
1.469308562028748044e+00
1.396609735173472089e+00
1.332142089922988104e+00
1.275293645825473998e+00
1.225538561314316155e+00
1.182398452565159408e+00
1.145411898030273212e+00
1.114112856773963101e+00
1.088018014937975009e+00
1.066622430379972286e+00
1.049402330456803423e+00
1.035823541794146152e+00
1.025353782791539325e+00
1.017476926429891737e+00
1.011707356665819679e+00
1.007602715922365721e+00
1.004773678359781819e+00
1.002889858339870655e+00
1.001681519195289027e+00
1.000937306636302093e+00
1.000498711209309999e+00
1.000252293613514976e+00
1.000120840128789990e+00
1.000054545965961106e+00
1.000023087793453724e+00
1.000009113724618537e+00
1.000003335115899228e+00
1.000001124076719705e+00
1.000000346463961298e+00
1.000000096899484658e+00
