1.811157105604043238e+02
1.796123033621542788e+02
1.779979209026332398e+02
1.762658540334490169e+02
1.744092451333173130e+02
1.724211352796923507e+02
1.702945224089189935e+02
1.680224318036736122e+02
1.655980002579708241e+02
1.630145752344203629e+02
1.602658302305815994e+02
1.573458973934367009e+02
1.542495181431617084e+02
1.509722121675350195e+02
1.475104646033144036e+02
1.438619305076971386e+02
1.400256548204499438e+02
1.360023049090492293e+02
1.317944114668942461e+02
1.274066120027215163e+02
1.228458894401887989e+02
1.181217964869244810e+02
1.132466545098780699e+02
1.082357137837274763e+02
1.031072603194072315e+02
9.788265323407247820e+01
9.258627603953335949e+01
8.724538558655993370e+01
8.188984400914597472e+01
7.655172215751788656e+01
7.126476793205316085e+01
6.606373976842648688e+01
6.098361424531211128e+01
5.605868712298455847e+01
5.132159851244566795e+01
4.680232442607978527e+01
4.252718744909785897e+01
3.851794720829175844e+01
3.479103508931866884e+01
3.135699575420821716e+01
2.822018931894437088e+01
2.537879216972425667e+01
2.282511194751916861e+01
2.054620503790494723e+01
1.852475597232029969e+01
1.674015137015133092e+01
1.516966062242464552e+01
1.378962512476201319e+01
1.257655981682510316e+01
1.150808529774073641e+01
1.056363369776131833e+01
9.724902530777713494e+00
8.976062438933064769e+00
8.303751623681009164e+00
7.696907743382742417e+00
7.146495328540974690e+00
6.645184017970539259e+00
6.187022852515752014e+00
5.767142149062126855e+00
5.381500614021712536e+00
5.026683814799489447e+00
4.699752035199489697e+00
4.398130859717454655e+00
4.119535842210866328e+00
3.861922413642938867e+00
3.623453017244564922e+00
3.402474832097185153e+00
3.197503070778655587e+00
3.007206527702707799e+00
2.830393646711317324e+00
2.665998701162466400e+00
2.513068590550801229e+00
2.370751170578118572e+00
2.238285957115952129e+00
2.114997584111493634e+00
2.000291730563526382e+00
1.893652573272653905e+00
1.794640362865908445e+00
1.702887590772503401e+00
1.618092454520727586e+00
1.540008884012181056e+00
1.468433133406027657e+00
1.403187703995399271e+00
1.344103978702149815e+00
1.291005296416451564e+00
1.243692219259019849e+00
1.201931465686263412e+00
1.165449474295848775e+00
1.133930937428039076e+00
1.107022015063523046e+00
1.084337406567853268e+00
1.065470092351216147e+00
1.050002401432048593e+00
1.037517123639491112e+00
1.027607639181041588e+00
1.019886417103840648e+00
1.013991641177296232e+00
1.009592053840276282e+00
1.006390289815154437e+00
1.004124980241644316e+00
