9.054567431866543359e+01
8.979193495952843307e+01
8.898237918817932268e+01
8.811360237549931185e+01
8.718211884186463578e+01
8.618438473038663972e+01
8.511682635971774857e+01
8.397587474558407905e+01
8.275800699292139484e+01
8.145979525105802566e+01
8.007796388526828935e+01
7.860945544036573551e+01
7.705150584566669636e+01
7.540172912435537000e+01
7.365821161191981048e+01
7.181961534556384663e+01
6.988528984760837659e+01
6.785539098101939715e+01
6.573100489806692792e+01
6.351427433322461980e+01
6.120852361680013587e+01
5.881837782620331012e+01
5.634987048229802298e+01
5.381053319296528770e+01
5.120945972104950528e+01
4.855733620985065357e+01
4.586642886140518982e+01
4.315052037768305837e+01
4.042478710339203474e+01
3.770561021306458116e+01
3.501031660708076032e+01
3.235684851731707568e+01
2.976336518915371343e+01
2.724778530120852693e+01
2.482728475289582448e+01
2.251777065879017670e+01
2.033335821772508467e+01
1.828588179187649843e+01
1.638447415973925914e+01
1.463524763831139452e+01
1.304110692168987740e+01
1.160171573445198945e+01
1.031362796691018779e+01
9.170579727294454031e+00
8.163923273395235825e+00
7.283169171981632495e+00
6.516591603013519141e+00
5.851845572951052787e+00
5.276545285818766473e+00
4.778760238752533418e+00
4.347398604836119951e+00
3.972463785073988340e+00
3.645186607076850827e+00
3.358049529135665789e+00
3.104728197445739024e+00
2.879978952832616290e+00
2.679498961688190573e+00
2.499780189030073263e+00
2.337971500916789847e+00
2.191756606695160592e+00
2.059250484420121818e+00
1.938913752410312608e+00
1.829482930292925413e+00
1.729914148238969274e+00
1.639338061225381837e+00
1.557024086026972176e+00
1.482352358817081051e+00
1.414791923225820813e+00
1.353883631264310994e+00
1.299226177434016805e+00
1.250463725718843566e+00
1.207273844689875197e+00
1.169354979892996083e+00
1.136413405804142185e+00
1.108150359999851675e+00
1.084250671305390989e+00
1.064374472600511101e+00
1.048153439169261514e+00
1.035192431240246513e+00
1.025076573158014481e+00
1.017382875497095940e+00
1.011694722474766550e+00
1.007617085820583291e+00
1.004790282888155639e+00
1.002900463133450160e+00
1.001685681862821697e+00
1.000937240492404401e+00
1.000496756883598959e+00
1.000250021165561387e+00
1.000118995499186036e+00
1.000053312447643616e+00
1.000022372771309342e+00
1.000008746997909537e+00
1.000003167282960570e+00
1.000001055375795644e+00
1.000000321339217457e+00
1.000000088718717262e+00
1.000000022024868152e+00
1.000000004871607562e+00
1.000000000950419077e+00
