9.054856726700127467e+01
8.979531886696567256e+01
8.898633536082654416e+01
8.811822504200192441e+01
8.718751706161444304e+01
8.619068454423741343e+01
8.512417320319312353e+01
8.398443614294835413e+01
8.276797554756447539e+01
8.147139194304243404e+01
8.009144168015082244e+01
7.862510320401860042e+01
7.706965254720851988e+01
7.542274829281483051e+01
7.368252599122932622e+01
7.184770166625743570e+01
6.991768360156314088e+01
6.789269104728106186e+01
6.577387782301303787e+01
6.356345801723313826e+01
6.126483010295408604e+01
5.888269482592196624e+01
5.642316121072703083e+01
5.389383402737388451e+01
5.130387514382244518e+01
4.866403046115173225e+01
4.598661371430975464e+01
4.328543847139011547e+01
4.057569034026826671e+01
3.787373285557487179e+01
3.519684291323478220e+01
3.256287503757594948e+01
2.998985821808412311e+01
2.749553442956101179e+01
2.509685398461830985e+01
2.280944911242438522e+01
2.064711297544541324e+01
1.862131592787179812e+01
1.674079329441029529e+01
1.501123844067370783e+01
1.343513073922635392e+01
1.201171990848932047e+01
1.073717637350172538e+01
9.604902707652810179e+00
8.605985493052218160e+00
7.729752252842836846e+00
6.964386839139542928e+00
6.297550918598976644e+00
5.716960309302755228e+00
5.210872995586125711e+00
4.768459392122100127e+00
4.380042338580384609e+00
4.037211206144654341e+00
3.732828329244680887e+00
3.460954584736009032e+00
3.216723587772371218e+00
2.996191395761389931e+00
2.796182616128523701e+00
2.614146585105239229e+00
2.448030691509922363e+00
2.296173069323840465e+00
2.157214041217017542e+00
2.030024501823212368e+00
1.913649244560224449e+00
1.807263444472913649e+00
1.710140694572914510e+00
1.621630972278275573e+00
1.541146693301892245e+00
1.468154714872925704e+00
1.402171942007841565e+00
1.342762213082625111e+00
1.289532471602423014e+00
1.242126856764703469e+00
1.200218166276421305e+00
1.163497005270096363e+00
1.131659670421712782e+00
1.104396298770944806e+00
1.081380967119119685e+00
1.062265255107700312e+00
1.046676330529611620e+00
1.034219963842048173e+00
1.024488140329615327e+00
1.017070238019921469e+00
1.011566202624801347e+00
1.007599880429505879e+00
1.004830720520861309e+00
1.002962415744014457e+00
1.001747635200990860e+00
1.000988679187158281e+00
1.000534516137838947e+00
1.000275120941074736e+00
1.000134257769760948e+00
1.000061833822484481e+00
1.000026742848378003e+00
1.000010801857934783e+00
1.000004050307580661e+00
1.000001400639032312e+00
1.000000443515667303e+00
1.000000127603618116e+00
1.000000033077168782e+00
