1.810769995817523750e+02
1.795671079645265422e+02
1.779451899002248183e+02
1.762043751633717363e+02
1.743376228508913073e+02
1.723377661548376807e+02
1.701975680484928262e+02
1.679097892828101237e+02
1.654672701236139574e+02
1.628630272509067254e+02
1.600903671752861328e+02
1.571430173852422740e+02
1.540152762027792051e+02
1.507021819706845065e+02
1.471997016983774245e+02
1.435049386292074303e+02
1.396163573358493011e+02
1.355340238806780633e+02
1.312598572798104328e+02
1.267978869787151268e+02
1.221545092959131438e+02
1.173387338538078097e+02
1.123624089563816142e+02
1.072404127938923892e+02
1.019907954005809501e+02
9.663485465800688701e+01
9.119712857017972851e+01
8.570528583017245694e+01
8.018989767835856242e+01
7.468407655665289724e+01
6.922297140020646111e+01
6.384311580648043360e+01
5.858163386326130961e+01
5.347531896103092208e+01
4.855961302153875181e+01
4.386752644344591801e+01
3.942855150987870161e+01
3.526763247684971958e+01
3.140426227500340062e+01
2.785177688068215929e+01
2.461691238104769042e+01
2.169967564412363004e+01
1.909355740111609734e+01
1.678608787343351594e+01
1.475970268883938097e+01
1.299285484946992320e+01
1.146128178598788239e+01
1.013931976980978256e+01
9.001154688245746271e+00
8.021909773681185740e+00
7.178495889023247756e+00
6.450184217580628321e+00
5.818898515015815676e+00
5.269257706009712550e+00
4.788423876194241480e+00
4.365822405019017971e+00
3.992799995395364565e+00
3.662275373258586431e+00
3.368420851226372026e+00
3.106395421363389531e+00
2.872135190132454774e+00
2.662196721678110389e+00
2.473643451503200197e+00
2.303963835971875707e+00
2.151010898431425566e+00
2.012954996715696332e+00
1.888244039073524894e+00
1.775567518357884067e+00
1.673822435722808422e+00
1.582080426405023221e+00
1.499556216297478928e+00
1.425577974108391821e+00
1.359560238817338007e+00
1.300979983026079312e+00
1.249356133022767379e+00
1.204232621006023018e+00
1.165164877892404194e+00
1.131709618060987799e+00
1.103417800797725112e+00
1.079830725604048025e+00
1.060479269927574908e+00
1.044886257195271284e+00
1.032571818160830990e+00
1.023061373984524236e+00
1.015895554142945523e+00
1.010641033617359019e+00
1.006901028411815613e+00
1.004324124916082139e+00
1.002610299218740009e+00
1.001513400652430885e+00
1.000839946104719491e+00
1.000444661070042818e+00
1.000223666526936395e+00
1.000106446405015781e+00
1.000047710505383991e+00
1.000020038085989826e+00
1.000007842509944567e+00
1.000002843014862419e+00
1.000000948305639348e+00
1.000000288944223659e+00
