9.054803074459380241e+01
8.979468831472499346e+01
8.898559440193616865e+01
8.811735447934493948e+01
8.718649440221041402e+01
8.618948344674483053e+01
8.512276283709286417e+01
8.398278044669298481e+01
8.276603237161695859e+01
8.146911206238974046e+01
8.008876765963410094e+01
7.862196809879216630e+01
7.706597841995740339e+01
7.541844452923415076e+01
7.367748739595621998e+01
7.184180632327270644e+01
6.991079048646936656e+01
6.788463738432794514e+01
6.576447618788894545e+01
6.355249319819494502e+01
6.125205574862199853e+01
5.886782992888815613e+01
5.640588650287282491e+01
5.387378839623353599e+01
5.128065222002091161e+01
4.863717557501171740e+01
4.595562147465146552e+01
4.324975127985223367e+01
4.053469821736797485e+01
3.782677501573487433e+01
3.514321157866077527e+01
3.250182201648673441e+01
2.992060478049446814e+01
2.741728498090923694e+01
2.500881395043963806e+01
2.271084729309271211e+01
2.053722839879380757e+01
1.849950891518930973e+01
1.660654006700969276e+01
1.486416814735207659e+01
1.327506331139405482e+01
1.183870269611943371e+01
1.055151713995948448e+01
9.407196329304820637e+00
8.397131680930211672e+00
7.510961833572718405e+00
6.737174618823813965e+00
6.063713889292290382e+00
5.478540889703288563e+00
4.970108042707451546e+00
4.527716780923446649e+00
4.141747885796211115e+00
3.803769533054795371e+00
3.506541857771651394e+00
3.243945200962266906e+00
3.010861552270841290e+00
2.803035796271330149e+00
2.616937015735402383e+00
2.449632514928857141e+00
2.298680321258939507e+00
2.162040883768445720e+00
2.038005841845900168e+00
1.925140754254345721e+00
1.822238889057360867e+00
1.728283884506285339e+00
1.642419775126520376e+00
1.563927254521679355e+00
1.492205061319862969e+00
1.426755136677113178e+00
1.367169909734508026e+00
1.313119934293790259e+00
1.264340285005827402e+00
1.220614679791370838e+00
1.181757156756173099e+00
1.147592118769632741e+00
1.117934429237253280e+00
1.092571773589054107e+00
1.071251548072297055e+00
1.053674077104787665e+00
1.039493093162557225e+00
1.028323330902998212e+00
1.019754019874051787e+00
1.013366219157256776e+00
1.008751471860448445e+00
1.005529231606729024e+00
1.003360903868585341e+00
1.001959055004200350e+00
1.001091222561971250e+00
1.000578639879260878e+00
1.000290903173305379e+00
1.000138039610692031e+00
1.000061529802444671e+00
1.000025629103417968e+00
1.000009919756562171e+00
1.000003546014730738e+00
1.000001163016789318e+00
1.000000347483685603e+00
1.000000093848181670e+00
1.000000022720743731e+00
1.000000004886114846e+00
