4.525686279062990138e+02
4.487731242117945953e+02
4.446941805054898964e+02
4.403141028282112757e+02
4.356146987779220012e+02
4.305773816443163469e+02
4.251833015809450558e+02
4.194135075014715994e+02
4.132491435450651238e+02
4.066716840249225129e+02
3.996632107178580782e+02
3.922067361291115049e+02
3.842865759244498918e+02
3.758887730032693639e+02
3.670015746267059171e+02
3.576159625437664431e+02
3.477262341039710805e+02
3.373306298374890844e+02
3.264319998635793354e+02
3.150384977146907772e+02
3.031642857284533648e+02
2.908302311021317905e+02
2.780645661298003120e+02
2.649034802454480086e+02
2.513916055794096565e+02
2.375823522361951063e+02
2.235380450005205262e+02
2.093298104082579982e+02
1.950371629521795569e+02
1.807472426015552003e+02
1.665536638015987876e+02
1.525549496000127760e+02
1.388525441957221744e+02
1.255484232441741170e+02
1.127423532285481258e+02
1.005288877437429704e+02
8.899422715427142805e+01
7.821310508793690985e+01
6.824589580553379164e+01
5.913615505478887968e+01
5.090880785379904694e+01
4.356917486254778993e+01
3.710298172460345256e+01
3.147742341180948600e+01
2.664326290623642990e+01
2.253783995730571021e+01
1.908876479173269303e+01
1.621798960085586216e+01
1.384590299457103946e+01
1.189509093738806911e+01
1.029345598452145616e+01
8.976479183378152982e+00
7.888530371249050432e+00
6.983260470177734547e+00
6.223219727678332980e+00
5.578919097322587284e+00
5.027578119767339260e+00
4.551783659633645840e+00
4.138231971539449994e+00
3.776659799679246809e+00
3.459006244414955411e+00
3.178798371444879312e+00
2.930724907103193111e+00
2.710352072841976767e+00
2.513937983393709441e+00
2.338310649436708744e+00
2.180784526682894686e+00
2.039099005015119204e+00
1.911368391074234285e+00
1.796037063045382354e+00
1.691836200644783350e+00
1.597740389283511364e+00
1.512923813010254248e+00
1.436716813679663307e+00
1.368564292788445824e+00
1.307987718589897597e+00
1.254552369921147381e+00
1.207840979340645049e+00
1.167434285518790027e+00
1.132898349959550854e+00
1.103777988631271967e+00
1.079595396206654900e+00
1.059852994417681105e+00
1.044039638661759861e+00
1.031639452082404596e+00
1.022142614786422321e+00
1.015057359662755010e+00
1.009922235668493373e+00
1.006317489694481759e+00
1.003874322730810675e+00
1.002280908264285397e+00
1.001284458006238554e+00
1.000689217731177472e+00
1.000350925905094446e+00
1.000168793455833871e+00
1.000076327720921920e+00
1.000032279908615207e+00
1.000012695736764545e+00
1.000004615408775166e+00
1.000001540710825587e+00
