4.525696436958644426e+02
4.487742810808953777e+02
4.446954933955595948e+02
4.403155867962022967e+02
4.356163684053642555e+02
4.305792502039333840e+02
4.251853798906202542e+02
4.194158023789588015e+02
4.132516557576404352e+02
4.066744056058940942e+02
3.996661214965743056e+02
3.922097992929215593e+02
3.842897324005986093e+02
3.758919344168610905e+02
3.670046145593594247e+02
3.576187057888707272e+02
3.477284435921781665e+02
3.373319908952578317e+02
3.264321014748319953e+02
3.150368104895947567e+02
3.031601363545892127e+02
2.908227731745380424e+02
2.780527474421116381e+02
2.648860068899330145e+02
2.513669035644266785e+02
2.375485277980382648e+02
2.234928453698789781e+02
2.092705874866921363e+02
1.949608431428613358e+02
1.806503068810715149e+02
1.664321429475700427e+02
1.524044402001256628e+02
1.386682515174381365e+02
1.253252370650137237e+02
1.124749621121604122e+02
1.002119357890201741e+02
8.862251476394905580e+01
7.778183169655285667e+01
6.775093780806278687e+01
5.857436662056836951e+01
5.027832638257772402e+01
4.286970730295811904e+01
3.633604383460826170e+01
3.064650243214963865e+01
2.575387611187433734e+01
2.159746787903893406e+01
1.810664864841431765e+01
1.520479684455153269e+01
1.281328104643213273e+01
1.085514454458967926e+01
9.258195143309576380e+00
7.957289567394757235e+00
6.895715124023457321e+00
6.025691261161416179e+00
5.308118247703284887e+00
4.711771279199346019e+00
4.212166407730619788e+00
3.790310989854917878e+00
3.431506418826407057e+00
3.124310659845091820e+00
2.859708538563010549e+00
2.630490535561228693e+00
2.430811278138763409e+00
2.255886296302347382e+00
2.101785488866680041e+00
1.965288619208263032e+00
1.843777413027885226e+00
1.735147570780038340e+00
1.637730956011139050e+00
1.550223155805096509e+00
1.471614803708964470e+00
1.401126911862685898e+00
1.338151349118745781e+00
1.282197827914660193e+00
1.232848567363478365e+00
1.189721381841327474e+00
1.152441461244453569e+00
1.120621671227348459e+00
1.093850862247491618e+00
1.071689432799344699e+00
1.053671206184724429e+00
1.039310507976636710e+00
1.028113153121538836e+00
1.019589883391532004e+00
1.013270681985933841e+00
1.008718385477421542e+00
1.005540155021927173e+00
1.003395673437413427e+00
1.002001383343210428e+00
1.001130620046842834e+00
1.000610038136606539e+00
1.000313185720316911e+00
1.000152358836122080e+00
1.000069922912109943e+00
1.000030126882892834e+00
1.000012122147917015e+00
1.000004528904431034e+00
1.000001561204142853e+00
1.000000493160592585e+00
1.000000141680405852e+00
