1.810661035845898823e+02
1.795543943534617028e+02
1.779303661432122112e+02
1.761871045061401446e+02
1.743175183976129290e+02
1.723143843644338915e+02
1.701704016487622653e+02
1.678782596264962024e+02
1.654307190397365162e+02
1.628207084827040774e+02
1.600414375444655377e+02
1.570865278825349378e+02
1.539501632785169534e+02
1.506272593874959114e+02
1.471136534118292047e+02
1.434063132811778019e+02
1.395035650782154164e+02
1.354053363903371405e+02
1.311134119745476880e+02
1.266316965882718080e+02
1.219664780712125349e+02
1.171266817925598360e+02
1.121241054629983722e+02
1.069736211483645150e+02
1.016933292524249168e+02
9.630464745183422792e+01
9.083231631224163038e+01
8.530430288708369346e+01
7.975158433627595400e+01
7.420779585523754918e+01
6.870873131202256445e+01
6.329169121882028293e+01
5.799468114432500698e+01
5.285547432093297715e+01
4.791056463345175587e+01
4.319404964288141002e+01
3.873649663804180676e+01
3.456385636031664177e+01
3.069649715009582636e+01
2.714843484622164382e+01
2.392682905221564127e+01
2.103180316507467396e+01
1.845662364500180530e+01
1.618824455620466551e+01
1.420818915972935770e+01
1.249370547951424548e+01
1.101910246160796270e+01
9.757152885156534339e+00
8.680442822163179528e+00
7.762557268454492565e+00
6.979016668120944900e+00
6.307915346365602360e+00
5.730253784399573114e+00
5.229994631903508662e+00
4.793900643357159375e+00
4.411227211667511305e+00
4.073342254291680398e+00
3.773334654019038226e+00
3.505654225450082428e+00
3.265806685937040488e+00
3.050110644722522135e+00
2.855512445375083974e+00
2.679449009068687548e+00
2.519747423583629686e+00
2.374551171174929198e+00
2.242265047173572334e+00
2.121513000278733241e+00
2.011104897139219361e+00
1.910009526838976290e+00
1.817332118340736047e+00
1.732295346375352763e+00
1.654223287316026081e+00
1.582528050255869401e+00
1.516698849747101230e+00
1.456293152040466277e+00
1.400929315148164100e+00
1.350279976440243779e+00
1.304065418685886657e+00
1.262046306049019240e+00
1.224015495626088690e+00
1.189789015494334468e+00
1.159196655558297095e+00
1.132072855401012657e+00
1.108248643644717646e+00
1.087545282883896069e+00
1.069770045003268111e+00
1.054714257503146957e+00
1.042153504629850236e+00
1.031849699371563123e+00
1.023554681337162764e+00
1.017015009438583695e+00
1.011977644910117657e+00
1.008196201975966044e+00
1.005437360862726948e+00
1.003486922174558149e+00
1.002154900673133842e+00
1.001279079844759723e+00
1.000726611460037052e+00
1.000393526692664459e+00
1.000202357496934980e+00
