4.525611949379879775e+02
4.487644142820775528e+02
4.446839779798097538e+02
4.403021566888139091e+02
4.356007171020564215e+02
4.305610252997513498e+02
4.251641770503153452e+02
4.193911587436927562e+02
4.132230428011349090e+02
4.066412214777805616e+02
3.996276829229547616e+02
3.921653331454793374e+02
3.842383670973546259e+02
3.758326913812762768e+02
3.669364000410324707e+02
3.575403034393075359e+02
3.476385082929718351e+02
3.372290444525087878e+02
3.263145309200529027e+02
3.149028698590524868e+02
3.030079529486169463e+02
2.906503594150428853e+02
2.778580195355837077e+02
2.646668115455460111e+02
2.511210539885005346e+02
2.372738500590661772e+02
2.231872359712669152e+02
2.089320825650966924e+02
1.945876990990398099e+02
1.802410914260957213e+02
1.659858345038599339e+02
1.519205323518114312e+02
1.381468578095002044e+02
1.247671899999221665e+02
1.118818988307673266e+02
9.958636184502593380e+01
8.796783684812967863e+01
7.710235040160873154e+01
6.705179279918156965e+01
5.786142907906040023e+01
4.955803738172441797e+01
4.214886572429032441e+01
3.562155315938004918e+01
2.994509159940301757e+01
2.507181474271363086e+01
2.094029952676242345e+01
1.747896640963512738e+01
1.461008302123891056e+01
1.225382648398567120e+01
1.033205438688674427e+01
8.771477349351087582e+00
7.506012441371823662e+00
6.478212249534506917e+00
5.639788137652598010e+00
4.951355293423155501e+00
4.381602302893448986e+00
3.906118802864503525e+00
3.506101873997430562e+00
3.167115897088984777e+00
2.878018111438082283e+00
2.630099958044880282e+00
2.416444940140181075e+00
2.231472892451983991e+00
2.070627540385669096e+00
1.930164339533469775e+00
1.807002935338326122e+00
1.698618270147115528e+00
1.602953372341715088e+00
1.518343923086016511e+00
1.443449666214550620e+00
1.377190948042308793e+00
1.318690570069849244e+00
1.267222052787220443e+00
1.222165598103358564e+00
1.182972712158837370e+00
1.149139813264486776e+00
1.120190404756034486e+00
1.095664721932383623e+00
1.075115298484558668e+00
1.058106705602947173e+00
1.044217793783762449e+00
1.033045058663118132e+00
1.024206170657301573e+00
1.017343151408242274e+00
1.012125048281403039e+00
1.008250175725046160e+00
1.005448030246588020e+00
1.003480875609535472e+00
1.002144820833761329e+00
1.001270080890265923e+00
1.000720100697128689e+00
1.000389360775358005e+00
1.000199924274915997e+00
1.000097041847606505e+00
1.000044311044598011e+00
1.000018933899195606e+00
1.000007527961663145e+00
1.000002767944978554e+00
1.000000934960290078e+00
1.000000288042133034e+00
