1.810578276445176016e+02
1.795447188089571853e+02
1.779190605073090410e+02
1.761739019992953672e+02
1.743021106773068141e+02
1.722964156083396858e+02
1.701494619448399988e+02
1.678538776298766209e+02
1.654023538667217110e+02
1.627877408276130495e+02
1.600031600266206055e+02
1.570421346597584034e+02
1.538987390015340111e+02
1.505677676181724394e+02
1.470449246887056916e+02
1.433270330896719429e+02
1.394122620711764569e+02
1.353003713078321653e+02
1.309929678293934501e+02
1.264937708141816159e+02
1.218088774700387944e+02
1.169470212601823675e+02
1.119198116113376216e+02
1.067419420617621313e+02
1.014313517044493267e+02
9.600932294368088549e+01
9.050049725284533508e+01
8.493279009153233972e+01
7.933718674561167461e+01
7.374740295130555978e+01
6.819939809519279095e+01
6.273073482421595060e+01
5.737978720043294345e+01
5.218481003317881317e+01
4.718289436404771209e+01
4.240884755029008346e+01
3.789404986254950103e+01
3.366535145376760596e+01
2.974408212212391689e+01
2.614524950649012425e+01
2.287699740479581223e+01
1.994038352492489352e+01
1.732951486101472227e+01
1.503205007201220411e+01
1.303004431211379810e+01
1.130107699052356907e+01
9.819572017267201858e+00
8.558198515408037110e+00
7.489232124694297887e+00
6.585765196104785169e+00
5.822677762698216242e+00
5.177316393470561273e+00
4.629868562101242979e+00
4.163458496623891669e+00
3.764019801136376131e+00
3.420016041672735874e+00
3.122081979224679671e+00
2.862647618409518646e+00
2.635589450761800290e+00
2.435933608570266529e+00
2.259618583322755558e+00
2.103313264482615352e+00
1.964279823533980673e+00
1.840269390900050261e+00
1.729439852539272238e+00
1.630287784496398773e+00
1.541589369606692461e+00
1.462347472537225412e+00
1.391743686107956623e+00
1.329095148231821621e+00
1.273816409970799368e+00
1.225386772456465545e+00
1.183323444473464825e+00
1.147160709882500962e+00
1.116435102261171819e+00
1.090676392730009159e+00
1.069404007012014324e+00
1.052128289018325225e+00
1.038355817267242465e+00
1.027597772014209099e+00
1.019380177639493512e+00
1.013254746800128725e+00
1.008809064604713424e+00
1.005674990781879385e+00
1.003534421949432209e+00
1.002121918480672447e+00
1.001224114752130578e+00
1.000676237038466532e+00
1.000356385324141062e+00
1.000178439601034697e+00
1.000084498866176119e+00
1.000037657615558739e+00
1.000015709177686674e+00
1.000006098147204314e+00
1.000002188803281067e+00
1.000000721377418467e+00
1.000000216668346154e+00
1.000000058825679883e+00
1.000000014310410634e+00
1.000000003089549505e+00
