4.525999641953765718e+02
4.488096876154830852e+02
4.447368122544069138e+02
4.403637713237510525e+02
4.356725166194401027e+02
4.306446243404442953e+02
4.252614279406160449e+02
4.195041816380145292e+02
4.133542583438079419e+02
4.067933858169491259e+02
3.998039247655702866e+02
3.923691923586189887e+02
3.844738341314889567e+02
3.761042465100860568e+02
3.672490510754021784e+02
3.578996201777761712e+02
3.480506515180410361e+02
3.377007867774544820e+02
3.268532662469220895e+02
3.155166076469678273e+02
3.037052929457393589e+02
2.914404420251362922e+02
2.787504466351248311e+02
2.656715324218441197e+02
2.522482112334045610e+02
2.385335808423396315e+02
2.245894252581809099e+02
2.104860666591405618e+02
1.963019204907981532e+02
1.821227093814766818e+02
1.680403001281827926e+02
1.541511419169277985e+02
1.405543036865983311e+02
1.273491341887309574e+02
1.146325992171818058e+02
1.024963851747264556e+02
9.102389406021821117e+01
8.028728847020302339e+01
7.034477173773488801e+01
6.123830273457177498e+01
5.299194207954950997e+01
4.561100245862188274e+01
3.908212847822948532e+01
3.337436209052523139e+01
2.844116321290161054e+01
2.422326087805848971e+01
2.065212064511419143e+01
1.765374328324355346e+01
1.515247113579749794e+01
1.307448125748023671e+01
1.135069074213702223e+01
9.918883606218791726e+00
8.724976190509515561e+00
7.723450005737107382e+00
6.877077085763768416e+00
6.156127112699228299e+00
5.537269797783512360e+00
5.002371887409279516e+00
4.537345729141370576e+00
4.131150218640450511e+00
3.774989722135449810e+00
3.461712810606237589e+00
3.185385076026361784e+00
2.940998234554628610e+00
2.724277076045911183e+00
2.531551555869703929e+00
2.359669262045364757e+00
2.205931065503823341e+00
2.068038903263364592e+00
1.944049219300941100e+00
1.832328841500611816e+00
1.731512286865390049e+00
1.640460858436884273e+00
1.558224554546183027e+00
1.484007873451715254e+00
1.417140221059748795e+00
1.357051021497703847e+00
1.303249016681679473e+00
1.255304819878783729e+00
1.212835678353220148e+00
1.175491612704140154e+00
1.142942546388778791e+00
1.114866566853290664e+00
1.090939907509365536e+00
1.070829480074065643e+00
1.054188755136730160e+00
1.040657493148154256e+00
1.029865341980628068e+00
1.021438760573528448e+00
1.015010236773439045e+00
1.010228457450115691e+00
1.006768025366278962e+00
1.004337498557475339e+00
1.002684892843586306e+00
1.001600241554768678e+00
1.000915252234481301e+00
1.000500465156770380e+00
1.000260563163566152e+00
1.000128595699397493e+00
1.000059870768799097e+00
