4.526020153973493052e+02
4.488121122705572361e+02
4.447396789383330997e+02
4.403671612832554274e+02
4.356765261075743751e+02
4.306493673717926640e+02
4.252670395361378723e+02
4.195108216384238631e+02
4.133621158796783561e+02
4.068026845327586329e+02
3.998149289028521594e+02
3.923822138093141234e+02
3.844892405750360922e+02
3.761224707448205322e+02
3.672706016439599352e+02
3.579250933641938559e+02
3.480807447570956015e+02
3.377363134596771488e+02
3.268951718200241316e+02
3.155659867998462005e+02
3.037634075082738718e+02
2.915087390193470469e+02
2.788305756660519705e+02
2.657653612975031479e+02
2.523578383547807675e+02
2.386613425163607474e+02
2.247378956787816833e+02
2.106580479074374068e+02
1.965004195753233773e+02
1.823508991428601291e+02
1.683014608588425176e+02
1.544485809010718640e+02
1.408912506638927482e+02
1.277286120947242267e+02
1.150572715342559320e+02
1.029683838575907515e+02
9.154463520035014312e+01
8.085728641860428922e+01
7.096346593365322519e+01
6.190391443544239536e+01
5.370137985875982878e+01
4.635983497958631716e+01
3.986463999905786437e+01
3.418370001840360572e+01
2.926957792320001062e+01
2.506242672597875298e+01
2.149351514912828875e+01
1.848905097778728290e+01
1.597397194612721805e+01
1.387538248333431667e+01
1.212536790379603424e+01
1.066300804268702151e+01
9.435524251076904179e+00
8.398606458694581889e+00
7.516060045933681266e+00
6.758970136302548504e+00
6.104597316315018674e+00
5.535197554418560983e+00
5.036912109153484529e+00
4.598816012943072629e+00
4.212160522123384432e+00
3.869805054959368995e+00
3.565810775107827180e+00
3.295159224330213021e+00
3.053560655656840428e+00
2.837323015650686120e+00
2.643260100069214857e+00
2.468624132871636512e+00
2.311053130733908390e+00
2.168526962311872808e+00
2.039328366846698604e+00
1.922006763088645487e+00
1.815343760426517905e+00
1.718320055052105166e+00
1.630083923329502582e+00
1.549921818898712722e+00
1.477231637652076879e+00
1.411499067717586930e+00
1.352277169630647702e+00
1.299169042817566622e+00
1.251813225718828138e+00
1.209871401810931113e+00
1.173018041966593872e+00
1.140931765133088582e+00
1.113288389005741674e+00
1.089755817444113095e+00
1.069991026448807725e+00
1.053639427921850391e+00
1.040336785547772092e+00
1.029713631425428710e+00
1.021401824499328148e+00
1.015042575999250740e+00
1.010295029809856748e+00
1.006844395198371878e+00
1.004408710332336030e+00
1.002743542985979008e+00
1.001644251123737561e+00
1.000945762880652401e+00
1.000520136581135366e+00
1.000272390508291531e+00
