1.810511267621067475e+02
1.795369003660083251e+02
1.779099447035804644e+02
1.761632818698786309e+02
1.742897484603688270e+02
1.722820387552016257e+02
1.701327587739859268e+02
1.678344926399481949e+02
1.653798827414832999e+02
1.627617251891477963e+02
1.599730820225901766e+02
1.570074115073703922e+02
1.538587176557803105e+02
1.505217197856328255e+02
1.469920424711080216e+02
1.432664256132937055e+02
1.393429535380874995e+02
1.352213009908085439e+02
1.309029926204752599e+02
1.263916710217462764e+02
1.216933666329697274e+02
1.168167607994977004e+02
1.117734311556457669e+02
1.065780662461398975e+02
1.012486341329407367e+02
9.580648780183200586e+01
9.027638873655517671e+01
8.468642936258257237e+01
7.906783551962524825e+01
7.345463206936148026e+01
6.788315854267185046e+01
6.239142768134058059e+01
5.701832801127893191e+01
5.180268217226255700e+01
4.678218530628974037e+01
4.199226168484067045e+01
3.746489182040691901e+01
3.322747501603231512e+01
2.930180176012457949e+01
2.570321449736576014e+01
2.244003213955384268e+01
1.951330176958493112e+01
1.691691984038343577e+01
1.463813565490277746e+01
1.265841455017100259e+01
1.095460113698494276e+01
9.500289517310381626e+00
8.267283336276136652e+00
7.227018744849646126e+00
6.351830694947048883e+00
5.615967204071370844e+00
4.996293571788426924e+00
4.472672304196606774e+00
4.028046479622906517e+00
3.648286746202821895e+00
3.321879866987415664e+00
3.039538318962315966e+00
2.793798430669276023e+00
2.578654239610353560e+00
2.389251913650044301e+00
2.221650458519987215e+00
2.072641529614230205e+00
1.939615000688794000e+00
1.820456180942101820e+00
1.713463058488979840e+00
1.617275632387295214e+00
1.530812861047345041e+00
1.453215318503333187e+00
1.383793187789033263e+00
1.321979916854891801e+00
1.267292005124509569e+00
1.219295249694794858e+00
1.177577561809704854e+00
1.141728283987602843e+00
1.111323831765834935e+00
1.085919423289100960e+00
1.065046583867016228e+00
1.048215964486606921e+00
1.034924771557171885e+00
1.024667796154758781e+00
1.016950720382753248e+00
1.011304148875122211e+00
1.007296739668777308e+00
1.004545937960015456e+00
1.002725156724097122e+00
1.001566763406921412e+00
1.000860842623471747e+00
1.000450300484149846e+00
1.000223339131491640e+00
1.000104568355134615e+00
1.000045998980815032e+00
1.000018913958148570e+00
1.000007229249004537e+00
1.000002553096402069e+00
1.000000827685745275e+00
1.000000244567849750e+00
1.000000065358751078e+00
1.000000015664254338e+00
1.000000003336069199e+00
1.000000000624920116e+00
