9.055618227352999838e+01
8.980420760138169101e+01
8.899670376520749926e+01
8.813031045357769244e+01
8.720159249026350778e+01
8.620706339536944540e+01
8.514321445338421768e+01
8.400654996227740412e+01
8.279362934438505306e+01
8.150111678291260375e+01
8.012583899974315216e+01
7.866485170192524379e+01
7.711551508554229883e+01
7.547557858545037845e+01
7.374327478576861949e+01
7.191742204718643450e+01
6.999753495221042954e+01
6.798394110981458027e+01
6.587790219205793107e+01
6.368173629897015786e+01
6.139893787546012760e+01
5.903429045868358571e+01
5.659396655568705370e+01
5.408560799808878983e+01
5.151837927420645258e+01
4.890298570439675530e+01
4.625164803058743246e+01
4.357802518319546436e+01
4.089707782501455569e+01
3.822486690448544522e+01
3.557828400558095439e+01
3.297471382848451782e+01
3.043163365488966932e+01
2.796615999880244985e+01
2.559455851450946895e+01
2.333173914555368711e+01
2.119076379382895325e+01
1.918239766886669173e+01
1.731473708778875320e+01
1.559294504790140934e+01
1.401912083178304513e+01
1.259232109042549297e+01
1.130873772237416475e+01
1.016202353130304381e+01
9.143741837267857164e+00
8.243903106006284176e+00
7.451542481153149211e+00
6.755288678023304350e+00
6.143877945391811757e+00
5.606576393527726410e+00
5.133488273670571367e+00
4.715744100771948055e+00
4.345577754861551512e+00
4.016313168832530422e+00
3.722287273207508296e+00
3.458736315552199070e+00
3.221668633014344252e+00
3.007740390676060471e+00
2.814143798633899962e+00
2.638511498819907874e+00
2.478836975896157035e+00
2.333409015046223001e+00
2.200757895316569179e+00
2.079611470131112583e+00
1.968859925330833649e+00
1.867528421826345486e+00
1.774756877913119091e+00
1.689785881173573756e+00
1.611947317132627067e+00
1.540657968822580548e+00
1.475414243391012903e+00
1.415786394336247200e+00
1.361411102328917266e+00
1.311981939686096110e+00
1.267237916025530264e+00
1.226950836419745006e+00
1.190912501642951815e+00
1.158922820310536395e+00
1.130779731526671217e+00
1.106271542534198238e+00
1.085171962734343243e+00
1.067237833255726631e+00
1.052209343454274082e+00
1.039812394159165265e+00
1.029762696493246699e+00
1.021771164686425815e+00
1.015550153567939873e+00
1.010820091552223188e+00
1.007316057087746186e+00
1.004793838245052084e+00
1.003035012916109192e+00
1.001850616914322423e+00
1.001083059459101809e+00
1.000606116664689571e+00
1.000323069891419614e+00
1.000163309462421379e+00
1.000077928665589422e+00
1.000034929693956132e+00
1.000014627599256745e+00
1.000005690000854264e+00
