9.054655920160210769e+01
8.979297229263799807e+01
8.898359482353953354e+01
8.811502643363076004e+01
8.718378638394044344e+01
8.618633652701463177e+01
8.511910976745186019e+01
8.397854470276941186e+01
8.276112714663000247e+01
8.146343922659865200e+01
8.008221670888009669e+01
7.861441512402251419e+01
7.705728514015233088e+01
7.540845744260980155e+01
7.366603711870280335e+01
7.182870720131153064e+01
6.989584058344802031e+01
6.786761896773833769e+01
6.574515685383261143e+01
6.353062779252021386e+01
6.122738925595620429e+01
5.884010150888101265e+01
5.637483485146847784e+01
5.383915859504478618e+01
5.124220420436638079e+01
4.859469429606947699e+01
4.590892874877393837e+01
4.319871920447465641e+01
4.047926388594441960e+01
3.776695608448535779e+01
3.507912203064322654e+01
3.243368724437285522e+01
2.984877488617991759e+01
2.734224499314309043e+01
2.493118952379342801e+01
2.263140441107183065e+01
2.045686570059985243e+01
1.841924153493086180e+01
1.652747433868863070e+01
1.478746718932150017e+01
1.320190432991526919e+01
1.177022777221766781e+01
1.048878018366781006e+01
9.351109669756828779e+00
8.348416270009771267e+00
7.470105153737357284e+00
6.704400030060971183e+00
6.038964328613559474e+00
5.461478638170069289e+00
4.960130864574495924e+00
4.523989323504094884e+00
4.143246004661945925e+00
3.809334313446472553e+00
3.514939587929233333e+00
3.253929378401037464e+00
3.021233083533494401e+00
2.812697805320659494e+00
2.624941078385214066e+00
2.455213717821137731e+00
2.301279357214108146e+00
2.161312453688883473e+00
2.033813856541263121e+00
1.917542035657526345e+00
1.811458022642775001e+00
1.714682366759287646e+00
1.626462539581086997e+00
1.546149114269623759e+00
1.473178784648985884e+00
1.407062054755466862e+00
1.347373388072140576e+00
1.293741848181424459e+00
1.245840785294903386e+00
1.203375844125607497e+00
1.166071362534766953e+00
1.133655963733868122e+00
1.105848699742048469e+00
1.082347390576783752e+00
1.062820768194739474e+00
1.046905667536143447e+00
1.034209856350588597e+00
1.024320268685986690e+00
1.016815561164435167e+00
1.011281222188831874e+00
1.007325083089261941e+00
1.004591091738677555e+00
1.002769607107741212e+00
1.001603161488433757e+00
1.000887456347044902e+00
1.000468128353269481e+00
1.000234390401949280e+00
1.000110927030711139e+00
1.000049392934385439e+00
1.000020589863344078e+00
1.000007991709002564e+00
1.000002871071742350e+00
1.000000948525864963e+00
1.000000286138131189e+00
1.000000078209249743e+00
1.000000019205311341e+00
1.000000004197936887e+00
