1.810538708046081240e+02
1.795401001184834513e+02
1.779136729567556472e+02
1.761676222676311454e+02
1.742947969105364621e+02
1.722879049672032750e+02
1.701395679180585319e+02
1.678423871164030743e+02
1.653890240400221217e+02
1.627722958076147961e+02
1.599852874011918118e+02
1.570214819180101244e+02
1.538749099664415780e+02
1.505403189964844159e+02
1.470133628921860804e+02
1.432908115234702109e+02
1.393707791322056266e+02
1.352529693874977283e+02
1.309389336691225765e+02
1.264323376161145234e+02
1.217392292148025064e+02
1.168682997231184970e+02
1.118311265902956535e+02
1.066423853241156365e+02
1.013200151169829155e+02
9.588532115366916742e+01
9.036299512861037897e+01
8.478103489344307775e+01
7.917054467417978003e+01
7.356539930379564396e+01
6.800175976133355960e+01
6.251743328389142818e+01
5.715107958769219465e+01
5.194127525819686042e+01
4.692546081617442155e+01
4.213880863891638029e+01
3.761306369808966821e+01
3.337542143676365214e+01
2.944751618000835336e+01
2.584459723166092360e+01
2.257496636337826601e+01
1.963973837926825894e+01
1.703296542199203856e+01
1.474213660618694099e+01
1.274902994665794154e+01
1.103085746868619843e+01
9.561612053159063151e+00
8.313501489856342630e+00
7.258346063248568569e+00
6.368823404470935756e+00
5.619467945113136409e+00
4.987368422009546443e+00
4.452549052787456496e+00
3.998060395964420977e+00
3.609837234029420916e+00
3.276398186360432785e+00
2.988463866037012195e+00
2.738559578951479612e+00
2.520649746908634192e+00
2.329830180106417625e+00
2.162085892456958813e+00
2.014109202786590558e+00
1.883166040950858822e+00
1.766996664391444316e+00
1.663738598134872015e+00
1.571862765273148499e+00
1.490117162892827141e+00
1.417475307067126211e+00
1.353088714230540113e+00
1.296243879683740996e+00
1.246324680127944839e+00
1.202781058280866011e+00
1.165104459210135168e+00
1.132809983220394612e+00
1.105424758219202275e+00
1.082481708822575550e+00
1.063517734131173675e+00
1.048075273005171448e+00
1.035706283892075419e+00
1.025977749791334714e+00
1.018477911265038616e+00
1.012822523921845352e+00
1.008660533687538496e+00
1.005678667206945764e+00
1.003604548991850365e+00
1.002208085390447589e+00
1.001301002911939131e+00
1.000734595955145023e+00
1.000395916973168653e+00
1.000202806929348931e+00
1.000098282205668765e+00
1.000044834709835406e+00
1.000019149962765530e+00
1.000007614165014713e+00
1.000002800714471451e+00
1.000000946642927380e+00
1.000000291890383419e+00
1.000000081462891988e+00
1.000000020404092194e+00
1.000000004544552068e+00
