9.055040451477623265e+01
8.979746086221750545e+01
8.898883067867689078e+01
8.812112947134875185e+01
8.719089453445127447e+01
8.619460814582207320e+01
8.512872625859650100e+01
8.398971337100448409e+01
8.277408426739017955e+01
8.147845331084840836e+01
8.009959192477838030e+01
7.863449481826847887e+01
7.708045537837153915e+01
7.543515045974226041e+01
7.369673453678750263e+01
7.186394283326899313e+01
6.993620259780195170e+01
6.791375114157477810e+01
6.579775859131834181e+01
6.359045253659766672e+01
6.129524087520498199e+01
5.891682820521750585e+01
5.646132011415193119e+01
5.393630873082477706e+01
5.135093201251350337e+01
4.871589854156042065e+01
4.604346922846837487e+01
4.334738741019012309e+01
4.064274955259710964e+01
3.794581027338711010e+01
3.527371783194115551e+01
3.264417967144124333e+01
3.007506204708097997e+01
2.758393311212711296e+01
2.518756478450023550e+01
2.290141482387685912e+01
2.073911617341576985e+01
1.871200496806970293e+01
1.682872080910272672e+01
1.509491211694555801e+01
1.351307496829714339e+01
1.208254555169220801e+01
1.079965455183820211e+01
9.658037381209206629e+00
8.649078867694020900e+00
7.762456929687036933e+00
6.986739237486154330e+00
6.309981876181454119e+00
5.720280778583031633e+00
5.206235159329086315e+00
4.757295965861480624e+00
4.363988934933843211e+00
4.018018088535604271e+00
3.712268497945964363e+00
3.440734908524170077e+00
3.198404775118842025e+00
2.981121249816870655e+00
2.785445518476870497e+00
2.608530730784869078e+00
2.448013381292681867e+00
2.301923384646353821e+00
2.168611442783481280e+00
2.046691238196135743e+00
1.934993878096165298e+00
1.832532284450475224e+00
1.738473507868431245e+00
1.652117101623759021e+00
1.572877753376812349e+00
1.500270440179320985e+00
1.433896550518461988e+00
1.373429760500399777e+00
1.318600947912187626e+00
1.269182006455298550e+00
1.224968978933800079e+00
1.185765362428007563e+00
1.151366685888109087e+00
1.121547506351320722e+00
1.096051841055933229e+00
1.074587794781609817e+00
1.056826796493510523e+00
1.042407455523642668e+00
1.030943608578615445e+00
1.022035689200322617e+00
1.015284166839594882e+00
1.010303545983836093e+00
1.006735355153018929e+00
1.004258727789002048e+00
1.002597566769232618e+00
1.001523821210309917e+00
1.000856980535695495e+00
1.000460391737541865e+00
1.000235341790955079e+00
1.000113975458171378e+00
1.000052048285823947e+00
1.000022296117673459e+00
1.000008908714770550e+00
1.000003299720729322e+00
1.000001125368332966e+00
1.000000350831945495e+00
1.000000099187944080e+00
