4.525759578235663980e+02
4.487816857426338970e+02
4.447041742929550878e+02
4.403257605137082464e+02
4.356282873384914183e+02
4.305932082149236635e+02
4.252017187818230468e+02
4.194349192801604431e+02
4.132740115281302451e+02
4.067005343543822846e+02
3.996966413210482187e+02
3.922454243368269431e+02
3.843312863095721355e+02
3.759403652594574510e+02
3.670610112431648417e+02
3.576843159568568922e+02
3.478046929194026688e+02
3.374205036187774454e+02
3.265347218752386311e+02
3.151556248959312825e+02
3.032974950606943025e+02
2.909813114297929246e+02
2.782354044102668240e+02
2.650960411558543228e+02
2.516079034138585655e+02
2.378244141093921940e+02
2.238078645573914116e+02
2.096292915495552904e+02
1.953680535469660242e+02
1.811110587863692558e+02
1.669516062691034222e+02
1.529878142449612426e+02
1.393206305757944676e+02
1.260514454580751789e+02
1.132793589070900993e+02
1.010981917468452451e+02
8.959336709135571652e+01
7.883882573745242439e+01
6.889416871694811562e+01
5.980223793511268582e+01
5.158734572389381157e+01
4.425434150729786609e+01
3.778865592096357062e+01
3.215739025126302408e+01
2.731142684298612977e+01
2.318843370021925310e+01
1.971653745799273594e+01
1.681835909338555624e+01
1.441506141421536746e+01
1.243005757693578950e+01
1.079207917610203182e+01
9.437394739600376781e+00
8.311089255129807896e+00
7.367440604239871682e+00
6.569536058781768162e+00
5.888342493771759223e+00
5.301468432166510425e+00
4.791836790829041348e+00
4.346436512318240020e+00
3.955256667318745034e+00
3.610445047015969244e+00
3.305686415059417183e+00
3.035767888454945940e+00
2.796288487737760509e+00
2.583471321164410472e+00
2.394044189012672241e+00
2.225163114280705567e+00
2.074361000031399893e+00
1.939509531360493533e+00
1.818786742663409006e+00
1.710645791611517197e+00
1.613782785843872913e+00
1.527103202347279032e+00
1.449687599785259851e+00
1.380757968081225417e+00
1.319646212757527692e+00
1.265766016386236759e+00
1.218588811807777006e+00
1.177624044764161049e+00
1.142403488205103512e+00
1.112469209555834171e+00
1.087364882401322674e+00
1.066630365791210622e+00
1.049799684535899669e+00
1.036402585785075825e+00
1.025969648439912341e+00
1.018040509760664181e+00
1.012174263186730760e+00
1.007960635723197163e+00
1.005030327730565665e+00
1.003062988348613960e+00
1.001791708799114611e+00
1.001003550417855825e+00
1.000536325633343493e+00
1.000272445770263863e+00
1.000131008333055460e+00
1.000059365402722777e+00
1.000025226453748806e+00
1.000009998715604587e+00
1.000003675001894132e+00
