4.525708424159036554e+02
4.487757040869492471e+02
4.446971834436048425e+02
4.403175949444864727e+02
4.356187556462926977e+02
4.305820894152241749e+02
4.251887581656741304e+02
4.194198238063386270e+02
4.132564447305584849e+02
4.066801107545792320e+02
3.996729203490356213e+02
3.922179037825039245e+02
3.842993953511062273e+02
3.759034571468175159e+02
3.670183557546874908e+02
3.576350917957707907e+02
3.477479802763972998e+02
3.373552771967180774e+02
3.264598447529210148e+02
3.150698436987546529e+02
3.031994370053086527e+02
2.908694839138627799e+02
2.781081979219836171e+02
2.649517363729727890e+02
2.514446834380134703e+02
2.376403828244215504e+02
2.236010720931010383e+02
2.093977677546638461e+02
1.951098502046335454e+02
1.808243010200637002e+02
1.666345531651964222e+02
1.526389281470105175e+02
1.389386537805103217e+02
1.256354821779526532e+02
1.128289593960424355e+02
1.006134344781847290e+02
8.907493392957033507e+01
7.828806428573876985e+01
6.831313560562713860e+01
5.919371690606997305e+01
5.095483511253647890e+01
4.360200722763126890e+01
3.712124833591747119e+01
3.148012625034537493e+01
2.662984179555431652e+01
2.250821130060609221e+01
1.904332831415085181e+01
1.615760069022717360e+01
1.377181235164636774e+01
1.180885750829407854e+01
1.019684275801794904e+01
8.871343633549034990e+00
7.776721601689554397e+00
6.866533378406384003e+00
6.103173149502660877e+00
5.456960689212268178e+00
4.904914629937705328e+00
4.429432034594074530e+00
4.017044898093727667e+00
3.657358816225778408e+00
3.342216161000395314e+00
3.065077978526117075e+00
2.820590457616727331e+00
2.604291574582147106e+00
2.412415841401853722e+00
2.241763575935563413e+00
2.089610768674722507e+00
1.953643674299735622e+00
1.831907907603614438e+00
1.722765443608899272e+00
1.624855270802740170e+00
1.537055168577474928e+00
1.458443509671169647e+00
1.388261177356277853e+00
1.325874539054644474e+00
1.270740836781812710e+00
1.222377341841398124e+00
1.180335294938571256e+00
1.144179199358676291e+00
1.113471627428900934e+00
1.087763434036658206e+00
1.066589140693175342e+00
1.049467181314077902e+00
1.035904589158217037e+00
1.025405490241465101e+00
1.017482454682880677e+00
1.011669413013063012e+00
1.007534580054741724e+00
1.004691756830636384e+00
1.002808573727932862e+00
1.001610698475432715e+00
1.000881683453430870e+00
1.000458828833518554e+00
1.000226028969198877e+00
1.000104916191680182e+00
1.000045657882675298e+00
1.000018528455389522e+00
1.000006970726522670e+00
1.000002415963610503e+00
1.000000766141861508e+00
