1.810641958931638555e+02
1.795521664213154338e+02
1.779277658614412587e+02
1.761840717246389261e+02
1.743139837997332791e+02
1.723102682146759435e+02
1.701656124074694389e+02
1.678726924278009278e+02
1.654242540322452157e+02
1.628132090367809610e+02
1.600327483357241363e+02
1.570764728684722797e+02
1.539385435943493405e+02
1.506138511983543253e+02
1.470982057716585416e+02
1.433885460639799021e+02
1.394831670645340580e+02
1.353819636107666042e+02
1.310866864319223737e+02
1.266012055000702929e+02
1.219317737922063714e+02
1.170872825929398005e+02
1.120794973467626079e+02
1.069232608977725079e+02
1.016366488735971672e+02
9.624106017073437158e+01
9.076122422615102892e+01
8.522510631184232466e+01
7.966369280296375166e+01
7.411064060275457166e+01
6.860177899835773019e+01
6.317445844157503387e+01
5.786674923233985623e+01
5.271650374966384334e+01
4.776030834594951102e+01
4.303236454541016798e+01
3.856335260128065556e+01
3.437934220320410361e+01
3.050082331095145705e+01
2.694193273562687807e+01
2.370994739663566975e+01
2.080510193526792762e+01
1.822076635566649117e+01
1.594398976364579212e+01
1.395638183408552635e+01
1.223526858714376075e+01
1.075502861204259730e+01
9.488495377234730910e+00
8.408305002979211906e+00
7.488078938315371857e+00
6.703356429451432952e+00
6.032228333159214806e+00
5.455665052294131456e+00
4.957569476983310075e+00
4.524614035797217326e+00
4.145935166634193259e+00
3.812758165956675604e+00
3.518013336129937940e+00
3.255985683968743771e+00
3.022020624534728750e+00
2.812291539373219518e+00
2.623623888394558623e+00
2.453365063982979155e+00
2.299288070219620561e+00
2.159518642096669439e+00
2.032478003341326112e+00
1.916836042434613807e+00
1.811471758289863176e+00
1.715439266608851154e+00
1.627938530378532977e+00
1.548290401161903640e+00
1.475915645085024597e+00
1.410317486252986585e+00
1.351066950018661617e+00
1.297790064685161449e+00
1.250155912842811468e+00
1.207864697287440947e+00
1.170635405728750467e+00
1.138193238713894440e+00
1.110257557173638832e+00
1.086531543271408884e+00
1.066694918583506846e+00
1.050400867697559804e+00
1.037277802830964601e+00
1.026935887026031446e+00
1.018977473606073936e+00
1.013009992326618036e+00
1.008659458118552843e+00
1.005582766732676880e+00
1.003477258332948763e+00
1.002086585567856014e+00
1.001202582305557032e+00
1.000663452135810427e+00
1.000349068909627492e+00
1.000174441086652433e+00
1.000082428184342787e+00
1.000036648438479281e+00
1.000015249250834071e+00
1.000005903367977567e+00
1.000002112645536290e+00
