1.810527438926954176e+02
1.795387835816636937e+02
1.779121358245026556e+02
1.761658287617561598e+02
1.742927057656456498e+02
1.722854686729858429e+02
1.701367318793637367e+02
1.678390887284244286e+02
1.653851916778768327e+02
1.627678477323231618e+02
1.599801305876970616e+02
1.570155108155989012e+02
1.538680052079296559e+02
1.505323460799875477e+02
1.470041708683881154e+02
1.432802317321531405e+02
1.393586240444794839e+02
1.352390316246540749e+02
1.309229852851203191e+02
1.264141297480443740e+02
1.217184922236073135e+02
1.168447439644168213e+02
1.118044439710232325e+02
1.066122518130659103e+02
1.012860943839705499e+02
9.584726951024919117e+01
9.032046793001748597e+01
8.473369453336307799e+01
7.911807025789113368e+01
7.350749801823569385e+01
6.793817987073376230e+01
6.244797856616253284e+01
5.707562489111234072e+01
5.185978270410678448e+01
4.683799600832188759e+01
4.204555607406997808e+01
3.751434041902758310e+01
3.327168784392932110e+01
2.933938284011191655e+01
2.573282650913065339e+01
2.246046777205357259e+01
1.952355672321102986e+01
1.691626107822358094e+01
1.462615770541785309e+01
1.263507672935000770e+01
1.092023971990222542e+01
9.455601220717017696e+00
8.213279814532253198e+00
7.164955720129769112e+00
6.283119170425681688e+00
5.542077154694376340e+00
4.918661845900591523e+00
4.392625757404463371e+00
3.946748612819537261e+00
3.566711859580511845e+00
3.240813907658394832e+00
2.959601285168688367e+00
2.715480330082777449e+00
2.502355677200859052e+00
2.315321349074254353e+00
2.150412494427581311e+00
2.004413495424308245e+00
1.874711828852035467e+00
1.759185607162411680e+00
1.656114290054577554e+00
1.564104863786294430e+00
1.482028588726163276e+00
1.408965601454159833e+00
1.344156094852516414e+00
1.286957617637743079e+00
1.236808439009402960e+00
1.193197089097737029e+00
1.155638218100340620e+00
1.123654860352943041e+00
1.096767050530050414e+00
1.074486515467638847e+00
1.056316869153622218e+00
1.041758409036329436e+00
1.030316311120413442e+00
1.021510818385752417e+00
1.014887964708779400e+00
1.010029492403248463e+00
1.006560882946725854e+00
1.004156774806169272e+00
1.002543427488431504e+00
1.001498254360021933e+00
1.000846753613903406e+00
1.000457397377447988e+00
1.000235181605600543e+00
1.000114586250099302e+00
1.000052644868125062e+00
1.000022686478702738e+00
1.000009117298669592e+00
1.000003395857314681e+00
1.000001164381386864e+00
1.000000364879323422e+00
1.000000103682598729e+00
1.000000026490394101e+00
1.000000006030161259e+00
1.000000001210906930e+00
