9.055519718185531985e+01
8.980305540790168095e+01
8.899535684959208481e+01
8.812873683186931828e+01
8.719975518213178134e+01
8.620491971585863666e+01
8.514071522505139455e+01
8.400363864512419809e+01
8.279024108325022269e+01
8.149717737522740890e+01
8.012126379102370777e+01
7.865954442239184630e+01
7.710936664917031180e+01
7.546846588296332925e+01
7.373505951600324693e+01
7.190794964731819050e+01
6.998663370691254215e+01
6.797142154282776971e+01
6.586355687097803013e+01
6.366534021511881747e+01
6.138024959482104492e+01
5.901305427571969631e+01
5.656991591713243395e+01
5.405847049504772173e+01
5.148788352309446736e+01
4.886887044363866295e+01
4.621367374180740484e+01
4.353598849220702505e+01
4.085082883700037115e+01
3.817432946638761848e+01
3.552347865482876443e+01
3.291578287202833053e+01
3.036886742410951712e+01
2.790002285337238419e+01
2.552571264690731212e+01
2.326106371354507729e+01
2.111936645084488973e+01
1.911161526560163182e+01
1.724612229492133153e+01
1.552823601746448823e+01
1.396019187516919580e+01
1.254111376038498271e+01
1.126717362118173504e+01
1.013190249399658782e+01
9.126631597589776490e+00
8.241028767568698399e+00
7.463685642563270939e+00
6.782706469631662571e+00
6.186251226398842284e+00
5.662993870341767710e+00
5.202469584990780938e+00
4.795300532476455935e+00
4.433304969335170043e+00
4.109506958483261307e+00
3.818071490711198113e+00
3.554192048914169622e+00
3.313955211976957749e+00
3.094201407467682241e+00
2.892394299359221765e+00
2.706505190317223253e+00
2.534914246339453836e+00
2.376327620840373189e+00
2.229708417125816133e+00
2.094219347960831534e+00
1.969175360711872713e+00
1.854004960109107980e+00
1.748219238753132565e+00
1.651387665365873447e+00
1.563119561349278985e+00
1.483050054128973283e+00
1.410829254429958990e+00
1.346113525879286232e+00
1.288557987011969663e+00
1.237809744093139264e+00
1.193501722016703459e+00
1.155247283086996868e+00
1.122636070372380557e+00
1.095231668213205944e+00
1.072571718040703725e+00
1.054171035042041238e+00
1.039528018795339737e+00
1.028134248129993766e+00
1.019486654141042115e+00
1.013101176182201746e+00
1.008526443038715970e+00
1.005355887837150020e+00
1.003236855032878960e+00
1.001875679773879479e+00
1.001038336541461238e+00
1.000546937127839930e+00
1.000272958943150270e+00
1.000128473025526432e+00
1.000056743405032034e+00
1.000023391998519529e+00
1.000008948230042050e+00
1.000003156362275325e+00
1.000001019653532719e+00
1.000000299450597208e+00
1.000000079310147560e+00
1.000000018780044853e+00
