9.054375297914383225e+01
8.978969117755845275e+01
8.897976053037029942e+01
8.811054832997319863e+01
8.717855969257952609e+01
8.618024030637644728e+01
8.511200465414032124e+01
8.397027040208685378e+01
8.275149966050875605e+01
8.145224781359736710e+01
8.006922057826015759e+01
7.859933987588418347e+01
7.703981897671506829e+01
7.538824719250574447e+01
7.364268413719278783e+01
7.180176323513570935e+01
6.986480372001756223e+01
6.783192982478809085e+01
6.570419520743074315e+01
6.348370988796651204e+01
6.117376609648810160e+01
5.877895846933197532e+01
5.630529301515398544e+01
5.376027825801591575e+01
5.115299102619340488e+01
4.849410859338819790e+01
4.579589841835161934e+01
4.307215671665611012e+01
4.033808769643170677e+01
3.761011666204932169e+01
3.490563248167696031e+01
3.224265822669638482e+01
2.963945314442834089e+01
2.711405442503182428e+01
2.468377322017088460e+01
2.236466563574726862e+01
2.017100533548896024e+01
1.811478917238536468e+01
1.620531002580536750e+01
1.444883089076660809e+01
1.284839054011238346e+01
1.140376341612102529e+01
1.011158500180017406e+01
8.965639640648621622e+00
7.957292175116417177e+00
7.076029971606861757e+00
6.310070249124410502e+00
5.646981266660853649e+00
5.074266250446570758e+00
4.579866179499173739e+00
4.152550542083744745e+00
3.782181545174275961e+00
3.459853912430601142e+00
3.177926308296960656e+00
2.929969378787775192e+00
2.710658572158374024e+00
2.515637917209578411e+00
2.341375493827931642e+00
2.185024538465062172e+00
2.044297818757020657e+00
1.917358195305578272e+00
1.802725457817529575e+00
1.699198258337057954e+00
1.605789669482080795e+00
1.521674992212202371e+00
1.446150533555092821e+00
1.378602002119409642e+00
1.318480943401433070e+00
1.265287385086893091e+00
1.218556749322925903e+00
1.177849246923884596e+00
1.142740442711834614e+00
1.112812401507022209e+00
1.087645618976158302e+00
1.066812591445220004e+00
1.049874192248372973e+00
1.036379901541860660e+00
1.025872410921058853e+00
1.017896339661536365e+00
1.012009973334288215e+00
1.007798293194059447e+00
1.004885277426215362e+00
1.002943596358064404e+00
1.001700352392602911e+00
1.000938292397724361e+00
1.000492749737584841e+00
1.000245259318086610e+00
1.000115190487657069e+00
1.000050807358041416e+00
1.000020936978411878e+00
1.000008015921021620e+00
1.000002834122945217e+00
1.000000919314124603e+00
1.000000271645837824e+00
1.000000072558020925e+00
1.000000017373035677e+00
1.000000003695026729e+00
1.000000000691162239e+00
1.000000000112565290e+00
1.000000000015728752e+00
