1.810522012946460677e+02
1.795381526040785900e+02
1.779114028251569835e+02
1.761649781958751078e+02
1.742917199761063216e+02
1.722843276732944844e+02
1.701354131345910048e+02
1.678375669413784692e+02
1.653834385903840030e+02
1.627658319546515884e+02
1.599778174729412399e+02
1.570128624002906008e+02
1.538649802452528377e+02
1.505289001977053260e+02
1.470002568898128175e+02
1.432758002049717447e+02
1.393536240286140071e+02
1.352334117960102731e+02
1.309166954162721197e+02
1.264071226285222451e+02
1.217107260801076478e+02
1.168361854331932221e+02
1.117950716588858597e+02
1.066020604575063686e+02
1.012750995845192108e+02
9.583551295003543657e+01
9.030802293696743277e+01
8.472067174403936463e+01
7.910462304507468900e+01
7.349382723021042807e+01
6.792453731397148431e+01
6.243466855656490111e+01
5.706300312044864853e+01
5.184825164147930820e+01
4.682799610941144408e+01
4.203755223322137624e+01
3.750880339756293580e+01
3.326907085918619345e+01
2.934009410168918919e+01
2.573719921152583012e+01
2.246872982937125585e+01
1.953580325400506368e+01
1.693243317164435879e+01
1.464603115667369693e+01
1.265826406346967126e+01
1.094620781757354244e+01
9.483705205616500322e+00
8.242811684623672974e+00
7.195203791506922464e+00
6.313432176015339792e+00
5.571925295525195665e+00
4.947686678608730126e+00
4.420671787059696101e+00
3.973871820139363020e+00
3.593163762217979951e+00
3.267003489206050659e+00
2.986040447488100824e+00
2.742720742736979744e+00
2.530925598454444980e+00
2.345670145780930582e+00
2.182868524908160079e+00
2.039158303408620920e+00
1.911770843412352372e+00
1.798433265063883679e+00
1.697290012683311922e+00
1.606835742127159739e+00
1.525854889688805782e+00
1.453366106951786252e+00
1.388571533602140251e+00
1.330811721834882055e+00
1.279527146912330826e+00
1.234226899680066047e+00
1.194464607752341534e+00
1.159821081407588883e+00
1.129892771473668178e+00
1.104284922820314874e+00
1.082608297205405190e+00
1.064478464865583840e+00
1.049516856227836969e+00
1.037352969714560036e+00
1.027627316948579006e+00
1.019994833963042691e+00
1.014128580393390155e+00
1.009723574790652778e+00
1.006500572432563079e+00
1.004209504791551577e+00
1.002632213061589228e+00
1.001584077012947382e+00
1.000914206428921593e+00
1.000504033031999640e+00
1.000264382556259379e+00
1.000131354847428433e+00
1.000061522683940440e+00
1.000027025790023227e+00
1.000011073357007119e+00
1.000004206780966021e+00
1.000001472282262993e+00
1.000000471381088163e+00
1.000000137028176583e+00
1.000000035870920900e+00
