9.054799244092293975e+01
8.979464703287780480e+01
8.898555058933902728e+01
8.811730890425994289e+01
8.718644826733817865e+01
8.618943853512200803e+01
8.512272169816662881e+01
8.398274663205390311e+01
8.276601073169453571e+01
8.146910911744323869e+01
8.008879206057956424e+01
7.862203119572394883e+01
7.706609495854310410e+01
7.541863349731418964e+01
7.367777304441413833e+01
7.184221938621288928e+01
6.991136962547491862e+01
6.788543087945645027e+01
6.576554389332352457e+01
6.355390877215134537e+01
6.125390915411134074e+01
5.887023018300550348e+01
5.640896462613896034e+01
5.387770047894225200e+01
5.128558247861999320e+01
4.864333921791995152e+01
4.596326713422401866e+01
4.325916269754214483e+01
4.054619479661670312e+01
3.784071078848337066e+01
3.515997207640882749e+01
3.252181850866746515e+01
2.994426535776649700e+01
2.744504203709849932e+01
2.504108777269260599e+01
2.274802572065931017e+01
2.057964286452738989e+01
1.854740763515802371e+01
1.666005966875899702e+01
1.492330557932201174e+01
1.333965038284612703e+01
1.190838596516348957e+01
1.062574599209817450e+01
9.485221872275369392e+00
8.478018456746003295e+00
7.593613307016232383e+00
6.820372015182629255e+00
6.146166383930423471e+00
5.558943634956068358e+00
5.047203327164214492e+00
4.600353002404378167e+00
4.208931141094308437e+00
3.864703499208899551e+00
3.560653113785285484e+00
3.290892936657393353e+00
3.050532395226966731e+00
2.835525954655707448e+00
2.642524889853377523e+00
2.468745321315223062e+00
2.311858171251918392e+00
2.169901303694982353e+00
2.041211063017599692e+00
1.924369357561900751e+00
1.818162644707548958e+00
1.721549944159909584e+00
1.633637806811667925e+00
1.553660711925529680e+00
1.480965584975772575e+00
1.414999100755099048e+00
1.355296320471551574e+00
1.301469185253354199e+00
1.253193592830475822e+00
1.210194279911636750e+00
1.172227477713544408e+00
1.139062163978851183e+00
1.110461503829294427e+00
1.086166552924363593e+00
1.065884344946098627e+00
1.049282057965682080e+00
1.035988124920919740e+00
1.025600096515602910e+00
1.017698008917275798e+00
1.011861177283672308e+00
1.007685893946952183e+00
1.004801528547085709e+00
1.002882977148365162e+00
1.001658173392625084e+00
1.000910286962630069e+00
1.000475105773302342e+00
1.000234763243607494e+00
1.000109322706055348e+00
1.000047739700609339e+00
1.000019445047058531e+00
1.000007344749328286e+00
1.000002556549133059e+00
1.000000814489954815e+00
1.000000235761165923e+00
1.000000061510553984e+00
1.000000014340613808e+00
1.000000002959723355e+00
