1.810594147585657083e+02
1.795465788790059776e+02
1.779212397079359675e+02
1.761764541046730699e+02
1.743050982536731510e+02
1.722999113774020827e+02
1.701535503380437717e+02
1.678586565544300981e+02
1.654079367048086908e+02
1.627942586901326649e+02
1.600107642818246063e+02
1.570509997549862078e+02
1.539090655924908617e+02
1.505797860143765092e+02
1.470588986152929465e+02
1.433432637540387020e+02
1.394310925072364569e+02
1.353221909501603477e+02
1.310182172434106178e+02
1.265229464760028435e+02
1.218425364499853885e+02
1.169857856168225254e+02
1.119643722482604318e+02
1.067930617377628266e+02
1.014898668210022237e+02
9.607614366436384046e+01
9.057660544229581490e+01
8.501923450307840824e+01
7.943507484579856737e+01
7.385788875742498760e+01
6.832366543219762889e+01
6.286997549535427510e+01
5.753517372724127910e+01
5.235746286924474902e+01
4.737384383271547961e+01
4.261899120046962963e+01
3.812410646753019705e+01
3.391581346701998001e+01
3.001516900288696021e+01
2.643686486691428783e+01
2.318869332222146440e+01
2.027133551104603626e+01
1.767851079318728580e+01
1.539749580495926828e+01
1.340998768203507652e+01
1.169325054552489540e+01
1.022145318096306177e+01
8.967084206076641806e+00
7.902323344252256909e+00
7.000256003431970520e+00
6.235842532835778051e+00
5.586589418331801227e+00
5.032910831929980233e+00
4.558207773011186958e+00
4.148721651911311703e+00
3.793235155209750964e+00
3.482694655859092325e+00
3.209817752448265171e+00
2.968731504833868495e+00
2.754666974673613211e+00
2.563718225859023647e+00
2.392661542052755497e+00
2.238823822092892435e+00
2.099987008294966984e+00
1.974316425718791956e+00
1.860303528296907594e+00
1.756716614489301387e+00
1.662555892141817981e+00
1.577011483355432953e+00
1.499424423708208387e+00
1.429251420396801198e+00
1.366034193975906641e+00
1.309373838057029005e+00
1.258910053884658486e+00
1.214304616110750468e+00
1.175228192689008910e+00
1.141349739536370311e+00
1.112328050289643322e+00
1.087805502128674773e+00
1.067404415519984884e+00
1.050726595490926840e+00
1.037356483064413526e+00
1.026867947346875365e+00
1.018834196573806583e+00
1.012839729201204575e+00
1.008492837090661398e+00
1.005437028792855791e+00
1.003359910037501912e+00
1.001998506283202195e+00
1.001140631883842724e+00
1.000622555712074035e+00
1.000323741399205435e+00
1.000159752253691137e+00
1.000074472392993963e+00
1.000032638180741174e+00
1.000013375698475926e+00
1.000005095920785791e+00
1.000001793339533762e+00
1.000000578896056869e+00
1.000000170110825204e+00
