9.054471614090282117e+01
8.979081734218394217e+01
8.898107657530600534e+01
8.811208537508311167e+01
8.718035371942386291e+01
8.618233285448378922e+01
8.511444360020647082e+01
8.397311082741181565e+01
8.275480481093292440e+01
8.145609015461677416e+01
8.007368294574662571e+01
7.860451671976619537e+01
7.704581769092393984e+01
7.539518951928688750e+01
7.365070762735223298e+01
7.181102273777322864e+01
6.987547286565958871e+01
6.784420245449655340e+01
6.571828668743106050e+01
6.349985823473834756e+01
6.119223282139112285e+01
5.880002903520619384e+01
5.632927678073225763e+01
5.378750777052427168e+01
5.118382050968084940e+01
4.852891147200079303e+01
4.583506371222230058e+01
4.311608415594516686e+01
4.038718141917986770e+01
3.766477739681590009e+01
3.496624816913863754e+01
3.230959310761524961e+01
2.971303543579484341e+01
2.719456282134387948e+01
2.477142259022241788e+01
2.245959243179745357e+01
2.027325338288353507e+01
1.822429665160613155e+01
1.632189857969911984e+01
1.457219786782303039e+01
1.297810539759636761e+01
1.153926923063986898e+01
1.025220584684501901e+01
9.110594273822862021e+00
8.105714026952842488e+00
7.226992857053069486e+00
6.462618572430668173e+00
5.800162832266031465e+00
5.227165228045431711e+00
4.731633420892110031e+00
4.302428426612689982e+00
3.929520919314722249e+00
3.604121497391174600e+00
3.318702094379074374e+00
3.066934831475528700e+00
2.843577705613053563e+00
2.644334204299274571e+00
2.465707996399120638e+00
2.304866485343429083e+00
2.159520185226092348e+00
2.027819802869883503e+00
1.908269929710984192e+00
1.799657053895513448e+00
1.700989567573270689e+00
1.611447934822868522e+00
1.530343740070499114e+00
1.457086703286742724e+00
1.391158848454278285e+00
1.332094888080083583e+00
1.279467655897097433e+00
1.232877232002186574e+00
1.191942394814813566e+00
1.156293276166746375e+00
1.125564570821406596e+00
1.099389249712729111e+00
1.077393281202286612e+00
1.059192211483841684e+00
1.044390485894462151e+00
1.032584092758939143e+00
1.023366564282003788e+00
1.016337730391918326e+00
1.011114069929731407e+00
1.007339186781041285e+00
1.004692931286377933e+00
1.002897975556901411e+00
1.001723145583494068e+00
1.000983383078115851e+00
1.000536726732595083e+00
1.000279071319642998e+00
1.000137639526005984e+00
1.000064090369399361e+00
1.000028030457402961e+00
1.000011450431227411e+00
1.000004342342408536e+00
1.000001518698794278e+00
1.000000486368014974e+00
1.000000141531835807e+00
1.000000037112529938e+00
1.000000008690848929e+00
1.000000001799804084e+00
