1.810697589117785071e+02
1.795586618346144405e+02
1.779353449494380754e+02
1.761929089775787531e+02
1.743242801233052433e+02
1.723222544822568807e+02
1.701795533701882164e+02
1.678888909846502600e+02
1.654430558506180660e+02
1.628350074980022271e+02
1.600579897595915497e+02
1.571056619447297464e+02
1.539722489165779962e+02
1.506527107562937431e+02
1.471429322109108853e+02
1.434399314672137109e+02
1.395420869459386779e+02
1.354493797466495835e+02
1.311636480769229536e+02
1.266888484637889434e+02
1.220313167799611023e+02
1.172000201536954336e+02
1.122067887299914304e+02
1.070665141104007034e+02
1.017972992617252004e+02
9.642054294368043088e+01
9.096094050849356449e+01
8.544638256758764783e+01
7.990773383661645823e+01
7.437847681039274050e+01
6.889420911309954931e+01
6.349198967285598627e+01
5.820953739948599548e+01
5.308429669809388685e+01
4.815239652757860256e+01
4.344754304301789460e+01
3.899989896859463556e+01
3.483501417082373308e+01
3.097287958986583689e+01
2.742717880095058902e+01
2.420480629458297983e+01
2.130570796014925605e+01
1.872307712369540766e+01
1.644391008251573538e+01
1.444989118829555785e+01
1.271854335928716750e+01
1.122455056209884461e+01
9.941139443178370172e+00
8.841401974121918528e+00
7.899451573193798204e+00
7.091330581176682912e+00
6.395623030086460048e+00
5.793766823680408962e+00
5.270096343476872391e+00
4.811673656255539555e+00
4.407980072241006297e+00
4.050539380999478745e+00
3.732532497216170420e+00
3.448445337273937206e+00
3.193772731719036528e+00
2.964785121563591641e+00
2.758353788776620963e+00
2.571824600891533308e+00
2.402928586257898846e+00
2.249718526027461252e+00
2.110522766400936501e+00
1.983909709018230050e+00
1.868658472544541427e+00
1.763732872638117843e+00
1.668257117339524864e+00
1.581492489114171951e+00
1.502814836331854531e+00
1.431692997355778374e+00
1.367668409057036127e+00
1.310336178774194060e+00
1.259327873818696375e+00
1.214296235911991761e+00
1.174901982462495553e+00
1.140802836525783404e+00
1.111644952863909630e+00
1.087056978140315655e+00
1.066647062784258804e+00
1.050003161534479590e+00
1.036696843768110776e+00
1.026290541562384862e+00
1.018347717755245352e+00
1.012444936233458659e+00
1.008184406945144662e+00
1.005205398595114152e+00
1.003193043858576550e+00
1.001883494664710827e+00
1.001065017774816823e+00
1.000575296881820231e+00
1.000295766657096408e+00
1.000144131960285288e+00
1.000066281396629453e+00
1.000028623681865847e+00
1.000011546244875538e+00
1.000004325077532119e+00
1.000001494857029716e+00
