4.525738611489204573e+02
4.487792249425813793e+02
4.447012868341391254e+02
4.403223733258292327e+02
4.356243150976669654e+02
4.305885513647770040e+02
4.251962612575047729e+02
4.194285258975422721e+02
4.132665249978323345e+02
4.066917718782773363e+02
3.996863907279166597e+02
3.922334397143297906e+02
3.843172830923726337e+02
3.759240147389274398e+02
3.670419344737672418e+02
3.576620770492579595e+02
3.477787917321742839e+02
3.373903678911099178e+02
3.264996988844474117e+02
3.151149727780963872e+02
3.032503740029748656e+02
2.909267750311992700e+02
2.781723916160223098e+02
2.650233693001848110e+02
2.515242630569204607e+02
2.377283665237084733e+02
2.236978429018923578e+02
2.095036069548363571e+02
1.952249075075185090e+02
1.809485633908012403e+02
1.667678138659200329e+02
1.527807580987984579e+02
1.390883778687988865e+02
1.257921635803438392e+02
1.129913953065796619e+02
1.007801666309960495e+02
8.924427697114521152e+01
7.845815420069800439e+01
6.848199899027578397e+01
5.935935989640310595e+01
5.111534829647384726e+01
4.375568012052821132e+01
3.726668432959102972e+01
3.161634683851696792e+01
2.675636787879041378e+01
2.262510999152798163e+01
1.915121623345291368e+01
1.625759927517340842e+01
1.386545675916924836e+01
1.189796738322530878e+01
1.028336918915876019e+01
8.957210664969075253e+00
7.863681591537609705e+00
6.956052826733852612e+00
6.196359761659695486e+00
5.554534698575987584e+00
5.007219644930229308e+00
4.536474798902460748e+00
4.128550680954851337e+00
3.772829999072460527e+00
3.460985202567204322e+00
3.186350816496664518e+00
2.943480860123969922e+00
2.727849723381209124e+00
2.535655031236906609e+00
2.363687695467563632e+00
2.209243087937708516e+00
2.070055437898928652e+00
1.944244098610476756e+00
1.830265130443200494e+00
1.726864973487704846e+00
1.633035156194326820e+00
1.547968280282895348e+00
1.471016155266725578e+00
1.401651116639741845e+00
1.339431418969135423e+00
1.283971296547733010e+00
1.234915949041100358e+00
1.191921422501752703e+00
1.154639166438731435e+00
1.122704971426103704e+00
1.095732015485302302e+00
1.073307830972313415e+00
1.054995084705131259e+00
1.040336069935651198e+00
1.028860678551914543e+00
1.020097335174738440e+00
1.013585974557778657e+00
1.008891737506914632e+00
1.005617791878146150e+00
1.003415681605407617e+00
1.001991925733428213e+00
1.001110187826227627e+00
1.000589077343916777e+00
1.000296343439628588e+00
1.000140707394939765e+00
1.000062752629062635e+00
1.000026149543464138e+00
1.000010123975062504e+00
1.000003619329647764e+00
