9.055413347156994064e+01
8.980182097938727281e+01
8.899392603711666538e+01
8.812708057812261586e+01
8.719784071817872473e+01
8.620271024857215991e+01
8.513816964649871011e+01
8.400071128307060064e+01
8.278688151758338165e+01
8.149333035176903195e+01
8.011686927190794449e+01
7.865453782091299217e+01
7.710367930658885882e+01
7.546202585491244008e+01
7.372779274636708635e+01
7.189978161699276882e+01
6.997749165262062832e+01
6.796123734564497454e+01
6.585227071348019479e+01
6.365290509762265003e+01
6.136663678210335604e+01
5.899825971249985201e+01
5.655396759988679634e+01
5.404143671591201326e+01
5.146988180586878059e+01
4.885007687083343342e+01
4.619433222630479463e+01
4.351641938222249451e+01
4.083143606850858731e+01
3.815560530941981909e+01
3.550600496300501874e+01
3.290022767009923399e+01
3.035597569457869582e+01
2.789060055241384717e+01
2.552060333150897975e+01
2.326111772486560270e+01
2.112540337954973069e+01
1.912438139452706309e+01
1.726624579661631387e+01
1.555618374828438455e+01
1.399623247073471255e+01
1.258529218091522672e+01
1.131930209964341216e+01
1.019157183494204766e+01
9.193244900092173211e+00
8.313857008642177249e+00
7.541941463409834512e+00
6.865629446574199157e+00
6.273195483897244351e+00
5.753507689187819629e+00
5.296357078983357169e+00
4.892657590671353418e+00
4.534525168843058118e+00
4.215257368199464061e+00
3.929242337761323700e+00
3.671827280076067623e+00
3.439172505221267162e+00
3.228110051731840624e+00
3.036017865351695377e+00
2.860713649952395965e+00
2.700367828744389520e+00
2.553432764894321139e+00
2.418585003542630396e+00
2.294678020088206871e+00
2.180704019245959913e+00
2.075764166871464145e+00
1.979046971400667543e+00
1.889814338862801701e+00
1.807394268920553326e+00
1.731178507264381272e+00
1.660623000523643533e+00
1.595248915354131158e+00
1.534642347688520481e+00
1.478451573383306572e+00
1.426381574715622547e+00
1.378186374573664663e+00
1.333660220374947025e+00
1.292628786065558089e+00
1.254941332242940355e+00
1.220464312914210758e+00
1.189076420315846816e+00
1.160664676105906512e+00
1.135121001730609258e+00
1.112338745194405343e+00
1.092208853448167094e+00
1.074615676032152800e+00
1.059432684486484533e+00
1.046518629274530765e+00
1.035714786694349465e+00
1.026843942618387961e+00
1.019711603817421652e+00
1.014109631550884627e+00
1.009822101030169117e+00
1.006632783720834201e+00
1.004333324764211666e+00
1.002731031723770094e+00
1.001655249743504283e+00
1.000961561389560828e+00
1.000533452074143348e+00
1.000281525452397124e+00
