1.810590909489658600e+02
1.795461975333149098e+02
1.779207905974614050e+02
1.761759251849603061e+02
1.743044753443650450e+02
1.722991777867518408e+02
1.701526864229651608e+02
1.678576392056628208e+02
1.654067387453243612e+02
1.627928481733561341e+02
1.600091036746098609e+02
1.570490449886147815e+02
1.539067649633224448e+02
1.505770789142810884e+02
1.470557140707679196e+02
1.433395187521532534e+02
1.394266900865025036e+02
1.353170180354105696e+02
1.310121422061855014e+02
1.265158164062575565e+02
1.218341741317109808e+02
1.169759862100588066e+02
1.119528996936310108e+02
1.067796449178156450e+02
1.014741955359053094e+02
9.605786450843817192e+01
9.055531770270891911e+01
8.499448624267398600e+01
7.940635937782602127e+01
7.382464176949139301e+01
6.828526306784523570e+01
6.282573375104667690e+01
5.748434956598272549e+01
5.229925748433436183e+01
4.730740851022867588e+01
4.254343622040991590e+01
3.803851344443383198e+01
3.381925145451879899e+01
2.990671456717207022e+01
2.631562616571405400e+01
2.305383800431419417e+01
2.012212197361093757e+01
1.751432200073003997e+01
1.521787449051424090e+01
1.321467133606486577e+01
1.148220418464811132e+01
9.994897534389908245e+00
8.725516744305192418e+00
7.646529602454959829e+00
6.731309020533692511e+00
5.955089002494007744e+00
5.295622321628095541e+00
4.733529776609298523e+00
4.252369766110772886e+00
3.838486264063759812e+00
3.480708676515033240e+00
3.169977683357893650e+00
2.898959680352799939e+00
2.661693843047111763e+00
2.453295715835383195e+00
2.269724081754831424e+00
2.107606124363911260e+00
1.964109854944701583e+00
1.836851264929796779e+00
1.723824922519790359e+00
1.623349189943681159e+00
1.534019862171613680e+00
1.454668331112147772e+00
1.384322223037797617e+00
1.322167842745756383e+00
1.267514705542828191e+00
1.219762963833246117e+00
1.178374682872775914e+00
1.142849786917920163e+00
1.112707217635770629e+00
1.087471546481935336e+00
1.066665029125120290e+00
1.049804877752873900e+00
1.036405306802317572e+00
1.025983636592987303e+00
1.018069422580229144e+00
1.012215276985987567e+00
1.008007857656284090e+00
1.005077500549507397e+00
1.003105207150382761e+00
1.001826144210965941e+00
1.001029390273413977e+00
1.000554254206338367e+00
1.000283973235036816e+00
1.000137878414907755e+00
1.000063155897473965e+00
1.000027157927572352e+00
1.000010904578962689e+00
1.000004064370987544e+00
1.000001397175139140e+00
1.000000439867109847e+00
1.000000125853429678e+00
1.000000032452029508e+00
1.000000007473089703e+00
1.000000001521613502e+00
