9.054725924274467275e+01
8.979378784135946034e+01
8.898454412575009087e+01
8.811613039968514727e+01
8.718506891919199120e+01
8.618782488724374957e+01
8.512083493613901908e+01
8.398054178521728375e+01
8.276343577343874358e+01
8.146610395586536413e+01
8.008528741264849771e+01
7.861794733986782546e+01
7.706134036330288950e+01
7.541310332765104363e+01
7.367134755273751523e+01
7.183476220257355749e+01
6.990272597104652164e+01
6.787542573984421779e+01
6.575398020382039022e+01
6.354056568620833900e+01
6.123854048929263172e+01
5.885256316567248547e+01
5.638869908684573318e+01
5.385450868438131522e+01
5.125910982161592955e+01
4.861320602226893328e+01
4.592907186283683529e+01
4.322048687578067216e+01
4.050260997183907108e+01
3.779178783404001507e+01
3.510529310475850906e+01
3.246099157420237447e+01
2.987694199586551846e+01
2.737093749412493082e+01
2.496000352833230806e+01
2.265987359202677709e+01
2.048446962343773237e+01
1.844541869101763254e+01
1.655164000928075296e+01
1.480903587370829300e+01
1.322031600236024218e+01
1.178497673315561300e+01
1.049944480073800968e+01
9.357380934391201777e+00
8.350122896184448251e+00
7.467232973557416109e+00
6.697103723377120232e+00
6.027570048017502735e+00
5.446476800626038894e+00
4.942159185918327147e+00
4.503806965312329602e+00
4.121700386506311098e+00
3.787322650781500766e+00
3.493367523944676645e+00
3.233669203810535464e+00
3.003084018436510849e+00
2.797350683038130725e+00
2.612949527595012977e+00
2.446973563054203105e+00
2.297017416344173668e+00
2.161085196724747526e+00
2.037515551523657376e+00
1.924921160401993792e+00
1.822140025507881456e+00
1.728196468133813335e+00
1.642270262059443153e+00
1.563672585982264884e+00
1.491827438453213084e+00
1.426256944677478211e+00
1.366568777235926291e+00
1.312443891227676351e+00
1.263623056990782478e+00
1.219891280340686723e+00
1.181060043973912066e+00
1.146948214025381052e+00
1.117363227735032272e+00
1.092084628779325550e+00
1.070852033083475430e+00
1.053359174378027729e+00
1.039254879579760704e+00
1.028150821629162825e+00
1.019634893824886035e+00
1.013288241480607921e+00
1.008703523610239960e+00
1.005501934262057917e+00
1.003346879893365795e+00
1.001952897459297720e+00
1.001089261814603448e+00
1.000578597409705672e+00
1.000291513313996239e+00
1.000138701692028675e+00
1.000062029144189735e+00
1.000025940726203766e+00
1.000010088824097476e+00
1.000003627213807533e+00
1.000001197752061088e+00
1.000000360723143356e+00
1.000000098331082610e+00
1.000000024062045467e+00
1.000000005238411926e+00
