1.810557289591280323e+02
1.795422776961818556e+02
1.779162239490391073e+02
1.761706095387295647e+02
1.742982935856209394e+02
1.722919960181534123e+02
1.701443519694670954e+02
1.678479784953246110e+02
1.653955550933227983e+02
1.627799195103309842e+02
1.599941802777289581e+02
1.570318472949254556e+02
1.538869815704720168e+02
1.505543649038239380e+02
1.470296898241030021e+02
1.433097694684011856e+02
1.393927662545812325e+02
1.352784371578130447e+02
1.309683921171823897e+02
1.264663605690737000e+02
1.217784593328479161e+02
1.169134530880373006e+02
1.118829965359477967e+02
1.067018451240574564e+02
1.013880190655125801e+02
9.596290349636258554e+01
9.045126622312513121e+01
8.488117391965113256e+01
7.928378817610206397e+01
7.369302484886073046e+01
6.814506406228832702e+01
6.267770426403087214e+01
5.732956209955417393e+01
5.213913050503310131e+01
4.714371998286912202e+01
4.237832181095386375e+01
3.787444581239537200e+01
3.365899772255554012e+01
2.975327024075511773e+01
2.617212549449133974e+01
2.292344296384213465e+01
2.000789453541536744e+01
1.741908687664707500e+01
1.514408171888450738e+01
1.316426951028614312e+01
1.145653542210328268e+01
9.994624177371836282e+00
8.750587216961321246e+00
7.696187038491385302e+00
6.804141730793265452e+00
6.049117293076223589e+00
5.408412400163152611e+00
4.862323178791077005e+00
4.394216278344606152e+00
3.990369677328638787e+00
3.639657434656804913e+00
3.333155856488579705e+00
3.063736906755827327e+00
2.825695312865172948e+00
2.614434614566251813e+00
2.426219230966876417e+00
2.257987185107626082e+00
2.107211841715512790e+00
1.971799645721144190e+00
1.850012478572777619e+00
1.740406103495570678e+00
1.641779053017941026e+00
1.553128640576654451e+00
1.473612401706515973e+00
1.402514250081423608e+00
1.339215099339671422e+00
1.283167799132461484e+00
1.233876120147757494e+00
1.190877360577046851e+00
1.153728076395055258e+00
1.121992538500700576e+00
1.095233779506971983e+00
1.073007414327078246e+00
1.054858658569334251e+00
1.040322997855788856e+00
1.028930718323904037e+00
1.020215028234796151e+00
1.013722904976514183e+00
1.009027262175701045e+00
1.005738714294589276e+00
1.003515229832429689e+00
1.002068326570320522e+00
1.001165093309022369e+00
1.000626068798439627e+00
1.000319689533995193e+00
1.000154480477602137e+00
1.000070324320522896e+00
1.000030013066768086e+00
1.000011945241345401e+00
1.000004408262735511e+00
1.000001499051731857e+00
1.000000466539109567e+00
1.000000131904586809e+00
1.000000033606001759e+00
1.000000007647360301e+00
