1.810557512266761080e+02
1.795423043558418499e+02
1.779162559020484196e+02
1.761706478796040756e+02
1.742983396454571050e+02
1.722920514179897680e+02
1.701444186860969126e+02
1.678480589425140863e+02
1.653956522220846068e+02
1.627800369327557917e+02
1.599943224199078315e+02
1.570320195857528347e+02
1.538871906746207969e+02
1.505546190089766867e+02
1.470299989946409767e+02
1.433101460802086535e+02
1.393932255284445603e+02
1.352789978120503065e+02
1.309690771635880822e+02
1.264671982798766123e+02
1.217794844099622793e+02
1.169147080691078315e+02
1.118845334740698974e+02
1.067037275788940747e+02
1.013903244418943075e+02
9.596572576111097419e+01
9.045471902021593280e+01
8.488539408608541237e+01
7.928893963387019994e+01
7.369930280998016769e+01
6.815269943210095960e+01
6.268696806141945643e+01
5.734076963143350270e+01
5.215264493845070604e+01
4.715995485642886109e+01
4.239774192724839708e+01
3.789756586871224187e+01
3.368637798744856582e+01
2.978550859265498829e+01
2.620984523112636566e+01
2.296727599184866264e+01
2.005845987443496981e+01
1.747696486258935522e+01
1.520978484508981410e+01
1.323821145232876972e+01
1.153900037078995844e+01
1.008573904952932487e+01
8.850299510158050609e+00
7.804250944315439753e+00
6.920114566634449460e+00
6.172367370944187748e+00
5.538138225637110779e+00
4.997582546477747911e+00
4.533962633592998337e+00
4.133492275517646419e+00
3.785021515010631443e+00
3.479639313832523229e+00
3.210260721918874349e+00
2.971246113437586267e+00
2.758078948895388294e+00
2.567110223580986172e+00
2.395365037208013081e+00
2.240400071985412911e+00
2.100199046600627284e+00
1.973094561912558165e+00
1.857707420814773913e+00
1.752897289397413960e+00
1.657720873520740268e+00
1.571395452517736935e+00
1.493266695696875201e+00
1.422780308078549938e+00
1.359457328727025072e+00
1.302872947413042048e+00
1.252638620047773044e+00
1.208387154341177050e+00
1.169760391700372493e+00
1.136399180617662985e+00
1.107935521159479464e+00
1.083987007698084870e+00
1.064153917275300509e+00
1.048019382992661397e+00
1.035152979728301892e+00
1.025117715405862606e+00
1.017479922653956370e+00
1.011821008453040127e+00
1.007749601447630594e+00
1.004912476563465384e+00
1.003002803272353471e+00
1.001764729805426191e+00
1.000993965448478962e+00
1.000534693375161099e+00
1.000273679983807673e+00
1.000132738964032653e+00
1.000060731428470184e+00
1.000026082088585566e+00
1.000010457602300118e+00
1.000003891386030963e+00
1.000001335170910499e+00
1.000000419417242048e+00
1.000000119693186695e+00
