4.525567524368387353e+02
4.487592485251730636e+02
4.446779774535579008e+02
4.402951943763131339e+02
4.355926487928652477e+02
4.305516878503321436e+02
4.251533866410084102e+02
4.193787091963712328e+02
4.132087040444615695e+02
4.066247382748711061e+02
3.996087740098786867e+02
3.921436909688840160e+02
3.842136583858111294e+02
3.758045588376463115e+02
3.669044655014810132e+02
3.575041729070751444e+02
3.475977793189448448e+02
3.371833163958396540e+02
3.262634186744964495e+02
3.148460216658343711e+02
3.029450729233412858e+02
2.905812353801719610e+02
2.777825566539925148e+02
2.645850720744468276e+02
2.510333031945555149e+02
2.371806079324811378e+02
2.230893338293951729e+02
2.088307229315728932e+02
1.944845163819823313e+02
1.801382099170677122e+02
1.658859191239595816e+02
1.518268264640040854e+02
1.380632014210644911e+02
1.246980109652737951e+02
1.118321694447037089e+02
9.956151372969067381e+01
8.797362852476190653e+01
7.714468459914650111e+01
6.713648448412249081e+01
5.799393032386070956e+01
4.974313121622515155e+01
4.239034744793414689e+01
3.592192335842283768e+01
3.030528922106466894e+01
2.549101986808389242e+01
2.141583296611929654e+01
1.800630638745789724e+01
1.518300823426815960e+01
1.286468083331666534e+01
1.097211372722381917e+01
9.431385288334251271e+00
8.176243228766159277e+00
7.149516135163880293e+00
6.303578970498889156e+00
5.600010679699481742e+00
5.008660963604487648e+00
4.506374673734568681e+00
4.075606897495235970e+00
3.703111307192885615e+00
3.378816751435472110e+00
3.094940663705087136e+00
2.845335976476783824e+00
2.625036657625322345e+00
2.429954551097892157e+00
2.256681462076856270e+00
2.102358879551680104e+00
1.964588146274542924e+00
1.841363204290383582e+00
1.731015121924723177e+00
1.632162477781711640e+00
1.543664834886804282e+00
1.464578505268097075e+00
1.394114958322120401e+00
1.331602790573603201e+00
1.276454287815560473e+00
1.228137392298313868e+00
1.186153475972882898e+00
1.150020868191002466e+00
1.119263723374116060e+00
1.093405610967995933e+00
1.071967160079704717e+00
1.054467129356243982e+00
1.040426315350313713e+00
1.029373699518674412e+00
1.020854151767690565e+00
1.014436889707377665e+00
1.009723796337675505e+00
1.006356683840384791e+00
1.004022695028687240e+00
1.002457261138976152e+00
1.001444355191159152e+00
1.000814138403965936e+00
1.000438426318811969e+00
1.000224640899843420e+00
1.000109025928089368e+00
1.000049876782100888e+00
1.000021393752046572e+00
1.000008554413823303e+00
1.000003168798585529e+00
1.000001080103242179e+00
