9.054642651082683358e+01
8.979281515400407443e+01
8.898340867092768747e+01
8.811480583698659075e+01
8.718352488472213224e+01
8.618602644263178547e+01
8.511874195913959795e+01
8.397810830048554465e+01
8.276060922363247130e+01
8.146282441537779562e+01
8.008148674911626586e+01
7.861354833226667438e+01
7.705625579007022452e+01
7.540723504399250032e+01
7.366458558319520478e+01
7.182698388314192073e+01
6.989379518464332364e+01
6.786519229971476364e+01
6.574227945129830175e+01
6.352721838182359448e+01
6.122335308895286943e+01
5.883532858571950896e+01
5.636919807207755184e+01
5.383251190015040777e+01
5.123438079302415105e+01
4.858550503811049026e+01
4.589816094684911718e+01
4.318613590040889250e+01
4.046460394768357105e+01
3.774993534949234686e+01
3.505943581400656228e+01
3.241101453821114831e+01
2.982278457253030979e+01
2.731260435552009724e+01
2.489757526273664112e+01
2.259351623716021251e+01
2.041444238879743978e+01
1.837207907696644682e+01
1.647544553465022332e+01
1.473054169653383205e+01
1.314016787024129052e+01
1.170389893415568316e+01
1.041822309716491191e+01
9.276840834053745155e+00
8.271104021648792326e+00
7.390560692527275322e+00
6.623559558528068436e+00
5.957862645629683485e+00
5.381215360377725965e+00
4.881831205190641398e+00
4.448761913313999727e+00
4.072140503184537685e+00
3.743301497646140064e+00
3.454796261208656905e+00
3.200329914050095592e+00
2.974648831240180868e+00
2.773405055089362303e+00
2.593017844022345919e+00
2.430545251268183549e+00
2.283571963425622187e+00
2.150114768380489316e+00
2.028544252186782693e+00
1.917520294753551902e+00
1.815938996137133943e+00
1.722889176304448711e+00
1.637617089759165978e+00
1.559498248554325617e+00
1.488015215138350555e+00
1.422740007653489736e+00
1.363319522356241320e+00
1.309462295007532306e+00
1.260925118340046724e+00
1.217498536698285116e+00
1.178990978688529756e+00
1.145212110097446612e+00
1.115956704019078316e+00
1.090990763598196356e+00
1.070041687553347831e+00
1.052793917769023313e+00
1.038890817926357624e+00
1.027942640765843185e+00
1.019539529666507738e+00
1.013267751781814718e+00
1.008726922895645028e+00
1.005545938737411493e+00
1.003395670583392407e+00
1.001997131497948335e+00
1.001124631576964630e+00
1.000604248352714221e+00
1.000308586524165433e+00
1.000149180529197324e+00
1.000067965233153000e+00
1.000029040158060045e+00
1.000011576064201435e+00
1.000004280350787367e+00
1.000001458927802789e+00
1.000000455253209575e+00
1.000000129089487766e+00
1.000000032991444465e+00
1.000000007531939517e+00
