9.056204727771496721e+01
8.981105599179657872e+01
8.900469520292773495e+01
8.813962912722074350e+01
8.721245051263207415e+01
8.621970457093902951e+01
8.515791842937616707e+01
8.402363676736861464e+01
8.281346430706352635e+01
8.152411580536323754e+01
8.015247414215392041e+01
7.869565700541933495e+01
7.715109252876443691e+01
7.551660402944445138e+01
7.379050371366336947e+01
7.197169484916192062e+01
7.005978144258749296e+01
6.805518389296784676e+01
6.595925841930586841e+01
6.377441728308767921e+01
6.150424595809413120e+01
5.915361246582411070e+01
5.672876313677584648e+01
5.423739813697437029e+01
5.168871929880214111e+01
4.909344222201966090e+01
4.646376439359775645e+01
4.381328135960427517e+01
4.115684392243220202e+01
3.851035107740773356e+01
3.589047605884351100e+01
3.331432649170754701e+01
3.079904420240858443e+01
2.836135556324346396e+01
2.601708900367747646e+01
2.378068201694400585e+01
2.166470495500165683e+01
1.967943234801531815e+01
1.783249357877921426e+01
1.612863275448428269e+01
1.456960207395174578e+01
1.315420384863555903e+01
1.187848414145415177e+01
1.073606692607086188e+01
9.718603510357667119e+00
8.816299839634703872e+00
8.018476307009155590e+00
7.314112468767230091e+00
6.692333269472012347e+00
6.142803469863363119e+00
5.656011155199052176e+00
5.223436811231059629e+00
4.837618565807673576e+00
4.492134372429095635e+00
4.181526824502066475e+00
3.901195966457668085e+00
3.647281136526542955e+00
3.416546439342212693e+00
3.206277837689497812e+00
3.014194504416460862e+00
2.838373670817881500e+00
2.677186727580621373e+00
2.529244298004019953e+00
2.393348756599062099e+00
2.268453608003275779e+00
2.153629846322417940e+00
2.048039668863594454e+00
1.950917695996738255e+00
1.861559270128451793e+00
1.779314680698017126e+00
1.703587528995093026e+00
1.633835117319070607e+00
1.569568846550550401e+00
1.510353134083104676e+00
1.455802187341489473e+00
1.405574856390131133e+00
1.359368485776869750e+00
1.316912992976474905e+00
1.277966247738186123e+00
1.242311293595332655e+00
1.209755241454500974e+00
1.180129025990674263e+00
1.153286860618284448e+00
1.129104261632404516e+00
1.107473910552283280e+00
1.088299250419126007e+00
1.071486377913115184e+00
1.056935319502666282e+00
1.044532044837954921e+00
1.034142531177614677e+00
1.025609879477247688e+00
1.018754979654729276e+00
1.013380640271006605e+00
1.009278549916765577e+00
1.006238020663329680e+00
1.004055243879984571e+00
1.002541792382281471e+00
1.001531315928566812e+00
1.000883748317545452e+00
1.000486795823133823e+00
