1.810595501141166892e+02
1.795467373054989082e+02
1.779214250474850303e+02
1.761766708137150204e+02
1.743053514938756052e+02
1.723002071178800350e+02
1.701538954696175665e+02
1.678590590164795913e+02
1.654084056249720334e+02
1.627948045366578071e+02
1.600113990277501159e+02
1.570517370524548824e+02
1.539099209543282996e+02
1.505807769985182745e+02
1.470600450056392106e+02
1.433445877287624057e+02
1.394326187823797056e+02
1.353239468824274638e+02
1.310202328713456552e+02
1.265252544731617235e+02
1.218451719573191951e+02
1.169887859143791644e+02
1.119677762187398571e+02
1.067969090668765801e+02
1.014941968726972163e+02
9.608099396382701229e+01
9.058200969770295785e+01
8.502522010020653909e+01
7.944165976027201737e+01
7.386507785030016748e+01
6.833144612884355240e+01
6.287831289806125312e+01
5.754400528091110090e+01
5.236669278759048751e+01
4.738333759772642395e+01
4.262857056470266315e+01
3.813354550610683447e+01
3.392483632693842566e+01
3.002345005795528721e+01
2.644403197876973621e+01
2.319433480131687375e+01
2.027501114021734807e+01
1.767976690734900558e+01
1.539588392354920643e+01
1.340508560877103506e+01
1.168468426404439597e+01
1.020891740186713825e+01
8.950359197912108655e+00
7.881285835607620527e+00
6.974882552367925648e+00
6.206204806124638651e+00
5.552842165648593564e+00
4.995274716508521173e+00
4.516950291334071999e+00
4.104139813694888339e+00
3.745643196160430843e+00
3.432418829570357932e+00
3.157198453624014078e+00
2.914131069381208583e+00
2.698480002445802217e+00
2.506380593671497348e+00
2.334654589714285855e+00
2.180671379231846174e+00
2.042244620068009553e+00
1.917553857688909513e+00
1.805082956550795537e+00
1.703569570072908990e+00
1.611961971551246320e+00
1.529381187355821403e+00
1.455087490482144474e+00
1.388450955071703907e+00
1.328926005077441408e+00
1.276029825533463891e+00
1.229324301101004435e+00
1.188400972597454253e+00
1.152868484217287826e+00
1.122342171664606703e+00
1.096435756614439816e+00
1.074755438931005669e+00
1.056896873396085956e+00
1.042445483179500698e+00
1.030980278742998912e+00
1.022080885325288957e+00
1.015336963530488301e+00
1.010358783238902047e+00
1.006787500715220496e+00
1.004303750459015987e+00
1.002633481072863209e+00
1.001550458515291453e+00
1.000875414183623136e+00
1.000472310357044536e+00
1.000242540430663629e+00
1.000118031279073838e+00
1.000054174881029212e+00
1.000023330512365582e+00
1.000009373638441001e+00
1.000003491927045296e+00
1.000001198069735864e+00
1.000000375841033629e+00
1.000000106959439750e+00
