9.054786094721987411e+01
8.979449106177973761e+01
8.898536551127293137e+01
8.811708920146320168e+01
8.718618736250246570e+01
8.618912858750404382e+01
8.512235336137651132e+01
8.398230876688047886e+01
8.276549006642950701e+01
8.146848984725031073e+01
8.008805537657842422e+01
7.862115473369181018e+01
7.706505215659609576e+01
7.541739285176923602e+01
7.367629725345484815e+01
7.184046437227195270e+01
6.990928342974326881e+01
6.788295242608174362e+01
6.576260162719755442e+01
6.355041918332501183e+01
6.124977521451778983e+01
5.886533973804355213e+01
5.640318880547232538e+01
5.387089221817806362e+01
5.127757527661110259e+01
4.863394629307704520e+01
4.595228118641315262e+01
4.324635652777279660e+01
4.053132308119973715e+01
3.782351334220981443e+01
3.514017896300842381e+01
3.249915735655786619e+01
2.991847120315722819e+01
2.741586993194047039e+01
2.500832824914008157e+01
2.271152298665387903e+01
2.053931531267176780e+01
1.850326988478254009e+01
1.661224494832172738e+01
1.487208682944209670e+01
1.328545807424176672e+01
1.185182035181578719e+01
1.056758143881092948e+01
9.426401085154884285e+00
8.419634962244570531e+00
7.536881387000581967e+00
6.766584470781879190e+00
6.096641860625236831e+00
5.514966622956841036e+00
5.009961140629258125e+00
4.570874821511648811e+00
4.188034399881877867e+00
3.852952435166625555e+00
3.558333192507044718e+00
3.298003269494427236e+00
3.066796406083564186e+00
2.860418685145671880e+00
2.675313706129833324e+00
2.508539595032285519e+00
2.357662876147107234e+00
2.220669452181963877e+00
2.095890490253811578e+00
1.981940462339862874e+00
1.877665166493377891e+00
1.782098480275766006e+00
1.694427302817883119e+00
1.613964350635968881e+00
1.540128177874334314e+00
1.472429178519048643e+00
1.410459674285971632e+00
1.353885772602147153e+00
1.302438687960262964e+00
1.255903719353895331e+00
1.214105985886555272e+00
1.176893144482387576e+00
1.144116389216817131e+00
1.115611811137340759e+00
1.091184504467919369e+00
1.070597580910961133e+00
1.053567566820288848e+00
1.039766679255566872e+00
1.028831429038895573e+00
1.020376096838839564e+00
1.014009029917772642e+00
1.009349487750837771e+00
1.006042917178414875e+00
1.003772991323575781e+00
1.002269391953479083e+00
1.001311027895524175e+00
1.000725042138036036e+00
1.000382467658092356e+00
1.000191682763357237e+00
1.000090872914184859e+00
1.000040557248881079e+00
1.000016951277229449e+00
1.000006596840770978e+00
1.000002375399351884e+00
1.000000786004386688e+00
1.000000237225022515e+00
1.000000064777507136e+00
