4.525632157341487982e+02
4.487667801492394233e+02
4.446867466301123955e+02
4.403053951568229536e+02
4.356045031609247644e+02
4.305654490679349919e+02
4.251693428076399641e+02
4.193971869753025317e+02
4.132300724868687212e+02
4.066494126424025239e+02
3.996372194591389189e+02
3.921764259160693769e+02
3.842512573157233078e+02
3.758476542580031605e+02
3.669537486709795076e+02
3.575603928847787074e+02
3.476617397952983310e+02
3.372558696752918763e+02
3.263454560918723359e+02
3.149384596411110806e+02
3.030488338034641629e+02
2.906972221964194887e+02
2.779116209576532697e+02
2.647279741243253284e+02
2.511906639825234890e+02
2.373528528752872262e+02
2.232766284529848519e+02
2.090329015506589769e+02
1.947010056451145772e+02
1.803679501414630977e+02
1.661272875548297634e+02
1.520775678948043890e+02
1.383203728948662956e+02
1.249579483840612113e+02
1.120904846330845004e+02
9.981313058111362579e+01
8.821286603162384665e+01
7.736539258260837926e+01
6.733223451992880371e+01
5.815825967668466490e+01
4.986983173484624388e+01
4.247378480354339558e+01
3.595736549864466980e+01
3.028921749948114339e+01
2.542139317582682878e+01
2.129227545736012317e+01
1.783019383031931682e+01
1.495743677156883145e+01
1.259431428185196999e+01
1.066291984435584794e+01
9.090285336253398185e+00
7.810710055954338316e+00
6.767161638882626562e+00
5.911770997289843343e+00
5.205552401770560778e+00
4.617554224845063615e+00
4.123675401325341383e+00
3.705368285636202241e+00
3.348401320352098143e+00
3.041791598921109507e+00
2.776955033502590986e+00
2.547072852357103123e+00
2.346643031094203469e+00
2.171173037496170632e+00
2.016970984440642045e+00
1.880999945127082018e+00
1.760769914209443066e+00
1.654250797049927835e+00
1.559796739136259935e+00
1.476077002376513514e+00
1.402011805261141220e+00
1.336713454924611133e+00
1.279434009091990232e+00
1.229520848988000514e+00
1.186381147099327737e+00
1.149455521822728921e+00
1.118200430407080948e+00
1.092078260508822840e+00
1.070553744426219867e+00
1.053095237045092114e+00
1.039179487307164029e+00
1.028298686369970349e+00
1.019968713084855594e+00
1.013737592527081732e+00
1.009193258863195553e+00
1.005969815508360510e+00
1.003751651970336223e+00
1.002275020022605379e+00
1.001326972679297933e+00
1.000741884816390481e+00
1.000396051015034038e+00
1.000201045846796477e+00
1.000096603435930653e+00
1.000043721108844652e+00
1.000018537479670844e+00
1.000007320348125894e+00
1.000002675369096927e+00
1.000000898735086574e+00
1.000000275461461419e+00
1.000000076418831263e+00
