1.810573074111091216e+02
1.795441171853464652e+02
1.779183658654247608e+02
1.761731013575431746e+02
1.743011896331290700e+02
1.722953582984056595e+02
1.701482510459112518e+02
1.678524944170462163e+02
1.654007783500771325e+02
1.627859519935195465e+02
1.600011362157971462e+02
1.570398541210943790e+02
1.538961806681382427e+02
1.505649121602390039e+02
1.470417559061562542e+02
1.433235397156544479e+02
1.394084400646628126e+02
1.352962267186934753e+02
1.309885203210455131e+02
1.264890579253690959e+02
1.218039596862581533e+02
1.169419879439367662e+02
1.119147878057184187e+02
1.067370961304691122e+02
1.014269037000017448e+02
9.600555350155694612e+01
9.049775669112379717e+01
8.493150725397032375e+01
7.933787696491476993e+01
7.375067433714629317e+01
6.820595518264104840e+01
6.274137847392541545e+01
5.739540955069542605e+01
5.220638330090582713e+01
4.721145241604649101e+01
4.244545945642713036e+01
3.793978512910833700e+01
3.372123733127887846e+01
2.981105427070381708e+01
2.622409832651724315e+01
2.296831339703487629e+01
2.004450597962474134e+01
1.744648880177934558e+01
1.516159649971159773e+01
1.317154824094898480e+01
1.145359645919253921e+01
9.981869240777925256e+00
8.728791826979767521e+00
7.666464708663339067e+00
6.767884302335496649e+00
6.007916596864220971e+00
5.363970552725729313e+00
4.816359855958610048e+00
4.348381089202312921e+00
3.946166397327909525e+00
3.598384727154696705e+00
3.295866736839625943e+00
3.031217076771322905e+00
2.798458931877857658e+00
2.592735142387975422e+00
2.410072532593752648e+00
2.247203895665551787e+00
2.101435877046804013e+00
1.970549673061259943e+00
1.852723223394921570e+00
1.746466688259652900e+00
1.650566194780374030e+00
1.564033403013020074e+00
1.486060125652485464e+00
1.415978077041237793e+00
1.353224022272418336e+00
1.297310400391768148e+00
1.247801155699225006e+00
1.204292227019152728e+00
1.166396036619010701e+00
1.133729416246194610e+00
1.105904651116140114e+00
1.082523601914885392e+00
1.063175057097628606e+00
1.047435483967009029e+00
1.034873162173230998e+00
1.025055341858233326e+00
1.017557666232557390e+00
1.011974749126243411e+00
1.007930601087190903e+00
1.005087611718797902e+00
1.003153027635129702e+00
1.001882269944396109e+00
1.001078929240115656e+00
1.000591758956247412e+00
1.000309366734420724e+00
1.000153515722915554e+00
1.000071974693891974e+00
1.000031722146381696e+00
1.000013070974680396e+00
1.000005005071466613e+00
1.000001769453961575e+00
1.000000573492189515e+00
1.000000169104999781e+00
1.000000044992161774e+00
