4.525524481332147388e+02
4.487542099691648900e+02
4.446720820308947282e+02
4.402882997112303656e+02
4.355845897561489437e+02
4.305422731667101175e+02
4.251423950567224210e+02
4.193658851682055797e+02
4.131937529136095577e+02
4.066073208933248111e+02
3.995885007942061407e+02
3.921201153671250381e+02
3.841862697587864659e+02
3.757727747772369185e+02
3.668676236367327874e+02
3.574615222855824754e+02
3.475484714973002838e+02
3.371263964303500416e+02
3.261978162730533199e+02
3.147705428446772089e+02
3.028583926086960219e+02
2.904818915037773763e+02
2.776689464113076156e+02
2.644554511411357112e+02
2.508857888243604179e+02
2.370131869787435051e+02
2.228998768303644624e+02
2.086170054594713861e+02
1.942442488564624909e+02
1.798690770000328598e+02
1.655856296166036827e+02
1.514931742890159683e+02
1.376941377660892272e+02
1.242917269676111829e+02
1.113871879047452751e+02
9.907678726566776106e+01
8.744864036735044976e+01
7.657954695223901354e+01
6.653202817148064696e+01
5.735177846746392305e+01
4.906574915296696560e+01
4.168106120418846672e+01
3.518489996627220506e+01
2.954547411134428714e+01
2.471402953241431888e+01
2.062780489348395463e+01
1.721371260112918833e+01
1.439244303687079629e+01
1.208263692850326088e+01
1.020476302182691875e+01
8.684380827701698280e+00
7.454556636481139087e+00
6.457320820118432891e+00
5.644183905283036928e+00
4.975843773199799536e+00
4.421296073436882246e+00
3.956593031540696526e+00
3.563482554907766886e+00
3.228110948509813394e+00
2.939906163256564842e+00
2.690692403816523193e+00
2.474034588966281589e+00
2.284778768348197708e+00
2.118741408616845678e+00
1.972501321547937003e+00
1.843256496120986743e+00
1.728718879042017820e+00
1.627029966931639704e+00
1.536687598353704720e+00
1.456479461544097687e+00
1.385421986980050146e+00
1.322704984658015004e+00
1.267643047207420492e+00
1.219634715929655222e+00
1.178129986952898056e+00
1.142606168518677023e+00
1.112551581526731059e+00
1.087456234508992647e+00
1.066808419701340993e+00
1.050096117987240341e+00
1.036812092929934259e+00
1.026461545319740765e+00
1.018571180900202711e+00
1.012698543828411735e+00
1.008440528711953776e+00
1.005440135017547698e+00
1.003390774321182066e+00
1.002037762198763060e+00
1.001176982030524076e+00
1.000651047086129619e+00
1.000343559282326433e+00
1.000172227202822617e+00
1.000081640928113913e+00
1.000036411191909780e+00
1.000015195145294911e+00
1.000005898422836159e+00
1.000002116068488878e+00
1.000000696719774984e+00
1.000000208952868119e+00
1.000000056619365196e+00
