9.054522355914996012e+01
8.979140816329922359e+01
8.898176387763963646e+01
8.811288411705682222e+01
8.718128096304916141e+01
8.618340800213925945e+01
8.511568864111930566e+01
8.397455058849791953e+01
8.275646720437376302e+01
8.145800641170548317e+01
8.007588782303626829e+01
7.860704865931288055e+01
7.704871891137419482e+01
7.539850600866569152e+01
7.365448900167316992e+01
7.181532192208297261e+01
6.988034554602559467e+01
6.784970624105167758e+01
6.572447992040329723e+01
6.350679835813946283e+01
6.119997424372909478e+01
5.880862039457200297e+01
5.633875753460293367e+01
5.379790404072185339e+01
5.119514013255901830e+01
4.854113823576876996e+01
4.584815081004957449e+01
4.312994694750726410e+01
4.040168967619150919e+01
3.767974730999630140e+01
3.498143451283066696e+01
3.232468208863488712e+01
2.972763888562064594e+01
2.720821451126609603e+01
2.478357753830987420e+01
2.246963010476410716e+01
2.028048564867366466e+01
1.822798118381781407e+01
1.632125813233144740e+01
1.456644541955822092e+01
1.296647461903115328e+01
1.152104909077802652e+01
1.022677751054903617e+01
9.077467840461260096e+00
8.064562230704401813e+00
7.177678700482604590e+00
6.405214083009720838e+00
5.734956752726286133e+00
5.154658440488091742e+00
4.652522145666027953e+00
4.217576545010744304e+00
3.839923922670517520e+00
3.510865355814138056e+00
3.222920623775522131e+00
2.969768880999239080e+00
2.746138770625515146e+00
2.547674071311830879e+00
2.370794976184551039e+00
2.212567910882481392e+00
2.070590304541492177e+00
1.942892049836759893e+00
1.827852768142671946e+00
1.724133026168063854e+00
1.630617643391208516e+00
1.546369546578824306e+00
1.470592861803540208e+00
1.402603940519799197e+00
1.341808844881064555e+00
1.287685618868474657e+00
1.239769611003394445e+00
1.197640309217381072e+00
1.160908630224318783e+00
1.129204304749837906e+00
1.102163759976004798e+00
1.079419523100162870e+00
1.060592477101079734e+00
1.045288194328929610e+00
1.033098073259208105e+00
1.023605238217386137e+00
1.016394332592019278e+00
1.011063655872763700e+00
1.007237727758233392e+00
1.004578382688027682e+00
1.002792878234420648e+00
1.001638129897620022e+00
1.000920905815570361e+00
1.000494468652638469e+00
1.000252615884342555e+00
1.000122281629430621e+00
1.000055826760114508e+00
1.000023917240622007e+00
1.000009562300500088e+00
1.000003546207837379e+00
1.000001211829399272e+00
1.000000378844713378e+00
1.000000107502337476e+00
1.000000027454560403e+00
1.000000006252383056e+00
1.000000001257149940e+00
1.000000000220688801e+00
