4.525683058958065885e+02
4.487727268182691773e+02
4.446936896667399992e+02
4.403134961148265916e+02
4.356139483456270796e+02
4.305764529423202021e+02
4.251821517629084610e+02
4.194120834754087355e+02
4.132473795867863942e+02
4.066694988664617654e+02
3.996605040079180071e+02
3.922033841471555888e+02
3.842824264142855100e+02
3.758836389766109960e+02
3.669952269737331108e+02
3.576081212779046723e+02
3.477165580647190950e+02
3.373187046816541397e+02
3.264173241962218412e+02
3.150204672522527289e+02
3.031421754548015315e+02
2.908031754816361740e+02
2.780315375890295968e+02
2.648632663357208799e+02
2.513427854948064635e+02
2.375232736918964065e+02
2.234668028763644827e+02
2.092442290267485703e+02
1.949347843725084033e+02
1.806253238402526051e+02
1.664091863857440501e+02
1.523846452474264481e+02
1.386529406006918634e+02
1.253159138070457885e+02
1.124732939675272121e+02
1.002197234314661927e+02
8.864164681728259154e+01
7.781422433769124325e+01
6.779846007598482061e+01
5.863875388541102041e+01
5.036108623583394461e+01
4.297202390865482613e+01
3.645868824324332280e+01
3.078975717263229583e+01
2.591748222766623044e+01
2.178060124711027257e+01
1.830792988249380571e+01
1.542233555906961584e+01
1.304475123646156653e+01
1.109788402397606255e+01
9.509319152662479624e+00
8.213807459212961959e+00
7.154639760683286553e+00
6.284133258622365048e+00
5.563360832516830889e+00
4.961325365222275963e+00
4.453808587013147857e+00
4.022108790377086684e+00
3.651835203591206280e+00
3.331865216511470162e+00
3.053510375882197092e+00
2.809889915804762328e+00
2.595481713084396791e+00
2.405808993359573211e+00
2.237222105818066353e+00
2.086742415642817150e+00
1.951944983856711335e+00
1.830865212511449958e+00
1.721920806569579243e+00
1.623844244629225830e+00
1.535623061248222898e+00
1.456446348168974447e+00
1.385656547545076611e+00
1.322706145644152231e+00
1.267119356692138377e+00
1.218459256572552718e+00
1.176301004563641284e+00
1.140211745671982024e+00
1.109737546863345026e+00
1.084397355158091214e+00
1.063683544069724096e+00
1.047068191274643567e+00
1.034013845881359028e+00
1.023987238585805093e+00
1.016474207490852821e+00
1.010994098536078356e+00
1.007112075177503341e+00
1.004448127264972346e+00
1.002682058579812852e+00
1.001554284296833242e+00
1.000862800570729627e+00
1.000457119872752765e+00
1.000230236907067027e+00
1.000109769130801185e+00
1.000049307776969654e+00
1.000020761880504150e+00
1.000008149252528566e+00
1.000002963671191347e+00
1.000000992023144297e+00
1.000000303422676540e+00
