1.810843148214033818e+02
1.795756632239531712e+02
1.779551901692011029e+02
1.762160579222927197e+02
1.743512628474784947e+02
1.723536807833052364e+02
1.702161233798927640e+02
1.679314067911230666e+02
1.654924341447787697e+02
1.628922932005441453e+02
1.601243705342794783e+02
1.571824834394419383e+02
1.540610304925292269e+02
1.507551613662736827e+02
1.472609659673960323e+02
1.435756822998039013e+02
1.396979215848458011e+02
1.356279080866542017e+02
1.313677297785066287e+02
1.269215944423306013e+02
1.222960840313756989e+02
1.175003981820136119e+02
1.125465757012705552e+02
1.074496807864185826e+02
1.022279388008753642e+02
9.690280483557769742e+01
9.149894727673989792e+01
8.604412847552852384e+01
8.056896570161663362e+01
7.510655819757552365e+01
6.969197064057313185e+01
6.436156988324557915e+01
5.915222055627364739e+01
5.410035581201587007e+01
4.924095170786289088e+01
4.460644664094329670e+01
4.022565963359470942e+01
3.612277155750716418e+01
3.231643976134245833e+01
2.881911719619066048e+01
2.563664046690809784e+01
2.276813639273587242e+01
2.020627380772026527e+01
1.793785799428961170e+01
1.594473230336137881e+01
1.420491941167985672e+01
1.269390824032939058e+01
1.138597655388622698e+01
1.025543715767463659e+01
9.277708627886559256e+00
8.430137995593181444e+00
7.692538306830283723e+00
7.047442078937234733e+00
6.480105458786661110e+00
5.978321667116179405e+00
5.532113004712686077e+00
5.133368448018305052e+00
4.775481669238167193e+00
4.453026823775928733e+00
4.161491417043838403e+00
3.897070584232276147e+00
3.656516977969526128e+00
3.437035241916560402e+00
3.236208724283585525e+00
3.051947233546000948e+00
2.882446987277641703e+00
2.726156571807750506e+00
2.581745218479234438e+00
2.448071779244575197e+00
2.324154356287162937e+00
2.209141572911876850e+00
2.102286962636660927e+00
2.002927931349583801e+00
1.910470294649357026e+00
1.824378648933030700e+00
1.744171988160137854e+00
1.669423229983765244e+00
1.599760832689855139e+00
1.534870560208614565e+00
1.474495685039199477e+00
1.418434425815308320e+00
1.366534068013797842e+00
1.318681876785285700e+00
1.274793468724157108e+00
1.234799694376350843e+00
1.198633268078179714e+00
1.166216374546980461e+00
1.137450314954918662e+00
1.112207974624538576e+00
1.090329550025570970e+00
1.071621613609576418e+00
1.055859266856337575e+00
1.042790874386751332e+00
1.032144713684284509e+00
1.023636825557245889e+00
1.016979394752613342e+00
1.011889089821207843e+00
1.008094898568984821e+00
1.005345073275625944e+00
1.003412840146731932e+00
