9.054708561603079886e+01
8.979357874480355406e+01
8.898429206761085197e+01
8.811582626252425143e+01
8.718470160233309230e+01
8.618738087128573966e+01
8.512029775327113157e+01
8.397989137604874088e+01
8.276264770760778333e+01
8.146514848982755552e+01
8.008412835379778016e+01
7.861654068159867847e+01
7.705963265091848768e+01
7.541102971039863689e+01
7.366882947305354890e+01
7.183170467035482432e+01
6.989901436911924293e+01
6.787092210769847611e+01
6.574851895130784385e+01
6.353394869874627915e+01
6.123053160297279618e+01
5.884288201661556172e+01
5.637701437646436631e+01
5.384043095327146489e+01
5.124218389176034094e+01
4.859290335172278930e+01
4.590478315959735056e+01
4.319151543685538286e+01
4.046816634573831806e+01
3.775098654256893838e+01
3.505715229111245179e+01
3.240443655181701388e+01
2.981081373359380038e+01
2.729400706063130500e+01
2.487099340162323458e+01
2.255748648881636242e+01
2.036742509353915054e+01
1.831249714326734690e+01
1.640173309830154480e+01
1.464120132157547083e+01
1.303383403217268643e+01
1.157940446542649582e+01
1.027466435052094873e+01
9.113636701045011890e+00
8.088043796333089119e+00
7.187836217167757447e+00
6.401778171541272044e+00
5.718039104342691914e+00
5.124742944100762365e+00
4.610434328648362445e+00
4.164434457265907774e+00
3.777075381366093332e+00
3.439817509191986922e+00
3.145267962688818031e+00
2.887125193331094852e+00
2.660077324534003473e+00
2.459678838031962744e+00
2.282224255357871545e+00
2.124630500071102990e+00
1.984333433766913179e+00
1.859199652627945731e+00
1.747452205641263134e+00
1.647608053279542073e+00
1.558425184765842797e+00
1.478857765397611601e+00
1.408018116939078190e+00
1.345144596831536976e+00
1.289574550456890067e+00
1.240721552435606112e+00
1.198056218535564321e+00
1.161090013593802039e+00
1.129361707647451585e+00
1.102426401244948284e+00
1.079847280433389622e+00
1.061190394502377954e+00
1.046022718449127975e+00
1.033913554667376555e+00
1.024438985727674556e+00
1.017188698253180812e+00
1.011774161966332741e+00
1.007836960049144359e+00
1.005056079077781384e+00
1.003153178506963394e+00
1.001895222334627356e+00
1.001094289623137623e+00
1.000604798583876631e+00
1.000318707109786542e+00
1.000159444941682629e+00
1.000075375938651590e+00
1.000033499852212238e+00
1.000013919937091433e+00
1.000005375423605791e+00
1.000001916704061466e+00
1.000000626650420443e+00
1.000000186441651007e+00
1.000000050068801327e+00
1.000000012030169971e+00
1.000000002561577395e+00
1.000000000478521001e+00
1.000000000077458928e+00
