9.054697143038639240e+01
8.979345457906471495e+01
8.898415879026597963e+01
8.811568555387573554e+01
8.718455625478176785e+01
8.618723517710213855e+01
8.512015800175379354e+01
8.397976648661101251e+01
8.276255003069016425e+01
8.146509481362453187e+01
8.008414116157919693e+01
7.861664971178586825e+01
7.705987681984566962e+01
7.541145946548714107e+01
7.366950965142601149e+01
7.183271794392055654e+01
6.990046536079293560e+01
6.787294226320523194e+01
6.575127224509358825e+01
6.353763823849514125e+01
6.123540717229337815e+01
5.884924855632791463e+01
5.638524134804072219e+01
5.385096244976531210e+01
5.125554925882278923e+01
4.860972795191511864e+01
4.592579875697018110e+01
4.321756949854848529e+01
4.050022936043595223e+01
3.779015625513521570e+01
3.510465356889788779e+01
3.246161545921039249e+01
2.987912433355404573e+01
2.737498952758943815e+01
2.496624226422966331e+01
2.266860826451313926e+01
2.049598525764953294e+01
1.845995729614846681e+01
1.656938032063554900e+01
1.483007295733120223e+01
1.324464237475410222e+01
1.181246685954051578e+01
1.052984484431377332e+01
9.390305377993810154e+00
8.385059124354301119e+00
7.503554119758025998e+00
6.734089150981974470e+00
6.064431900751037219e+00
5.482390317276120584e+00
4.976294101853898866e+00
4.535357429238291438e+00
4.149911401030712099e+00
3.811511963845943818e+00
3.512942911406979896e+00
3.248141907440907694e+00
3.012079505224698917e+00
2.800617771402101663e+00
2.610368356877692531e+00
2.438562086966089115e+00
2.282935371502787802e+00
2.141634093784813064e+00
2.013133298121076997e+00
1.896170433201474159e+00
1.789690305494420652e+00
1.692800508194099551e+00
1.604736447678501765e+00
1.524835036424991186e+00
1.452515747672443736e+00
1.387267251066137463e+00
1.328637507989644861e+00
1.276225176212813173e+00
1.229670525351295396e+00
1.188644753446014724e+00
1.152837486297870750e+00
1.121943150488208918e+00
1.095647647724975693e+00
1.073617164971229165e+00
1.055490938624969788e+00
1.040879343893544418e+00
1.029367886791308973e+00
1.020526700429264633e+00
1.013924200926878960e+00
1.009142850733214525e+00
1.005794663843927905e+00
1.003534230737538113e+00
1.002067595623426399e+00
1.001156146138050484e+00
1.000615581791269415e+00
1.000310813361776852e+00
1.000148157248574421e+00
1.000066353625133297e+00
1.000027775477326353e+00
1.000010805954847593e+00
1.000003883440461872e+00
1.000001280707383255e+00
1.000000384816300603e+00
1.000000104534597423e+00
1.000000025457953301e+00
1.000000005508081768e+00
1.000000001048235720e+00
