4.525633306948226959e+02
4.487669273955402218e+02
4.446869349558510294e+02
4.403056356820409292e+02
4.356048099267669045e+02
4.305658397768764871e+02
4.251698397421743607e+02
4.193978181349291390e+02
4.132308729909017302e+02
4.066504264549049594e+02
3.996385015020753713e+02
3.921780446474698465e+02
3.842532978609643806e+02
3.758502221937928311e+02
3.669569745725739836e+02
3.575644377562634872e+02
3.476668015089193204e+02
3.372621905467950114e+02
3.263533317117986030e+02
3.149482490636161174e+02
3.030609711600313858e+02
2.907122297468104648e+02
2.779301235085934536e+02
2.647507146314904958e+02
2.512185199970912777e+02
2.373868532972182095e+02
2.233179698060664293e+02
2.090829626996526258e+02
1.947613595396438484e+02
1.804403708096635057e+02
1.662137502087892358e+02
1.521802396901236420e+02
1.384415916648654559e+02
1.251001866179477275e+02
1.122562961727097530e+02
1.000050780648169422e+02
8.843342810164877221e+01
7.761685135482125020e+01
6.761654580136473669e+01
5.847691084041396437e+01
5.022369485160017888e+01
4.286297529396017580e+01
3.638111879982714214e+01
3.074579754097517537e+01
2.590804632420673670e+01
2.180524159772268789e+01
1.836478221084699669e+01
1.550816829481918724e+01
1.315512466228025268e+01
1.122741046316046010e+01
9.652001996705893205e+00
8.363425493591213566e+00
7.305136594318327958e+00
6.429971328443282452e+00
5.699805715675722695e+00
5.084637704938756109e+00
4.561335265649201887e+00
4.112278959625161434e+00
3.724077677605198033e+00
3.386469958695160098e+00
3.091458209407524027e+00
2.832672191969842324e+00
2.604927071518176707e+00
2.403929035846541939e+00
2.226082775643009271e+00
2.068363588798814767e+00
1.928227378706289352e+00
1.803541272260437589e+00
1.692524790969948789e+00
1.593696440433980399e+00
1.505823690717176921e+00
1.427876109327488319e+00
1.358982280928921593e+00
1.298391393869194665e+00
1.245440216609426054e+00
1.199525819846555041e+00
1.160083992757463989e+00
1.126572987909481460e+00
1.098462083484059049e+00
1.075224474857554346e+00
1.056334133289503541e+00
1.041266388923621555e+00
1.029502000626147273e+00
1.020534303956338151e+00
1.013878695140236985e+00
1.009083308567799486e+00
1.005739425930695763e+00
1.003490063722799919e+00
1.002035409395560128e+00
1.001134301284242190e+00
1.000601656084497915e+00
1.000302457163946501e+00
1.000143443500764118e+00
1.000063862116908675e+00
1.000026547121120268e+00
1.000010244126665615e+00
1.000003646491705256e+00
1.000001189177387895e+00
1.000000352667893333e+00
1.000000094349232871e+00
