1.810648596238023345e+02
1.795529435548934316e+02
1.779286753843844053e+02
1.761851356966972162e+02
1.743152278229060528e+02
1.723117219659172292e+02
1.701673102416906715e+02
1.678746740577134915e+02
1.654265652913678650e+02
1.628159027313902243e+02
1.600358851905349411e+02
1.570801225692731862e+02
1.539427859285102329e+02
1.506187772908863280e+02
1.471039194101093415e+02
1.433951650996339993e+02
1.394908248698624789e+02
1.353908105635368599e+02
1.310968913844935457e+02
1.266129571778707827e+02
1.219452820479263693e+02
1.171027794224031027e+02
1.120972375487196757e+02
1.069435222331924535e+02
1.016597315509741577e+02
9.626728545351879518e+01
9.079093192837714810e+01
8.525865092094930731e+01
7.970143794837099449e+01
7.415295157994739839e+01
6.864901306750965659e+01
6.322695265502834872e+01
5.792480561587577625e+01
5.278037177848210604e+01
4.783016482750177545e+01
4.310829125555650165e+01
3.864531232107454173e+01
3.446715416648144270e+01
3.059413948151801677e+01
2.704021675497545019e+01
2.381245842751096120e+01
2.091088590206197040e+01
1.832865716260906552e+01
1.605262286316958509e+01
1.406422193919628327e+01
1.234065232738559459e+01
1.085622153996070871e+01
9.583761044747269864e+00
8.495982044614841300e+00
7.566660503003729055e+00
6.771565215416523564e+00
6.089080191047324675e+00
5.500514806449434246e+00
4.990134269416619972e+00
4.544971910929704428e+00
4.154499403965849602e+00
3.810230566653037165e+00
3.505321847281094083e+00
3.234213106384566050e+00
2.992331586757866813e+00
2.775864491988227822e+00
2.581593748136592037e+00
2.406780528340929148e+00
2.249085740595211380e+00
2.106514134358574708e+00
1.977372378029481848e+00
1.860234334621386987e+00
1.753909287760840874e+00
1.657410871957716525e+00
1.569925934845967985e+00
1.490783548060039099e+00
1.419424938664927138e+00
1.355375298135498952e+00
1.298218329461722442e+00
1.247574127881168504e+00
1.203080676452554565e+00
1.164378975890846490e+00
1.131101682778127060e+00
1.102865117928750971e+00
1.079264596218933558e+00
1.059873150044984946e+00
1.044243778233074238e+00
1.031915264559453815e+00
1.022421330836805753e+00
1.015302446423347549e+00
1.010119115711572535e+00
1.006465066925352314e+00
1.003978625816119630e+00
1.002350767334657666e+00
1.001328880191696635e+00
1.000716028098054711e+00
1.000366255437092233e+00
1.000177072103566100e+00
1.000080533709051922e+00
1.000034280673059994e+00
1.000013582073869367e+00
1.000004978881279483e+00
1.000001677784926546e+00
1.000000516104553983e+00
1.000000143827430188e+00
