4.525709757948224023e+02
4.487758457338114226e+02
4.446973308643518976e+02
4.403177442130078134e+02
4.356189009145024329e+02
4.305822222843340228e+02
4.251888668842841525e+02
4.194198922536957639e+02
4.132564511349194163e+02
4.066800260870368220e+02
3.996727063224532799e+02
3.922175103735603443e+02
3.842987577511279937e+02
3.759024920346990939e+02
3.670169567735480882e+02
3.576331241053775898e+02
3.477452740475292785e+02
3.373516199139498326e+02
3.264549722018639955e+02
3.150634295365964590e+02
3.031910808543252642e+02
2.908586979821356522e+02
2.780943922501665497e+02
2.649342029372303955e+02
2.514225795134471753e+02
2.376127142352156341e+02
2.235666772471725778e+02
2.093553036787465373e+02
1.950577821500746722e+02
1.807608975794429398e+02
1.665578891913146151e+02
1.525468980492882451e+02
1.388289979230171127e+02
1.255058290361575928e+02
1.126768857534081150e+02
1.004365451659357547e+02
8.887096135645997208e+01
7.805498623146921489e+01
6.804930749066913620e+01
5.889801212692135124e+01
5.062678428942228237e+01
4.324192472356304506e+01
3.673033265382057522e+01
3.106052043535201790e+01
2.618464125820100463e+01
2.204140985745167924e+01
1.855969872389931297e+01
1.566251312100282611e+01
1.327100214686762314e+01
1.130816102316268079e+01
9.701925435744668036e+00
8.387446563663104371e+00
7.308450786314612202e+00
6.417709919625928627e+00
5.676753614922853686e+00
5.055026836902039911e+00
4.528722609990744274e+00
4.079504971512006861e+00
3.693290409586265088e+00
3.359194465464685475e+00
3.068690015182276909e+00
2.814976744972053968e+00
2.592532488004440250e+00
2.396805265890807668e+00
2.224005263466421134e+00
2.070962869188935240e+00
1.935027765225642682e+00
1.813992154355828612e+00
1.706027517478380995e+00
1.609628762835428217e+00
1.523562618811074021e+00
1.446819046693299526e+00
1.378565629068988718e+00
1.318105541282195148e+00
1.264839981079118214e+00
1.218235917754004749e+00
1.177799813300984155e+00
1.143057646214757250e+00
1.113541208997617993e+00
1.088780311814785628e+00
1.068300241214827251e+00
1.051623605625892743e+00
1.038275547577292235e+00
1.027791215597273045e+00
1.019724371285512854e+00
1.013656065261440586e+00
1.009202448518295103e+00
1.006020980071647086e+00
1.003814525304904226e+00
1.002333088209937051e+00
1.001373165678806521e+00
1.000774938841096029e+00
1.000417711083492645e+00
1.000214146885791466e+00
1.000103939665775377e+00
1.000047525423797934e+00
1.000020361618464637e+00
1.000008126825379318e+00
1.000003002853401046e+00
1.000001020282635045e+00
