1.810635621466852001e+02
1.795514223263331530e+02
1.779268923942946969e+02
1.761830466382410236e+02
1.743127810942092992e+02
1.723088575261933499e+02
1.701639583042102970e+02
1.678707536010562933e+02
1.654219823697305856e+02
1.628105485645880321e+02
1.600296340149336913e+02
1.570728292325418920e+02
1.539342832141332167e+02
1.506088729632994614e+02
1.470923929786652593e+02
1.433817643100320254e+02
1.394752619459665937e+02
1.353727582415352515e+02
1.310759788060838389e+02
1.265887657406048845e+02
1.219173413499779457e+02
1.170705634866759368e+02
1.120601615679048422e+02
1.069009401430715798e+02
1.016109348130511165e+02
9.621150350774803428e+01
9.072733485840366541e+01
8.518635495158294191e+01
7.961951445882542089e+01
7.406044035409847481e+01
6.854494049781763465e+01
6.311035555004479392e+01
5.779476110992049342e+01
5.263603358279704736e+01
4.767080567396006074e+01
4.293335085293547593e+01
3.845444946960068933e+01
3.426030087959621540e+01
3.037155409441995602e+01
2.680253214281804119e+01
2.356072073537236733e+01
2.064657876000003967e+01
1.805370639564082680e+01
1.576937737030369924e+01
1.377540781896729882e+01
1.204929948257685446e+01
1.056556477216055079e+01
9.297120754096400930e+00
8.216632630176155416e+00
7.297696867925615116e+00
6.515778885720857616e+00
5.848856078586039509e+00
5.277757492676266260e+00
4.786229126163547676e+00
4.360782015035216119e+00
3.990394856946983371e+00
3.666143304134878100e+00
3.380816895309386449e+00
3.128566724412484401e+00
2.904607660515376555e+00
2.704982466388947682e+00
2.526383793602556160e+00
2.366024055189639430e+00
2.221541507854675856e+00
2.090931882080829585e+00
1.972497084805353795e+00
1.864804852353568743e+00
1.766655247239854676e+00
1.677051424601449403e+00
1.595173169084793674e+00
1.520352394766781856e+00
1.452050181924930738e+00
1.389835070515720750e+00
1.333362334707324237e+00
1.282353936768401814e+00
1.236578907087420021e+00
1.195834086301397203e+00
1.159925498688736845e+00
1.128651039544119605e+00
1.101785540183277678e+00
1.079069492685392539e+00
1.060202665459349936e+00
1.044843473008542523e+00
1.032614314963978597e+00
1.023112290001469971e+00
1.015923895255918863e+00
1.010641725426146387e+00
1.006880928339489722e+00
1.004293313449572400e+00
1.002577509660996125e+00
1.001484311495377755e+00
1.000817173748990818e+00
1.000428545513293521e+00
1.000213240375207757e+00
1.000100249558554255e+00
1.000044322530352359e+00
1.000018335988967388e+00
1.000007058805734816e+00
1.000002513588688968e+00
1.000000822506626141e+00
