9.054202311056648966e+01
8.978767636349409997e+01
8.897741589904244108e+01
8.810782249788825027e+01
8.717539396930087037e+01
8.617656784382069191e+01
8.510774954943617843e+01
8.396534676826178156e+01
8.274581068589522204e+01
8.144568483912077284e+01
8.006166223190103892e+01
7.859065131579846764e+01
7.702985130888443166e+01
7.537683714541478253e+01
7.362965409476760215e+01
7.178692174967565620e+01
6.984794664843266787e+01
6.781284225300659330e+01
6.568265434770459876e+01
6.345948914963133802e+01
6.114664053939265642e+01
5.874871184661184031e+01
5.627172659335575133e+01
5.372322156203278354e+01
5.111231458773649905e+01
4.844973867840032966e+01
4.574783356519910882e+01
4.302048572931312265e+01
4.028300850482850848e+01
3.755195519027446238e+01
3.484486036629474626e+01
3.217990792420260959e+01
2.957552869225930081e+01
2.704993591983561529e+01
2.462061300593757096e+01
2.230377431471107386e+01
2.011382608655306470e+01
1.806285953163178348e+01
1.616021126890969128e+01
1.441212642927427545e+01
1.282155621264606538e+01
1.138811406184854391e+01
1.010820302126059111e+01
8.975312109151005302e+00
7.980463206882522087e+00
7.112774230228325223e+00
6.360091683992993516e+00
5.709638438481364986e+00
5.148622322180171018e+00
4.664758314444412690e+00
4.246670694068548357e+00
3.884159035618250932e+00
3.568330157558490257e+00
3.291613655056737642e+00
3.047688927289836425e+00
2.831355494334279577e+00
2.638376365621095232e+00
2.465318028305310438e+00
2.309402617280953418e+00
2.168380173946431899e+00
2.040423022889303439e+00
1.924040696334767597e+00
1.818012261569667887e+00
1.721332700615319178e+00
1.633170446925040098e+00
1.552833768345341259e+00
1.479744117903566192e+00
1.413414793576302841e+00
1.353433335240406654e+00
1.299446176921450702e+00
1.251144286153613283e+00
1.208248920608750776e+00
1.170497196841168597e+00
1.137627806039670730e+00
1.109367790864091319e+00
1.085421674390528501e+00
1.065464302124527807e+00
1.049138484590115272e+00
1.036057956187702356e+00
1.025815412921716963e+00
1.017994618131532025e+00
1.012184937720938871e+00
1.007996317743366399e+00
1.005072718454662839e+00
1.003102364203944052e+00
1.001823777848936503e+00
1.001027307365123464e+00
1.000552564800855082e+00
1.000282744043085037e+00
1.000137074331366227e+00
1.000062680258170023e+00
1.000026902527626049e+00
1.000010779925172288e+00
1.000004009117714920e+00
1.000001374991220660e+00
1.000000431832110293e+00
1.000000123241685968e+00
1.000000031695090108e+00
1.000000007278867953e+00
1.000000001477850065e+00
