1.810558498822453259e+02
1.795424137661846089e+02
1.779163762273380769e+02
1.761707788668182673e+02
1.742984804478315084e+02
1.722922003580567605e+02
1.701445729473859672e+02
1.678482141716006595e+02
1.653958020186727538e+02
1.627801722008079537e+02
1.599944305474701309e+02
1.570320834150521421e+02
1.538871872172946951e+02
1.505545178540570816e+02
1.470297603493921486e+02
1.433097183765100908e+02
1.393925425206801947e+02
1.352779750872726936e+02
1.309676079822054646e+02
1.264651486667823264e+02
1.217766874238487276e+02
1.169109571940662278e+02
1.118795751053341831e+02
1.066972526169710562e+02
1.013819590697681292e+02
9.595502156107453118e+01
9.044114269297065789e+01
8.486831716659648350e+01
7.926762875548567422e+01
7.367291124661426238e+01
6.812026083934232190e+01
6.264739352683392326e+01
5.729284931058859343e+01
5.209505566718639358e+01
4.709127515541753439e+01
4.231647571067409075e+01
3.780217589299482484e+01
3.357532959247375004e+01
2.965732357653430284e+01
2.606316476633461576e+01
2.280093037982075899e+01
1.987154173812292512e+01
1.726890123184253412e+01
1.498040267892754862e+01
1.298779066607827737e+01
1.126830858054190543e+01
9.796043137200033613e+00
8.543350769003463796e+00
7.482242865739451076e+00
6.585615005513437481e+00
5.828229492740171658e+00
5.187396862660616392e+00
4.643343992555197808e+00
4.179296254553442225e+00
3.781331588833306334e+00
3.438080795418923863e+00
3.140349670942281790e+00
2.880727381279100996e+00
2.653226664843459037e+00
2.452980816878246095e+00
2.276004618466889173e+00
2.119014090411737605e+00
1.979293616964080238e+00
1.854597452663191204e+00
1.743074083696687593e+00
1.643204672395594201e+00
1.553749716774113443e+00
1.473700531331121333e+00
1.402234026980621051e+00
1.338670553048745049e+00
1.282435331648894339e+00
1.233024341967120074e+00
1.189975493116300465e+00
1.152845679080268138e+00
1.121193967870275809e+00
1.094570845312786256e+00
1.072513165370264643e+00
1.054544251772664198e+00
1.040178416767436387e+00
1.028928981675962806e+00
1.020318698324361950e+00
1.013891311104213599e+00
1.009222917776622097e+00
1.005931834063367392e+00
1.003685872676480573e+00
1.002206306824773074e+00
1.001268256578134341e+00
1.000697735248305742e+00
1.000366027816285364e+00
1.000182360073543331e+00
1.000085906789118573e+00
1.000038081721152050e+00
1.000015801840689056e+00
1.000006102322996027e+00
1.000002179415833137e+00
1.000000714914012878e+00
1.000000213787012537e+00
1.000000057807745923e+00
1.000000014009800875e+00
1.000000003014052119e+00
