9.054132689509955867e+01
8.978685875035218089e+01
8.897645591220272365e+01
8.810669559389840799e+01
8.717407144772516858e+01
8.617501616551255950e+01
8.510592954986744019e+01
8.396321275190224753e+01
8.274330938646363620e+01
8.144275422951152166e+01
8.005823016684529136e+01
7.858663399000795380e+01
7.702515151375746427e+01
7.537134230862729112e+01
7.362323408957779236e+01
7.177942646494805956e+01
6.983920331676380044e+01
6.780265254350153725e+01
6.567079124260821743e+01
6.344569364091582031e+01
6.113061820332529805e+01
5.873012938202864319e+01
5.625020844344962256e+01
5.369834678025890184e+01
5.108361415577358855e+01
4.841669353707768408e+01
4.570987367593812678e+01
4.297699054055551926e+01
4.023330924998632696e+01
3.749533948371920644e+01
3.478057958236363589e+01
3.210718782960298512e+01
2.949358374152136619e+01
2.695798750314454395e+01
2.451791174684241881e+01
2.218962624418835006e+01
1.998762216970821370e+01
1.792410760547223703e+01
1.600856899067482786e+01
1.424743337859588443e+01
1.264386289813226227e+01
1.119770532710068878e+01
9.905613304197954605e+00
8.761330249188000963e+00
7.756125057219041885e+00
6.879342213174668430e+00
6.119021564880386066e+00
5.462534867886301271e+00
4.897185938537465866e+00
4.410728219581438125e+00
3.991766738014420834e+00
3.630028453670727906e+00
3.316502655172902880e+00
3.043468092097035171e+00
2.804433452198664245e+00
2.594021512067447688e+00
2.407825294461679810e+00
2.242258589888850739e+00
2.094415541812661985e+00
1.961946756563421879e+00
1.842953940827622983e+00
1.735901836774144336e+00
1.639544923779742813e+00
1.552866314507064027e+00
1.475026793704229844e+00
1.405322524964804920e+00
1.343150333898433635e+00
1.287979627568076602e+00
1.239330016717810956e+00
1.196753696434235570e+00
1.159821715085187943e+00
1.128113460349975172e+00
1.101208982031883332e+00
1.078684067064382246e+00
1.060108179777730530e+00
1.045045404214028251e+00
1.033058356739189554e+00
1.023714722629694540e+00
1.016595703584067589e+00
1.011305353754509362e+00
1.007479621267914460e+00
1.004793949151811638e+00
1.002968521236164978e+00
1.001770615873165182e+00
1.001013973867579843e+00
1.000555508335012389e+00
1.000290006751773930e+00
1.000143650882567181e+00
1.000067196285791660e+00
1.000029531647989911e+00
1.000012125747368863e+00
1.000004623539078041e+00
1.000001626427525991e+00
1.000000524091200882e+00
1.000000153518878498e+00
1.000000040542061042e+00
1.000000009566503811e+00
1.000000001997641608e+00
1.000000000365416142e+00
1.000000000057777338e+00
