9.054754360211710207e+01
8.979412165278635882e+01
8.898493589833029205e+01
8.811659008001107907e+01
8.718560812627428902e+01
8.618845718343210649e+01
8.512157613881163343e+01
8.398141032440376819e+01
8.276445310087534324e+01
8.146729501122094064e+01
8.008668115274247157e+01
7.861957733655563629e+01
7.706324547522832802e+01
7.541532845013676933e+01
7.367394444854357971e+01
7.183779041390573639e+01
6.990625380980485204e+01
6.787953134838915048e+01
6.575875267218070519e+01
6.354610620330559811e+01
6.124496349504622827e+01
5.885999745741108313e+01
5.639728881698443530e+01
5.386441416664443693e+01
5.127050804021779840e+01
4.862629071277724080e+01
4.594405300578369378e+01
4.323758941597181860e+01
4.052207155013272910e+01
3.781385529756025932e+01
3.513021755072268348e+01
3.248902168767776999e+01
2.990831546983742939e+01
2.740587037899996758e+01
2.499867745509207495e+01
2.270242095509367530e+01
2.053095699932067575e+01
1.849582900522165119e+01
1.660585423750732303e+01
1.486681535499072560e+01
1.328128672121725273e+01
1.184861715378730018e+01
1.056507895894735860e+01
9.424178459817387221e+00
8.417107402597288512e+00
7.533299790823484443e+00
6.761047254976871201e+00
6.088120168278478239e+00
5.502342748038944187e+00
4.992078495347919365e+00
4.546596266805579489e+00
4.156304527338502197e+00
3.812858670253128412e+00
3.509160547357550897e+00
3.239278244391254447e+00
2.998316812919520569e+00
2.782267810899037741e+00
2.587858950247373002e+00
2.412417208678923508e+00
2.253751483725323190e+00
2.110055540127179441e+00
1.979829019212861807e+00
1.861813309468486999e+00
1.754939407231633552e+00
1.658285760951654808e+00
1.571044898813240387e+00
1.492498057728440575e+00
1.421996989269559641e+00
1.358951740379515716e+00
1.302822731890165509e+00
1.253115144068820186e+00
1.209373658104974769e+00
1.171176063228593245e+00
1.138125045230158783e+00
1.109838430523311326e+00
1.085939020917160214e+00
1.066045687343214476e+00
1.049767452704581050e+00
1.036701870794297431e+00
1.026438218265351976e+00
1.018565074214076605e+00
1.012681012666869051e+00
1.008406582837650278e+00
1.005395611951980017e+00
1.003344132059186489e+00
1.001995802130973834e+00
1.001143408312223704e+00
1.000626709225570954e+00
1.000327415471055303e+00
1.000162378447257305e+00
1.000076103692300489e+00
1.000033542263660591e+00
1.000013827507234554e+00
1.000005300250113249e+00
1.000001876950198376e+00
1.000000609774868376e+00
1.000000180360639979e+00
1.000000048171313161e+00
1.000000011514279752e+00
1.000000002439393576e+00
