1.810579728953875929e+02
1.795448943556140193e+02
1.779192728774786474e+02
1.761741591603836810e+02
1.743024223561155850e+02
1.722967936804892588e+02
1.701499209082237201e+02
1.678544351790264386e+02
1.654030315878165425e+02
1.627885650369828170e+02
1.600041627789210565e+02
1.570433549553958414e+02
1.539002242262238838e+02
1.505695752504340703e+02
1.470471243132406300e+02
1.433297087554010432e+02
1.394155150315027072e+02
1.353043231765352630e+02
1.309977641773083121e+02
1.264995852180868496e+02
1.218159160044285585e+02
1.169555273930962329e+02
1.119300714254604685e+02
1.067542896700657309e+02
1.014461746647140643e+02
9.602706739824716919e+01
9.052167243033684940e+01
8.495797170968134537e+01
7.936701875523098693e+01
7.378259697102990344e+01
6.824072981907750091e+01
6.277903665802855215e+01
5.743593641927489557e+01
5.224971187634041314e+01
4.725745971443399895e+01
4.249396520056228610e+01
3.799055385065110357e+01
3.377398453915823495e+01
2.986545712675943776e+01
2.627981088696141398e+01
2.302498595084943034e+01
2.010180737242132309e+01
1.750412994219457019e+01
1.521935261008242790e+01
1.322927697186229956e+01
1.151124888849924588e+01
1.003949115251819357e+01
8.786513584150748457e+00
7.724479462664674223e+00
6.826416056939581090e+00
6.067181471874362408e+00
5.424136091732243870e+00
4.877508010950643680e+00
4.410480315440069354e+00
4.009057034505996597e+00
3.661779717398631728e+00
3.359367164732047328e+00
3.094339576684277393e+00
2.860670242347302050e+00
2.653488373461045491e+00
2.468840151045170739e+00
2.303503828881971582e+00
2.154849063316265578e+00
2.020729318060000779e+00
1.899397486488645148e+00
1.789437227345438641e+00
1.689704906031279874e+00
1.599279000146354823e+00
1.517415254036708516e+00
1.443506802118083243e+00
1.377049009435006965e+00
1.317608985340206873e+00
1.264799710364268970e+00
1.218258597705287549e+00
1.177630212135499566e+00
1.142552874274664454e+00
1.112648997850741894e+00
1.087519177943363280e+00
1.066740165508052618e+00
1.049866835736165127e+00
1.036438047101233551e+00
1.025985925421402101e+00
1.018047679616634893e+00
1.012178674987931570e+00
1.007965260329992674e+00
1.005035838745676591e+00
1.003068912187334849e+00
1.001797285647339386e+00
1.001008206724133931e+00
1.000539822338605722e+00
1.000274830760276235e+00
1.000132494355988833e+00
1.000060213472979020e+00
1.000025669902255832e+00
1.000010210849413328e+00
1.000003767569115798e+00
1.000001281258642960e+00
1.000000398787338485e+00
1.000000112731251445e+00
1.000000028701506727e+00
