1.810624072097117221e+02
1.795500828047829600e+02
1.779253407810168426e+02
1.761812518714410771e+02
1.743107082510087196e+02
1.723064675368045755e+02
1.701612077060946717e+02
1.678675943585305390e+02
1.654183617918882021e+02
1.628064093632214053e+02
1.600249145544841269e+02
1.570674640359806631e+02
1.539282038020108700e+02
1.506020091177159657e+02
1.470846745391317256e+02
1.433731236232769959e+02
1.394656371054682609e+02
1.353620972631216262e+02
1.310642448909374025e+02
1.265759437732043011e+02
1.219034457619017928e+02
1.170556475828732914e+02
1.120443283543701085e+02
1.068843546077001179e+02
1.015938374886586786e+02
9.619422498247750752e+01
9.071031069070490105e+01
8.517014019495489663e+01
7.960479671160807413e+01
7.404804993597079488e+01
6.853585604211940563e+01
6.310570302725046332e+01
5.779580411421762420e+01
5.264415268567685757e+01
4.768746485042706240e+01
4.296004949333478606e+01
3.849265936765213780e+01
3.431138886999478643e+01
3.043669268472735467e+01
2.688260245337941257e+01
2.365621414420052204e+01
2.075750556516153367e+01
1.817952119045547477e+01
1.590893127133490204e+01
1.392693682211925399e+01
1.221045581057158103e+01
1.073349411861566338e+01
9.468583149977733981e+00
8.388158930614455500e+00
7.465767537209494265e+00
6.677007915846719932e+00
6.000161445702082652e+00
5.416501060909067355e+00
4.910313259710156863e+00
4.468696599790570545e+00
4.081215685085088474e+00
3.739489364195759169e+00
3.436778762432102230e+00
3.167620222180092870e+00
2.927526218115420686e+00
2.712758690575050924e+00
2.520166655396586464e+00
2.347073766844697928e+00
2.191200467350668202e+00
2.050607510177125281e+00
1.923651164320471896e+00
1.808944017359655376e+00
1.705318286781992265e+00
1.611790683721898487e+00
1.527529151165703869e+00
1.451822345595941366e+00
1.384052719342918625e+00
1.323673687159186985e+00
1.270190834219376175e+00
1.223146646671002147e+00
1.182107982191545004e+00
1.146655529952128605e+00
1.116374816935492342e+00
1.090848783387107224e+00
1.069652398981748354e+00
1.052350049770688356e+00
1.038496381812953118e+00
1.027640926268293731e+00
1.019336240423180273e+00
1.013148641476336653e+00
1.008670071045512762e+00
1.005529363120779340e+00
1.003401275278804849e+00
1.002012063955238563e+00
1.001141032277544030e+00
1.000618191888426711e+00
1.000318791145521580e+00
1.000155845412775024e+00
1.000071907651271630e+00
1.000031164518940585e+00
1.000012620128040153e+00
1.000004747679999584e+00
1.000001648814896837e+00
1.000000524970802829e+00
1.000000152086967020e+00
