4.525690798487616462e+02
4.487736513603052799e+02
4.446947949113063032e+02
4.403148183491219356e+02
4.356155313154911823e+02
4.305783494030718543e+02
4.251844253488468439e+02
4.194148109499278689e+02
4.132506535454260757e+02
4.066734309765892021e+02
3.996652288809647189e+02
3.922090639519939259e+02
3.842892563528322398e+02
3.758918537542026002e+02
3.670051084058031279e+02
3.576200071792341078e+02
3.477308525654596565e+02
3.373358901021282463e+02
3.264379745860518938e+02
3.150452636534323574e+02
3.031719228767892673e+02
2.908388214723931924e+02
2.780741921415921070e+02
2.649142226777860856e+02
2.514035410624297526e+02
2.375955502834680999e+02
2.235525646198265974e+02
2.093456963786331642e+02
1.950544419190585472e+02
1.807659192194463742e+02
1.665737172422236654e+02
1.525763308375038037e+02
1.388751745695385011e+02
1.255721948704657933e+02
1.127671318625101264e+02
1.005545186656040784e+02
8.902054453448593563e+01
7.823994505922385656e+01
6.827311311484984913e+01
5.916364268691815909e+01
5.093651843425176651e+01
4.359714201727484806e+01
3.713133899010961159e+01
3.150641787626570434e+01
2.667326066224650916e+01
2.256932079178515593e+01
1.912230441047265828e+01
1.625422907567050856e+01
1.388550689543484040e+01
1.193869750405534091e+01
1.034162433508854306e+01
9.029639561064339404e+00
7.946943490240159669e+00
7.046991024135729198e+00
6.292127214338045782e+00
5.652666673578282897e+00
5.105657753818427125e+00
4.633553885841533493e+00
4.222963399050938982e+00
3.863583242889369274e+00
3.547358770515819604e+00
3.267863419133219427e+00
3.019863654267535225e+00
2.799024249273029064e+00
2.601711276338137147e+00
2.424858743522982252e+00
2.265874678922951357e+00
2.122570881403234022e+00
1.993106649392575092e+00
1.875940790542199865e+00
1.769788719059048887e+00
1.673583034359739097e+00
1.586437010931660119e+00
1.507611083210011360e+00
1.436482728074805149e+00
1.372520149015210356e+00
1.315259909490231083e+00
1.264288276075051343e+00
1.219225685630860534e+00
1.179713599378236832e+00
1.145403126044670206e+00
1.115945151995755502e+00
1.090982179044155842e+00
1.070142467272104492e+00
1.053037257223029322e+00
1.039261720583373405e+00
1.028399873030882761e+00
1.020033078416879624e+00
1.013751139719698324e+00
1.009164481818961567e+00
1.005915719532725294e+00
1.003689030508256641e+00
1.002216183065452348e+00
1.001278691868984883e+00
1.000706236173217967e+00
1.000372029177632793e+00
1.000186170925573714e+00
1.000088114697745167e+00
1.000039254832546076e+00
1.000016373819846427e+00
