1.810551562580082816e+02
1.795416044293986602e+02
1.779154325544563164e+02
1.761696794192664299e+02
1.742972005954470944e+02
1.722907118654873102e+02
1.701428435236548751e+02
1.678462069844780444e+02
1.653934751773826406e+02
1.627774782130732660e+02
1.599913157600453815e+02
1.570284874508114683e+02
1.538830424267492276e+02
1.505497488049432775e+02
1.470242833847497934e+02
1.433034412794565924e+02
1.393853643328106955e+02
1.352697861370496923e+02
1.309582901895218754e+02
1.264545761995020285e+02
1.217647277907452548e+02
1.168974728650796777e+02
1.118644257529828678e+02
1.066802980702935315e+02
1.013630630621815811e+02
9.593405633364581320e+01
9.041799448233783210e+01
8.484289255990269396e+01
7.923986183153940033e+01
7.364277134257959290e+01
6.808776068694074013e+01
6.261259739520969703e+01
5.725588068188471169e+01
5.205610386654240784e+01
4.705060027448364224e+01
4.227441112112993693e+01
3.775912766390017339e+01
3.353177222135771274e+01
2.961379163249769420e+01
2.602024032739339887e+01
2.275922651420761156e+01
1.983168269901985070e+01
1.723150045567696154e+01
1.494604003144083926e+01
1.295699059430549482e+01
1.124152083881945430e+01
9.773627526549489630e+00
8.525566873427944614e+00
7.469245153339852727e+00
6.577453003568177081e+00
5.824852185955163186e+00
5.188660131055425673e+00
4.649019872311490609e+00
4.189083058474403209e+00
3.794864362384500200e+00
3.454942053128247981e+00
3.160080698270023358e+00
2.902840494831309126e+00
2.677218680073369939e+00
2.478347638084481996e+00
2.302256447043664167e+00
2.145690354082870233e+00
2.005976443625177907e+00
1.880922410192475303e+00
1.768737024108543832e+00
1.667963874828615634e+00
1.577423100005485468e+00
1.496158426057527358e+00
1.423388724429838437e+00
1.358464409339959378e+00
1.300829451744369480e+00
1.249989705715356392e+00
1.205487833065591818e+00
1.166884593384198920e+00
1.133745842745504051e+00
1.105634381615872464e+00
1.082105827022058264e+00
1.062707871258405268e+00
1.046982493543243242e+00
1.034470790153232178e+00
1.024720025050819272e+00
1.017292300403179084e+00
1.011773991597886058e+00
1.007784895665162495e+00
1.004985998725583807e+00
1.003084921471975921e+00
1.001838435045929065e+00
1.001051883250757557e+00
1.000575801680003263e+00
1.000300392124599425e+00
1.000148722497833598e+00
1.000069554267530192e+00
1.000030572257251338e+00
1.000012559851369387e+00
1.000004793787238722e+00
1.000001688767086616e+00
1.000000545229757565e+00
1.000000160095093182e+00
1.000000042400087219e+00
1.000000010038033738e+00
