4.525820483760960542e+02
4.487887885263116914e+02
4.447124511760805490e+02
4.403353975415655555e+02
4.356394978849777999e+02
4.306062364190235598e+02
4.252168432574794110e+02
4.194524570736408577e+02
4.132943222780337464e+02
4.067240245851937743e+02
3.997237687706670499e+02
3.922767021810111601e+02
3.843672871008620859e+02
3.759817243444299493e+02
3.671084293596159682e+02
3.577385606421659645e+02
3.478665982842327935e+02
3.374909679590198266e+02
3.266147025138806157e+02
3.152461295717629923e+02
3.033995691213220880e+02
2.910960200544018335e+02
2.783638090982753965e+02
2.652391697898733582e+02
2.517667133610296446e+02
2.379997480881001479e+02
2.240003993903994797e+02
2.098394804704974774e+02
1.955960634378020302e+02
1.813567045978303724e+02
1.672142858917310946e+02
1.532664482025078314e+02
1.396136120146772157e+02
1.263566068712507473e+02
1.135939626775753339e+02
1.014189517062362427e+02
8.991650762355045856e+01
7.916018329327397396e+01
6.920933778173582596e+01
6.010675947668402586e+01
5.187693110694913656e+01
4.452511921132922623e+01
3.803742284154908759e+01
3.238184484756182258e+01
2.751035900233179632e+01
2.336184694562362552e+01
1.986568371336534966e+01
1.694567470808477339e+01
1.452400475251230638e+01
1.252486152508175010e+01
1.087744405052426089e+01
9.518155734512722788e+00
8.391895664385549125e+00
7.452480662981125548e+00
6.662332022305916368e+00
5.991627672140757532e+00
5.417144431873605726e+00
4.920998261933669404e+00
4.489444357772498506e+00
4.111839468843665912e+00
3.779811393313344592e+00
3.486635943751680511e+00
3.226794148442672316e+00
2.995670785276370207e+00
2.789355027059300163e+00
2.604509816779605469e+00
2.438284474299750926e+00
2.288252537070067039e+00
2.152362974906053328e+00
2.028897567032123650e+00
1.916430598016572784e+00
1.813789368167271210e+00
1.720015518250671338e+00
1.634327985156966978e+00
1.556088668618494486e+00
1.484771745384442454e+00
1.419937178634486763e+00
1.361208500847749248e+00
1.308254537975894749e+00
1.260774483569300441e+00
1.218485656058676314e+00
1.181113361108480531e+00
1.148382481936853994e+00
1.120010670313606571e+00
1.095703247201881059e+00
1.075150088005140558e+00
1.058024816547485925e+00
1.043986538090458938e+00
1.032684112770914542e+00
1.023762655680067635e+00
1.016871628830842589e+00
1.011673650050529671e+00
1.007853046706246536e+00
1.005123246164242312e+00
1.003232293540713416e+00
1.001966066947943101e+00
1.001149063484619850e+00
1.000642910756065929e+00
1.000342990196576576e+00
1.000173722176525892e+00
