4.525797799081773292e+02
4.487861409880057408e+02
4.447093634430231646e+02
4.403317992412326589e+02
4.356353081655040569e+02
4.306013626018683453e+02
4.252111793777356183e+02
4.194458823177849922e+02
4.132866993370118962e+02
4.067151979513678270e+02
3.997135630208335328e+02
3.922649203050644928e+02
3.843537089572898253e+02
3.759661053503380685e+02
3.670904995548764305e+02
3.577180243049609203e+02
3.478431343188117921e+02
3.374642313254775559e+02
3.265843270231630413e+02
3.152117324247999477e+02
3.033607576257380742e+02
2.910524010005254922e+02
2.783150013106804295e+02
2.651848203814574845e+02
2.517065181906693851e+02
2.379334768441747769e+02
2.239279255721974664e+02
2.097608162972003356e+02
1.955113993600391780e+02
1.812664526026940450e+02
1.671191251696463951e+02
1.531673709888018777e+02
1.395119665576166881e+02
1.262541335699354903e+02
1.134928185743155069e+02
1.013217178494422370e+02
8.982617352148491818e+01
7.908010296947155382e+01
6.914315303676980307e+01
6.005828803617944800e+01
5.185002047079385079e+01
4.452347112304946108e+01
3.806439804408092442e+01
3.244026258352644021e+01
2.760230969954287872e+01
2.348853869287286500e+01
2.002734250834806318e+01
1.714151439310630920e+01
1.475227499913191309e+01
1.278297197541276731e+01
1.116215143229453233e+01
9.825790735006778576e+00
8.718599978263734229e+00
7.794423724235169715e+00
7.015882033144571039e+00
6.353461590547315296e+00
5.784294096465382395e+00
5.290841643354529999e+00
4.859659183971690943e+00
4.480339579955434637e+00
4.144684222233333770e+00
3.846094022972323501e+00
3.579146751601747667e+00
3.339315786877225189e+00
3.122787062546733328e+00
2.926339122467572551e+00
2.747260907074495329e+00
2.583290409793331133e+00
2.432563731396308881e+00
2.293568450747298204e+00
2.165098128683665468e+00
2.046206658653861865e+00
1.936162419713289840e+00
1.834402988464126416e+00
1.740491652680755896e+00
1.654077211321657082e+00
1.574858575908859137e+00
1.502555516487652287e+00
1.436886528817045372e+00
1.377554265431437219e+00
1.324238333233718867e+00
1.276594607458483743e+00
1.234259652101907800e+00
1.196858463093023239e+00
1.164013621243672247e+00
1.135354072615393894e+00
1.110522117946761700e+00
1.089177729348168366e+00
1.070999934908002160e+00
1.055685617956837685e+00
1.042946564527150954e+00
1.032505875835227238e+00
1.024094896895321183e+00
1.017451603008101779e+00
1.012320988576561387e+00
1.008457509940703600e+00
1.005629153894891381e+00
1.003622337560619471e+00
1.002246667540356739e+00
1.001338628616735615e+00
