1.860296417942055358e+00
1.888202261262040160e+00
1.973446615594096842e+00
1.746755474560881982e+00
1.837006696855682852e+00
1.899583952245621710e+00
1.836286007934889497e+00
2.112267647341927290e+00
1.829830027724675956e+00
1.879254980897101968e+00
1.981372078459237684e+00
1.810802707589690863e+00
1.974962270553181964e+00
1.973415235222510500e+00
1.795611566588514174e+00
1.935700929929434322e+00
1.976457119499088977e+00
1.980863675316986150e+00
1.763218844760244597e+00
1.864267062595447388e+00
2.043276017034707515e+00
2.106064085190238799e+00
1.841653485438494720e+00
1.848603520929431587e+00
2.031616804781097851e+00
2.016924963136404791e+00
2.150428148247262250e+00
2.109512256593510049e+00
2.113747676174241086e+00
1.954149777435732593e+00
1.967449149048319246e+00
2.169016770664415450e+00
2.101292529246645557e+00
1.815961248850533893e+00
1.763247420654108000e+00
1.932353508486006621e+00
2.235215231514194212e+00
2.107458544996708927e+00
2.321202494770075564e+00
2.235309903083567917e+00
2.132890125158709349e+00
2.201539551289763086e+00
2.109046897585419522e+00
2.019948417687272624e+00
1.838962779422461447e+00
2.072800028361152513e+00
2.257636632765597007e+00
1.999351186434654482e+00
2.131150252141840173e+00
2.157372390999925393e+00
2.149167887482512640e+00
2.171293194035997853e+00
2.164055383062004623e+00
2.169668278769547154e+00
1.790932862301946260e+00
1.785023689347993159e+00
1.760060254433933657e+00
1.867651296779407000e+00
1.765601704833801966e+00
1.673847441217195531e+00
2.156028948821924640e+00
2.051202053508268897e+00
1.951924912995979700e+00
2.170044179950391339e+00
1.676494670385099806e+00
2.017377547573073748e+00
2.022763061051620959e+00
2.193416259374173283e+00
2.227029824542516412e+00
2.230282592786668072e+00
2.208748308757455536e+00
2.402785947518626841e+00
2.257502134146530004e+00
1.781940540390925420e+00
1.976336400303577490e+00
1.814561532915389463e+00
2.149721385644795202e+00
2.096604754009340876e+00
2.058752879167457639e+00
2.132652106374689271e+00
2.052914834093501728e+00
2.172898998714310803e+00
1.909923045888853421e+00
1.720654117204132971e+00
1.817157914527725682e+00
1.897071851543259191e+00
2.163676396299058169e+00
2.091627284187105307e+00
2.062698402824025834e+00
2.189565217974826172e+00
2.135053721754649025e+00
2.136707222404474305e+00
2.242146309302941898e+00
2.245584868072588947e+00
2.199513886465563228e+00
2.224024425557744156e+00
2.311865961301425187e+00
2.162845795974600360e+00
2.309278296297578859e+00
1.926652050075652323e+00
1.888933890158313478e+00
1.859162013171224093e+00
1.840341890365727595e+00
1.747944498782187051e+00
1.948064215786561082e+00
1.770046123441665342e+00
1.963716304087380848e+00
1.831804721521729684e+00
1.783066803926618205e+00
1.868229718111049653e+00
2.093971906355864832e+00
1.943707568969915478e+00
1.859908971120977084e+00
2.036173155319888739e+00
2.225123142969382517e+00
1.936558502966046591e+00
1.905952539583177341e+00
2.027340662199309751e+00
1.798965952877594310e+00
1.974497823719566947e+00
1.823461508870171333e+00
1.964305186274548198e+00
2.060082355000237619e+00
1.796942032481552154e+00
1.968764424021888670e+00
2.054928762644599782e+00
1.897154446394321292e+00
2.030965839378586768e+00
2.065428054542337133e+00
1.963017634902517017e+00
2.143849405786747653e+00
2.047045299672092256e+00
2.094770743255398138e+00
2.007776078054510194e+00
2.029474262483828451e+00
2.219895354812532418e+00
1.851960497565660946e+00
2.068397090527128945e+00
1.888384709334692824e+00
2.221586981050315490e+00
1.974759151713451955e+00
2.241126169645959010e+00
2.269211193830662054e+00
2.162013435361431313e+00
2.166997876696217684e+00
2.282182373548659715e+00
2.197759979369501959e+00
2.072285734884711239e+00
1.879859239052222408e+00
1.986147704160577732e+00
2.112224503291601607e+00
1.876720010222709512e+00
2.139210155815884917e+00
1.999389298110220148e+00
2.230073553339223302e+00
2.201551941466901141e+00
2.092256896308542835e+00
2.208234705071445703e+00
1.832354247213315634e+00
1.903494183738704937e+00
1.853449191724246825e+00
1.808427017830944727e+00
1.914889637344655560e+00
1.818110514740368444e+00
2.145510786890438837e+00
2.120016941835287216e+00
2.228901687914372598e+00
2.135134310618036935e+00
2.038205742549105803e+00
1.873297706044809052e+00
1.957386335515885811e+00
2.151178771975358561e+00
2.212376860903405351e+00
2.160057229152644975e+00
2.241116314068520854e+00
2.284897158526416394e+00
2.177148742910981927e+00
2.379313792512371961e+00
2.263488134998093315e+00
2.102184578527928061e+00
2.217939536860388472e+00
2.216977247381337168e+00
2.219877654983182236e+00
2.202443111004102505e+00
1.842207682698265403e+00
1.990032493479278797e+00
1.935970409076026799e+00
1.982932925130712842e+00
1.891132737384558782e+00
2.062342960987812113e+00
1.731113537402094060e+00
1.993571879252441947e+00
2.108680246329067032e+00
2.031932677072849636e+00
2.159689038971194908e+00
2.239008957601895222e+00
2.156782837925640184e+00
2.241132993343041946e+00
2.275346329859270433e+00
2.206766473541852402e+00
