1.599414517684178527e+00
1.523278561420789101e+00
1.478542728876306445e+00
1.620267377070766956e+00
1.555180809681096621e+00
1.571805559925877782e+00
1.740379087408721714e+00
1.799529164396029834e+00
1.665554733380402608e+00
1.609530546760616687e+00
1.780375158381007461e+00
1.797717256858290202e+00
1.820323609614659555e+00
1.907762302638267737e+00
1.939391437682928210e+00
1.808867921056905193e+00
1.738907752907981941e+00
2.008721607340267390e+00
1.778167940383489798e+00
1.981778744677635151e+00
1.911865466145338699e+00
1.949620098767157250e+00
1.994264265505797606e+00
1.832291406052129812e+00
1.863115756300716130e+00
1.815113692954225089e+00
1.812764340759799975e+00
1.980563122555459410e+00
1.847365041990401746e+00
1.992708220256658391e+00
1.636427339003268866e+00
1.611271956166174579e+00
1.718473669462752262e+00
1.923027099848086952e+00
1.986822193740754638e+00
1.977262543574362041e+00
1.965385757571882497e+00
1.635498102287764377e+00
1.620298017359654619e+00
1.681578117373348391e+00
1.936267067497617012e+00
1.636638286632704054e+00
1.736254239146649114e+00
1.791086199865873141e+00
1.726415887822017270e+00
1.942100892288626257e+00
1.978606686434574602e+00
1.793526731587576695e+00
1.904883127676982868e+00
2.094315252156731422e+00
1.623353500743563327e+00
1.583589589130113717e+00
1.646085845312167839e+00
1.568936790414463767e+00
1.552302819128324352e+00
1.712854736798096411e+00
1.711510522591595196e+00
1.767160703762271856e+00
1.612831140837896804e+00
1.641864899125280441e+00
1.647891144953726794e+00
1.651993010510702131e+00
1.578559887410079909e+00
1.740169227916781303e+00
1.756055960996794285e+00
1.937328117967628494e+00
1.654316880549586699e+00
1.650765573209434844e+00
1.675342988581685288e+00
2.012028872768293120e+00
1.968461899664094128e+00
1.848763554051161107e+00
1.959340426495592036e+00
1.554949857811356306e+00
1.614197668488848825e+00
1.860017909904149613e+00
1.836214811456372997e+00
1.999064219847629831e+00
1.670219834879466791e+00
1.710524176040379540e+00
1.815557697268193715e+00
1.937793824587129787e+00
1.739422840176157337e+00
1.766941967642233990e+00
1.842495862555992403e+00
1.887187569162847023e+00
1.919701541215266261e+00
1.912338567539910716e+00
1.964226143396155200e+00
1.680628224880246657e+00
1.717843568768588458e+00
1.578109937443922473e+00
1.505707694193812785e+00
1.724524565794302244e+00
1.777785646823143662e+00
1.743169757226242345e+00
1.895979570130574610e+00
1.964258383968730648e+00
1.923520195521656762e+00
1.939411160760967423e+00
