2.024635934164253470e+00
2.228901504391775035e+00
2.229721419402721505e+00
2.137602476523350337e+00
2.160713314067989721e+00
2.040775819891411214e+00
2.362307281217582933e+00
2.337199581765093459e+00
2.038661523316668944e+00
2.173029892280523345e+00
1.986666236956895037e+00
1.931861181849531928e+00
2.031625619100468239e+00
2.154654817667524203e+00
1.976768803089250293e+00
2.034612404044234157e+00
2.438380264171564171e+00
1.892401960597618338e+00
2.346740215601842205e+00
1.989070502881195246e+00
2.067366861211208828e+00
2.080798395989111871e+00
2.602493624500870517e+00
2.405810849845325006e+00
2.055638139659999197e+00
2.270226646357730083e+00
2.047659990750243963e+00
2.057049661508048910e+00
2.415113520264292823e+00
2.116438556841843788e+00
2.236021837737048656e+00
2.402575048202042041e+00
2.160755198553766299e+00
2.122880560810640915e+00
2.323299842256557834e+00
2.439599441363601517e+00
2.389624859303669080e+00
2.422802638996100377e+00
2.372742862363244498e+00
2.053790291475312557e+00
2.099514975570377029e+00
2.151544955659025149e+00
2.188034615053574328e+00
2.419721270002853863e+00
2.076742338271475585e+00
2.510231616851391401e+00
2.303994239489742135e+00
2.275648217486719638e+00
2.099376347987436109e+00
2.329553173852334069e+00
2.269500538871061401e+00
2.449931938326852965e+00
2.142567850596609258e+00
2.155222423965693856e+00
2.262829639624464040e+00
2.333266554385604596e+00
2.469760398313314287e+00
2.206586109430449305e+00
2.324924507960387743e+00
2.297631698910189701e+00
2.602894213097374898e+00
2.032496359955698662e+00
2.306517864040506183e+00
2.168267470949357012e+00
2.463002647479578755e+00
2.512752088333518152e+00
2.233059368550677881e+00
2.138594081194620689e+00
2.414141635569270861e+00
2.423247312189124703e+00
2.421516126941160252e+00
2.567823490843158307e+00
2.561404882835085051e+00
2.340319584106146600e+00
2.442731463710479556e+00
2.441625192806831990e+00
2.389775308077099591e+00
2.384356763453124195e+00
2.678229605231987165e+00
2.432515462466442013e+00
2.507148145380447168e+00
2.485750387132368289e+00
2.342098742022742375e+00
2.406350518492905710e+00
2.413948436653387652e+00
2.310082699112883997e+00
2.116405798837882379e+00
2.303684804679522635e+00
2.510835150759808787e+00
2.456385927064069552e+00
2.232073870987200337e+00
2.176230514546260153e+00
2.320405513278509524e+00
2.231603736991880638e+00
2.425515843345490197e+00
2.227619325196347866e+00
2.275885804799944623e+00
2.345232086807273131e+00
2.392462081415057451e+00
2.263469239400888178e+00
2.661971458130133694e+00
2.462899905200126582e+00
2.625744735727932877e+00
2.837398820721888093e+00
2.741038832514353540e+00
2.561478341763590905e+00
2.561711889843643064e+00
2.533276411718297094e+00
2.492116469854662064e+00
2.568310273225201890e+00
2.594502424396325502e+00
2.377975469992051227e+00
2.160085209377574422e+00
2.248372079264977064e+00
2.366882146100405926e+00
2.360955088113271483e+00
2.319654131830583665e+00
2.072632691753817369e+00
2.622463916650460636e+00
2.304703943916654119e+00
2.739923822606010084e+00
2.617754808451841608e+00
2.369141761068179086e+00
2.506850266594645049e+00
2.509468998654762029e+00
2.503094234033798493e+00
2.622218892960659353e+00
2.537748908850330665e+00
2.674611291886483500e+00
2.555965192196799407e+00
2.506235003630199465e+00
2.487439892064466029e+00
2.581236270133576038e+00
2.598084147572801594e+00
2.423865404519701006e+00
2.599323467421188472e+00
2.743768838148695988e+00
2.579950524386052102e+00
2.193475512504710956e+00
2.162347748975285811e+00
2.228375413783853620e+00
2.179462275498677659e+00
2.199142751284744790e+00
2.310397420821629577e+00
1.941206497115121721e+00
1.853325197424872117e+00
1.858693493635229510e+00
1.997692201788251021e+00
2.293646548755938319e+00
2.118645108431323365e+00
2.258725313742606655e+00
1.733541301623617414e+00
1.874481419436339724e+00
2.185909179990825901e+00
2.260715631120355340e+00
2.557405680171885631e+00
2.577168584191745992e+00
2.425957609496283141e+00
2.323628626500201744e+00
2.341579296642001040e+00
2.432079352589192389e+00
2.336321357725778203e+00
2.483331369171052572e+00
2.612436992380460232e+00
2.619532289584570073e+00
2.172983060918977305e+00
2.479744618761582586e+00
2.513517713869693804e+00
2.592428457467153891e+00
2.493928223115618348e+00
2.672344977806845101e+00
2.589980577825238939e+00
2.571850154633956720e+00
2.669100723286208510e+00
2.509571366387188363e+00
2.384614577644025513e+00
2.532296313006912492e+00
2.538127795134216047e+00
2.690686558831277164e+00
2.637697090823034607e+00
2.738836030955808187e+00
2.651628068632438495e+00
2.604400709426442528e+00
2.627059349866511795e+00
2.628374565355987791e+00
2.258988538499326015e+00
2.323838066197264407e+00
2.304140486464487214e+00
2.112201760207147228e+00
2.211989986512020945e+00
2.118790658055283327e+00
2.271716544142833971e+00
2.111427494421738160e+00
2.041994961654054475e+00
2.376135528974173905e+00
2.067322555417476782e+00
2.224657088222607104e+00
2.217090392707858015e+00
2.350549715060470835e+00
2.340885196984653582e+00
2.247751814336195419e+00
2.422307864423290269e+00
2.387578926967451665e+00
2.394335440233953172e+00
2.457264263771237189e+00
2.453646708598859583e+00
2.418143830006582284e+00
2.042247563687545675e+00
2.211439863065527867e+00
2.165340330917939760e+00
2.302956861120826648e+00
2.296806362959100678e+00
2.334508133076451220e+00
2.279945348665440186e+00
2.353218186383969179e+00
2.360334768594220201e+00
2.509087665891278629e+00
2.422368970520553777e+00
2.517684070994633316e+00
2.504741700891660816e+00
2.477356986193536947e+00
2.563242075720409296e+00
2.568145454233086600e+00
2.522650659773526982e+00
2.650110699266144731e+00
2.570413097308672956e+00
2.604473709313004370e+00
2.543467253666631400e+00
2.505291588154561655e+00
2.557989525526421115e+00
2.672571357340584708e+00
2.543439074523058618e+00
2.670028757721398360e+00
2.556301143940824527e+00
2.616769038369471279e+00
2.705583493195236944e+00
2.532737036267492137e+00
2.632815074659478949e+00
2.481729391615936642e+00
2.555111111613282304e+00
2.729012596230814935e+00
2.483508336233782643e+00
2.502065843089818387e+00
2.450126892691481206e+00
2.520596951928887108e+00
2.469652178353884509e+00
2.515704736105546679e+00
2.506218039959470012e+00
1.937089011083607204e+00
2.178237944024675077e+00
1.922995975312284056e+00
2.139381213749869559e+00
2.307809714320768979e+00
2.131864554670383605e+00
2.219443547549311280e+00
2.114633867730391081e+00
2.015011086353697856e+00
2.301396900600326312e+00
2.157044114966451875e+00
2.076948938935133437e+00
2.000208569448110651e+00
2.016716327622926741e+00
2.331943732385063583e+00
2.044277424653180297e+00
1.936159659361291085e+00
2.384040324399271160e+00
1.980759612258599089e+00
2.085781586176494340e+00
2.030841287687192409e+00
2.554139501535162893e+00
2.035797235875145272e+00
2.007518448531727451e+00
2.322740298801808656e+00
2.320412947718010432e+00
2.107262567416695376e+00
2.194455022759971285e+00
2.341981141918819453e+00
2.254425116789581907e+00
2.220716576931693442e+00
2.194744224117154197e+00
2.215821332653920450e+00
2.446807497587092595e+00
2.414752116128862536e+00
2.412985114655116448e+00
2.479817983786428925e+00
2.236656010810277539e+00
2.190422226916397097e+00
2.176720957717446225e+00
2.391151919205085630e+00
2.643315046447896055e+00
2.475004258113319811e+00
2.468775247941733308e+00
2.284943725781896973e+00
2.264994295563738991e+00
2.391405316566193040e+00
2.274834107943156436e+00
2.328091737658522398e+00
2.219304176655099159e+00
2.140288511752202805e+00
2.330110359548831056e+00
2.291447893550691450e+00
2.307485481855722220e+00
2.278705807036384812e+00
2.241433351888260539e+00
2.222272339690483101e+00
2.415177989315124396e+00
2.158293612818004359e+00
2.313735397944917338e+00
2.449398482107963293e+00
2.173861193582115270e+00
2.501618254028828314e+00
2.153368043867092130e+00
2.440255982189336592e+00
2.282642633645236341e+00
2.472058308226885437e+00
2.488167908091194480e+00
2.259578410954459660e+00
2.591189422527170994e+00
2.322581530852942056e+00
2.446772601095301702e+00
2.402943067969813384e+00
2.454328392443575702e+00
2.433471943231890755e+00
2.376696640041895847e+00
2.510348661912896961e+00
2.213985629241009168e+00
2.406440250441499451e+00
2.436704916666147192e+00
2.614783836190004429e+00
2.346775083435975517e+00
2.326195365238833634e+00
2.271398936310163208e+00
2.307029072065749808e+00
2.166421970036359390e+00
2.217651478127500297e+00
2.266180753619696286e+00
2.550410586394504797e+00
2.381383378096666892e+00
2.466975124693758126e+00
2.308269969748162787e+00
2.403236981186418930e+00
2.534254030580783468e+00
2.356833100190260044e+00
2.082929180395121094e+00
2.338104771051593644e+00
2.324975935943637495e+00
2.284078337266536973e+00
2.598965752092678105e+00
2.360203638635009593e+00
2.697290611502872526e+00
2.243476445887225612e+00
2.376032844502785402e+00
2.486158789624719923e+00
2.548654063933357694e+00
2.551266888421490631e+00
2.720576841896082509e+00
2.724393902104776277e+00
2.661277385319452016e+00
2.545558054816602134e+00
2.596291542690901455e+00
2.523091664345603835e+00
2.454931520832484448e+00
2.503135647614719517e+00
2.530140629200328117e+00
2.554311888624128279e+00
2.366089081502520397e+00
2.128440529959901628e+00
2.456900771099425729e+00
2.264531913061112345e+00
2.455549944037078713e+00
2.280858857221736091e+00
2.416511710913363142e+00
2.528863727691146757e+00
2.531184929919486848e+00
2.338524547471795945e+00
2.524619503860817460e+00
2.757259377183093552e+00
2.367738135971203306e+00
2.582325395101216614e+00
2.655358620459983499e+00
2.506607559912673366e+00
2.574057134104615674e+00
2.531492351063557855e+00
2.398263308048855791e+00
2.629101540558635985e+00
2.506051962814640266e+00
2.365529816352553105e+00
2.609379505329603166e+00
2.351122618123523189e+00
2.441948900765893882e+00
2.400246654928315682e+00
2.580604620462354060e+00
2.499743426507293975e+00
2.423691365865109137e+00
2.684359932810285176e+00
2.599878081059104673e+00
2.655188883765029040e+00
2.108561939668196494e+00
2.166231991437790327e+00
2.110664157702671240e+00
2.233446715592947829e+00
2.043035318810860090e+00
2.192763959732632273e+00
2.307279883302717938e+00
2.052580272341302248e+00
2.117832639979777998e+00
1.911825562605780293e+00
1.923074275209303297e+00
2.213445234434491038e+00
2.038784891233808683e+00
2.084815411270131591e+00
2.023838706383041863e+00
2.220714101184923184e+00
2.094218227465703741e+00
2.464103548154784384e+00
2.604899946266552746e+00
2.426044122059549668e+00
2.420768684857295128e+00
2.394833215223460599e+00
2.357573867121586453e+00
2.295291265456107954e+00
2.426825075234843254e+00
2.432002214832603926e+00
2.184128931997563861e+00
2.384931738549295854e+00
2.597066306644293388e+00
2.501208716940943155e+00
2.501739481289606548e+00
2.614818044201841385e+00
2.536962901896167466e+00
2.551253813569452689e+00
2.421292055250698017e+00
2.604892399051879526e+00
2.524539071393199663e+00
2.637523209475825414e+00
2.473844630919638465e+00
2.556500868544182570e+00
2.598923190800480842e+00
2.645804231739115053e+00
2.449437344204317579e+00
2.651090651176911006e+00
2.700036399737705484e+00
2.652549305679888114e+00
2.419893660595903384e+00
2.536846288046851416e+00
2.505205631973296043e+00
2.722368735139596208e+00
2.690951314475316991e+00
2.496323079614455764e+00
2.515751541164785277e+00
2.588099512995276630e+00
2.613815539046072001e+00
2.407413489984732369e+00
2.238829957753400546e+00
2.338056082553196635e+00
2.236370540358607606e+00
2.256879182150806074e+00
2.385394215205232538e+00
2.544712783977951087e+00
2.432866471982078505e+00
2.197594509982076172e+00
2.343248619015454448e+00
2.141838210865741221e+00
2.127569872293311626e+00
2.299253512017049861e+00
2.174526380944381110e+00
2.173013491234767169e+00
2.129077947445432439e+00
2.233324283848290293e+00
2.200132820209738327e+00
2.371746149380876911e+00
2.120974141155208770e+00
2.458877801740454672e+00
2.523706770720308246e+00
2.056710938580157855e+00
2.232883096482277008e+00
2.279396556842425703e+00
2.423301753045571161e+00
2.436736089839668384e+00
2.429542420004912273e+00
2.551799350562591773e+00
2.527212130528945888e+00
2.535601787445804778e+00
2.599441149873473300e+00
2.547759069777701502e+00
2.660770476946918262e+00
2.696049021738275542e+00
2.651071445894305434e+00
2.760112085919327551e+00
2.594428629322130142e+00
2.466838593296530213e+00
2.593043144988978810e+00
2.509885233445736663e+00
2.467122334138743600e+00
2.451175707593709063e+00
2.411914298995540218e+00
2.318100491571584154e+00
2.459624787694326908e+00
2.512765856438600842e+00
2.374003923135982408e+00
