1.655824641095874794e+00
1.546299973691498630e+00
1.508839356558026035e+00
1.539568185970197733e+00
1.502852707439601199e+00
1.615817475369882850e+00
1.673275581579675153e+00
1.690662700489854453e+00
1.632589490369767082e+00
1.549919940297953991e+00
1.591822210118729597e+00
1.573576401469612529e+00
1.630151814616453532e+00
1.664705980700504018e+00
1.637168790135807850e+00
1.649893345122609878e+00
1.612905819513548389e+00
1.767337885658635699e+00
1.602043356015699693e+00
1.572224235045889928e+00
1.659372491749851131e+00
1.654412553735381763e+00
1.668576592005313497e+00
1.648318576613641673e+00
1.633780462690092472e+00
1.612928340268954264e+00
1.547539482895569307e+00
1.781835179085428322e+00
1.602651646533011620e+00
1.635316180666463337e+00
1.756970727313558633e+00
1.654841512599911857e+00
1.536002554147633870e+00
1.704943474263993952e+00
1.518383290962836751e+00
1.633719432910269553e+00
1.592329672159883414e+00
1.503616607194965482e+00
1.479060800718163371e+00
1.593671298674906867e+00
1.743053273983550033e+00
1.623421727967621742e+00
1.558353245282063426e+00
1.737800157177320060e+00
1.592566942022406673e+00
1.672062678950377190e+00
1.580969160015565977e+00
1.581652560605833591e+00
1.726206175943727494e+00
1.584430136277572343e+00
1.508008822130346038e+00
1.388767631066811559e+00
1.463649709054094528e+00
1.389586132968900323e+00
1.336900477005504406e+00
1.429227756223668822e+00
1.499281836213231189e+00
1.535313229566796389e+00
1.311005219772366948e+00
1.507512914794880032e+00
1.490828314387946607e+00
1.465578599122510761e+00
1.444896283496343026e+00
1.530338376380597332e+00
1.586091545933046465e+00
1.617220316081350973e+00
1.499712503638240824e+00
1.504386484421631032e+00
1.594775297038613759e+00
1.706835326835716815e+00
1.629337850973437973e+00
1.567630613066225420e+00
1.627639661586274267e+00
1.309820840794099439e+00
1.429145716386310161e+00
1.582250447446228669e+00
1.578104723345919558e+00
1.701504777341633190e+00
1.636008102128045483e+00
1.590760412058299433e+00
1.433835503556125879e+00
1.438057830361682665e+00
1.550192582064586322e+00
1.427621818682839328e+00
1.473329703907897192e+00
1.520329479701057807e+00
1.749220533777171571e+00
1.737508270623237649e+00
1.609974275327960225e+00
1.295342908542663096e+00
1.303736052857841221e+00
1.242598744996734172e+00
1.266892182261502686e+00
1.511789134359660558e+00
1.414040761700410709e+00
1.722547772574701375e+00
1.560272242770522899e+00
1.491653949346526398e+00
1.773290699817247296e+00
1.585593214980304477e+00
