2.043003698516513200e+00
2.121129465016484694e+00
2.108934711995329891e+00
2.128078255869930047e+00
2.105374809879982489e+00
2.052505238352400507e+00
2.113970514549846413e+00
2.214626280805519709e+00
1.991669427001586001e+00
2.196667753364061948e+00
2.017751748133787437e+00
1.997402597354814846e+00
2.110506312425712405e+00
2.169746247025365005e+00
1.978884597554605218e+00
2.049533441872153805e+00
2.250699957645101446e+00
1.989377523281422810e+00
2.256246198418943916e+00
1.971841510983883827e+00
2.040015427943674631e+00
2.171543118125316418e+00
2.499376496292613492e+00
2.387138825493149152e+00
2.137727063170360875e+00
2.252705873724607510e+00
2.152971288825005658e+00
2.184816001676184172e+00
2.336331623816726211e+00
2.153728537052022496e+00
2.165564023235443614e+00
2.275676975430547255e+00
2.267475260869917353e+00
2.155124649176983542e+00
2.294926599415184842e+00
2.248426518615274983e+00
2.327027594415919776e+00
2.316090574657497569e+00
2.225515329070357762e+00
1.919932436242024032e+00
2.015727903984162683e+00
2.015100802080328712e+00
2.104728101086564163e+00
2.264962987359822932e+00
2.007970591682096462e+00
2.381027798133379836e+00
2.145985516971482099e+00
2.347998932942609862e+00
2.257271740394963810e+00
2.219726667596172209e+00
2.327492937111270255e+00
2.305947136809351150e+00
2.288577059244187417e+00
2.199463555921646218e+00
2.241303148585185312e+00
2.245458967071183309e+00
2.275661758908201104e+00
2.158053906490090323e+00
2.188346627698923630e+00
2.191198938424453679e+00
2.292631132620481349e+00
2.100994976834449357e+00
2.194587545909501003e+00
2.216193694815853377e+00
2.232517078383937204e+00
2.461109697837863930e+00
2.203840648834809901e+00
2.159336677045888830e+00
2.297487378568313865e+00
2.308673882596826044e+00
2.334482814145599328e+00
2.249720036932973510e+00
2.494416128439025382e+00
2.255747550787572830e+00
2.355470735823943507e+00
2.330506763191062536e+00
2.343427398447489818e+00
2.361650039808883328e+00
2.421835279169970434e+00
2.320930942442118283e+00
2.361850534499744469e+00
2.295183087424455870e+00
2.354716181661910213e+00
2.301695490211935535e+00
2.315359212617162932e+00
2.315941627745067066e+00
2.050594434925182341e+00
2.144357279485646028e+00
2.370013326694254463e+00
2.316575518505990416e+00
2.222660910037750792e+00
2.216011843829363226e+00
2.170460760159408586e+00
2.072716372466854029e+00
2.136844065367184964e+00
2.209684941597209740e+00
2.315812675814074684e+00
2.441256551587708046e+00
2.139788923236337403e+00
2.154210085710656308e+00
2.234490813734749004e+00
2.348843937291058559e+00
2.322033699000877416e+00
2.420428451239089007e+00
2.400626211998962756e+00
2.377500328274199326e+00
2.428973641283424190e+00
2.364045305304744105e+00
2.430787653881976595e+00
2.403622391405008329e+00
2.364131439524929768e+00
2.333400334170669499e+00
2.272587640189037472e+00
2.274930521639113579e+00
2.239121242163879533e+00
2.243774779314994028e+00
2.138410949550975104e+00
1.980454548206134424e+00
2.358647574327870977e+00
2.214276822884764240e+00
2.447825677696937152e+00
2.537577090526156542e+00
2.358416900217993994e+00
2.422587548232988830e+00
2.508485549303672180e+00
2.423337113322090008e+00
2.557357081954055200e+00
2.408320482124159945e+00
2.419951913113711495e+00
2.422339109158876180e+00
2.367732244459072266e+00
2.419288330569750567e+00
2.486270266973802379e+00
2.435327694015622324e+00
2.357014724783252468e+00
2.506621523967180298e+00
2.464625371290880995e+00
2.476627037992585656e+00
2.167745435361161377e+00
2.091594478579753780e+00
2.202972331111907156e+00
2.213312981853636341e+00
2.152086807765723808e+00
2.310180996802556841e+00
2.010363072532733941e+00
2.173062892502231058e+00
1.959303719376666031e+00
2.051134319530640848e+00
2.063205144169855565e+00
2.062413628751101236e+00
2.081700823301867231e+00
2.188691588156801870e+00
2.034129048422650410e+00
2.040468303684769058e+00
2.162356892633318317e+00
2.290701437313646949e+00
2.286378848666284824e+00
1.997459166213252812e+00
2.365528754256200905e+00
2.319530725576525843e+00
2.090505310211935974e+00
2.149772896138003819e+00
2.397650954726854522e+00
2.418895552005001282e+00
2.537969695175644080e+00
2.213936297651032614e+00
2.425285866148940261e+00
2.395832625729897192e+00
2.508533584768165792e+00
2.332536380965841261e+00
2.531821694870980632e+00
2.305819777636727519e+00
2.453367310296648451e+00
2.474922434374544622e+00
2.287799509488202432e+00
2.269520023765314587e+00
2.315618141447956191e+00
2.232601576104107810e+00
2.148070627879111072e+00
2.550787602688026290e+00
2.498591492861964802e+00
2.580997321144695267e+00
2.386350936147671575e+00
2.580834208294845222e+00
2.491201513027334169e+00
2.131213864508175071e+00
2.230935903964708089e+00
2.227174125399810745e+00
1.992841136367116794e+00
2.201838970143517926e+00
2.105731877219739978e+00
2.264126853042723209e+00
2.209950623412888948e+00
2.086281329288581343e+00
2.272707790862031896e+00
2.112986836655904810e+00
2.104183492600217864e+00
2.172807698954909217e+00
2.209323058436701182e+00
2.213397315240013263e+00
2.181197597013084799e+00
2.312284541825711859e+00
2.131906956811096432e+00
2.172661023789012713e+00
2.301122818171718265e+00
2.238205140978815511e+00
2.143767698399257071e+00
1.985973510195532699e+00
2.148258755047101509e+00
2.157803038754507963e+00
2.202422133332952114e+00
2.244776087234189088e+00
2.218499333513093585e+00
2.271914766337191249e+00
2.356192532039092402e+00
2.402389907836701255e+00
2.293226604287365689e+00
2.343796748249855177e+00
2.395783038896374340e+00
2.533232090699015338e+00
2.290505584715269549e+00
2.376864246475613562e+00
2.574163012952376928e+00
2.412328654493156588e+00
2.388683672366037847e+00
2.362656690218807309e+00
2.458978111519270371e+00
2.330919617090251972e+00
2.255954336550789918e+00
2.377940872217348289e+00
2.428858153986858337e+00
2.363833575163678979e+00
2.463804409287755792e+00
2.485060917067770436e+00
2.595190024310839227e+00
2.589278406848482206e+00
2.349996730833208147e+00
2.488458904779708103e+00
2.395755336279894898e+00
2.276549167499735571e+00
2.367025775387786801e+00
2.255619753412752004e+00
2.267007166504571014e+00
2.353525732241273705e+00
2.424840259080436322e+00
2.367366265935447966e+00
2.234775111282960136e+00
2.205205922826046550e+00
2.057487803439115304e+00
2.164533415434383823e+00
1.999935161734431643e+00
2.210773728754788614e+00
2.318499738609476335e+00
2.153768881032040117e+00
2.189095788115421826e+00
2.195762750477362690e+00
2.088414059124677813e+00
2.237348147319992542e+00
2.146750703941766147e+00
2.019687022797183040e+00
2.061608193010461498e+00
2.081542872352506901e+00
2.244965308346490218e+00
2.115911250370457353e+00
2.077278234764377007e+00
2.461103781233814569e+00
2.005529249242004930e+00
2.204914198114827695e+00
2.077690612767473688e+00
2.508206882820454897e+00
2.041280970934792993e+00
2.085231675293182096e+00
2.274099329860412411e+00
2.372176403924708410e+00
2.140173404714705629e+00
2.231168591783594835e+00
2.373556596973539268e+00
2.111511612157124240e+00
2.253904908338892898e+00
2.177882224236436404e+00
2.204936011216427350e+00
2.323877341837779831e+00
2.357794812041762444e+00
2.370940122415584828e+00
2.356812780116195771e+00
1.946104246477907695e+00
2.006347634876373576e+00
2.073579154207396691e+00
2.038365697891233452e+00
2.153453684105177235e+00
2.392604852162942386e+00
2.285770530285566426e+00
2.082611918143764118e+00
2.235840527405192457e+00
2.353189232103678030e+00
2.283025268609989222e+00
2.318121100916894051e+00
2.209401604101157712e+00
2.188414438922470673e+00
2.246424037387542594e+00
2.169557525235091155e+00
2.174659039354145396e+00
2.102849503800354736e+00
2.153060151254461374e+00
2.067945112232923766e+00
2.324400198533524531e+00
2.158238519340669015e+00
2.254343781384491763e+00
2.171332227499733314e+00
2.147447775853934981e+00
2.493945920809577999e+00
2.091152714928849576e+00
2.302587786843103057e+00
2.233262385007137585e+00
2.273209497270316959e+00
2.238594478166516133e+00
2.154070828719874875e+00
2.179495409057293553e+00
2.250898729967958367e+00
2.372473966991235805e+00
2.303464535242786493e+00
2.334795871983498916e+00
2.252298307279731571e+00
2.290182628199004533e+00
2.386919502326805276e+00
2.243385488897565061e+00
2.337730936545808103e+00
2.355982890704740207e+00
2.362766249420696241e+00
2.298386479301353091e+00
2.335161038647942000e+00
2.304456749749306255e+00
2.320528289086093210e+00
2.268763416214844231e+00
2.128375189780614907e+00
2.208593330786821962e+00
2.350511557055932954e+00
2.315472341127787548e+00
2.333743298806193245e+00
2.129937026713814685e+00
2.257310096421924150e+00
2.255599754709403548e+00
2.138975787464335365e+00
2.138687187742404738e+00
2.144831046006565156e+00
2.132867348894299742e+00
2.153407075378978686e+00
2.265334639757233148e+00
2.377268457546173330e+00
2.302307643729792908e+00
2.137231501645798559e+00
2.088575041105311225e+00
2.100937387455247940e+00
2.250848625023194050e+00
2.312863776715376574e+00
2.315678514704684332e+00
2.337711853338108714e+00
2.283940155187694998e+00
2.318577593175303431e+00
2.366678686604277271e+00
2.392729460813854292e+00
2.413896567068756660e+00
2.387487122749504476e+00
2.347323731908195210e+00
2.333890991345480170e+00
2.280288057723984352e+00
2.225351916703175004e+00
2.213400821011322961e+00
2.285256092326980237e+00
2.303233754005058920e+00
2.213944922124844172e+00
2.250382155289125219e+00
2.245422233787219835e+00
2.379343049710903824e+00
2.104469612518177879e+00
2.448573213464992016e+00
2.271138278942681055e+00
2.316334015898802168e+00
2.361677021690770761e+00
2.447859011182922817e+00
2.435834472154243091e+00
2.479546631774081522e+00
2.433875209230411230e+00
2.315061723684190831e+00
2.510915861602537991e+00
2.330339534367216192e+00
2.254212526386209170e+00
2.459975217224585897e+00
2.259131184532912950e+00
2.272393381678342816e+00
2.321261587409318761e+00
2.490432545350744320e+00
2.281399706985340448e+00
2.329257084817287105e+00
2.549247233095873533e+00
2.513702877681785353e+00
2.519823733350964989e+00
2.139925679298892547e+00
2.226497148693136197e+00
1.989604368047534155e+00
2.238262463970070115e+00
2.097722732417242497e+00
2.180457708903390301e+00
2.265241716903977576e+00
2.114680511008064201e+00
2.076006352792235443e+00
1.948673646291021466e+00
2.012135115882439873e+00
2.018737915533328042e+00
2.118418113085475341e+00
1.976510487763952550e+00
2.057620286028386758e+00
2.088007117658313483e+00
1.966836603672405648e+00
2.172520925959907867e+00
2.206370138568763739e+00
2.246803711653856173e+00
2.126645178075298848e+00
2.131977559767486152e+00
2.331798013542451642e+00
2.160013239190335277e+00
2.357778870513220770e+00
2.302037068745316439e+00
2.193666769363356917e+00
2.342835980123481487e+00
2.484716035677004164e+00
2.391481145601756175e+00
2.417783962537843667e+00
2.500568647854060522e+00
2.393871057524296297e+00
2.441403376810297843e+00
2.395561384202538058e+00
2.440680371093260081e+00
2.338601531600585481e+00
2.533963244746844534e+00
2.293750159549160728e+00
2.400662170453215172e+00
2.463385008752391858e+00
2.546356084252026974e+00
2.462515132151439357e+00
2.444466623454306653e+00
2.501988639798678804e+00
2.444680216283599883e+00
2.334225719478514982e+00
2.345742888965444806e+00
2.208235435362878807e+00
2.510630002063046096e+00
2.609488902653543718e+00
2.472444506604379200e+00
2.334515315328105967e+00
2.436443164385215354e+00
2.483221053392496103e+00
2.265990060419988961e+00
2.353713617835998306e+00
2.320652367442041619e+00
2.223191786936736136e+00
2.356134284598960793e+00
2.195933189313421519e+00
2.381418376136934079e+00
2.350680286075529590e+00
2.140278586510008463e+00
2.260005480427428548e+00
2.058175584959914595e+00
2.149898249490647562e+00
2.298692478260823790e+00
2.141013867864605569e+00
2.178368197318719002e+00
2.205254948326716313e+00
2.062347570746038361e+00
2.209906476561277699e+00
2.136559510679166607e+00
2.080676642691668299e+00
2.321237681107905182e+00
2.392165224933471279e+00
2.142390966119120499e+00
2.331282127078661226e+00
2.228456969638966445e+00
2.369328375719857771e+00
2.355874404446523851e+00
2.330000655298555046e+00
2.335943408667236376e+00
2.300473898228734271e+00
2.392437656449081018e+00
2.353832640152865974e+00
2.280311166929667177e+00
2.471107050847181963e+00
2.453371515013280657e+00
2.417241670338590609e+00
2.637813257551385959e+00
2.452654592211624962e+00
2.411592275129085916e+00
2.372748595577552688e+00
2.286077709378472989e+00
2.176330832237778345e+00
2.311142023056091954e+00
2.317903265960613801e+00
2.186711437344091458e+00
2.189479041209731580e+00
2.215102755891455555e+00
2.157882045693940487e+00
