1.928626327622981362e+00
1.709657714702363496e+00
1.817512161327671683e+00
2.430825832552865329e+00
2.321715131068684101e+00
2.382015687285557792e+00
2.106757650167921270e+00
2.176392208642555115e+00
1.381905807503383876e+00
2.278531284003400881e+00
1.844854374879529413e+00
1.694488948461202238e+00
1.237867101814188242e+00
2.568546127885546593e+00
1.366588866828823745e+00
1.196766145914676116e+00
2.427546764263485368e+00
1.797538611929460073e+00
2.541171123656094544e+00
2.090358929993318959e+00
1.612298151908537314e+00
1.720672673473645276e+00
2.551080614107910982e+00
2.456285440613848792e+00
1.429089671446844179e+00
2.666144220925461106e+00
2.071472153381626935e+00
1.753778123521200660e+00
2.655225180468438140e+00
1.789134005170358810e+00
1.912378604096142132e+00
2.455862259948100146e+00
1.846847697989049575e+00
1.934152504737183698e+00
2.313479266962616521e+00
2.474856368120612604e+00
2.266270424563369357e+00
2.228882375768960866e+00
2.574753317135069164e+00
2.184132323888011484e+00
2.397444590503295281e+00
2.579695880017156107e+00
2.276213952299398269e+00
2.603361685611018661e+00
2.284840390704899082e+00
2.547695608482798413e+00
2.314735579593929504e+00
2.442228437247697226e+00
2.144155721885623311e+00
2.280899525864294564e+00
2.342236641044265877e+00
2.456724859960648377e+00
2.243938269857894241e+00
2.283210515646894478e+00
2.305538206666510437e+00
2.287761276641402386e+00
2.369444484735875545e+00
2.081173937101067573e+00
2.291394735096946800e+00
2.129922391202256904e+00
2.471572861975779745e+00
1.977738323059074155e+00
2.424491833882621794e+00
2.132609477929459985e+00
2.494809886367562957e+00
2.542784779304728460e+00
2.287472759693933710e+00
2.106766840748373060e+00
2.341123660727824518e+00
2.567672327357724438e+00
2.385789229588371363e+00
2.629509086215963798e+00
2.641663535744120939e+00
2.486587913376086423e+00
2.613702885040046109e+00
2.587552082484401605e+00
2.395866453651168460e+00
2.524133822592408816e+00
2.674371880372958366e+00
2.562692672294842211e+00
2.582051040391736052e+00
2.529676783681312990e+00
2.295492142293014570e+00
2.339004764424350125e+00
2.471780917074592132e+00
2.424042328383859690e+00
2.121919897427201551e+00
2.268953864350097938e+00
2.507356148075829516e+00
2.475181706031214013e+00
2.534616210442964146e+00
2.579327255512125383e+00
2.293313897044150451e+00
2.347060596408637512e+00
2.521792107678208161e+00
2.548334482728961792e+00
2.481178750595018911e+00
2.664597315741299877e+00
2.483749854621531750e+00
2.457446141969591658e+00
2.469769701865844436e+00
2.698999785080155256e+00
2.856369949234097927e+00
2.878923802694081324e+00
2.804311770341220811e+00
2.548306257614080472e+00
2.767005314194321386e+00
2.698367637707979050e+00
2.571540676767256173e+00
2.640832756325357078e+00
2.699233732827927223e+00
2.300054228794965017e+00
2.269690817901575119e+00
2.276849266674396688e+00
2.376113638696070396e+00
2.380340000669482148e+00
2.266945830124294403e+00
2.057672570049119631e+00
2.656791613285844456e+00
2.391648154623814193e+00
2.879637477652483124e+00
2.670535182945516617e+00
2.641012751809536319e+00
2.646325677626868433e+00
2.626390509885265789e+00
2.563092963666904200e+00
2.729408485099612758e+00
2.753090724037268178e+00
2.726065843545423473e+00
2.673812441647812843e+00
2.547092559711205073e+00
2.536628444806574123e+00
2.781479097290175062e+00
2.682693184323154956e+00
2.391513771019589729e+00
2.601617861837266066e+00
2.619178050856104445e+00
2.638532241254959221e+00
2.161476931184221240e+00
2.288307478450065879e+00
2.222170392558800334e+00
2.265708410394772443e+00
2.253028065588043471e+00
2.417430411554895464e+00
1.979192832835036775e+00
2.118666482822057606e+00
1.745279697259747298e+00
1.929102775051930507e+00
1.954402641707031041e+00
2.166678193558731369e+00
2.120390466778681038e+00
1.802386745248887978e+00
1.694060716988245563e+00
1.914296521257747408e+00
2.408575347189862992e+00
2.527739697253131190e+00
2.630156247588083307e+00
2.614306673379700019e+00
2.538660616080341548e+00
2.438982628220067728e+00
2.583276921651775471e+00
2.499534362171428548e+00
2.338809835907691426e+00
2.750208466459571621e+00
2.730400956047941197e+00
2.276257693225430145e+00
2.540052208029413450e+00
2.533522930557845498e+00
2.537240704882467668e+00
2.622005067053259530e+00
2.632717997586834890e+00
2.576356429969813622e+00
2.638882114446090110e+00
2.665757238611732305e+00
2.652194319202810568e+00
2.499984043878247686e+00
2.786360425460638002e+00
2.791419451859133094e+00
2.724363001056234967e+00
2.716185091113350492e+00
2.741254596970691182e+00
2.707767126039730243e+00
2.592437535990235631e+00
2.598772806307771965e+00
2.719352614210476915e+00
2.327705567364153350e+00
2.464742668227168920e+00
2.479867841057681321e+00
2.179766982552556520e+00
2.329615554371905262e+00
2.216502496845204284e+00
2.473419741812215022e+00
2.339446031755255895e+00
2.326223021771232968e+00
2.422988574680918106e+00
2.296084581081281328e+00
2.231981189639930641e+00
2.263205407140003178e+00
2.634028322622209650e+00
2.393506862916042977e+00
2.370715310938940057e+00
2.559612458425525094e+00
2.580739404530328684e+00
2.377011986846843339e+00
2.612224332613906963e+00
2.596152783806974895e+00
2.542166988335793132e+00
2.053617384164975412e+00
2.507323599773255030e+00
2.193149930593730979e+00
2.321837249131765812e+00
2.468266358510011749e+00
2.337381217310119386e+00
2.516184461441131059e+00
2.455697876407661351e+00
2.471615952881724088e+00
2.530557669636053664e+00
2.437617429596599550e+00
2.525060252763353219e+00
2.672929909510485924e+00
2.460833500651402161e+00
2.382939526904598093e+00
2.609794758731754261e+00
2.507285287638471694e+00
2.596421187407832232e+00
2.529552666182655951e+00
2.538444012699241803e+00
2.497647675183730875e+00
2.581736685715673829e+00
2.505105884712665265e+00
2.822776674105497374e+00
2.789067506660428908e+00
2.739503466761342931e+00
2.603713826627883421e+00
2.622708945812935788e+00
2.736501356980355570e+00
2.534303471144505160e+00
2.689045630392982389e+00
2.534222468363869218e+00
2.569311926727358752e+00
2.730241192550905804e+00
2.605265193137797031e+00
2.572419515036421078e+00
2.608388811688151954e+00
2.626282969980612503e+00
2.430151466990650988e+00
2.668978201093837654e+00
2.636726946596939403e+00
2.096988947237920176e+00
2.009357826119062995e+00
2.058754612042862586e+00
2.333489560922229256e+00
2.291261436179207411e+00
2.189249753843484747e+00
2.234031056926434999e+00
2.235802475879821394e+00
2.150959162054441265e+00
2.335084248555279185e+00
2.182358511850762461e+00
2.138609085781305374e+00
2.192438890482340419e+00
2.301791074038957330e+00
2.181682980548997008e+00
2.289233421724477857e+00
2.159912375712454313e+00
2.411987000677796811e+00
2.138152233978412475e+00
2.254284716243786679e+00
2.305113188572155192e+00
2.549431627217014551e+00
2.074275374364341840e+00
2.332570182211809673e+00
2.361953861954464440e+00
2.432388269612979048e+00
2.099037721630955478e+00
2.252624532209106523e+00
2.435049619985465430e+00
2.262139020079748430e+00
2.209797347375717091e+00
2.159827682117515302e+00
2.156893405970114141e+00
2.543490855443268028e+00
2.395852025136879782e+00
2.353126877009509954e+00
2.625194934847259631e+00
2.281373527977409221e+00
2.404195828847493388e+00
2.461587643160553895e+00
2.393964415784962441e+00
2.811818794171160985e+00
2.586983212802413501e+00
2.601418748024733940e+00
2.450389026507928669e+00
2.479714583949231166e+00
2.519825131598220747e+00
2.624171234965062993e+00
2.333175201878089133e+00
2.357502696650723983e+00
2.247242048162419348e+00
2.329989497312844993e+00
2.343096314290415094e+00
2.317381673609316906e+00
2.246440922902312565e+00
2.299789865780295539e+00
2.342586782793090183e+00
2.510901283981670673e+00
2.163185259101800817e+00
2.442677958099098490e+00
2.539335648199537498e+00
2.364998178802760975e+00
2.616315318373346965e+00
2.173137831646079210e+00
2.397840419090220276e+00
2.366517256000379099e+00
2.571568623320236391e+00
2.518941726690775429e+00
2.416328188344238903e+00
2.679498574593988547e+00
2.292487771947941955e+00
2.545547341183521883e+00
2.389191043876794485e+00
2.555868099020350392e+00
2.478349450809339327e+00
2.511184467553328581e+00
2.598658761467156797e+00
2.270335194237151022e+00
2.605567093824006975e+00
2.447618640787216471e+00
2.545641025313024386e+00
2.402051390832916855e+00
2.493848704994933385e+00
2.505724578193048391e+00
2.504420427191558662e+00
2.394913838608634826e+00
2.287953155445491493e+00
2.290859289468566207e+00
2.486267723575305677e+00
2.449025406813127415e+00
2.587256264962610963e+00
2.288218073807170683e+00
2.583383291712754382e+00
2.738585904863554799e+00
2.426695238402149624e+00
2.173036885962598141e+00
2.488521630956397779e+00
2.607284763479855272e+00
2.481261175850089540e+00
2.765691428348115544e+00
2.593277223371879270e+00
2.743525785566341746e+00
2.242554729713285067e+00
2.615480650039722299e+00
2.549837559646435992e+00
2.772053820989277551e+00
2.691687969089754606e+00
2.757001298838632763e+00
2.828882963980308585e+00
2.765045377145036731e+00
2.607924563423825504e+00
2.749096244405411227e+00
2.668211323363312903e+00
2.590694976112825731e+00
2.705192085818990844e+00
2.612703363757734820e+00
2.694732822098400149e+00
2.498776429641246466e+00
2.241992997634039586e+00
2.558124348784655222e+00
2.414207926575379748e+00
2.549445307404551109e+00
2.336484432820029600e+00
2.595803172764300282e+00
2.652667452823874505e+00
2.582112933496942375e+00
2.588375035481492059e+00
2.679747091160056272e+00
2.742151023167126223e+00
2.443933494189665989e+00
2.438165797457390482e+00
2.714277150852241860e+00
2.633061682456437236e+00
2.691912266212348470e+00
2.574792097534527091e+00
2.548564961456009303e+00
2.719741462027905676e+00
2.536625147725769303e+00
2.541992363979075353e+00
2.714546192640010069e+00
2.461953501550551593e+00
2.647241564947454329e+00
2.395689892929760312e+00
2.646224156070797306e+00
2.618843261958706758e+00
2.399361284821233120e+00
2.741684957236557807e+00
2.632799719684871143e+00
2.765910939543494873e+00
2.016842678686696200e+00
2.147974911522307906e+00
2.160711699996725077e+00
2.213311553133314291e+00
2.182196635688143260e+00
2.420279928979485629e+00
2.291310271468167237e+00
2.168219969018815085e+00
1.799766800755609797e+00
1.849634877699775970e+00
2.025945728044671323e+00
2.082106934359004846e+00
2.245294341716771669e+00
1.872693175207407634e+00
2.210237109848565584e+00
2.277808788523658645e+00
1.975825026538370999e+00
2.547820593867231143e+00
2.616067829914817011e+00
2.640613818043550776e+00
2.578903086033393688e+00
2.465757511926499834e+00
2.690567830829000862e+00
2.514605417862847414e+00
2.538484361844122628e+00
2.415745068116395888e+00
2.244188436677709841e+00
2.439274019043220054e+00
2.508131362747292314e+00
2.588153568883826861e+00
2.634081485619636620e+00
2.648608547898842147e+00
2.644117982300234093e+00
2.646811275852773981e+00
2.564623131065975059e+00
2.713980491552371532e+00
2.595019757386578085e+00
2.543377105515690406e+00
2.448517315893299795e+00
2.555891777780430640e+00
2.612893949795739967e+00
2.646346173678482128e+00
2.683529803700805072e+00
2.725436671253588461e+00
2.809602531799796132e+00
2.748032782111718753e+00
2.510332694088739824e+00
2.750934759211220992e+00
2.631497669686261531e+00
2.754921731296375853e+00
2.846407813079940841e+00
2.598741097528984412e+00
2.529826681778178710e+00
2.560937798540307231e+00
2.688860560781107356e+00
2.445870331386868379e+00
2.306376026618774944e+00
2.496340539264013447e+00
2.321388079205449095e+00
2.465918871197852802e+00
2.553802212172477493e+00
2.754351745208132307e+00
2.759037556684182935e+00
2.370242639146416419e+00
2.510686133711979018e+00
2.125719142942592566e+00
2.416322387168750918e+00
2.531075277831023485e+00
2.349369156447650653e+00
2.467692410539069847e+00
2.369081631729678783e+00
2.582442051808026662e+00
2.411086051438353195e+00
2.342163847549936229e+00
2.144543764136874753e+00
2.326005533866319475e+00
2.512309230608605226e+00
2.140514898985415027e+00
2.292141623263337813e+00
2.199357567341456932e+00
2.373788743518879585e+00
2.548850134045548277e+00
2.439080575097208214e+00
2.584419027282980341e+00
2.554447594653196596e+00
2.577586875725452753e+00
2.606942525501191987e+00
2.631275861956020368e+00
2.630298201334498653e+00
2.697016149224805925e+00
2.630520143711708503e+00
2.788596639635184449e+00
2.692450189032190799e+00
2.590201741526909629e+00
2.796480979727575367e+00
2.646036448574685895e+00
2.528727842222697753e+00
2.758132870634026901e+00
2.669402451585335179e+00
2.500547581780219186e+00
2.564074527098351375e+00
2.661527698273339126e+00
2.655527595185827039e+00
