2.144997231877131760e+00
2.289169543510306770e+00
2.313897425576981970e+00
2.084586385625234239e+00
2.115131554917342172e+00
2.120509740550340361e+00
2.120498538488023499e+00
2.338839157378662215e+00
2.169767102809401216e+00
2.066075313620631793e+00
1.998909265598743268e+00
1.966084474280374694e+00
2.030292043233230981e+00
2.238133741845009794e+00
2.049247779937438896e+00
2.035706307222568068e+00
2.290152500786826639e+00
1.983127494384405942e+00
2.409638634938309210e+00
2.056596484070440489e+00
2.004998625453081385e+00
2.034500066228590587e+00
2.593175525718447894e+00
2.476340989677506155e+00
2.145565899656329822e+00
2.219066984890079919e+00
2.163702786872949257e+00
1.948431636781017717e+00
2.399624834807220441e+00
2.050512456683750262e+00
2.211541400108494759e+00
2.502513720926493157e+00
2.107855072055587531e+00
2.139044885054722567e+00
2.442859458883817947e+00
2.439695662191704972e+00
2.417163275262598887e+00
2.464860368418550607e+00
2.585698881880649669e+00
2.184946775820641562e+00
2.199396349598592426e+00
2.437061700299944622e+00
2.364737762358809281e+00
2.470066417629301014e+00
2.146008470763066001e+00
2.469027968515428828e+00
2.375795949833255261e+00
2.544729553954391044e+00
2.476727172221641737e+00
2.297353444235313180e+00
2.456626638497517501e+00
2.289654798527267499e+00
2.359504506298442994e+00
2.294244959634629044e+00
2.283514403194408793e+00
2.263982404742706400e+00
2.431721403642440382e+00
2.146062569737534176e+00
2.285982249079151263e+00
2.237616802658731530e+00
2.573344568060660364e+00
2.107329268551874524e+00
2.205318792343769818e+00
2.225927170449006898e+00
2.464966300113775599e+00
2.403206910795710805e+00
2.242457052943441997e+00
2.121159731581933272e+00
2.271638785448956810e+00
2.432496896614981363e+00
2.371055355622268657e+00
2.435639896196291510e+00
2.537787801345633198e+00
2.330577767445755288e+00
2.500957727695537702e+00
2.345344495239316540e+00
2.341591082866080864e+00
2.453431595480772387e+00
2.433355161882910345e+00
2.388039080707595740e+00
2.529278073440168306e+00
2.388678788372776474e+00
2.277538766199926457e+00
2.336991931111753740e+00
2.436259194888017454e+00
2.337938922947824238e+00
2.225897036107561178e+00
2.337191323334140147e+00
2.598793483795724946e+00
2.533486999860679934e+00
2.510571387587493319e+00
2.495778988364057760e+00
2.178453762474326094e+00
2.273031274686329262e+00
2.341775500761219764e+00
2.521286015490992849e+00
2.497866963096301074e+00
2.597562091382159988e+00
2.288840680672505457e+00
2.268127262319592496e+00
2.286046661282825188e+00
2.468993803889183436e+00
2.616829546482129842e+00
2.646881038187146817e+00
2.595780456493312460e+00
2.569521591510437020e+00
2.602400412793307360e+00
2.554401370507604963e+00
2.497586198126739987e+00
2.531202857549323504e+00
2.604933738608191884e+00
2.410084448425209303e+00
2.422028471911970904e+00
2.400558096281874665e+00
2.324851652694445381e+00
2.398315474781310908e+00
2.457325502775840054e+00
2.021579849788841532e+00
2.588812581951759118e+00
2.383950756217293243e+00
2.738924719265052321e+00
2.608307043840383699e+00
2.565782858264378685e+00
2.540698371346526763e+00
2.499129992035149517e+00
2.473105130559486664e+00
2.572158759821014495e+00
2.453578095657494629e+00
2.657035595582963872e+00
2.666820126779434030e+00
2.497201082442636277e+00
2.406528851177557993e+00
2.523632600585485886e+00
2.528641367979075572e+00
2.357515277802844977e+00
2.546713871930823547e+00
2.538711908067045719e+00
2.613775669422455650e+00
2.250308806962516783e+00
2.140427851628563527e+00
2.203501291341098067e+00
2.194829929309561667e+00
2.182900237659691101e+00
2.287154343573675863e+00
2.228638361754094355e+00
2.247117065143612535e+00
2.013538750279185052e+00
2.083989386086442241e+00
2.234123613776745731e+00
2.415557114310166842e+00
2.235064801003117108e+00
1.977701763780453703e+00
2.003464747790597578e+00
2.074272379180643888e+00
2.537137577719994486e+00
2.454591709802793176e+00
2.498316706219487759e+00
2.307454482941394325e+00
2.581306225917493702e+00
2.467059898700718179e+00
2.212365138887616212e+00
2.361618537995167966e+00
2.488209485527466569e+00
2.536323665961444096e+00
2.584639886554914501e+00
2.242226807304106728e+00
2.499245300560942074e+00
2.402546555248950000e+00
2.517338214709849531e+00
2.496259950943525485e+00
2.518955508415140709e+00
2.475401023560224623e+00
2.529236624618645735e+00
2.610209751494941166e+00
2.554105486263412494e+00
2.439318168005500720e+00
2.640512022712102613e+00
2.713087127471919491e+00
2.778867620339000588e+00
2.561795576674632091e+00
2.765247992835022650e+00
2.640347657629674050e+00
2.559244789763030603e+00
2.638638153108408435e+00
2.546688126953299491e+00
2.237640234302940456e+00
2.447133538361300431e+00
2.500414787386336712e+00
2.090041133580842647e+00
2.323350938254688636e+00
2.264454242300636189e+00
2.453229246843553923e+00
2.375652483380506830e+00
2.259733663361294553e+00
2.395670180861460885e+00
2.237242213524215373e+00
2.406858379605300247e+00
2.394324171658196665e+00
2.425977059657455026e+00
2.478477982812731018e+00
2.447110347446959544e+00
2.497596051630343705e+00
2.383163088857680911e+00
2.533437569144227020e+00
2.572123167223143270e+00
2.516251238065397189e+00
2.230640664824631969e+00
2.006745352324243559e+00
2.279659108679479740e+00
2.236064581409753504e+00
2.183806422991390050e+00
2.232070335434611863e+00
2.443120288249490457e+00
2.294268162763990482e+00
2.428553590342662272e+00
2.466382094073637621e+00
2.476196887000607472e+00
2.326083280593520985e+00
2.378428034608514707e+00
2.562196593247562326e+00
2.453663785164289735e+00
2.495934569131345704e+00
2.481302898546098312e+00
2.400822551196739152e+00
2.430229786008386128e+00
2.457442623956049843e+00
2.482377498589320108e+00
2.340713549254316295e+00
2.583464941950533333e+00
2.442679402011403766e+00
2.635348952620621077e+00
2.636604017645626019e+00
2.568053138029816829e+00
2.492983591621884987e+00
2.593568336537596775e+00
2.668062000166607994e+00
2.560049780117841678e+00
2.711172856737633197e+00
2.550323782318181465e+00
2.487300907710477293e+00
2.744115749404207438e+00
2.517265785171421744e+00
2.517003346924455709e+00
2.561918099742962251e+00
2.751254693348596181e+00
2.453548857908828484e+00
2.590337984375055580e+00
2.682427303054314649e+00
1.884488852454066166e+00
2.215444018902351875e+00
1.981924013123907757e+00
2.182744543509989921e+00
2.205948253502668432e+00
2.170808596996832929e+00
2.083338980287881448e+00
2.126407404955627189e+00
2.054557014165062423e+00
2.073345268537436059e+00
2.182069301755052315e+00
2.043358727808030739e+00
2.026962310050342886e+00
2.156946796218650597e+00
2.330738990249689557e+00
2.106204368075011768e+00
1.962349030054842292e+00
2.251169627695674968e+00
1.941490164175978306e+00
2.159273795471021273e+00
2.168032173613990921e+00
2.650408340560458154e+00
1.972283777137829430e+00
2.012623039160447380e+00
2.365533770894701071e+00
2.285808996490018341e+00
2.058133291466138992e+00
2.223328884537675076e+00
2.387906502728033509e+00
2.142186906673935187e+00
2.204631586695126710e+00
2.159576119119660298e+00
2.182583812435107351e+00
2.389245873227714867e+00
2.406025874295109279e+00
2.449994691637775279e+00
2.497670412015533969e+00
2.235638272654124847e+00
2.262815329433160105e+00
2.338084491109366780e+00
2.397654568023836585e+00
2.595927544121199748e+00
2.598220001858353445e+00
2.463894914455768248e+00
2.372648032960799735e+00
2.379485676508162229e+00
2.528601834804898196e+00
2.490945899662504015e+00
2.401641089106723914e+00
2.347753182115327686e+00
2.297486526488251357e+00
2.362210365715759597e+00
2.316112434152213240e+00
2.281417743810906007e+00
2.059957127344980155e+00
2.270488463604635854e+00
2.303706371561671240e+00
2.526213570541886888e+00
2.166631877715604393e+00
2.187776398696996694e+00
2.511026953007058360e+00
2.233099679121560488e+00
2.515379789749154771e+00
2.206379680888040706e+00
2.354886271172642154e+00
2.271441674410542788e+00
2.446696035486098264e+00
2.366676854562526522e+00
2.221605940401886858e+00
2.525464046663115525e+00
2.153090694595168664e+00
2.490824140653211671e+00
2.269711408895378923e+00
2.431745470800876774e+00
2.353827231120027008e+00
2.373788218546497575e+00
2.543629604924746879e+00
2.192480417076765775e+00
2.351771142574855755e+00
2.448440270204180980e+00
2.416597357347204156e+00
2.291059213746390100e+00
2.325732225569712597e+00
2.277599214660098514e+00
2.291781617116315228e+00
2.223125631169328376e+00
2.274921645331525966e+00
2.425560198831198555e+00
2.470308683584009568e+00
2.454242979347372788e+00
2.537575945314272108e+00
2.271053118597393894e+00
2.406971245109059243e+00
2.545496666656924756e+00
2.285480867973342711e+00
2.131054673345237571e+00
2.373916079859953676e+00
2.271022421373397382e+00
2.386472700075715103e+00
2.477918939114032160e+00
2.576321918361830665e+00
2.664865437831598793e+00
2.315768055114304058e+00
2.322698275268482160e+00
2.468907784913777270e+00
2.487360465470926485e+00
2.591773777443339366e+00
2.664398306559572660e+00
2.638863795156841441e+00
2.550126434834906863e+00
2.590705903099566942e+00
2.584746188557382585e+00
2.609437879732946719e+00
2.533538041836174592e+00
2.590670645982308340e+00
2.506831699428468063e+00
2.508058315340673250e+00
2.416895815612766896e+00
2.352685339552155863e+00
2.461929533664168446e+00
2.357321461414789265e+00
2.522887927903343819e+00
2.311791000068577961e+00
2.375553331444866245e+00
2.483508473141792461e+00
2.580657837403151689e+00
2.438009021299134549e+00
2.632828674275855541e+00
2.795899900100993207e+00
2.463941629439786674e+00
2.478537247962048884e+00
2.585135289972062100e+00
2.539355786316778385e+00
2.599143794510966554e+00
2.543625262635759388e+00
2.363404200574771963e+00
2.632498534898116915e+00
2.539428196764633938e+00
2.385371605231373593e+00
2.554548478461033501e+00
2.389789059618452338e+00
2.426643892504654954e+00
2.187163805497851499e+00
2.625308407016999190e+00
2.452638851036155199e+00
2.231629151694193514e+00
2.661453854265718455e+00
2.607517549387554201e+00
2.662219685933250535e+00
2.056032402514465840e+00
2.165642418148633563e+00
2.098779063255610922e+00
2.212364292985896874e+00
2.149444166875680740e+00
2.329205754901732206e+00
2.240295962645225014e+00
2.260773270198262352e+00
2.111249272522019105e+00
1.986201202901674456e+00
2.056608991176786638e+00
2.204370927119144064e+00
2.269363182668281187e+00
2.098798999778846319e+00
2.071772770975664812e+00
2.207036608944408229e+00
2.033328134190698133e+00
2.539221709235853996e+00
2.483739749515075257e+00
2.523495243863695947e+00
2.269096706921567286e+00
2.306286846760646991e+00
2.603051165993569338e+00
2.469927040362329684e+00
2.474859956210792244e+00
2.415981552243439801e+00
2.294411035691144463e+00
2.329504588161249501e+00
2.400266331491611727e+00
2.311641677315519061e+00
2.398265064599108154e+00
2.574570686140100317e+00
2.441851880799849273e+00
2.532585121641877546e+00
2.444042578784893394e+00
2.583528418520396830e+00
2.473582493476429889e+00
2.543349790844728009e+00
2.428114168685942431e+00
2.557265818101427168e+00
2.556332215081984049e+00
2.691391999785972100e+00
2.663785732427986552e+00
2.629130040807201141e+00
2.748111384282412750e+00
2.540883204202179169e+00
2.484838478733917277e+00
2.653738612791865847e+00
2.687682695404817412e+00
2.828258891712447820e+00
2.737851603662102118e+00
2.608700170228436033e+00
2.464768145857897164e+00
2.503180852799511857e+00
2.592195174327666329e+00
2.426718093486924133e+00
2.333491675768117446e+00
2.550044521058772329e+00
2.371616290050725162e+00
2.565488603194692629e+00
2.533712273916093771e+00
2.647472166964081275e+00
2.636192101033967283e+00
2.227802919999017028e+00
2.330240337264837702e+00
2.162992657247224226e+00
2.183865859174196622e+00
2.463435910758698721e+00
2.238318253413541292e+00
2.424934032674310291e+00
2.318746149756172770e+00
2.388082015182356077e+00
2.402545382297543775e+00
2.236722206992516782e+00
2.123839875832183033e+00
2.278619741872810689e+00
2.352836695065060546e+00
2.141290545402536161e+00
2.435616493110630554e+00
2.208144785016652456e+00
2.385830334290244270e+00
2.512307099705031632e+00
2.357381928819088479e+00
2.529125836766722646e+00
2.488025428352242940e+00
2.453875072833254123e+00
2.499360671556949853e+00
2.487548418720767263e+00
2.548795988052819261e+00
2.650637860905251664e+00
2.515533197383190256e+00
2.651136020076884758e+00
2.722700031530225218e+00
2.649925175561020918e+00
2.785389223237952461e+00
2.561707241169676408e+00
2.484557256274647852e+00
2.831049515027122876e+00
2.472894987402412870e+00
2.410665370061237933e+00
2.530084898042314734e+00
2.632220348263983212e+00
2.496326489492270984e+00
