1.707637814852341007e+00
1.459083812874135022e+00
1.385325300859739039e+00
1.510257889553070942e+00
1.340785673754917307e+00
1.622852756373227567e+00
1.804260357273783866e+00
1.760325801942416390e+00
1.594934807213015393e+00
1.746251225111312255e+00
1.791677264371029921e+00
1.793166321490507809e+00
1.765577821849679374e+00
1.928791126214608020e+00
1.999673350739561428e+00
1.813616660176881723e+00
1.742885260665594460e+00
1.958266726744143593e+00
1.699231113575390140e+00
1.972228034941983843e+00
1.853757827345835496e+00
2.047034671285833607e+00
2.019142565351282670e+00
1.846178280153292439e+00
2.000541947441003110e+00
1.988127852622962211e+00
1.882139170914139958e+00
2.066603015917281905e+00
1.874041860948283622e+00
2.132232033682361916e+00
1.721660688377091519e+00
1.734298643449492472e+00
1.682832543584110496e+00
1.868408599547459525e+00
2.017902978952205828e+00
1.994968793783508998e+00
2.038755531356845729e+00
1.591369453358732589e+00
1.605834926118681949e+00
1.793752811061690267e+00
2.013477306763545194e+00
1.775243114585085102e+00
1.839719132949255265e+00
1.856932406157865589e+00
1.752531359765738372e+00
1.974569792815104252e+00
2.150069439575276409e+00
1.987672236404916859e+00
1.844623855424530001e+00
1.867018302918198591e+00
1.722058009688933078e+00
1.417539384567581884e+00
1.639636986721570100e+00
1.471514017826419662e+00
1.340572343683128942e+00
1.838200958588443568e+00
1.741758708748214701e+00
1.618426376978715275e+00
1.619059440092510016e+00
1.653504865683925962e+00
1.765737356041009898e+00
1.629902320452226494e+00
1.749305178633944191e+00
1.730467158613791412e+00
1.648903029030212464e+00
1.903173964700767717e+00
1.815930382915694308e+00
1.641622898099033057e+00
1.788884147720193996e+00
2.042406923624715098e+00
1.960482697150442100e+00
2.038125458098641651e+00
1.964894344306934215e+00
1.558600986828306389e+00
1.728360513896457951e+00
1.966924297283169976e+00
1.834758877627883589e+00
2.106900483128029578e+00
1.679455453389999020e+00
1.774416364275452240e+00
1.714727722392881626e+00
1.864467250782408270e+00
1.806693257336932978e+00
1.811033284706171198e+00
1.877340288870003260e+00
2.132823249185339609e+00
1.921414142716393103e+00
2.002547266126482040e+00
1.932832472537689750e+00
1.745710197018433663e+00
1.773959400400547670e+00
1.520239752257519061e+00
1.465297638019757986e+00
1.673097095437136250e+00
1.635829711520259577e+00
1.738474748751682730e+00
1.988788018891652687e+00
2.112450374500339567e+00
1.890778887797956109e+00
1.794930017784374332e+00
