2.112495085634451097e+00
2.083211945111461905e+00
2.328152409198863904e+00
2.186007451489817566e+00
2.155543302014391926e+00
2.172295217006308121e+00
2.181118220653071926e+00
2.336064603859477895e+00
2.135072515033320073e+00
2.211108877549738949e+00
2.141650697255121472e+00
2.175537055274318732e+00
2.051118793561749420e+00
2.205876679867911694e+00
2.242672155341211671e+00
2.026134027530913428e+00
2.429396913365014399e+00
2.039743511206831617e+00
2.498935330325007254e+00
2.128634116705863999e+00
2.082516848624785144e+00
2.081606538471671985e+00
2.554393989143400656e+00
2.445268919809567176e+00
2.064222623727776096e+00
2.399748137468604714e+00
2.133964656473026800e+00
2.062479243783622351e+00
2.490904286896032716e+00
2.152670209398288570e+00
2.296066937561592525e+00
2.397105164640266128e+00
2.145479274172315431e+00
2.115794115930200281e+00
2.389442613096607104e+00
2.477347004175205036e+00
2.352509558067592543e+00
2.380956665724474952e+00
2.511019259115196522e+00
2.245331452210673095e+00
2.308234262302115702e+00
2.454772341454756646e+00
2.326188262637639781e+00
2.449671808642804205e+00
2.323810035607338342e+00
2.551931468299349248e+00
2.314735301702380177e+00
2.506236788602183907e+00
2.421128432900669480e+00
2.382485744928829696e+00
2.602192148249980352e+00
2.469869685753082855e+00
2.509529621944512012e+00
2.439074508523863649e+00
2.255958069470743954e+00
2.338190285041240823e+00
2.382448428396636508e+00
2.161134623924868770e+00
2.315351299340182134e+00
2.299332734384223365e+00
2.490004683672383923e+00
2.142224785166635392e+00
2.358491553501940174e+00
2.250475091747974332e+00
2.581177831796690025e+00
2.582557208727143561e+00
2.286946059395087438e+00
2.220476629598512552e+00
2.280175726995932628e+00
2.520479407115383097e+00
2.342541505030050875e+00
2.570758187605409972e+00
2.534032741533817745e+00
2.369041270555041212e+00
2.523662825510536223e+00
2.465958075826204965e+00
2.301537750743316568e+00
2.401734703319688080e+00
2.588901646508083854e+00
2.550657845953893776e+00
2.538362630820098609e+00
2.636796721084469386e+00
2.331578983493266310e+00
2.384745280354886532e+00
2.526526941437791773e+00
2.418669819533801224e+00
2.088781914663734529e+00
2.374164761431301063e+00
2.557993248817043597e+00
2.506926559546900357e+00
2.425678440904580402e+00
2.484550864326465103e+00
2.392386667678497059e+00
2.359286334928914819e+00
2.318309605192833800e+00
2.650416547918483356e+00
2.582573026961039186e+00
2.798312463212227819e+00
2.431974214235292031e+00
2.305134783625625960e+00
2.560319159898306829e+00
2.750230356893303529e+00
2.830880747952545295e+00
2.683450804514567967e+00
2.800815637317714657e+00
2.626307219631996315e+00
2.559370553748047783e+00
2.622300931078649366e+00
2.572937967298415174e+00
2.581151282568867167e+00
2.501880559663074433e+00
2.508944781301474247e+00
2.645850206211007194e+00
2.535386595974906232e+00
2.476146294880701593e+00
2.634986540053971815e+00
2.365365261951749787e+00
2.037012234906638852e+00
2.562454490859645162e+00
2.289838858806839905e+00
2.736246237571097861e+00
2.659070525403913088e+00
2.414628104602768666e+00
2.579878713238795029e+00
2.602998872575512213e+00
2.557662431889032195e+00
2.708562160021417142e+00
2.450485486007137226e+00
2.643764524079203593e+00
2.668914330451277017e+00
2.471341745314757699e+00
2.573957596231969180e+00
2.715964714095427279e+00
2.509135974018618764e+00
2.358055175324792252e+00
2.652546940566739675e+00
2.561750590311213216e+00
2.671427314850407964e+00
2.219603757480744566e+00
2.277381633745516165e+00
2.195053828464827106e+00
2.165937302125747976e+00
2.184862950026460471e+00
2.331637846352867083e+00
2.196984742167900961e+00
2.227613556658171845e+00
1.867861297305605239e+00
2.014952605896209725e+00
2.145101516518921336e+00
2.159065110999418113e+00
2.207678570520959838e+00
2.514936743138672881e+00
1.861195458709780537e+00
2.137607856616880131e+00
2.450414282080412676e+00
2.540553898317612358e+00
2.559790745757890118e+00
2.422335341047662904e+00
2.563446153874784805e+00
2.425402827631624181e+00
2.277148188785611538e+00
2.349624174447380920e+00
2.537571440467249140e+00
2.651857496890186017e+00
2.608183298318853982e+00
2.335272617664789774e+00
2.344103603405331526e+00
2.354209529367149223e+00
2.535959299855061744e+00
2.399646062876807484e+00
2.573810523139099526e+00
2.402143898093184848e+00
2.553455015332397604e+00
2.519527146041129484e+00
2.478568994612721621e+00
2.407350625363468666e+00
2.699789688458479997e+00
2.806508201479685383e+00
2.724687543682861257e+00
2.596686255982428193e+00
2.750557802069196978e+00
2.744889309003804900e+00
2.521391788505070952e+00
2.571111002110052723e+00
2.557088785268366138e+00
2.255686325388830848e+00
2.432881693165785730e+00
2.471464841191663986e+00
2.020285961625598592e+00
2.398503008851704976e+00
2.074866582828699180e+00
2.509469301790523410e+00
2.278910778236487467e+00
2.219743595750342191e+00
2.489084438438823099e+00
2.265477595505272390e+00
2.346575402539980981e+00
2.327380988006007012e+00
2.444955661428913629e+00
2.468840178260114815e+00
2.317799270319486293e+00
2.547953542436160568e+00
2.417477801871866561e+00
2.457170256498715233e+00
2.562815600770198099e+00
2.504468541495743938e+00
2.370421175536946645e+00
2.116038149200754948e+00
2.297177619995147246e+00
2.314304570730089328e+00
2.251772808918897084e+00
2.328862225416786558e+00
2.292693424248505529e+00
2.354023630459718408e+00
2.368983544900805871e+00
2.417950126892471907e+00
2.378201515999933680e+00
2.260451263954299517e+00
2.392093197991750575e+00
2.629781780297811178e+00
2.441161738669170855e+00
2.450784051018400245e+00
2.551592060747378099e+00
2.336827720729974800e+00
2.414713006746431301e+00
2.393408155674371596e+00
2.453602343387626838e+00
2.351269959073043925e+00
2.591153451633639193e+00
2.377577925968267003e+00
2.676028787681274945e+00
2.615630139513540620e+00
2.527865100148941391e+00
2.380011015052862167e+00
2.484366370570652904e+00
2.695755658278511824e+00
2.572869593120612031e+00
2.739187981127442217e+00
2.501574894921681835e+00
2.443637982885149995e+00
2.813211516359049646e+00
2.584112933163429826e+00
2.494690638393706195e+00
2.426078222920795113e+00
2.509203379401875544e+00
2.370460299287822981e+00
2.543227326967952173e+00
2.570194466267294864e+00
1.947519557280125380e+00
2.160111324726126547e+00
1.996082709762228458e+00
2.220305134529668489e+00
2.091620017450238400e+00
2.266856601943365135e+00
2.208953456957864603e+00
2.195590567285747863e+00
2.161685306195830325e+00
2.307324747061492598e+00
2.243840417695075029e+00
2.107091198900599593e+00
2.074074610359038395e+00
2.232482396893135768e+00
2.481186166915624991e+00
2.158404894480095315e+00
2.042851282839806881e+00
2.394342540432548017e+00
2.056362682271597020e+00
2.289131529369285545e+00
2.192961700289217220e+00
2.564235622967710793e+00
2.043888717340505590e+00
2.114916532287337336e+00
2.524191473265332331e+00
2.444220975793264916e+00
2.037535493932446595e+00
2.258592379053691701e+00
2.544401507551559583e+00
2.198684574850436668e+00
2.318204435613560932e+00
2.158861694173621171e+00
2.102153748432788127e+00
2.501433285628355208e+00
2.385647334405443853e+00
2.353724349269323390e+00
2.525727181467444016e+00
2.353110972577310722e+00
2.319214603461330348e+00
2.333136420959839530e+00
2.448195678311243739e+00
2.564402010126857423e+00
2.600194264959928336e+00
2.459704884894706289e+00
2.453259357319807155e+00
2.452001301479416639e+00
2.510288126375141093e+00
2.511256609747064772e+00
2.469489289437223345e+00
2.442514409412575471e+00
2.403861776069858625e+00
2.387599253863277315e+00
2.371539494555904071e+00
2.345519273667102222e+00
2.367962641860573925e+00
2.347483315746965449e+00
2.308758243118694153e+00
2.507407885241331513e+00
2.288675005580157240e+00
2.286011619705079045e+00
2.579901093785421207e+00
2.223356216733844093e+00
2.465991260245679495e+00
2.190023862744610472e+00
2.425995781399421958e+00
2.315072398641725648e+00
2.456373837456562459e+00
2.422638336621707911e+00
2.267748266876206120e+00
2.653088843371431249e+00
2.363764648756209841e+00
2.516840395395564034e+00
2.353271197593568509e+00
2.531454184764988291e+00
2.461918114091746990e+00
2.459410715721299212e+00
2.562471836667563174e+00
2.221582159755536079e+00
2.431358787351530548e+00
2.516850934380113980e+00
2.606948317990862574e+00
2.368224669495458734e+00
2.404197482937563191e+00
2.363427512073118297e+00
2.448682809311962583e+00
2.230283594283762216e+00
2.279068365886248060e+00
2.489720131348346577e+00
2.534496584461480850e+00
2.512670229660796117e+00
2.565991716521941690e+00
2.366623934959191988e+00
2.450400499621953276e+00
2.600370317840692280e+00
2.477602737117008402e+00
2.120698788457473061e+00
2.309337364410699589e+00
2.351281218772184545e+00
2.597209070035832124e+00
2.603444322972748193e+00
2.632896148762304822e+00
2.774533728112035913e+00
2.293478306778764964e+00
2.359887519647708487e+00
2.589054446816158261e+00
2.690321389974321686e+00
2.625932619962834114e+00
2.676834236794285005e+00
2.717685162410948152e+00
2.642321583886620306e+00
2.634029356139036437e+00
2.496628004752469376e+00
2.564313475583059887e+00
2.413577186515925010e+00
2.583118624727074764e+00
2.448022845908067957e+00
2.430214223519037375e+00
2.367678525659158595e+00
2.326068210836006234e+00
2.702972487914248489e+00
2.553535618673031138e+00
2.644544989402711543e+00
2.391904867720342498e+00
2.662736520759292347e+00
2.655496792655652527e+00
2.581997193793097889e+00
2.378382819258111791e+00
2.635834842538577583e+00
2.683204596843103307e+00
2.459797769345295482e+00
2.456616625114499186e+00
2.615479338621990557e+00
2.554601963035016965e+00
2.626610562976275709e+00
2.587855331732717090e+00
2.447684612301981311e+00
2.664155662835069105e+00
2.447141638153605747e+00
2.536506838761362737e+00
2.622986762545432171e+00
2.358765318168398739e+00
2.396011905396445041e+00
2.378848047318093961e+00
2.502434753128921052e+00
2.545864317606576055e+00
2.364603372084436383e+00
2.622705449146230716e+00
2.632812201904763505e+00
2.611408201204354018e+00
2.116416525469637655e+00
2.184577950707303096e+00
2.107870072505707792e+00
2.243107546566450061e+00
2.225682747407375928e+00
2.235773883089839487e+00
2.239545138837766292e+00
2.309775128310894043e+00
2.065507807525952089e+00
2.256652025084424196e+00
2.055772643557016277e+00
2.216133952795147799e+00
2.270472503322028324e+00
2.029080404603771370e+00
2.121028342814121448e+00
2.630589021178476816e+00
2.072576894049817930e+00
2.465773720649513834e+00
2.538967592666325768e+00
2.561014374647412328e+00
2.374129421340861690e+00
2.590301648026927417e+00
2.558132818928940733e+00
2.358818992462948572e+00
2.537560833752259271e+00
2.461058928939334756e+00
2.276460043156534496e+00
2.328491216328966829e+00
2.415415532636385088e+00
2.347046527009386541e+00
2.380222665362635048e+00
2.600142676269232567e+00
2.515837560419074137e+00
2.397550897851907781e+00
2.373022532977414389e+00
2.515789047291540292e+00
2.405091975386892678e+00
2.607476012674750709e+00
2.368752260286826505e+00
2.545957500328107415e+00
2.465612532523126621e+00
2.657485493096120699e+00
2.516329375251181499e+00
2.557235876871024161e+00
2.706398014732007251e+00
2.483108710345908854e+00
2.562906507328574612e+00
2.706706669537869203e+00
2.662224187969265632e+00
2.755227200820886679e+00
2.773429058428781957e+00
2.591412544470485635e+00
2.436101852523248734e+00
2.523568847933997716e+00
2.614082316662448058e+00
2.285997310357568146e+00
2.451686992970315782e+00
2.457521642428449393e+00
2.327552231200137989e+00
2.502455836855782323e+00
2.435913744822146398e+00
2.607690891992225257e+00
2.597895010622964129e+00
2.216164780191841821e+00
2.300423218498288680e+00
2.165800553805393047e+00
2.250143634012554017e+00
2.378722221195813002e+00
2.241190765398112461e+00
2.362080338649196865e+00
2.411644288323893992e+00
2.260765261198829368e+00
2.350604582642043638e+00
2.219489450147342779e+00
2.095624901368642767e+00
2.376924347566196527e+00
2.411496777178575801e+00
2.144473563072483824e+00
2.415891685162401714e+00
2.247075207321933998e+00
2.314259633359653012e+00
2.391575598020724502e+00
2.296057762569309268e+00
2.552775233647996966e+00
2.352389832985778195e+00
2.419060932997144864e+00
2.417155792080712740e+00
2.453421861265854709e+00
2.477071435688194434e+00
2.447380109967071338e+00
2.437654917606639771e+00
2.642765702142778839e+00
2.696639349365156590e+00
2.620249750691979962e+00
2.802102425729743107e+00
2.353250639429397051e+00
2.362703531284127134e+00
2.338799128392170967e+00
2.343586415028731551e+00
2.289609233362288609e+00
2.380385223233591585e+00
2.628405093064954290e+00
2.434338929065650525e+00
