2.055534418865098800e+00
2.127401117452532020e+00
2.224963508007814728e+00
2.133402015244903804e+00
2.088380381708329736e+00
2.068133789233196129e+00
2.208975515114520949e+00
2.325631307088764199e+00
1.992802205319225584e+00
2.364148599640049753e+00
2.103579497367746853e+00
1.979871227881706774e+00
1.997222944156026525e+00
2.163034257688093209e+00
1.993723114280127273e+00
1.945892572592857306e+00
2.492015222218926684e+00
2.071161951183840610e+00
2.450137019282775164e+00
2.058921550486703111e+00
2.063786542578259109e+00
2.043636432357654353e+00
2.543794038161884430e+00
2.449769044593753886e+00
2.014310291125773311e+00
2.234384580724232183e+00
2.222492146876392294e+00
2.169845981968371973e+00
2.501223040655439878e+00
2.063102028691428114e+00
2.055881156508281737e+00
2.486844055194512126e+00
2.279215703180865304e+00
2.212743969486083984e+00
2.317821775330822121e+00
2.473692139213531593e+00
2.328302042448195497e+00
2.421756738185458779e+00
2.458316229330820502e+00
1.967122295285277378e+00
2.025139881939761022e+00
2.070127080707308664e+00
2.175106131025115186e+00
2.428037454374161186e+00
2.114910424602687300e+00
2.243924828258543780e+00
2.375476242576378905e+00
2.311399203565052130e+00
2.323411273045946857e+00
2.134678394770107346e+00
2.263259670231851484e+00
2.250993538135625638e+00
2.220820134790839617e+00
2.256264021256891183e+00
2.290189247141418249e+00
2.227892417167660177e+00
2.336147908117278682e+00
2.117224527497462372e+00
2.286050392233003326e+00
2.240652583952926769e+00
2.453554190894301712e+00
2.138446793317540617e+00
2.307500813891604885e+00
2.199471406012672325e+00
2.421174356447101328e+00
2.401247406922509597e+00
2.273307244541042049e+00
2.146186646023270139e+00
2.448502197519413226e+00
2.377425638966394583e+00
2.363822128508776821e+00
2.454589359043232388e+00
2.561738436784704920e+00
2.247641953640735046e+00
2.432816055962725876e+00
2.320037971661057519e+00
2.415337354585158636e+00
2.273354108841731946e+00
2.593442553830704878e+00
2.274184926120390582e+00
2.367586628985149488e+00
2.268133778547656298e+00
2.345092869275463343e+00
2.333433531124431859e+00
2.279284855375010466e+00
2.291284810628277047e+00
2.103996692808025148e+00
2.392455802623150163e+00
2.540872737949519955e+00
2.563540499111937709e+00
2.364335455975413502e+00
2.413734083562461663e+00
2.356909388275436168e+00
2.353178737202457960e+00
2.300947765196502015e+00
2.442773975603610648e+00
2.524483459016566123e+00
2.540710567485947369e+00
2.299816605678921544e+00
2.290016595488232554e+00
2.376395114833348643e+00
2.492045205526860041e+00
2.668104678111595351e+00
2.580673705083262881e+00
2.712734328591772215e+00
2.602806330775465415e+00
2.512745286762084085e+00
2.587699147166647062e+00
2.492163183942758931e+00
2.521719564346065479e+00
2.612044343508722388e+00
2.377802463059226490e+00
2.336163997621426347e+00
2.385216858255667649e+00
2.326582205353367350e+00
2.483473303264611687e+00
2.371504306972016973e+00
1.877177052539778845e+00
2.473424273732130363e+00
2.316875242172277805e+00
2.369259918001590748e+00
2.532134810617282739e+00
2.398858963001080369e+00
2.499766650589326122e+00
2.473968958951179520e+00
2.362226226673265650e+00
2.580056659397925944e+00
2.396793535269326814e+00
2.603398238738623416e+00
2.489392392546661892e+00
2.447371698293485665e+00
2.438867910998254729e+00
2.523287187137227772e+00
2.496445541601846507e+00
2.452301215238843923e+00
2.589039996121010212e+00
2.582673335635047973e+00
2.549794464398586147e+00
1.992397677540939771e+00
2.142923995662226577e+00
2.024639906667164091e+00
2.042294804016240306e+00
2.051782529147617939e+00
2.154849462072618405e+00
2.091407011188288312e+00
1.910305545415396322e+00
1.748645965628630616e+00
1.915024143069893992e+00
2.086857115575692756e+00
2.046407612929170394e+00
2.019263908357669557e+00
1.650245223113788740e+00
1.950978243072950313e+00
1.960944089005797863e+00
2.489527554304665546e+00
2.507221240929725425e+00
2.468272660831147824e+00
2.318173368507872478e+00
2.566763677540699895e+00
2.451450699113232101e+00
2.308944348391923196e+00
2.392099010999779285e+00
2.485638177280803607e+00
2.514934143000523648e+00
2.604361526963608231e+00
2.016565067192592764e+00
2.190692321245018004e+00
2.340839777875268091e+00
2.486536963755720642e+00
2.405741655530109213e+00
2.550349361819969740e+00
2.422559982663602618e+00
2.567007380137869443e+00
2.537496528789640493e+00
2.578983330847091970e+00
2.163831991739996408e+00
2.531851432551834424e+00
2.579467555046552452e+00
2.492952741090735280e+00
2.655761858618180149e+00
2.568841278484486068e+00
2.703372827658362620e+00
2.489526755555103055e+00
2.530111172762081750e+00
2.482959764465214825e+00
2.009237287002147543e+00
2.274833134047134386e+00
2.305946187443689066e+00
1.909018579781963876e+00
2.145950811806183633e+00
2.084276577673565445e+00
2.398161248309708782e+00
2.373778857246628515e+00
2.208546822282262845e+00
2.359095233085123589e+00
2.193085533844635115e+00
2.302801921473656588e+00
2.294792703882415186e+00
2.486841137940191793e+00
2.341980189623655839e+00
2.297060030670072805e+00
2.560101823285990008e+00
2.515724283605794032e+00
2.358789556163835677e+00
2.604823600025008901e+00
2.614538039508329526e+00
2.078786167499100390e+00
1.926009094744161709e+00
2.113182494986753035e+00
2.080067616856452695e+00
2.104403524862305641e+00
2.143543101149460561e+00
2.144382564759872434e+00
2.258648159448514381e+00
2.170599738828764558e+00
2.240322479262461641e+00
2.403488282560247935e+00
2.238729513414341898e+00
2.280483114346190110e+00
2.559409554407694465e+00
2.442064189392657791e+00
2.364704982155345192e+00
2.601011835973771280e+00
2.384871177161739908e+00
2.375072346434595971e+00
2.388922738697250914e+00
2.451221288691363576e+00
2.453389483430191476e+00
2.563672699509302433e+00
2.407734640200549059e+00
2.656822855521309368e+00
2.694577212572433211e+00
2.589074175120628762e+00
2.468467342956415234e+00
2.676569455093156247e+00
2.631962072614633552e+00
2.524555285222287893e+00
2.568733010686669704e+00
2.566617308302419964e+00
2.574081613633673271e+00
2.652982587184832042e+00
2.503344245303912086e+00
2.573903055023232689e+00
2.488300079746341265e+00
2.398540003049607794e+00
2.373394893001451678e+00
2.557508188272042293e+00
2.545929213365082155e+00
1.945374184182535160e+00
2.142667864271945888e+00
2.025555409594554934e+00
2.165950436172709992e+00
2.265566347905555666e+00
2.150661145303500721e+00
2.242487118903156773e+00
2.065429072225373197e+00
2.084461088251481353e+00
2.253026837700305762e+00
2.143970188512079211e+00
2.100784746558304494e+00
2.010310362750187263e+00
2.050047713732626509e+00
2.332032946266205720e+00
2.089990555673072237e+00
1.987382556176077841e+00
2.386122859225936033e+00
1.999288649239558291e+00
2.162997710812936347e+00
2.088925793007826215e+00
2.648932182075663722e+00
2.106550491666610903e+00
2.097713704357476949e+00
2.337737818127731515e+00
2.450275827271786167e+00
2.191694129339635921e+00
2.232305943092181444e+00
2.396641030290030283e+00
2.123798103415759808e+00
2.225212686432388232e+00
2.376487448856908991e+00
2.310105592857240264e+00
2.387159967572575869e+00
2.409674098895562722e+00
2.515753176044531525e+00
2.556670388427809026e+00
2.138409406302107296e+00
2.202503429431747151e+00
2.239175736484659840e+00
2.294056994687690754e+00
2.458137267935413650e+00
2.466431214273899108e+00
2.377141072916749032e+00
2.235104073408920478e+00
2.376119412467501135e+00
2.419654221218179746e+00
2.386532180975819095e+00
2.319395882514002416e+00
2.235711511200728197e+00
2.278696424833897005e+00
2.224338960831950818e+00
2.223423422147908113e+00
2.147739319210109965e+00
2.052562133492779495e+00
2.358579879544963731e+00
2.263040899889099400e+00
2.322764432594534245e+00
2.175780365409667017e+00
2.313005935584528494e+00
2.366627659458654609e+00
2.207586384472595586e+00
2.345888029072608294e+00
2.130602315649822831e+00
2.273971696004989607e+00
2.246367047088958291e+00
2.432572519257369947e+00
2.399051122704986216e+00
2.281963670953909507e+00
2.426070633054847381e+00
2.223755371934938108e+00
2.403217450164029767e+00
2.320211694590779583e+00
2.483306151621647029e+00
2.246181284197247496e+00
2.322776599726057434e+00
2.481294541115890429e+00
2.147527976953962803e+00
2.318186481666260512e+00
2.416092821413874603e+00
2.595655355221220262e+00
2.258053717048388087e+00
2.268328130968932488e+00
2.309854194144124850e+00
2.335546672262267087e+00
2.228775320495415269e+00
2.196854192436845654e+00
2.343046845073642803e+00
2.505290018294829668e+00
2.516620084441238969e+00
2.506851733414630967e+00
2.336159005592984617e+00
2.527989856653380940e+00
2.482943842900236842e+00
2.317013416508497681e+00
2.190004908106484738e+00
2.388915317739790822e+00
2.414086651041391196e+00
2.545296163909355425e+00
2.485607303060035633e+00
2.321585261972068714e+00
2.583552664318354175e+00
2.334327325932124442e+00
2.273440549200403282e+00
2.456354280694214243e+00
2.478449832145393827e+00
2.437233389229239489e+00
2.515835241103720588e+00
2.602870268122451591e+00
2.492727099408228231e+00
2.495954706772098852e+00
2.601277594627755541e+00
2.559840748149154077e+00
2.451612077342635754e+00
2.573898263285129495e+00
2.543551385530598896e+00
2.561854856013994652e+00
2.432055982048481724e+00
2.321192388023046504e+00
2.448678916730690602e+00
2.445468372025962012e+00
2.437712016240471069e+00
2.337806034147867695e+00
2.447743323920811065e+00
2.491248480389017583e+00
2.556405558332941474e+00
2.430763973258965649e+00
2.596056945386458370e+00
2.682476584577680345e+00
2.349225314851167035e+00
2.387392948450037800e+00
2.557973636083798130e+00
2.474629405610676791e+00
2.582047936715730962e+00
2.492744575832943177e+00
2.446087381218303936e+00
2.621832554664242032e+00
2.539971031406699886e+00
2.307728815287076962e+00
2.531737326440765212e+00
2.359999772987972921e+00
2.355972195923827339e+00
2.273060910919221911e+00
2.453638544303382574e+00
2.385458627425097067e+00
2.239440230166945600e+00
2.561213760242126991e+00
2.524222122472838059e+00
2.619478404601119248e+00
2.029832378376265734e+00
2.090901340730910718e+00
2.154726304567900375e+00
2.141095187910586617e+00
1.991137832714193534e+00
1.967162756079989361e+00
2.168749321417003273e+00
2.069036322576013553e+00
2.256790261112654683e+00
1.921664139232807988e+00
1.996676926458467616e+00
2.290080945701216564e+00
2.011288205489411229e+00
2.218208639650747216e+00
2.023951535510649880e+00
2.083593558466308782e+00
2.023556123789136407e+00
2.487271855327499726e+00
2.544723541693886482e+00
2.592428118558612216e+00
2.303002527621239803e+00
2.507986758472565469e+00
2.372191111141966235e+00
2.288867679166421087e+00
2.513192211854125446e+00
2.420032310991028002e+00
2.140091217942767354e+00
2.275362090010751626e+00
2.310551171893575617e+00
2.291328001875427844e+00
2.384630323198029700e+00
2.501140406091243218e+00
2.373259498747102736e+00
2.395164371549677096e+00
2.353631288181663006e+00
2.585555219620374157e+00
2.372226513890871580e+00
2.582966145941296698e+00
2.385113771025925811e+00
2.520763473355786655e+00
2.565466324766039197e+00
2.668828923229983996e+00
2.500097018648680613e+00
2.641289090618335944e+00
2.684667131969102449e+00
2.644059993512499762e+00
2.410141157206122653e+00
2.574222915386639610e+00
2.624109880493727065e+00
2.698107273063910849e+00
2.720609594449352908e+00
2.562413439903244772e+00
2.479602623989341836e+00
2.485020616244220548e+00
2.536006900945701581e+00
2.293642305076027732e+00
2.350254510916062856e+00
2.560242889847687220e+00
2.381888429900143489e+00
2.601347054804141301e+00
2.534296432571736091e+00
2.541032965908252894e+00
2.479029758986402765e+00
2.215869203012032163e+00
2.261229838357404542e+00
2.147972373979085692e+00
2.164775518424752132e+00
2.395352703518243587e+00
2.243679615994866872e+00
2.314122772312245946e+00
2.281965932487118653e+00
2.282383587183052231e+00
2.303615744000453436e+00
2.214253514193875283e+00
2.080630328560352904e+00
2.224545836304709034e+00
2.251545318687230957e+00
1.938001976144426708e+00
2.128455623840609157e+00
2.092031934681894967e+00
2.311308248583376024e+00
2.434199135019400551e+00
2.344819555578143699e+00
2.537319765849222808e+00
2.398684383476141768e+00
2.428812697031862200e+00
2.453378093293986151e+00
2.435957230009976104e+00
2.515044189359108895e+00
2.589817050370781804e+00
2.463620387395187628e+00
2.655749467102041628e+00
2.603127316800114333e+00
2.608068235724642747e+00
2.671185682438569131e+00
2.596693333752487121e+00
2.491330512955701959e+00
2.519739981794083761e+00
2.520776141603175535e+00
2.485445748533695376e+00
2.497822924515857856e+00
2.422316499079594010e+00
2.480725291933845611e+00
