1.761780563512581166e+00
1.756284041340314683e+00
1.867599929386634328e+00
1.670431237288248827e+00
1.685505431875249149e+00
1.870221529456960630e+00
1.718050807698790816e+00
1.973937999033330115e+00
1.744862830816768406e+00
1.707130776309470965e+00
1.915740889554091053e+00
1.720463462667431553e+00
1.844564333030794367e+00
1.945341010134467918e+00
1.731189842566412951e+00
1.858656947422020034e+00
1.914298207606562441e+00
1.905487341091396836e+00
1.775040104619141301e+00
1.816986716281073777e+00
1.896381186184981971e+00
2.020844433856606948e+00
1.769607270881254912e+00
1.732731232846753677e+00
1.839438008520087209e+00
1.869027954860863039e+00
1.809775832983774535e+00
1.975113289694545804e+00
2.004359738152063475e+00
1.866265751758733771e+00
1.824294450740506779e+00
1.901705923601912041e+00
2.045449657599241799e+00
1.782012497659636097e+00
1.734939907922583124e+00
1.750339875163248848e+00
2.094438694081435681e+00
1.896826220189115064e+00
2.108498995342376059e+00
2.032674905457509063e+00
2.051453147490614803e+00
2.095030882762325408e+00
1.950345520545563982e+00
1.922216569423118360e+00
1.828857644715830899e+00
1.930634261383026296e+00
2.088528841129882796e+00
1.942621522314704974e+00
1.992574054905025482e+00
2.054563652178738042e+00
1.985891758091690829e+00
2.135866912836966947e+00
2.012537193014831693e+00
2.108984854561921196e+00
1.758332240491880416e+00
1.810699218965385660e+00
1.699837991773613277e+00
1.757172159292436309e+00
1.758066372273613620e+00
1.665120765386672419e+00
1.971185259798533318e+00
1.961353816970074160e+00
1.831955775634272587e+00
1.874481496302294437e+00
1.699732313483469648e+00
1.831361862862112000e+00
1.907374437913411214e+00
1.942709831501238771e+00
2.133499370409712270e+00
1.985367177622310519e+00
2.095881343709623756e+00
2.234091051679219397e+00
2.216447507033094233e+00
1.784149389635593552e+00
1.818777707211665540e+00
1.758535564630087089e+00
1.813275394819143571e+00
1.886202499884451100e+00
1.879668528255562077e+00
2.023169360704324404e+00
1.866130345990058004e+00
1.949000467254263569e+00
1.891074057289272359e+00
1.829520482772580392e+00
1.756566265637873103e+00
1.872198395016160033e+00
1.974510793329372405e+00
1.936726394721875133e+00
1.931908993814126285e+00
2.058830499656212787e+00
2.023911021609053673e+00
2.041771783271572716e+00
2.145423016958747375e+00
2.018788005568789234e+00
2.170953929056579579e+00
2.166824945421719661e+00
2.077041904283253970e+00
1.982551039072531607e+00
2.041458365140523590e+00
1.775792687443147999e+00
1.766899630125176479e+00
1.784910664792200619e+00
1.808609145424044495e+00
1.688792873688560237e+00
1.822638602756264437e+00
1.698976934083141099e+00
1.857026797308174881e+00
1.708999055326351879e+00
1.693471291373780607e+00
1.781197427908826514e+00
1.918022648618933346e+00
1.817177648959314995e+00
1.762949438638084398e+00
1.958582158748919388e+00
2.024506794407230359e+00
1.833888295253827794e+00
1.765934896600310777e+00
1.915179625428382160e+00
1.844786401255778863e+00
1.891129090457387418e+00
1.818584014319836184e+00
1.840924384982603801e+00
1.970642717532564481e+00
1.745218665655893675e+00
1.843470040235331453e+00
2.021408853820473528e+00
1.750324836603620593e+00
1.803770894526430579e+00
1.914424007684850881e+00
1.845077238992482549e+00
1.983295224552823033e+00
1.868336958069841236e+00
1.938004777606308515e+00
1.788642622606185784e+00
1.849957861793382730e+00
1.878788225387667765e+00
1.805587463593121278e+00
1.824249731495299898e+00
1.782939576029660023e+00
2.058078000661151208e+00
1.784649691707674846e+00
1.952379940190076990e+00
2.083853694088964925e+00
2.021465105831797615e+00
2.025935386164841479e+00
2.022402065502023394e+00
2.072868150358512462e+00
1.826460586416076115e+00
1.786671512543972717e+00
1.946593206373568918e+00
2.013826205756641841e+00
1.857508525348473993e+00
1.932299107332072330e+00
1.858853300153274324e+00
2.056457076992869393e+00
2.116267792667521075e+00
1.966542741761119650e+00
2.107844930156409280e+00
1.875826630259786132e+00
1.860454986800523347e+00
1.879183255389189178e+00
1.762522370263936766e+00
1.744101163751496930e+00
1.709719569931089200e+00
1.902579239261778854e+00
1.868747845742483538e+00
1.907762855062011820e+00
1.832035984775573612e+00
1.878340145430667851e+00
1.854964815270676359e+00
1.878373931829578902e+00
1.902709781717221826e+00
2.066063358466804001e+00
1.939198701169782879e+00
1.930247734737372323e+00
2.084724531431087602e+00
2.070509818777196198e+00
2.217658876205683693e+00
2.241660553744348139e+00
2.013368910295207037e+00
2.130098111693339291e+00
1.894705731291720818e+00
1.882620172828990412e+00
1.915160271329822139e+00
1.796799107758567660e+00
1.810046424142581323e+00
1.776746546958140049e+00
1.748723503620082331e+00
1.752297486003165483e+00
1.931109296211482196e+00
1.897122338943533659e+00
1.915356613541663977e+00
1.987637967114269433e+00
1.954841228037204282e+00
1.988328195460592918e+00
1.958385631488041678e+00
2.002416220457223783e+00
2.163871106945068679e+00
2.148681158198189500e+00
2.067430322679082444e+00
