2.189377879126578108e+00
2.273442432215573294e+00
2.176395564981399744e+00
2.198374482983789679e+00
2.112614740969978921e+00
2.147297557008310154e+00
2.232528474435570676e+00
2.316293489537157413e+00
2.019416927147869689e+00
2.188126198520430776e+00
2.064847449285880820e+00
1.968510335385328380e+00
2.098846501275928755e+00
2.232068902165607494e+00
2.105707932450763931e+00
1.998675852854532975e+00
2.352267807259624810e+00
2.005033227572592391e+00
2.338878506641743460e+00
1.963761987345440829e+00
1.965819781827857105e+00
2.111961635072421295e+00
2.625800302002302633e+00
2.444897125748375366e+00
2.047969104432985077e+00
2.253695605288829729e+00
2.159160241777625000e+00
2.043673419780858591e+00
2.489294840306212286e+00
2.027681069003425929e+00
2.190193594274036037e+00
2.475809800679576345e+00
2.145756328778732236e+00
2.277640584766686072e+00
2.408558258791971163e+00
2.306905980583307425e+00
2.446706441352874961e+00
2.445722589138423331e+00
2.382379548660244151e+00
2.138292134739665507e+00
2.161201997849639511e+00
2.401259721843471695e+00
2.197801991625079499e+00
2.373349533779423481e+00
2.195918399855610659e+00
2.463300184248043312e+00
2.192223798896542508e+00
2.390161477761318931e+00
2.366865425953122770e+00
2.234565302559958333e+00
2.397061234255448259e+00
2.280996528773167942e+00
2.344212856140895251e+00
2.273893004428026998e+00
2.115548477736160393e+00
2.222018841705939440e+00
2.264825481269918228e+00
2.103896104807897682e+00
2.222039122930292265e+00
2.206952999498715595e+00
2.430205324380737331e+00
2.195844660917558144e+00
2.282917734115619712e+00
2.259916866643820743e+00
2.441869974116490205e+00
2.344860757981936938e+00
2.291053304849857142e+00
2.217882481350193391e+00
2.264191686606707332e+00
2.411521909889575266e+00
2.254910508551996706e+00
2.391710111756839119e+00
2.312400625991093861e+00
2.322184693345562323e+00
2.435004953142626771e+00
2.349440335845136563e+00
2.420789002631686060e+00
2.317658180408503465e+00
2.544185785342539585e+00
2.352042423946887340e+00
2.412361980049249954e+00
2.469511494531187346e+00
2.202928470883908751e+00
2.291233515523384057e+00
2.399264910479884882e+00
2.411379461242144195e+00
2.150734883610392778e+00
2.285306035468803731e+00
2.443499125422420981e+00
2.465489613048662321e+00
2.306354164993486666e+00
2.183087579122145350e+00
2.245239812933969237e+00
2.185180257600054521e+00
2.191815095181935291e+00
2.326936107243877672e+00
2.249313996065338106e+00
2.459709612519879851e+00
2.167907345521177476e+00
2.220611486798054202e+00
2.311004183417860958e+00
2.449579720710380659e+00
2.418721591881711319e+00
2.572538747361397871e+00
2.499804773693877546e+00
2.551670927435507163e+00
2.611142648150535095e+00
2.501884309182288213e+00
2.497735467739488513e+00
2.393548681072834139e+00
2.534339654498569683e+00
2.311605233755256616e+00
2.322967857592460827e+00
2.376068129338506196e+00
2.238576713967714849e+00
2.263365733653745160e+00
2.344085551493405362e+00
2.029409984355328600e+00
2.631971809054979072e+00
2.318719862003518095e+00
2.619186365035243824e+00
2.560078406148576846e+00
2.394352261290662920e+00
2.488263784015022129e+00
2.509673246298575577e+00
2.370885481623066671e+00
2.578912378877164180e+00
2.383908134750996055e+00
2.551255226420391153e+00
2.557119440264407295e+00
2.427617223716854511e+00
2.428822654415229376e+00
2.435444321542330925e+00
2.501073578744148040e+00
2.328279667047850499e+00
2.489504903019914117e+00
2.559448695071077751e+00
2.474208235498391417e+00
2.094153109897721521e+00
2.100148212457887187e+00
2.096450625962811287e+00
2.057784981245137423e+00
2.141956369664584692e+00
2.256827891168041056e+00
2.048999877947066839e+00
2.135343543943222233e+00
1.892474148271261480e+00
2.122400497433320155e+00
2.132812693903022971e+00
2.209464245015206441e+00
2.124069355573530160e+00
1.850884642557627746e+00
2.063626562902815653e+00
1.971924785528222923e+00
2.213595303491964206e+00
2.287796219773834849e+00
2.348560934009249035e+00
2.131302073138466646e+00
2.325787104160094820e+00
2.215331690256840957e+00
2.040672307074696601e+00
2.221335275451429947e+00
2.457932036746072413e+00
2.624551030259824724e+00
2.493904203137469633e+00
2.101027345263085877e+00
2.276755256585783371e+00
2.333803108850160513e+00
2.394089101558932065e+00
2.392940374749232824e+00
2.483673568231281159e+00
2.449932036118894541e+00
2.460697201979042070e+00
2.453079322620496328e+00
2.479449418822324169e+00
2.420101726590396130e+00
2.462478599077207786e+00
2.500373803036652021e+00
2.270830213028569577e+00
2.618424668062317107e+00
2.731036609337576415e+00
2.686790376545477699e+00
2.510095510599646307e+00
2.521364111351182657e+00
2.478367317430067107e+00
2.171351372959524628e+00
2.301384303825443123e+00
2.345505906897697557e+00
2.102711893979126501e+00
2.259100115336710068e+00
2.112626112196407835e+00
2.418226693943697381e+00
2.258643456348464085e+00
2.100817044028211011e+00
2.338179213624285602e+00
2.107537513019370312e+00
2.238421037999062335e+00
2.212375238598915494e+00
2.408155892203954984e+00
2.492977675647888081e+00
2.284650659652157412e+00
2.405381109876562729e+00
2.362657425134795819e+00
2.387639978498130588e+00
2.398698737181270246e+00
2.331772740616373518e+00
2.237120043225927279e+00
1.943244228576462396e+00
2.092264034451445820e+00
2.097647686460125449e+00
2.121833830457236392e+00
2.150416806844824613e+00
2.060191842430977527e+00
2.268198855787356027e+00
2.235287745551158167e+00
2.310037834326323036e+00
2.473807704853430156e+00
2.247724256147078492e+00
2.336658890897911345e+00
2.523426346399093578e+00
2.433707482368043795e+00
2.324697327230406341e+00
2.549055975653960360e+00
2.386644878166088724e+00
2.446218709551496229e+00
2.406389512911491835e+00
2.429450055730489666e+00
2.367593641785740832e+00
2.433500925232886303e+00
2.404849215365970849e+00
2.604506700892148530e+00
2.600302302025953693e+00
2.636237696570195688e+00
2.481258529642096811e+00
2.567275992909730409e+00
2.569771950699003327e+00
2.538465164386793038e+00
2.669288733993441021e+00
2.501645564969773083e+00
2.426080515003998794e+00
2.769231752368573662e+00
2.489151017859920767e+00
2.425616997252166396e+00
2.460893968744824356e+00
2.422706041982984004e+00
2.434039273945093562e+00
2.475795755309438295e+00
2.485464527519100297e+00
1.997216778169906837e+00
2.430550950412229572e+00
2.071805131541093470e+00
2.214563181229263211e+00
2.301519805199805369e+00
2.159827197040713909e+00
2.151377532162190409e+00
2.104985320915540026e+00
2.042255114261736448e+00
2.289137639093210552e+00
2.196424555720865701e+00
2.078410397452798541e+00
2.052911202392659895e+00
2.140362164790726496e+00
2.334435507935161080e+00
2.060130373024212425e+00
2.093521545294231068e+00
2.323683103559951224e+00
2.064559801631525637e+00
2.149762262427076465e+00
2.033675083162994390e+00
2.640327331735770500e+00
1.991062827963514525e+00
2.052804843250240374e+00
2.336894661460230616e+00
2.274424115146659542e+00
2.124505479653591600e+00
2.201998214582489677e+00
2.372228228020233143e+00
2.059777854595772784e+00
2.242590349273408723e+00
2.338354387970097648e+00
2.139694122588593039e+00
2.441217646919560558e+00
2.464950859709683417e+00
2.433405783283600243e+00
2.475106831166696164e+00
2.203828722861827405e+00
2.164052296537394948e+00
2.197154747521316231e+00
2.288029948098630140e+00
2.463385019869557269e+00
2.488759579765248198e+00
2.389390773731750350e+00
2.261362420753505909e+00
2.279535625944626887e+00
2.429798371199301865e+00
2.260806604148474008e+00
2.297281745674925268e+00
2.245906470764647445e+00
2.323365800952602367e+00
2.253843405627204532e+00
2.266844077015274905e+00
2.265164982389015425e+00
2.317432338534863856e+00
2.296768984523617441e+00
2.287505209569072662e+00
2.366244450636033836e+00
2.203938765392650545e+00
2.345905656492037750e+00
2.415712278838253013e+00
2.178331929294009317e+00
2.323083687049140700e+00
2.143347661992037079e+00
2.258316663867111718e+00
2.220276335466861095e+00
2.336658521040945402e+00
2.245865546393293943e+00
2.219193453531004057e+00
2.509457192073219378e+00
2.277082682011234205e+00
2.385223779700633262e+00
2.274524264395314521e+00
2.402679913792772570e+00
2.337582182607097270e+00
2.337314496019861743e+00
2.387241184803508887e+00
2.199579485338861939e+00
2.437833587821985226e+00
2.300211445250777587e+00
2.513492079824163117e+00
2.166500928914570245e+00
2.258301807618237067e+00
2.287410230826435242e+00
2.272859480617450689e+00
2.274582776442553467e+00
2.159607620006695150e+00
2.372345654802450188e+00
2.322724312499427235e+00
2.202892046723110564e+00
2.495108750451506374e+00
2.252817542254048178e+00
2.395691332017820141e+00
2.462021115930278725e+00
2.228991911786635249e+00
2.214835347781229924e+00
2.226404391171006747e+00
2.246162281677553274e+00
2.171947236098539680e+00
2.441564910070523897e+00
2.193882295862719101e+00
2.478512159693014638e+00
2.152185103207828298e+00
2.221796119620312648e+00
2.203760681136421873e+00
2.383947456247764052e+00
2.448766442335323923e+00
2.560187651658238472e+00
2.522919272360451881e+00
2.506485027697378687e+00
2.536084965557536375e+00
2.567437185207178896e+00
2.478734451760120194e+00
2.415869213454159059e+00
2.506843374677468983e+00
2.449528031738505085e+00
2.472021316934325696e+00
2.269166662359501263e+00
2.122866958502816814e+00
2.483170550060696424e+00
2.218361811493587243e+00
2.424137942115600630e+00
2.333613691260286060e+00
2.280848210768697815e+00
2.311150081095094233e+00
2.471804306476430124e+00
2.425452223956891640e+00
2.468689718472266037e+00
2.642473072580869609e+00
2.257981399055008609e+00
2.398047669918288882e+00
2.536745735354496656e+00
2.443719804218132285e+00
2.500774708502940591e+00
2.462138972343267174e+00
2.378784442347380956e+00
2.611109684305097378e+00
2.423596681648692464e+00
2.376578829754875333e+00
2.495707199548309330e+00
2.329334036268356556e+00
2.365373331472652829e+00
2.381878736389511531e+00
2.511889552465592867e+00
2.315482644776501786e+00
2.342442547265027208e+00
2.522272551441493871e+00
2.367485727404038176e+00
2.482436522253877786e+00
2.078715076965118591e+00
1.975263767206203447e+00
2.028660143535876870e+00
2.093909523767852221e+00
1.999544888907722084e+00
2.075514224468401281e+00
2.170292480570391369e+00
2.109475007766403287e+00
1.898455504826733753e+00
1.943476925513359266e+00
2.073380932147463884e+00
2.071742771694503826e+00
2.157610746718550576e+00
1.843099363062249862e+00
2.068947466846277283e+00
2.249601407577649148e+00
2.001064485501617973e+00
2.236691078231438201e+00
2.311206878629027184e+00
2.295185745854138482e+00
2.269649340467722265e+00
2.198548253730275182e+00
2.382421349366721675e+00
2.246296899248056977e+00
2.316485908741082511e+00
2.363472590295072173e+00
2.028067193044221561e+00
2.215199044650863147e+00
2.222326525699214628e+00
2.228219353301094774e+00
2.284923564818999164e+00
2.429651881018267456e+00
2.414393575212561149e+00
2.402677340714196141e+00
2.356389282804320473e+00
2.524107079233310902e+00
2.360200774595230921e+00
2.527695023979972699e+00
2.483326755573226574e+00
2.456646455691952280e+00
2.392125019559305787e+00
2.573837901668006189e+00
2.498113843828303260e+00
2.585366583384659300e+00
2.635043675027537446e+00
2.521345466005645797e+00
2.402098618637364513e+00
2.431084301932544101e+00
2.407628859007821642e+00
2.694680725471323868e+00
2.657408450103848185e+00
2.481442125656624142e+00
2.402233507310860716e+00
2.480271900480474301e+00
2.567516801281531702e+00
2.271186630985672306e+00
2.374404170653575008e+00
2.370584363038169329e+00
2.141032404568905978e+00
2.387165764616460795e+00
2.212697889632746495e+00
2.434664605634278445e+00
2.376545560091657183e+00
2.120893896601403039e+00
2.222589508991459351e+00
2.162895490040617652e+00
2.194680667605317659e+00
2.255362840676720104e+00
2.208742056432599021e+00
2.189398587161519583e+00
2.173448306395882934e+00
2.146751735234702974e+00
2.138034220430045540e+00
2.150463370996801515e+00
1.971724778390687050e+00
2.116151643070690369e+00
2.238726833668814198e+00
2.021525877227416945e+00
2.310667508719113084e+00
2.206660609444457410e+00
2.268604211928106018e+00
2.410685375197235469e+00
2.318999433176232472e+00
2.499103694448493673e+00
2.394303822049473229e+00
2.408593667512846537e+00
2.457251510176312159e+00
2.486032793456077972e+00
2.521549398663616603e+00
2.529666653136801724e+00
2.421841392328771381e+00
2.633302954877389634e+00
2.591191097156658518e+00
2.558057303232025514e+00
2.663820315793976157e+00
2.398490469495585309e+00
2.399668602406432871e+00
2.429667939279431810e+00
2.345958473567858693e+00
2.382122590588302113e+00
2.424571670115227118e+00
2.267886000027472981e+00
2.520554386998191454e+00
