2.182208556511003650e+00
2.189767354513663555e+00
2.223865269276806167e+00
2.134646791039909619e+00
2.186672627759258081e+00
2.094775209647905534e+00
2.274972715712870297e+00
2.348232942958198954e+00
2.084480334977576454e+00
2.237061705602751083e+00
2.067674902106697576e+00
2.017007836605427151e+00
2.009058058020467996e+00
2.168569833907080024e+00
2.293702608000848020e+00
2.049277559130889603e+00
2.202890588506565273e+00
1.976722036003448757e+00
2.345098318096694001e+00
2.018705792974047952e+00
2.004583764573572680e+00
2.089206578171635353e+00
2.611199225869306417e+00
2.475402749863778507e+00
1.986596725243804817e+00
2.313721810512414656e+00
2.223662550389588599e+00
1.967543662981100283e+00
2.445498710756888183e+00
2.023244835158786614e+00
2.165448142173545865e+00
2.463080711981067150e+00
2.022149516806484026e+00
2.092249926289473372e+00
2.352279254965378819e+00
2.445389122629029188e+00
2.272980066604725735e+00
2.296732727444912747e+00
2.501902201076072974e+00
1.900911591895282582e+00
1.903966015287667402e+00
1.937002796327978116e+00
2.072710416691521118e+00
2.522890825409336735e+00
2.264746518714591428e+00
2.410721064965579696e+00
2.286968376225611443e+00
2.423769628353769967e+00
2.252799462713259704e+00
2.313229455528234002e+00
2.362080316909973554e+00
2.403758788869312824e+00
2.371545275610233539e+00
2.269676842985820731e+00
2.246023611503153106e+00
2.149458160969405895e+00
2.323510059645790271e+00
2.178879631739798484e+00
2.125666732422454075e+00
2.087315779078970035e+00
2.393778576883405673e+00
2.064160939160249342e+00
2.265552888231901374e+00
2.104811099019530118e+00
2.394233264501415270e+00
2.396322682319823372e+00
2.162884485855281369e+00
2.140789538725410335e+00
2.254327037026369052e+00
2.436807385959468331e+00
2.286702338585924199e+00
2.401956256744939733e+00
2.548609849832626395e+00
2.198260430867189363e+00
2.484608857689330819e+00
2.252596513380439980e+00
2.315884196534640616e+00
2.409076137885231894e+00
2.588467572877259926e+00
2.463602934998179173e+00
2.429598618729434722e+00
2.538458979020876249e+00
2.279351866185236553e+00
2.266286238579209744e+00
2.348830971184203253e+00
2.386345732614652437e+00
2.229047512752722948e+00
2.291814264997936057e+00
2.536894722200991215e+00
2.473039883302261099e+00
2.514305601129415813e+00
2.578289275469778818e+00
2.217481807899905011e+00
2.167437923755674234e+00
2.186766314701047875e+00
2.625984403686441038e+00
2.583281444007634153e+00
2.583224251279961248e+00
2.340453294639905035e+00
2.172395378239141195e+00
2.510570178060563151e+00
2.691302007371935368e+00
2.620592838218489984e+00
2.737528346744033669e+00
2.694846224598821838e+00
2.550331687905452505e+00
2.647663888677603605e+00
2.541677466543327046e+00
2.483949411737374380e+00
2.403180174439435657e+00
2.451486808304584208e+00
2.314226372219498895e+00
2.347775400323290906e+00
2.388155558704808890e+00
2.232544221100260184e+00
2.328759037701733536e+00
2.399071481109066095e+00
2.010714279061207144e+00
2.373806592720260067e+00
2.059502470897495385e+00
2.496771723036950608e+00
2.444006291505392614e+00
2.243994574400924424e+00
2.448626028974497881e+00
2.398604141433076986e+00
2.452149835230033492e+00
2.522232126970896715e+00
2.347176194583705744e+00
2.519191672251194447e+00
2.577021460241109008e+00
2.517038157575412605e+00
2.432126105286006812e+00
2.555971288190044710e+00
2.594387815358811356e+00
2.316054108135480405e+00
2.547255933745743661e+00
2.612800376588424900e+00
2.522421706244327044e+00
2.172651540355710953e+00
2.195324605314179944e+00
2.211442225503887915e+00
2.094025649345106821e+00
2.224894382266245252e+00
2.221690545454725996e+00
2.031503648606355572e+00
2.118042434114182360e+00
1.917230240006521313e+00
2.081820889887531667e+00
2.052104711539809667e+00
2.309661217051195869e+00
2.154207311765834909e+00
1.951060075275892647e+00
1.907297131340541574e+00
2.059819747455706285e+00
2.657274592762338461e+00
2.299734093229910403e+00
2.367964526101325351e+00
2.213772593730968907e+00
2.632238892363716332e+00
2.375003675691740312e+00
2.196154254773541759e+00
2.297132317653272082e+00
2.507855189465007406e+00
2.643290551024537915e+00
2.515716148401599739e+00
1.972256867557244053e+00
2.199295735001063345e+00
2.244246870627180090e+00
2.260610065236500432e+00
2.242468784701800555e+00
2.409880020259988154e+00
2.432094942531776827e+00
2.328261719752111603e+00
2.444415841459786076e+00
2.390241537955619666e+00
2.300713233741632724e+00
2.544351311925671766e+00
2.599557653272678515e+00
2.533195286909203148e+00
2.679831027744393968e+00
2.587243879378191114e+00
2.605040156074015734e+00
2.418175288821208024e+00
2.436545853439964660e+00
2.485929746921452743e+00
2.247146874887367751e+00
2.386178097385502905e+00
2.485291548494346969e+00
2.057477830847497469e+00
2.280215984892917991e+00
2.016739295015544275e+00
2.497584661788702753e+00
2.322607132306111932e+00
2.114209159062662380e+00
2.502709904775921146e+00
2.226223837620423307e+00
2.306421729572246893e+00
2.331720300783043154e+00
2.510504997193222287e+00
2.399081599523327668e+00
2.330987008069231869e+00
2.601459359133751370e+00
2.400234738473168594e+00
2.334397814541254057e+00
2.674919947908521944e+00
2.406826451190806182e+00
2.223282003716336330e+00
1.808583821547325998e+00
1.980364872396614517e+00
1.868787798967773028e+00
2.203496494471897993e+00
2.307099428360637194e+00
1.992096534081746695e+00
2.240286927866590450e+00
2.105980012701635928e+00
2.199602351077491136e+00
2.443008402747731456e+00
2.301436815923132873e+00
2.237240912742964216e+00
2.427973678398205770e+00
2.499749354775801180e+00
2.356017642133778622e+00
2.602775010190434113e+00
2.349926703133589978e+00
2.255816666579536278e+00
2.354661695000991095e+00
2.399673602571105846e+00
2.422325924191402358e+00
2.230253413802544937e+00
2.411598958886441491e+00
2.554183373670290358e+00
2.539073063831227994e+00
2.513739358001304325e+00
2.425365698384773783e+00
2.565252028227747338e+00
2.540638364749360889e+00
2.467617825055063108e+00
2.571204473045090921e+00
2.451216920855787240e+00
2.523395035291711608e+00
2.581975698386958840e+00
2.437588842462407257e+00
2.542965221065992321e+00
2.481132709691318716e+00
2.423778820223859931e+00
2.434051526973876278e+00
2.520608974277893211e+00
2.598025012955817559e+00
1.990085497644607626e+00
2.285093123114160463e+00
1.812362222838495018e+00
2.239655946418152688e+00
2.330943416914590394e+00
2.226461162695452689e+00
2.265086423954882022e+00
2.139905272136960690e+00
2.197021408491012906e+00
2.268698738672985549e+00
2.269074185373790353e+00
2.089972453119630202e+00
2.084708113216338976e+00
2.392269718412431523e+00
2.356663095504128336e+00
2.207863830665651950e+00
2.016329178403291955e+00
2.552272493076854332e+00
2.088714635336877734e+00
2.357933810834127453e+00
2.182047909970253219e+00
2.614944980256235230e+00
2.151119082166857766e+00
2.220953801055802312e+00
2.568857937520825807e+00
2.504554442561732319e+00
2.169431935626741748e+00
2.448666381137887260e+00
2.478130796383505530e+00
2.245958047337979213e+00
2.460678290311131278e+00
2.280376230193697396e+00
2.177438370917798238e+00
2.473479214454685327e+00
2.525105224826126094e+00
2.396259936837918936e+00
2.583750199833882544e+00
2.259726078521293147e+00
2.275841655859871526e+00
2.277350419257579972e+00
2.258934708641990419e+00
2.613943503413310943e+00
2.441540079468869973e+00
2.445477613360060865e+00
2.176404952180497787e+00
2.381093518595301273e+00
2.473616043645814777e+00
2.455761252122854899e+00
2.410943246641881643e+00
2.337038222063319015e+00
2.352316176140587078e+00
2.298356847708571404e+00
2.209589933903319814e+00
2.204036618755154997e+00
2.102855068025043295e+00
2.400170586438069353e+00
2.215843244263369982e+00
2.460509404226665531e+00
2.304827933340210855e+00
2.144451228776281138e+00
2.355580687817274033e+00
2.100332430071524037e+00
2.508330313189442329e+00
2.001013937791165098e+00
2.421319598366793002e+00
2.128956262617160089e+00
2.400866211832192398e+00
2.205267523512895789e+00
2.161392448907130781e+00
2.419328399764276050e+00
2.329407555761118243e+00
2.424093023250477597e+00
2.311157511333450376e+00
2.473075282013375897e+00
2.446916193553622776e+00
2.302188613416690899e+00
2.398887678757423814e+00
2.208032152290917427e+00
2.502655355531504089e+00
2.410835957297263743e+00
2.516873967384456900e+00
2.371660513479098231e+00
2.386261405613577136e+00
2.399042260695349427e+00
2.296914730744685329e+00
2.428808350776555436e+00
2.270612053211877868e+00
2.332744588182598111e+00
2.644465640029194375e+00
2.447672420139314742e+00
2.543254652328814647e+00
2.246690361939413627e+00
2.487191066661778915e+00
2.570050810059981927e+00
2.218786746990156544e+00
2.230517383887849814e+00
2.298907950102250464e+00
2.295503316455262954e+00
2.488380406213385410e+00
2.620580795951412245e+00
2.630695158047239524e+00
2.684071909420655988e+00
2.184580352103594691e+00
2.235547477645339232e+00
2.350328528034623776e+00
2.650899397080794806e+00
2.585965349357001397e+00
2.618961447262028397e+00
2.626909713309166339e+00
2.545650061900039063e+00
2.514967394332671358e+00
2.452374559891497441e+00
2.493022434581412039e+00
2.380435803428086583e+00
2.449854573342840069e+00
2.411346285207915940e+00
2.403576061799081565e+00
2.409780795808943665e+00
2.301749178530612117e+00
2.391004252844777245e+00
2.366333363734007378e+00
2.391635125295930475e+00
2.355513896084652448e+00
2.367680737154772785e+00
2.430062664454955890e+00
2.484710912570059715e+00
2.293489116134670880e+00
2.353726658340418609e+00
2.432565844281387335e+00
2.203220590264780121e+00
2.235311172896739418e+00
2.444928203015832135e+00
2.430316180722708719e+00
2.541979683058009254e+00
2.410182115728591423e+00
2.419113039238543816e+00
2.545816230347468512e+00
2.462951792993825606e+00
2.364343425546557853e+00
2.572170683448798290e+00
2.346329646411844827e+00
2.637938578620988572e+00
2.324334612836421510e+00
2.570413063039259427e+00
2.620720003870038450e+00
2.379798019973116130e+00
2.559925835958788198e+00
2.504534571190277337e+00
2.522982039943001187e+00
1.966453972709065967e+00
2.113615998423828746e+00
2.138326009904230052e+00
2.242156246035705180e+00
2.082021580326627319e+00
2.379686820152801641e+00
2.205855569012611372e+00
2.059595988483768014e+00
1.911367355992145134e+00
1.817428430228470448e+00
1.848233373174555272e+00
2.146206540692560338e+00
2.170528198917560214e+00
2.034424687823222389e+00
2.191814716802263696e+00
2.191912700283038973e+00
2.089801160558434123e+00
2.384038324131191988e+00
2.436803747966346023e+00
2.452804111941444987e+00
2.266074702817041153e+00
2.286711753488175347e+00
2.544230241693387740e+00
2.374336660920449926e+00
2.618772947315248345e+00
2.185177007071519739e+00
2.069391170507735023e+00
2.119386781609610804e+00
2.096009025937087600e+00
2.175689292328188085e+00
2.263328461686587634e+00
2.497496244600050819e+00
2.299737280479092316e+00
2.404148911907799224e+00
2.162285994453982063e+00
2.529429023922173947e+00
2.373404871453787202e+00
2.413993827064327302e+00
2.290221295539919044e+00
2.491199784919114979e+00
2.473495819810503704e+00
2.552026581292611063e+00
2.349398699321992190e+00
2.606946810991184194e+00
2.603122318617882236e+00
2.430780116154290571e+00
2.463256676371392562e+00
2.538139191019387564e+00
2.517525536756341609e+00
2.715865842765134985e+00
2.625869002494690463e+00
2.424958236432646519e+00
2.426931855036059904e+00
2.418189329016496192e+00
2.486314176536949638e+00
2.451858419877843698e+00
2.456260468612035730e+00
2.339930047514894973e+00
2.225245739274171353e+00
2.324813918129180479e+00
2.432985840121820065e+00
2.496179943236927379e+00
2.618298069728369537e+00
2.223236718465577688e+00
2.293602575780389952e+00
2.216221685060283608e+00
2.296157267233382093e+00
2.410364865967351999e+00
2.284025378768042014e+00
2.241382397481091804e+00
2.334955740567727034e+00
2.390275236420285943e+00
2.342700666635345819e+00
2.188654710451016339e+00
1.964584633998019081e+00
2.067586641045689788e+00
2.182879344064392768e+00
2.053764034707955766e+00
2.388340420014701593e+00
2.148537567496335399e+00
2.238416650113844497e+00
2.471784801713443613e+00
2.350283386261718288e+00
2.405688348275401900e+00
2.290653394672943488e+00
2.379503158725702061e+00
2.358757779113515696e+00
2.390316779638969269e+00
2.448928120458667479e+00
2.580956609649803113e+00
2.411521419929361532e+00
2.566133545929962345e+00
2.634737018634175865e+00
2.603499234405639573e+00
2.549169061916720658e+00
2.495451370544946812e+00
2.478914366151994564e+00
2.523885807364886880e+00
2.539636246930289332e+00
2.420011084769734921e+00
2.471844044567345300e+00
2.590513954926120466e+00
2.463200656151018464e+00
