1.672118985300133698e+00
1.579100169214929572e+00
1.510909537836655714e+00
1.615076141637144413e+00
1.538775765713470856e+00
1.614420976198767566e+00
1.727982933801658572e+00
1.758822182161491776e+00
1.673006854552774314e+00
1.663249148740511441e+00
1.583588448472132093e+00
1.626559646101618073e+00
1.697344319457377404e+00
1.845043369415572565e+00
1.886384946942586183e+00
1.754794611087543199e+00
1.600768572327678996e+00
1.917933728189421538e+00
1.727081344588522249e+00
1.938025577318564396e+00
1.927425882327080897e+00
1.876170128290834294e+00
1.921751080432997583e+00
1.714795190317738083e+00
1.708198761468677773e+00
1.883339378531031949e+00
1.821481666417513079e+00
1.948735790967138337e+00
1.827468640089693119e+00
1.980741096359080133e+00
1.662704605018239246e+00
1.660854020515668328e+00
1.712568345942033332e+00
1.812049766037070908e+00
1.901904200947167389e+00
1.865073088514432209e+00
1.960082649313771519e+00
1.582670396297753967e+00
1.746796110901401411e+00
1.831536981498116834e+00
1.912227250367323661e+00
1.711132797331018640e+00
1.816543182646778387e+00
1.689192009965739372e+00
1.707345568744859543e+00
1.926554141612114135e+00
1.918732121360319454e+00
1.899316932775601652e+00
1.873318846092244749e+00
1.962239406534364461e+00
1.648425627979873465e+00
1.561905161460059643e+00
1.724977764892466237e+00
1.576600581125509271e+00
1.517169127217813829e+00
1.641352415573460677e+00
1.763058169597951474e+00
1.740485212928832626e+00
1.716727642843122403e+00
1.705867410611360269e+00
1.593035301755540090e+00
1.650674746753900468e+00
1.743414252496764627e+00
1.719671931320165381e+00
1.749686836375071053e+00
1.899592986971936570e+00
1.930766916975902081e+00
1.579980822753499048e+00
1.779919916572237026e+00
2.036070980173135148e+00
1.931107953363484731e+00
1.919906599491914667e+00
1.939815307095947405e+00
1.624714063943273779e+00
1.646331850282286124e+00
1.925408032852014895e+00
1.814293199836356063e+00
1.969589424091783503e+00
1.627027283494359322e+00
1.803484790673079985e+00
1.762321644438840318e+00
1.941661125275720323e+00
1.664989726446991503e+00
1.850486036703960169e+00
1.856900466141064854e+00
1.982523199178629847e+00
1.950496836574482140e+00
1.938353212619415400e+00
1.946704141289201662e+00
1.921226190804820266e+00
1.778581303366911115e+00
1.681030638194162874e+00
1.670595269117786552e+00
1.649952071540438769e+00
1.729607473201657086e+00
1.646050708584540390e+00
1.906778391095364622e+00
2.007628611329030921e+00
1.882407670986141923e+00
1.872602955406835079e+00
