1.647805229839934382e+00
1.587790032712234956e+00
1.600944643132775402e+00
1.621980246707092954e+00
1.596974671418176506e+00
1.736525269122874748e+00
1.717363633908933984e+00
1.786993158777375301e+00
1.696199333744988547e+00
1.634677419609027016e+00
1.705864126328962893e+00
1.630229391477859613e+00
1.646619186001290647e+00
1.779848140780148302e+00
1.853019273610041928e+00
1.692303640121938013e+00
1.626564134928436101e+00
1.833603262723277449e+00
1.679204521600804911e+00
1.843297652963558297e+00
1.847435212986771491e+00
1.727499804990565213e+00
1.826317703432729811e+00
1.688022568431395865e+00
1.718177915056305238e+00
1.776248944341738412e+00
1.711311464979581531e+00
1.810048580974565002e+00
1.773984334363472470e+00
1.855073392420409251e+00
1.653666752745378332e+00
1.637793723722976269e+00
1.614860290526170639e+00
1.732809173623387933e+00
1.654131120487914108e+00
1.821116985601123117e+00
1.815833770635799205e+00
1.604265443558459792e+00
1.565178707726912810e+00
1.656472222104118375e+00
1.809737949085204578e+00
1.671526782204149297e+00
1.644875446917421824e+00
1.746180347903117047e+00
1.669962061995950542e+00
1.786200262528400362e+00
1.708131117884465588e+00
1.725435709232455705e+00
1.845463221203713866e+00
1.758966368325686869e+00
1.590665912838347795e+00
1.648114829369760059e+00
1.612933287268561333e+00
1.563311413625088964e+00
1.576169792971526817e+00
1.738601438397663346e+00
1.641465839636852886e+00
1.681055911594739660e+00
1.622721727914868683e+00
1.550281303243551179e+00
1.552022918149783104e+00
1.578019339965425427e+00
1.548531852673278975e+00
1.551016529033062419e+00
1.659121496864698342e+00
1.754489910259359187e+00
1.605859904455545939e+00
1.539467173113690635e+00
1.544947104392035975e+00
1.704471602951447506e+00
1.812534942973428764e+00
1.664925156657617311e+00
1.765584998316645837e+00
1.540342130562182277e+00
1.622065258801182352e+00
1.844792602056708475e+00
1.730935418840999107e+00
1.800985772811682262e+00
1.533865944899042377e+00
1.511583572901278094e+00
1.633766988266657227e+00
1.578208954027153776e+00
1.618675908045990264e+00
1.598053889825346241e+00
1.636830645704175913e+00
1.605271854480973204e+00
1.852053000236305147e+00
1.802079522077153495e+00
1.804901916256739680e+00
1.554462924819155933e+00
1.550580122300264208e+00
1.523919710247882975e+00
1.500946949935358932e+00
1.447103491195326663e+00
1.548792322241409058e+00
1.734860733271003763e+00
1.739032210847613058e+00
1.639370420807305440e+00
1.921021286569153164e+00
1.769004594360148452e+00
