1.674142505545570314e+00
1.551597691874623264e+00
1.518653570673693887e+00
1.523007081555548758e+00
1.519993615550827348e+00
1.578580367937727713e+00
1.623654922515514132e+00
1.688890274206743758e+00
1.591144115831492734e+00
1.564369848024954823e+00
1.640499441439400963e+00
1.616137912565502432e+00
1.604435472021849662e+00
1.691572453737316906e+00
1.875096980761444820e+00
1.650563600924370045e+00
1.614545665386660334e+00
1.765208594828575173e+00
1.554507360517047410e+00
1.880076954280608170e+00
1.770861978566214523e+00
1.729928452511525272e+00
1.741948643612028169e+00
1.662981610227697526e+00
1.658632434525462829e+00
1.724386013657686956e+00
1.637745413781371395e+00
1.848624593448689346e+00
1.767409223114617012e+00
1.918198485640859374e+00
1.672953166349548937e+00
1.640641599725276123e+00
1.675443893013424113e+00
1.673673337969212582e+00
1.769218129970839826e+00
1.897824713646806716e+00
1.765777895637806738e+00
1.547762879294681371e+00
1.500474119680963225e+00
1.535862911788155483e+00
1.684894656776696031e+00
1.676133554640570233e+00
1.653205104144324089e+00
1.707550409150343285e+00
1.679293819662650566e+00
1.802278731158558189e+00
1.703652951873460220e+00
1.679928108998253622e+00
1.796661979563051403e+00
1.787169555411111332e+00
1.653252074097703250e+00
1.559077331275105616e+00
1.659469950675636962e+00
1.586223897683512796e+00
1.481456522044214408e+00
1.613112839491308126e+00
1.711565087765038351e+00
1.634365964432778595e+00
1.760261578491976397e+00
1.642943195480712992e+00
1.688982355130375979e+00
1.568626559213840643e+00
1.590217280381563514e+00
1.620085955833497238e+00
1.634841257091678157e+00
1.853302170726311093e+00
1.667688749563148720e+00
1.579108916155645304e+00
1.616690331346584797e+00
1.820045859986620940e+00
1.832482602715482578e+00
1.715424960132333254e+00
1.736749120106329647e+00
1.555535880060601839e+00
1.690513525002780737e+00
1.835347590397166773e+00
1.760554263640455419e+00
1.923654571315226214e+00
1.699753180626763838e+00
1.732008313721691284e+00
1.643504037907867810e+00
1.809506966595955557e+00
1.693152743305201602e+00
1.593189261712949500e+00
1.637089600869544359e+00
1.693316003231787326e+00
1.834616740484962483e+00
1.874630434635561782e+00
1.895569520456737544e+00
1.548658877560070923e+00
1.698340804817922711e+00
1.640173391799078617e+00
1.558135920214284598e+00
1.743551881226670375e+00
1.701373755481465189e+00
1.680904016997575967e+00
1.798563234462811078e+00
1.737650451862557732e+00
1.850757202060248963e+00
1.798082197519017100e+00
