1.850717907763962167e+00
1.827481892343978842e+00
1.884886520269267507e+00
1.766259568429049631e+00
1.746519070713264954e+00
1.944448480620803332e+00
1.809555673786783725e+00
1.977547651058684242e+00
1.728544012294399135e+00
1.876581002044341639e+00
1.924854358279260103e+00
1.886179603710720132e+00
1.935959245729566236e+00
2.020622240967408167e+00
1.855564055738028628e+00
1.993697222528650892e+00
2.061296067665070009e+00
2.026306050514448120e+00
1.897485673119950755e+00
1.958760036490857281e+00
2.098062610781629811e+00
2.140333895139439946e+00
1.890357242892288792e+00
1.898537321337227857e+00
2.197052572245151936e+00
2.117689452017110785e+00
2.075597243212798038e+00
2.160461050341552447e+00
2.139091014586390838e+00
1.994747318657452695e+00
1.889417864513979639e+00
2.000470535764269808e+00
2.141597652150520226e+00
1.912179959011449659e+00
1.963943962413418953e+00
2.010445442568625118e+00
2.224543054952756727e+00
2.124557166743818115e+00
2.257509152574328493e+00
2.223425128603982781e+00
2.179251493822838448e+00
2.200629451255264879e+00
2.138003739104143985e+00
2.053787716210194514e+00
1.958374811207584054e+00
2.083889812827386834e+00
2.280113847817376804e+00
1.977878133708153685e+00
2.136670640608775429e+00
2.190632039021437993e+00
2.014806410313928708e+00
2.208373769120970831e+00
2.161149376896062346e+00
2.244848099500926786e+00
1.749646641768121569e+00
1.738065833398121596e+00
1.736434054110145953e+00
1.866767473203699845e+00
1.755326827838310066e+00
1.874010130873124735e+00
2.059749221917048789e+00
2.100827901834422029e+00
2.028809901091102486e+00
1.927080520635892746e+00
1.682526175447521366e+00
1.913018818300805002e+00
1.916714173527746867e+00
2.023883880052965267e+00
2.056826250459546923e+00
2.222854700903967196e+00
2.186942065729450491e+00
2.326328990424851195e+00
2.188623909699922709e+00
1.918030111814226002e+00
1.863391874313931273e+00
1.861003544376223395e+00
1.884187832487774772e+00
1.995919675530994253e+00
1.940247070922544337e+00
2.062786815944384511e+00
2.001729590299752282e+00
2.051234728382770101e+00
1.740510679717952591e+00
1.697486258336500908e+00
1.750354458863883744e+00
1.891171761884222757e+00
2.046807141446399747e+00
1.975987083693008683e+00
2.056685556972477347e+00
2.100509077411609749e+00
2.105946329485182122e+00
2.083549767915064521e+00
2.194047028488204987e+00
2.114967870263455563e+00
2.214117488028614300e+00
2.230039022758084855e+00
2.191473595284136877e+00
2.146164441694394132e+00
2.179006189908147206e+00
1.949705794253604907e+00
1.819536062820619193e+00
1.899354560268758041e+00
1.821572748089185456e+00
1.725991491569628611e+00
1.836402390826808118e+00
1.756279549713898547e+00
2.036537170174256062e+00
1.774984856929753940e+00
1.704827257152498943e+00
1.873104747676593629e+00
1.966611801117752467e+00
1.878678334122854343e+00
1.775159452266593663e+00
2.033859473917005278e+00
2.086162658926190350e+00
1.962802817128225019e+00
1.826382591440953496e+00
1.963538654835160324e+00
1.831384537647406496e+00
1.894212713598392384e+00
1.845087028526675832e+00
1.840840488406873865e+00
2.051759834357409495e+00
1.750251408695764122e+00
1.905866714131398743e+00
2.079530896045697297e+00
1.745805580535781276e+00
2.020459236576810813e+00
2.015683423113541206e+00
1.862883505342887380e+00
2.140821175200892768e+00
2.028137743885884969e+00
2.057845330266577566e+00
1.953062800038421365e+00
1.944216704515737248e+00
1.980024059927711688e+00
1.863714957350733892e+00
1.955002065149579416e+00
1.773189783305900269e+00
2.255818018326615437e+00
1.894669278156490000e+00
2.194232866797097614e+00
2.112137707819333077e+00
2.149293625942843455e+00
2.198542823682867464e+00
2.125934118593337363e+00
2.164886837187088187e+00
1.774905025183381335e+00
1.895419629032016662e+00
2.030444795709865691e+00
2.139188937400384738e+00
1.896558796174335759e+00
2.091288486212389053e+00
1.906040534773864037e+00
2.150376059366880366e+00
2.213537177903484032e+00
2.082973806794514715e+00
2.259680773735423642e+00
1.791977394097330922e+00
1.840073235532462270e+00
1.862719846362915987e+00
1.793147343052109433e+00
1.779910480676720752e+00
1.713662128398014683e+00
2.072595291868875478e+00
2.062992790903711793e+00
2.184429903200820089e+00
1.887639031055519112e+00
1.882369805735220281e+00
1.896742204727503323e+00
1.948410530948118335e+00
1.970367283923634139e+00
2.138053804944793246e+00
1.979027805867229706e+00
2.057769664022055078e+00
2.213420979049715687e+00
2.180205555193688305e+00
2.259503736913234029e+00
2.228509182163868729e+00
2.092332888653666512e+00
2.169947850813505941e+00
2.088949519948829714e+00
2.009561102297483082e+00
2.115477180111620559e+00
1.905506473579324567e+00
1.835246563015041632e+00
1.810933362658166956e+00
1.760941320780686770e+00
1.728498479181951097e+00
2.033696933160324960e+00
1.768710785165994448e+00
1.865750993930265444e+00
2.016508413184964876e+00
2.019589634664262778e+00
2.068930603146479363e+00
2.000339486283055024e+00
2.005165134763381651e+00
2.206442902903863690e+00
2.201171087319074626e+00
2.143970923787161365e+00
