1.810620712430997648e+00
1.830016801563902673e+00
1.879361599955400752e+00
1.757730841715364756e+00
1.777487611000122314e+00
2.105446028279702286e+00
1.813281006336028511e+00
1.972319945113396589e+00
1.725976235428472227e+00
1.850729027702912699e+00
1.920673806163379238e+00
1.833832391321307265e+00
1.927856487452167755e+00
1.979898968279425242e+00
1.869192931032132021e+00
2.035427485401436254e+00
2.063503048484158331e+00
1.998287647429962455e+00
1.915198817036983137e+00
1.947063713771974403e+00
2.129460575266270528e+00
2.123507494329957890e+00
1.905668380192757416e+00
1.924771858268914171e+00
2.199096579220760628e+00
2.115714989938779489e+00
2.092295716000096562e+00
2.166553253566751991e+00
2.138643647450949814e+00
2.026169923055922695e+00
1.884928935510219450e+00
2.001215149813563077e+00
2.164825563772760919e+00
1.912898416141789459e+00
1.984169753025907257e+00
2.047624613325713216e+00
2.291996695724930255e+00
2.192930125866672242e+00
2.274129317419345320e+00
2.194985371616593461e+00
2.185051203301029421e+00
2.222563819519130401e+00
2.175042894558111950e+00
2.114649308623802071e+00
2.014171153503485634e+00
2.122477548977568684e+00
2.326950646031666015e+00
2.013849299354437683e+00
2.157694765054109176e+00
2.192848371426926679e+00
2.042045976566561283e+00
2.230222525698511316e+00
2.165906908584660062e+00
2.237029990997541962e+00
1.618018608498441813e+00
1.659781428751417209e+00
1.696536779820018159e+00
1.825495783981939457e+00
1.794154618544139490e+00
1.829087546490982819e+00
2.050918051914369933e+00
2.189416531580413938e+00
2.056034717870551365e+00
1.971008867733944570e+00
1.611918950120557081e+00
1.920440288102834181e+00
1.968882326353516232e+00
2.051877349780496296e+00
2.069198164210655388e+00
2.267277374469482076e+00
2.201375348906411400e+00
2.352356309979532156e+00
2.233321739006914441e+00
1.824697083372941675e+00
1.828699389714556700e+00
1.849351451226556309e+00
1.889254868775028351e+00
2.012294338787231407e+00
1.931869903403923061e+00
2.121231445444402564e+00
2.035397400430535964e+00
2.045373825125836209e+00
1.784713205589790297e+00
1.658479908775896128e+00
1.757258585561253694e+00
1.909619550964243517e+00
2.081760258996853796e+00
2.016002075696103457e+00
2.049942451353166550e+00
2.120994647858041038e+00
2.091744658813726954e+00
2.048661985135663777e+00
2.210734119267754316e+00
2.118542815104214494e+00
2.211410164060260364e+00
2.253620858742691357e+00
2.209888401003191394e+00
2.159860928355635146e+00
2.199957958534259017e+00
1.949155093420814833e+00
1.804003193139704253e+00
1.873614251078789872e+00
1.832294201815291235e+00
1.727576488223088180e+00
1.857496194318754679e+00
1.778368112733342832e+00
2.031817687913179515e+00
1.810289831060183596e+00
1.722676134193061204e+00
1.968703069818459550e+00
2.019475295501247381e+00
1.907129908612719804e+00
1.847930690089439221e+00
2.046778392075973230e+00
2.144876016249098960e+00
1.992110304315086733e+00
1.830464367915021429e+00
2.015195304275157362e+00
1.896355894682302257e+00
1.931224937404607100e+00
1.884331322055479596e+00
1.890564709477431382e+00
2.069574358632273015e+00
1.717772736655728494e+00
1.957956749122520046e+00
2.109955286395894358e+00
1.750485677530607243e+00
2.041044097081285980e+00
2.013038993099889318e+00
1.865876929171090826e+00
2.176739653080238757e+00
1.989188004607968407e+00
2.079703603476230622e+00
1.889120313709301113e+00
1.927967367587753333e+00
2.008053528154322809e+00
1.875122281659981738e+00
1.967666883759713548e+00
1.798305952460827584e+00
2.300577507475480399e+00
1.946637644546403312e+00
2.266037183002109323e+00
2.148614252414054349e+00
2.167574939993239802e+00
2.194215939941498661e+00
2.167713046368116014e+00
2.186560377579539693e+00
1.782977358656302469e+00
1.933173032125488300e+00
2.043490518723755756e+00
2.137413555367714935e+00
1.999029417575937773e+00
2.099058770817185948e+00
1.943123631038095267e+00
2.219540455639743559e+00
2.223396172725141895e+00
2.113890126420765014e+00
2.270234234460486444e+00
1.775860003377880858e+00
1.934184871192589306e+00
1.889842767825569370e+00
1.782360942505366586e+00
1.793915918625073491e+00
1.777866908400961510e+00
2.109877598141138400e+00
2.153706860682627955e+00
2.236780390132489416e+00
1.908834912417836094e+00
1.898928881368413979e+00
1.947036273440142518e+00
1.985800045064525454e+00
2.021759730547024070e+00
2.140249376677718640e+00
2.014613089117321731e+00
2.068991643855846885e+00
2.253744403030358168e+00
2.203227543293173163e+00
2.296426202429910024e+00
2.225896739140611924e+00
2.074273240083887249e+00
2.183103011940620952e+00
2.123877319585475654e+00
2.032852704195735161e+00
2.123430967037335915e+00
1.915350109559860181e+00
1.889100213158572794e+00
1.836480308222685265e+00
1.777005020494038856e+00
1.735398673202188213e+00
2.060344501279937734e+00
1.724634859310422819e+00
1.851416300906718604e+00
2.016245023044176854e+00
2.051808634277966004e+00
2.094953888934594222e+00
2.042115736944791315e+00
2.008863259468196549e+00
2.225792761738128345e+00
2.231557714285797633e+00
2.176008115005121368e+00
