1.658207280511563964e+00
1.488869346359090517e+00
1.538529463837458033e+00
1.558439503480353316e+00
1.502735901819779674e+00
1.690803122130158931e+00
1.658712435925723039e+00
1.726534859777562048e+00
1.662070410107090224e+00
1.649377945722848793e+00
1.690117554958472157e+00
1.738942523830748543e+00
1.699783904189935413e+00
1.755228652675684398e+00
1.856858837802149553e+00
1.631180402602222967e+00
1.699985325685852589e+00
1.821262179834149508e+00
1.642725361064880429e+00
1.767612768048897554e+00
1.786569703164643252e+00
1.768533400590803550e+00
1.795508570108356183e+00
1.688361760565180836e+00
1.636220961211346969e+00
1.730323486790602994e+00
1.711374745631810690e+00
1.847316796989969534e+00
1.797437928951573616e+00
1.898682171184179479e+00
1.690908222547250706e+00
1.651905102407450920e+00
1.613880780017699079e+00
1.780505042126006021e+00
1.845695069740220351e+00
1.749533869691586085e+00
1.813502884266571469e+00
1.610339047572445725e+00
1.593289803577934594e+00
1.658107641843562963e+00
1.765954623265482804e+00
1.642496875233019127e+00
1.746869157068707157e+00
1.756983427084486182e+00
1.742660446408039299e+00
1.836917033031886692e+00
1.699587741017273057e+00
1.770466214189563514e+00
1.809122857176304056e+00
1.766564158466238155e+00
1.650521438240290406e+00
1.543048270876661743e+00
1.588978837100203600e+00
1.525578946875593367e+00
1.475539639555773830e+00
1.690822964029120357e+00
1.655950249202285507e+00
1.635704249829190271e+00
1.519895844480786629e+00
1.642917007267642227e+00
1.692967661505539567e+00
1.636542965001761774e+00
1.642358165472735720e+00
1.701381098478569109e+00
1.687662446502983693e+00
1.862010758935045862e+00
1.620693517240860082e+00
1.614885831090457025e+00
1.598362367984832888e+00
1.778725287703157854e+00
1.788697272395820326e+00
1.832524849282337387e+00
1.805775939219412818e+00
1.580813567134024655e+00
1.630429452728992201e+00
1.832250896213888147e+00
1.790625941436869928e+00
1.900157988494822092e+00
1.706286438620399304e+00
1.701326553054627766e+00
1.580212237266297004e+00
1.712036201924631573e+00
1.725786576330941902e+00
1.714615337086149438e+00
1.688509412293351275e+00
1.811243194849931015e+00
1.848246224700618390e+00
1.850726144785015181e+00
1.775619339113023498e+00
1.474475604559887465e+00
1.614247725818183987e+00
1.558965724193524194e+00
1.498795385156012960e+00
1.690926101564228734e+00
1.741458569315133431e+00
1.767487894253318315e+00
1.793232567647240261e+00
1.753178031991365238e+00
1.850443990171983577e+00
1.779327451926878245e+00
