1.846752802777535063e+00
1.892279497292147061e+00
1.968465617867460216e+00
1.804212307674799787e+00
1.828815860027876550e+00
2.056479648382945502e+00
1.887847244812373759e+00
2.034038472472060377e+00
1.813248121848058947e+00
1.930908417150805523e+00
1.956906426369952712e+00
2.037374092413575255e+00
2.038363062282651406e+00
1.968054328115182550e+00
1.804041511583350355e+00
1.878450370517619872e+00
2.047921851383495362e+00
1.963217458804796589e+00
1.881711364344031745e+00
1.930565012825454119e+00
1.964449063892853342e+00
2.068147906203975595e+00
1.848168558557706342e+00
1.856163180893837250e+00
1.954736702541153059e+00
1.985417879862176660e+00
1.926788321792497705e+00
2.075527654431925217e+00
2.124653808552539935e+00
1.975023719314594306e+00
1.935764348094713316e+00
2.080400441873388573e+00
2.043590820751875814e+00
1.877799179505912575e+00
1.833369990968681584e+00
1.867083194021087467e+00
2.181757155568250450e+00
2.044836587117125237e+00
2.219858489689067849e+00
2.121882960729814638e+00
2.024900245062345228e+00
2.037618962147631940e+00
2.034532213908910592e+00
1.967982059577910281e+00
1.979675991102692878e+00
1.961905279231218602e+00
2.185103531188171910e+00
1.965892405711577418e+00
1.993959705156977735e+00
2.036524591846282650e+00
2.000988687787803588e+00
2.082713050263567123e+00
2.077782121016390704e+00
2.111096548147984198e+00
1.800514138677819176e+00
1.880364106585084238e+00
1.826938981916098159e+00
1.843734668366278306e+00
1.918070200635738631e+00
1.794472933602867970e+00
2.043902920462373984e+00
2.040876140951356721e+00
1.868327248948347341e+00
2.026087400702928587e+00
1.727652577715606430e+00
1.849425080216955841e+00
2.008000829732637271e+00
1.996834928822582400e+00
2.193993476166171686e+00
2.012567082300926291e+00
2.203906588785077947e+00
2.272015612744577862e+00
2.132083922539257603e+00
1.901026134081679420e+00
1.904331783814536605e+00
1.879958810658134860e+00
1.927626253276842894e+00
1.951212992954136860e+00
1.939478365851414754e+00
2.104256443710080138e+00
1.965049691807621457e+00
2.108641203243529105e+00
1.869084008902830663e+00
1.859413327318650389e+00
1.787894063664904998e+00
1.935501074125548282e+00
1.988871690227906219e+00
1.991293463897070071e+00
1.992987429169477132e+00
2.059558138514715697e+00
2.024192052978833534e+00
2.062132212740671822e+00
2.123063037321120561e+00
1.994589028929384167e+00
2.175090701472843779e+00
2.259805439895822055e+00
2.166666419277608835e+00
2.068309443385242030e+00
2.145084441656695429e+00
1.920133980875158963e+00
1.475701941425113795e+00
1.615305676496049614e+00
1.574970766334617744e+00
1.566221887701105597e+00
1.551092061685956924e+00
1.531777041550402840e+00
1.732020026834673043e+00
1.514956582685486053e+00
1.621600223271365770e+00
1.725226965972781246e+00
1.742577060465732686e+00
1.710284721333196201e+00
1.737461974519952657e+00
2.052959157386538891e+00
1.948325105191579754e+00
1.879120394143612538e+00
1.910355249947585321e+00
1.538549238767510818e+00
1.642987480958628677e+00
1.599607989491951709e+00
1.491074807532789315e+00
1.685312618786312111e+00
1.958439069549742007e+00
1.690103217730808183e+00
1.712915593659193325e+00
1.976481467561962191e+00
1.686789831507669035e+00
1.671161853219318649e+00
1.815989720542489527e+00
1.750697768872372162e+00
1.958773931165986415e+00
2.006399918711215147e+00
1.967418404773694451e+00
1.882682111192477636e+00
1.519753350646112722e+00
1.795739190693082188e+00
1.730987749375253459e+00
1.689262049822035650e+00
1.668185375376954438e+00
1.948041275695037378e+00
1.759035631771608488e+00
1.923584290907827121e+00
2.101461230908653555e+00
1.965323569323802477e+00
1.900663844879011188e+00
1.880936663726351155e+00
1.800107034395591610e+00
1.667507502587512569e+00
1.649461995837635531e+00
1.687784539796726380e+00
1.785495974432412369e+00
1.714205733576986024e+00
1.798129279790021906e+00
1.645103092527125943e+00
1.703607044408194326e+00
2.035371344279834904e+00
1.995385183917068650e+00
2.121852442389658755e+00
1.692542843511172901e+00
1.657319785404489876e+00
1.868391204836505448e+00
1.727755123101892387e+00
1.366186239043679196e+00
1.503823956828824082e+00
1.674691430576002782e+00
1.745581280710547301e+00
1.779422632807136084e+00
1.284490326242859970e+00
1.608068296791722140e+00
1.699389858891980021e+00
1.891040489127159718e+00
1.775852603722326783e+00
1.794714145575414088e+00
1.934781607960129213e+00
1.750221639597223655e+00
1.869109146078304029e+00
2.056414958442359886e+00
2.202800131726732502e+00
2.169202313956703154e+00
2.040729840143768126e+00
2.060079693225714159e+00
1.877217566606040888e+00
1.708330512079284880e+00
1.815766596039210423e+00
1.584543751598075145e+00
1.569988009567663934e+00
1.701931386771666332e+00
1.278655759412363313e+00
1.646005325447443157e+00
1.699968680622461426e+00
1.836257154742903408e+00
1.942476793317584161e+00
2.000008800927363328e+00
1.996458660885413794e+00
2.001885743174713017e+00
1.853070537924229155e+00
1.819166468280591031e+00
2.093978107966207869e+00
2.152903548454414118e+00
2.128001020712618097e+00
