1.633868706008777316e+00
1.556278321808493681e+00
1.533886700735282549e+00
1.513246285921448386e+00
1.500162320121435133e+00
1.613126608009395113e+00
1.704783617692398279e+00
1.686431286202247914e+00
1.563105961527650578e+00
1.670398743308227241e+00
1.728764379385784533e+00
1.715596378561886626e+00
1.657364780989136310e+00
1.834658829915868594e+00
1.957756698935893436e+00
1.718256747884713276e+00
1.623817445973730011e+00
1.902699674982242684e+00
1.619390489620684326e+00
1.902528036541122125e+00
1.908265173282036375e+00
1.843983147520304566e+00
1.888625297974253714e+00
1.703584070079234181e+00
1.863664570010799215e+00
1.857287975892083720e+00
1.698826753356667663e+00
1.876222377820202514e+00
1.773917773294963585e+00
2.005250969703342712e+00
1.601389382058218125e+00
1.672901542503084649e+00
1.570132840234427896e+00
1.802069029564510538e+00
1.734598226787030795e+00
1.793068788403471947e+00
1.849036769604436747e+00
1.552713699077882259e+00
1.474771488598007663e+00
1.548575914780675022e+00
1.798955495021154150e+00
1.720760789339173424e+00
1.679235935572873206e+00
1.672887349630897580e+00
1.662474326289522519e+00
1.833344210337384261e+00
1.911815145236135161e+00
1.764130352406463320e+00
1.792551853983636478e+00
1.869020756178371823e+00
1.732787049440471128e+00
1.550410704167687559e+00
1.678831453692140485e+00
1.546856243971098221e+00
1.512596195786492626e+00
1.679866693353625706e+00
1.680982850809525475e+00
1.679377028774712066e+00
1.761727343820755909e+00
1.714949943629218376e+00
1.687919117533176472e+00
1.569520693237337117e+00
1.618669017260523146e+00
1.707215345891017311e+00
1.727142253194824617e+00
1.838515336858585592e+00
1.715868268337034985e+00
1.600130658312735488e+00
1.627192277230514739e+00
1.864584632988510737e+00
1.881474882908625190e+00
1.938377040684226449e+00
1.878004219616107306e+00
1.541597417381598056e+00
1.747282275180372046e+00
1.925509504334611321e+00
1.819118686906425975e+00
1.967561368848255388e+00
1.618331570619695015e+00
1.779011304450107911e+00
1.672701407693564901e+00
1.731459944081403801e+00
1.687057902450395774e+00
1.703105290602209054e+00
1.743047061864185343e+00
1.940496198272430028e+00
1.930504532173241250e+00
1.919414730417520643e+00
1.843211895815579648e+00
1.682044477466921650e+00
1.692743943647863514e+00
1.605466431155475382e+00
1.518948916653573233e+00
1.710932865323026020e+00
1.704236432728060802e+00
1.664012068626401497e+00
1.859717421581595698e+00
1.827552285568486479e+00
1.913666726713841415e+00
1.781500688278131683e+00
