1.680212591467789229e+00
1.521160789704018912e+00
1.499090091930833424e+00
1.557303645640698564e+00
1.497730093977880150e+00
1.582910372174729297e+00
1.712127838671938518e+00
1.732742523847254912e+00
1.527670054257918464e+00
1.680492773441411680e+00
1.686077183823982084e+00
1.667794418562078329e+00
1.634306028343711858e+00
1.684699147586221191e+00
1.783385833815946286e+00
1.704501275687638540e+00
1.637316084335132649e+00
1.773480751414489687e+00
1.610612558556344220e+00
1.702399069939072529e+00
1.780076123887685213e+00
1.693500662488990782e+00
1.719598983265313352e+00
1.686563112030671441e+00
1.715769430499471060e+00
1.745208532786332256e+00
1.528811787449846360e+00
1.764695277532111639e+00
1.669722217559371114e+00
1.791574191847697728e+00
1.700246823710789945e+00
1.674053195461149723e+00
1.652464265006809985e+00
1.685201688440099321e+00
1.579524117366142955e+00
1.741526421514000500e+00
1.737701307233049608e+00
1.625589293154746873e+00
1.548030484708042831e+00
1.595895773261260420e+00
1.757671236894329247e+00
1.639010728012819884e+00
1.659267217573046738e+00
1.717209323562664425e+00
1.666611175176206494e+00
1.687630887062113727e+00
1.594607500582269966e+00
1.577815104987709827e+00
1.762194559169541597e+00
1.677955820741554582e+00
1.683666436525352861e+00
1.573916463999061266e+00
1.715207417770453491e+00
1.609644624879715158e+00
1.557262390335409030e+00
1.658820114148868097e+00
1.713288082969508741e+00
1.688041018865217513e+00
1.746950488124566325e+00
1.700745426627481516e+00
1.692798726596063785e+00
1.583255767855132001e+00
1.541792197686045363e+00
1.623549381449693740e+00
1.626737943221952865e+00
1.732199772916458658e+00
1.708850240444017565e+00
1.582283956814802828e+00
1.641781212404991530e+00
1.757866539499718828e+00
1.768538423326033948e+00
1.796662472937152755e+00
1.689447070918932647e+00
1.621969395593672481e+00
1.624126184439938836e+00
1.851186462638999108e+00
1.681146156523647184e+00
1.773912935441030569e+00
1.720197683561684787e+00
1.742397083154201054e+00
1.629994880617676722e+00
1.713817225560270829e+00
1.699150357350157403e+00
1.665302939533042093e+00
1.635646161006551580e+00
1.716510610117135682e+00
1.961419281345581966e+00
1.870123585817069278e+00
1.822689039922573029e+00
1.631500428144718073e+00
1.760390092323306899e+00
1.707057295517122597e+00
1.635798375924319537e+00
1.676291081750270973e+00
1.693140748916821758e+00
1.733997297278135230e+00
1.733019693678162332e+00
1.664789953249680377e+00
1.876167636568700781e+00
1.775327689761716510e+00
