2.017597302019585204e+00
2.033771824071641365e+00
2.046921438518056302e+00
2.026921533414402621e+00
1.997949262592255693e+00
1.999555387522458094e+00
1.945357422386618129e+00
2.067319414065665217e+00
1.948015610391508945e+00
2.151372578824469972e+00
1.941032956971222800e+00
1.956293702681838331e+00
1.960523300402757352e+00
1.962896008049019203e+00
1.936874426526589588e+00
1.958014543195051971e+00
2.138822512256765229e+00
2.021009880865089592e+00
2.080908077925023303e+00
1.907723751315758109e+00
1.955191406095500239e+00
1.958380477696564981e+00
2.375120199784313435e+00
2.219471755181646078e+00
1.954296619148851555e+00
2.041339346804196264e+00
2.064187927987795046e+00
2.049480928097720422e+00
2.162256486057446914e+00
2.006035594642852082e+00
2.046180017623756342e+00
2.192225817482766903e+00
2.024300012878588628e+00
2.075216683885662494e+00
2.260627377685545891e+00
2.212876310670026658e+00
2.254228958367028302e+00
2.280163755658758173e+00
2.299555850231130183e+00
1.962030713173130048e+00
1.937797742063506412e+00
1.978786729175604275e+00
1.981934944088267647e+00
2.122334760079514382e+00
1.889202598798124466e+00
2.115915300181606007e+00
2.060075069709178308e+00
2.125297559568375405e+00
2.073651838838742378e+00
2.074729822834982862e+00
2.112066812172722852e+00
2.149926826090859944e+00
2.125346218072134530e+00
2.135648009358161126e+00
2.140378588765949885e+00
2.150520216412676877e+00
2.167164662379115647e+00
2.132235178741909820e+00
2.092823612881536732e+00
2.090831558353004827e+00
2.080249994260287227e+00
2.019114327865115577e+00
2.060761490117303030e+00
2.066846762337238630e+00
2.064650107646759825e+00
2.256134884770403026e+00
2.074888740594650560e+00
2.046303293178862504e+00
2.159822332882876506e+00
2.110640390932128074e+00
2.212297725994828657e+00
2.219153412140811632e+00
2.404279120317054819e+00
2.113176655465232479e+00
2.207821823895555813e+00
2.128539546026354756e+00
2.196841865531935500e+00
2.126016541709939478e+00
2.288965048957112725e+00
2.154163805202997217e+00
2.223417012890098299e+00
2.265163791850977937e+00
2.161998621397851927e+00
2.235558179810917423e+00
2.199708633937303759e+00
2.207301082111039037e+00
2.000148456446425804e+00
2.056031497656606533e+00
2.157706685724357865e+00
2.186939469701058236e+00
2.241522490583619298e+00
2.119312052308988559e+00
2.153088606284726758e+00
2.095154207437888605e+00
2.140555229194233799e+00
2.125672705354638481e+00
2.175650176837288452e+00
2.250516949115095144e+00
2.103851429174554699e+00
2.110366424002624530e+00
2.166963654555863705e+00
2.201396089373621301e+00
2.225443451440244580e+00
2.283492820765576692e+00
2.283935417070774410e+00
2.128585798358464842e+00
2.173196667680505012e+00
2.149480542450273202e+00
2.158784793633890420e+00
2.257349191490982232e+00
2.235625860695658940e+00
2.213594145291454485e+00
2.226013168815271559e+00
2.223764422215045666e+00
2.199382615913703987e+00
2.220703909860699099e+00
2.151403666318077335e+00
1.985786667783706827e+00
2.090548047365227813e+00
1.890784460990696303e+00
2.193372271208098301e+00
2.253229702178892069e+00
2.038527579879157337e+00
2.144597682509109760e+00
2.098925110862706500e+00
2.132963770630469824e+00
2.275491098649511823e+00
1.872161108297782484e+00
2.212745634503431535e+00
2.222314735727196400e+00
2.206027974553556703e+00
2.178586738766977948e+00
2.281952579636724820e+00
2.292554107922159634e+00
2.191083834738718039e+00
2.346276496130746292e+00
2.268049385403660523e+00
2.286022075260202069e+00
2.003585355575668192e+00
1.977994189964094263e+00
2.017143851523394815e+00
1.806525036640553417e+00
1.955706537710353965e+00
2.008073042633805372e+00
1.986849570888366667e+00
1.996539020384662022e+00
1.938061118456180232e+00
1.946641628545396907e+00
2.047722655587496554e+00
2.011715059446164133e+00
2.035083477338043956e+00
2.035182105031741795e+00
1.935040657411297493e+00
2.018943848614447756e+00
2.147523933488751702e+00
2.184698441806122382e+00
2.162993040990187410e+00
2.088255309315944608e+00
2.131183106602359434e+00
2.143138995262133584e+00
2.120688707879310630e+00
2.171467999221124323e+00
2.190412670066812950e+00
2.132442751212895171e+00
2.271523555948740558e+00
1.827526664249494281e+00
1.916385367281368213e+00
1.852879854998492171e+00
1.928741040547294672e+00
1.822653652836476290e+00
2.050457156175007345e+00
1.844220606903943294e+00
2.119210864663442440e+00
2.029520690010640838e+00
1.901341948824842643e+00
1.906508917814253579e+00
2.249058628390844472e+00
2.214371971296132280e+00
2.248320006565427409e+00
2.259407932519760465e+00
2.549773949108470994e+00
2.340311011852058698e+00
2.164944013709211301e+00
2.087994731248466351e+00
2.115888649633902663e+00
2.039767117520983497e+00
2.076554280306082578e+00
2.097856341804927638e+00
2.025802996404496792e+00
2.077195055592036876e+00
1.980282788403235017e+00
2.110812202850034236e+00
2.065558672571597310e+00
1.963156703206216713e+00
2.133341704250104609e+00
2.017862901383662422e+00
2.121610107960322456e+00
2.097488153681011269e+00
2.213933677100602182e+00
2.137311309536991555e+00
2.173997483953561183e+00
2.234423032590403757e+00
2.182796596072533291e+00
2.122774140483069338e+00
2.178333225808033458e+00
2.210186011104244397e+00
1.798905391566475664e+00
1.770543901419819655e+00
1.824907168019729298e+00
1.847581838627317952e+00
1.998082227259622368e+00
2.030659876414120824e+00
1.914350330267375888e+00
1.871725559229241220e+00
1.954692732476507766e+00
2.045539203298237574e+00
2.134706449320865840e+00
2.001910952931364118e+00
1.964366080552284011e+00
2.150937074410574024e+00
2.141458390783192112e+00
2.045006815807330458e+00
2.361829620963266763e+00
1.974404592763493005e+00
1.815201917276088928e+00
1.831268208596764424e+00
1.995120742297381122e+00
1.892477304136859217e+00
1.946433981697164306e+00
1.909233208906096158e+00
2.118671481745570961e+00
2.140921967077378696e+00
2.041781971811771790e+00
2.090023832319332531e+00
2.172484979077090816e+00
2.315183639491765977e+00
2.236591331773726044e+00
2.170800431040937895e+00
2.189237251785545624e+00
2.137701844086729697e+00
2.357920009426571095e+00
2.179041712973886380e+00
2.170291419043667958e+00
2.157177448020255905e+00
2.190583411165143879e+00
2.217476088337098084e+00
2.199474877584746135e+00
2.311789019071438300e+00
2.149114982478187663e+00
2.162826471297834008e+00
1.988786427387187361e+00
2.051295577079251142e+00
2.110740843530793942e+00
2.047060635742383727e+00
2.041055128150949471e+00
2.010513951964267410e+00
1.953035821292805840e+00
2.168507125079283782e+00
2.030856037213934151e+00
1.962060567571939806e+00
2.046405681058570014e+00
2.256608974681635349e+00
2.067886111369143354e+00
1.985286209053850559e+00
2.090563192106555057e+00
2.327745967721147835e+00
1.934814124572249661e+00
1.976762992625729298e+00
2.026627664529741857e+00
2.357031507244614854e+00
1.972116254695990500e+00
1.954145077272879671e+00
2.090394151732987371e+00
2.338820157450959947e+00
1.999783629657791550e+00
2.043919480606923411e+00
2.143172352099284694e+00
2.012195653348632263e+00
2.116005001895073345e+00
2.113104827955249121e+00
2.081984898104054071e+00
2.193931397628031910e+00
2.195420949206096761e+00
2.190240748228710732e+00
2.141725713940422882e+00
1.954937207719764203e+00
2.026050468802831350e+00
2.088529354505935132e+00
1.988534912306744395e+00
2.075475428386387211e+00
2.240910492770855633e+00
2.314334897692483572e+00
2.075635381161160975e+00
2.146995762714047018e+00
2.124713234946198348e+00
2.170944664304447880e+00
2.159103591964389501e+00
2.089660327419075259e+00
2.104031178406297720e+00
2.148796108861487308e+00
2.136230165152763760e+00
2.117563396553104216e+00
2.017939255564244583e+00
2.096178761139358748e+00
2.131809268794808254e+00
2.191786808466816616e+00
2.078741821522347877e+00
2.075211522308824996e+00
2.099071130065039537e+00
2.031245386819690690e+00
2.186991252743049063e+00
2.045075266810934878e+00
2.102525585276298958e+00
2.064292269382573597e+00
2.134507130309962086e+00
2.031595925214992882e+00
2.059988415924131289e+00
2.034921581118499745e+00
2.136785471903511535e+00
2.150031015454391792e+00
2.162725651778317104e+00
2.184733751908919608e+00
2.093174184178354214e+00
2.059060429726265795e+00
2.143208703599600806e+00
2.099411885559673507e+00
2.083345038553430673e+00
2.129959879580591409e+00
2.171941984577885343e+00
2.124756217663042346e+00
2.124140291670872038e+00
2.093111696697820712e+00
2.001848968965570297e+00
2.107523535315377838e+00
2.022195847559752124e+00
2.061214611349819759e+00
2.039321973659997234e+00
2.044773950910244942e+00
2.181251212538751982e+00
2.198348940978746224e+00
2.099059188946462484e+00
2.130102680550964855e+00
2.194651369607625746e+00
2.045179217235312485e+00
1.970303471446487542e+00
1.955393325308587782e+00
2.112437168938202436e+00
2.143920555330158351e+00
2.037960745694117559e+00
2.228756662783325293e+00
1.978141437002568503e+00
1.993903022637952605e+00
2.063455541796153536e+00
2.225425950074524817e+00
2.107555515007877744e+00
2.153716699195560302e+00
2.235151742349576587e+00
2.156598026359778597e+00
2.119592614008952935e+00
2.051725633929025516e+00
2.044868940403558266e+00
2.083471364513781232e+00
2.157391292051010101e+00
2.197944782071108438e+00
2.115463633032473645e+00
2.035667657844880463e+00
2.076084751091803238e+00
2.257378044728383326e+00
2.154603058399841675e+00
2.212915528282020983e+00
2.133194474000920327e+00
2.280311465278863636e+00
2.231694722162267830e+00
2.112198175356014396e+00
2.025273287346755602e+00
2.137412569396323736e+00
2.177294500660858834e+00
2.021790720661712282e+00
2.053851630655660010e+00
2.167901979138066704e+00
2.076549259123919633e+00
2.228953586032992540e+00
2.222510484976586209e+00
1.811355888438238582e+00
2.301469325302403668e+00
2.049082615143383190e+00
2.160007287509638108e+00
2.293801345185540796e+00
2.199008819122228786e+00
2.184301185249271526e+00
2.189882976362662603e+00
2.374040060120971685e+00
2.214351293117686303e+00
2.145916150718893967e+00
2.322768880094613575e+00
2.245996880243567695e+00
2.143943247576643785e+00
1.893287225767219528e+00
1.925081019494421453e+00
1.943883792234325503e+00
2.012134565196966651e+00
2.010119180231172642e+00
2.097964932835735041e+00
2.054395984243495565e+00
1.997519919875515804e+00
2.059921540444400012e+00
2.033745886663496094e+00
1.971765464784895894e+00
2.044198377398546373e+00
1.981474017067839988e+00
1.979405131013465491e+00
1.962184843107494858e+00
2.177928977980716496e+00
1.884315912422933392e+00
2.164930604492385058e+00
2.046350437168600767e+00
2.076305232753947294e+00
2.052282067232110485e+00
2.032759606223617066e+00
2.066965840014795663e+00
2.051660271978999805e+00
2.102897049401971419e+00
2.046479391583438279e+00
1.918910744315994066e+00
2.029763737072926677e+00
1.976241408885911710e+00
1.996910693750360011e+00
1.878119776863008905e+00
2.152191429777859266e+00
2.080327555468802103e+00
1.875460794053993796e+00
1.915524721848117728e+00
2.128074196889900183e+00
1.849915875486443317e+00
1.978525760426358193e+00
1.942967580597485311e+00
2.051844342064422566e+00
1.861368567195834434e+00
2.068569712918428838e+00
1.878237737008167985e+00
2.044313785115132731e+00
2.051596880934982270e+00
2.091308614477252803e+00
2.150199531334867409e+00
2.186016671174664694e+00
2.273604887498345217e+00
2.515602956700470294e+00
2.392782471682552536e+00
2.395528831867984820e+00
2.084036862345246988e+00
1.950579555935597398e+00
2.025963564368950642e+00
1.949489048239037237e+00
1.996648308573028663e+00
1.944681279694928877e+00
2.034291542682198806e+00
2.122927804692786413e+00
2.091340474717984232e+00
2.119219000732334379e+00
2.105489506661004651e+00
2.033896179532546089e+00
2.035031760968229353e+00
2.005151840438667676e+00
2.020482101914203632e+00
2.044596262918801255e+00
2.101516840696784350e+00
2.031730033111067701e+00
2.109659183588013409e+00
2.014368307652883328e+00
2.096085830678098283e+00
1.994556401290461967e+00
1.871867347813365834e+00
1.984753250809768943e+00
2.059392144497529831e+00
1.989071365404520675e+00
2.141303667900971153e+00
2.008671982077752105e+00
2.008426806263785114e+00
2.137085031895602061e+00
2.001606821564827055e+00
2.145619958013646134e+00
1.995896202148696563e+00
1.956525557760851797e+00
1.960880858656905090e+00
1.879680629493015731e+00
1.860988915742662453e+00
1.916786273164876153e+00
1.863015204783064371e+00
2.075917461117305685e+00
2.334845760233674294e+00
2.361764172825666641e+00
2.365099525146407533e+00
2.177486167260593408e+00
2.141362735867278655e+00
2.344673780441648869e+00
2.207360800796510869e+00
2.154205730976091360e+00
2.125835394578957427e+00
2.204142089479399935e+00
2.165016825230625219e+00
