1.594033387236873489e+00
1.516514328321003413e+00
1.487545633694163927e+00
1.585639281536630474e+00
1.534652134125728651e+00
1.559835440102377069e+00
1.669958476034443695e+00
1.739464653123354854e+00
1.613391725278980893e+00
1.792430836925325677e+00
1.772224114466644851e+00
1.658478216471685140e+00
1.612663760877516728e+00
1.718387823122915492e+00
1.814466842233250166e+00
1.672895715196367483e+00
1.550159744484422619e+00
1.745026508292352840e+00
1.571008595813272457e+00
1.805404829692603075e+00
1.741236445171484126e+00
1.609535912608708097e+00
1.693064073555667237e+00
1.752015230952357117e+00
1.704787332092953411e+00
1.590321413977427101e+00
1.505669788300875833e+00
1.888843089144232490e+00
1.759868133459697503e+00
1.864562883402080429e+00
1.727867073154530919e+00
1.598723141391547475e+00
1.703018634676146670e+00
1.666294185876223022e+00
1.532624887300865657e+00
1.793545406110794493e+00
2.005382382705346966e+00
1.670347386314546601e+00
1.631301328819466212e+00
1.630499896353200251e+00
1.767635269623765826e+00
1.626980966646309090e+00
1.643676710390432394e+00
1.812040699798719734e+00
1.725651227983530323e+00
1.725321003060139136e+00
1.542840717651440041e+00
1.574215848121882200e+00
1.788240521249376824e+00
1.843363910770330127e+00
1.673116158823718891e+00
1.530023877274012678e+00
1.625789060946391862e+00
1.514914768364074016e+00
1.487182918547465205e+00
1.570051656070041268e+00
1.618714817554433250e+00
1.612432894745735812e+00
1.637982723160617882e+00
1.647138379565326050e+00
1.634635269317025408e+00
1.564573475487746945e+00
1.541117765125775030e+00
1.621576354532010988e+00
1.673370659360771784e+00
1.835455559115435342e+00
1.656383890827952676e+00
1.622496221817090190e+00
1.604652391583066606e+00
1.693995232943354079e+00
1.775115236096643345e+00
1.635187088174520298e+00
1.656888592408478189e+00
1.522955451571816221e+00
1.608987694844459027e+00
1.709279936021451229e+00
1.746386458289116428e+00
1.840290680411559077e+00
1.702766114170404688e+00
1.690806049389832033e+00
1.564559672455346107e+00
1.572450974736329776e+00
1.697402132095185090e+00
1.603995939736465814e+00
1.581709519828906618e+00
1.559099094456690482e+00
1.984028953474211709e+00
1.857056135876238745e+00
1.760006503344882178e+00
1.505144995720124390e+00
1.678821996193092136e+00
1.617215572702727311e+00
1.557214954711191313e+00
1.653195572490555598e+00
1.660779071466639500e+00
1.727501115872796200e+00
1.710335123582717554e+00
1.511011264612731386e+00
1.896757038833092546e+00
1.760429504994583727e+00
