2.121302455761421513e+00
2.171827217933048448e+00
2.267715523008948519e+00
2.128012511744775459e+00
2.217778515212102786e+00
2.120586737630621776e+00
2.022508477014581363e+00
2.372334189422392381e+00
2.135414817126235043e+00
2.095643747312269323e+00
1.927068038648110271e+00
2.088028520576060476e+00
2.196918296794293735e+00
2.286202589790927497e+00
2.214713339220649946e+00
2.134415243045255650e+00
2.270432598111730371e+00
1.860535708655032483e+00
2.503104616321479181e+00
2.006052691422106182e+00
2.142155927000464644e+00
2.265876319484274148e+00
2.396523778663040449e+00
2.421754542948991062e+00
2.166919893139583220e+00
2.388159986377482280e+00
2.126828932769636360e+00
2.020696151488658998e+00
2.413532562396865533e+00
2.201617017743352278e+00
2.303355219044451285e+00
2.499447557860945413e+00
2.057016659596092367e+00
2.111426084134329972e+00
2.454963068904400636e+00
2.370141129544442560e+00
2.345784685244432843e+00
2.429580918110335830e+00
2.593036772946427426e+00
2.074324452622763548e+00
2.117363061796892154e+00
2.498482047005297524e+00
2.101603574811635067e+00
2.420255654957694791e+00
2.235312458290592996e+00
2.507574522306663667e+00
2.355744616779401390e+00
2.435348109965364660e+00
2.208884200815836696e+00
2.414222199811849823e+00
2.512519675351877257e+00
2.557795457138673623e+00
2.440576059514875773e+00
2.327160428504148282e+00
2.354637231404387965e+00
2.306150290177739315e+00
2.445438385457434638e+00
2.173148017486701278e+00
2.357031658543406127e+00
2.292436176083370025e+00
2.465385662498904562e+00
2.269657439928252973e+00
2.350792809012388407e+00
2.262724618455488557e+00
2.398969992833877019e+00
2.507177048549724230e+00
2.317502962826328172e+00
2.208157475522214419e+00
2.330525624999959078e+00
2.417935062932491608e+00
2.326698133773656529e+00
2.609171439430487904e+00
2.631729635882195328e+00
2.285594130318789663e+00
2.489241815903208366e+00
2.407193502397844576e+00
2.305973401026077063e+00
2.267391690193055975e+00
2.447036533276616410e+00
2.476214828384317279e+00
2.508985070682589580e+00
2.394862497261020184e+00
2.222729603751138150e+00
2.313582387920718908e+00
2.291215810256709062e+00
2.337322624569823759e+00
2.210638501052665017e+00
2.223490091005471569e+00
2.530025744134000831e+00
2.425368758555623394e+00
2.557288304580064064e+00
2.509081398206728153e+00
2.423309017588390013e+00
2.343654865312008173e+00
2.334285986490317821e+00
2.573254513443458791e+00
2.452265466221204004e+00
2.658143763121995296e+00
2.417782727622750372e+00
2.340438748888613585e+00
2.522892110070058092e+00
2.591041920745212668e+00
2.641497888675770511e+00
2.668819163790363103e+00
2.666173251560753243e+00
2.611278931225593070e+00
2.631918076622136837e+00
2.674223786422535998e+00
2.540382160603579464e+00
2.704502733053223196e+00
2.581219598046855523e+00
2.390211875912401140e+00
2.500736760217811661e+00
2.496766592016895547e+00
2.359941787849575867e+00
2.362036761296427478e+00
2.368442061418130962e+00
2.055338578027581686e+00
2.635320011648764726e+00
2.336136369555109393e+00
2.676138561069631994e+00
2.599898046121723816e+00
2.403707396174583177e+00
2.599672599233102677e+00
2.535139610406642596e+00
2.533903538333711403e+00
2.648810135134157306e+00
2.476608242389346515e+00
2.589456299925647631e+00
2.670526454051910026e+00
2.459096237287764275e+00
2.454452878335150690e+00
2.620162626899730007e+00
2.565626062207420954e+00
2.385916707023437500e+00
2.632710606466640346e+00
2.616902646890512774e+00
2.645937609553173253e+00
2.265505841212928750e+00
2.309956213232919886e+00
2.160107517069273619e+00
2.214536611788402887e+00
2.147367995370090377e+00
2.256002317267346235e+00
1.868946562493563057e+00
2.064190199662783609e+00
1.884898053651443028e+00
1.919650601598301032e+00
2.004380634262159067e+00
2.038539150576522907e+00
2.147948122966316209e+00
2.320947870533204060e+00
1.961835824701486652e+00
2.336776554724282029e+00
2.387896411643077865e+00
2.509928070974143832e+00
2.546108502884595559e+00
2.481502549849072370e+00
2.527358134977891968e+00
2.550047283568645629e+00
2.429782744262233507e+00
2.342004121710384190e+00
2.460383845848620243e+00
2.665818599506587283e+00
2.652504069870537329e+00
2.194431930832435373e+00
2.325836454256230201e+00
2.362637129387902490e+00
2.389062147043406359e+00
2.406300414489057182e+00
2.487347097737756751e+00
2.488370949411775612e+00
2.638161462845031391e+00
2.636480333747676319e+00
2.588792474004062871e+00
2.395475048281546115e+00
2.602635447116067535e+00
2.580509119670428397e+00
2.574680976844979874e+00
2.726071531115457525e+00
2.694819764246420224e+00
2.686617458404340297e+00
2.500679812397501589e+00
2.572545382722119189e+00
2.554084232751408834e+00
2.166299241586330915e+00
2.245140715951225552e+00
2.468687656039189271e+00
2.000088852644843040e+00
2.290668052404153610e+00
2.177355858017957946e+00
2.347599385126751148e+00
2.203366054287732911e+00
2.189305871472007503e+00
2.415814491291480515e+00
2.209001068433803727e+00
2.171898101552069082e+00
2.305944168254925319e+00
2.404701880783127965e+00
2.404800439467857931e+00
2.338222962742157574e+00
2.432454228170870092e+00
2.297304216420446465e+00
2.518318158352887526e+00
2.485501884176065435e+00
2.481053495132937048e+00
2.226153741254007556e+00
2.056809096905515943e+00
2.184579411817694883e+00
2.130011974651151441e+00
2.201361859914395147e+00
2.238257185721378661e+00
2.215002848810175173e+00
2.330979305082149899e+00
2.266859758156217541e+00
2.311385821827967479e+00
2.371061488288127350e+00
2.309955353618430074e+00
2.326565297284541423e+00
2.584361109928640765e+00
2.432701227159626445e+00
2.445561810757483023e+00
2.599625146442091417e+00
2.404943092004374172e+00
2.373956831065582751e+00
2.523467956786785926e+00
2.532622797279298066e+00
2.473715386751293543e+00
2.540163841899918395e+00
2.543754684334257554e+00
2.756657269666120680e+00
2.598411006877767271e+00
2.600576241123404131e+00
2.601682569640374254e+00
2.621818488047876095e+00
2.706262305861401707e+00
2.477911022546628761e+00
2.664623389219193950e+00
2.456471528989694342e+00
2.441683739433245570e+00
2.664212476199820934e+00
2.534789184293522624e+00
2.505144350032054490e+00
2.500390465635294213e+00
2.365062387702004720e+00
2.386511571135671250e+00
2.535921646031617627e+00
2.559409085041615572e+00
2.138180198068329041e+00
2.131654472579733728e+00
1.930684707128086819e+00
2.248685117226138619e+00
2.086239568246011089e+00
2.319504496388944847e+00
2.238534900326406785e+00
2.175169849518912457e+00
2.141319249684944470e+00
2.269712425682575141e+00
2.222948835780858445e+00
2.018230573562681318e+00
2.081341819228540224e+00
2.145337606121677787e+00
2.371733433797271751e+00
2.158622575084871098e+00
1.991506845543692616e+00
2.409365781565595110e+00
2.042426480521938537e+00
2.196079057550827773e+00
2.142824046110314740e+00
2.437732035978041001e+00
2.128112868962795723e+00
2.162998666151175531e+00
2.475897418122310789e+00
2.295605922283131317e+00
2.064264677621848953e+00
2.343090829148253285e+00
2.541046978787705246e+00
2.180834432254552091e+00
2.446705625738895051e+00
2.221818240353377494e+00
2.141596879098702111e+00
2.590724516906962815e+00
2.487616582845223689e+00
2.547113202021187739e+00
2.547875729239994946e+00
2.182278217332882075e+00
2.220882370164686037e+00
2.258997818587265449e+00
2.358576751906828584e+00
2.499615171471145203e+00
2.546449039257221436e+00
2.409233629898725582e+00
2.135193099649217885e+00
2.352147618120567607e+00
2.485330830142268521e+00
2.532970270630980014e+00
2.474013655663001021e+00
2.388572038180192258e+00
2.384290296960530853e+00
2.353491508677897137e+00
2.257448185586061751e+00
2.301228991328239548e+00
2.119365052281707129e+00
2.382210077831295791e+00
2.296227702831695971e+00
2.584178006016162321e+00
2.269157693517168006e+00
2.192843596915317494e+00
2.433052738644271962e+00
2.309607902233661303e+00
2.606378264982598392e+00
2.162986028972546215e+00
2.266332970795300827e+00
2.315836285600488154e+00
2.364891246602085495e+00
2.495104710142076243e+00
2.222225021811199408e+00
2.478789642715345298e+00
2.387837281790150090e+00
2.360077841999833392e+00
2.263405965741382531e+00
2.542593650709428665e+00
2.421183402393913831e+00
2.254287413929693784e+00
2.476976330763214218e+00
2.199783014396875735e+00
2.426710488420575462e+00
2.392080179490418956e+00
2.535286263549037411e+00
2.227398958028581344e+00
2.191397449239009365e+00
2.312444541425616507e+00
2.253399212846665112e+00
2.276603449549821523e+00
2.182659932401219027e+00
2.308597198333988576e+00
2.484359005588066438e+00
2.391993058635976332e+00
2.544880881683662555e+00
2.316134183960962822e+00
2.598802781046784638e+00
2.598719341042462272e+00
2.370175075795475816e+00
2.389206246903299746e+00
2.412210273290144258e+00
2.402308336193260896e+00
2.370715141904690348e+00
2.511456835763730133e+00
2.520794906901879795e+00
2.599944098297831907e+00
2.461483483198911415e+00
2.317554946416683137e+00
2.356838199700876491e+00
2.555500492524362510e+00
2.457005124251375960e+00
2.567150784462649327e+00
2.591802219689567366e+00
2.565864324622469272e+00
2.549913692306883473e+00
2.647410875975985345e+00
2.584325479786001356e+00
2.476020738727292780e+00
2.465517165952249012e+00
2.512359153809319068e+00
2.547685607090851345e+00
2.235081100684462641e+00
2.219155108164220458e+00
2.496505061248475599e+00
2.481192760263298602e+00
2.507578980939083824e+00
2.468300281987445555e+00
2.450689004336671140e+00
2.460510680758735358e+00
2.512620120028849158e+00
2.485867307600152287e+00
2.545215759376041831e+00
2.727379559592472802e+00
2.461140375064747587e+00
2.550264439978593867e+00
2.562733822199345202e+00
2.593505169070750682e+00
2.581209509383937561e+00
2.516059233195616862e+00
2.432077011076627215e+00
2.664823124576009228e+00
2.601274493797276488e+00
2.288413816747832730e+00
2.645262570782580092e+00
2.525338296072582978e+00
2.670147883189308402e+00
2.424550198327145356e+00
2.649092524405183724e+00
2.501909472142693325e+00
2.391331781806150136e+00
2.671402903567690057e+00
2.611435168043626742e+00
2.656958192949436803e+00
2.104868265082104006e+00
2.338984685284198228e+00
2.206552654290233395e+00
2.269428534774615702e+00
2.211846599483250575e+00
2.214693417680869469e+00
2.288490661674592808e+00
1.977803035925768560e+00
2.139203052475349587e+00
1.982235147670380115e+00
1.956156909048244907e+00
2.119343078139398706e+00
2.007007994921903737e+00
2.163874702719041032e+00
2.084726083398889873e+00
2.385625077654672577e+00
1.924348591715604018e+00
2.546910601098665072e+00
2.536637329905402805e+00
2.538311331941037086e+00
2.497628211108379848e+00
2.405164298025913361e+00
2.517190890000551740e+00
2.278628243346553006e+00
2.392876397953600520e+00
2.348252826649181557e+00
2.226219085839882261e+00
2.299270182254207207e+00
2.264456210349475196e+00
2.389311703983611590e+00
2.319027875836204622e+00
2.586016615909335847e+00
2.479054877249661004e+00
2.385324814363047441e+00
2.380682478269101399e+00
2.486592269488773432e+00
2.436973806004647081e+00
2.600861495930797407e+00
2.365560644008360303e+00
2.430457918202560741e+00
2.556654756695215802e+00
2.674272699550172216e+00
2.557579814608851976e+00
2.614567526827566990e+00
2.708086765646656513e+00
2.615737208435778172e+00
2.433258608805224377e+00
2.633351971126950186e+00
2.546678557893061967e+00
2.726805578622955029e+00
2.744591201199420460e+00
2.562662457983332143e+00
2.566423897834229084e+00
2.550673024445841541e+00
2.612992232455200181e+00
2.184708666355720919e+00
2.540886274159541269e+00
2.365417706464340242e+00
2.469413815534704959e+00
2.337066795222225046e+00
2.408531566147868119e+00
2.573900063828284512e+00
2.502908914905201065e+00
2.052241549812539922e+00
2.075625347425278822e+00
1.941826787799705301e+00
2.051307207390162812e+00
2.383087280297902399e+00
2.117699038088605601e+00
2.169994867429282603e+00
2.229704384209432622e+00
2.172639496924309910e+00
2.195877953344164801e+00
2.395205489458636094e+00
2.169716459869562630e+00
2.394703356603992805e+00
2.400609333308612481e+00
2.165331662638862120e+00
2.242409593800720025e+00
2.244275968581178393e+00
2.330095243724797260e+00
2.377259807501823641e+00
2.402195878146668573e+00
2.528297188521395622e+00
2.367047664348548075e+00
2.486545277980228175e+00
2.540664531515177682e+00
2.493715913336216339e+00
2.580740835231551955e+00
2.574728386103492195e+00
2.537948981854106112e+00
2.681723109226237245e+00
2.636348866383699363e+00
2.518006104873555362e+00
2.631513422613513509e+00
2.496429521827498998e+00
2.428675117829225183e+00
2.470069950509308221e+00
2.370470765472270980e+00
2.360690732255432245e+00
2.449033131600741875e+00
2.579499747358589445e+00
2.523923408902174259e+00
