1.787099890993128826e+00
1.777322879511873621e+00
1.875451616421151435e+00
1.708999112706451884e+00
1.753450311220923874e+00
1.929324329871929367e+00
1.756084725347555553e+00
1.842600739777747743e+00
1.721344298201409551e+00
1.789866675076389191e+00
1.850955770242980192e+00
1.826774767487653328e+00
1.859463174260099105e+00
1.860849826644742411e+00
1.750119445222108716e+00
1.907378371473410716e+00
1.807137842668687044e+00
1.765427682232561191e+00
1.678549959249258539e+00
1.657774495054538111e+00
1.702331465927372278e+00
2.012476315293063145e+00
1.634864941874912159e+00
1.730597449178317593e+00
1.593375897537453678e+00
2.069462483779063167e+00
1.772018631302875624e+00
1.927581881224259330e+00
1.953913611797063243e+00
1.927214184091533111e+00
1.884901253034678037e+00
1.815209099656837077e+00
1.879458818740623816e+00
1.631759505556115819e+00
1.652389300500348268e+00
1.635546509518885694e+00
2.010493790938941316e+00
1.753165704037198624e+00
2.152629300361172504e+00
1.971839816750218244e+00
2.084380701290807103e+00
2.117897955821589573e+00
1.915481378457448702e+00
1.840453261729859902e+00
1.685729643033696323e+00
1.759136086908640983e+00
2.103272293162769646e+00
1.880109169193776353e+00
1.893744865114730169e+00
2.006794731676298849e+00
1.815346992520133984e+00
2.111227910058088408e+00
2.084242051883971936e+00
2.004791768893665616e+00
1.750078969011630958e+00
1.802253872688861724e+00
1.824120559674471842e+00
1.766360454098175436e+00
1.851800495200035535e+00
1.772903767302779432e+00
1.641429220642141695e+00
1.798548707474582065e+00
1.627825389128425337e+00
1.880988573844704970e+00
1.648501614074102894e+00
1.769655897510463038e+00
1.793929586428227196e+00
1.803138796519064613e+00
1.976374962997869744e+00
1.753285457474189180e+00
2.180135888236390596e+00
2.122956705396581434e+00
2.112291756735190873e+00
1.884238128440268722e+00
1.826135124020049627e+00
1.818209968715812419e+00
1.765662545365592084e+00
1.836668382843703595e+00
1.746962039053459703e+00
1.917913522851341090e+00
1.683433712280821615e+00
1.799333721053274049e+00
1.776207247395365840e+00
1.861860364416256797e+00
1.734639288979851202e+00
1.858428643888695442e+00
1.990896312560763493e+00
1.912041302965646450e+00
1.884141982202171661e+00
2.014106425412074852e+00
1.961404971940366337e+00
2.025311258215003019e+00
1.849341859817172473e+00
2.029646398047699307e+00
2.082657197602188592e+00
2.094397915463363180e+00
2.135587616983132708e+00
2.010112897481539651e+00
2.091169438316417217e+00
1.887653122713790932e+00
1.790795424312025208e+00
1.906814366318147602e+00
1.817755693269616390e+00
1.723712501003309194e+00
1.875130561026235210e+00
1.769405692850849698e+00
1.945174957648896807e+00
1.780857613292496255e+00
1.730798800474620425e+00
1.837550584257389596e+00
1.958257724204371497e+00
1.848217623765603168e+00
1.841384972656589625e+00
2.041589589425459206e+00
2.096665789890365783e+00
1.930439388967572167e+00
1.884604669756714701e+00
1.954701013769249096e+00
1.894535656239628052e+00
1.914151438912929493e+00
1.828115942710967667e+00
1.897722231251138147e+00
2.009225688247112451e+00
1.800065087777842354e+00
1.864039007968589789e+00
2.010723856633627182e+00
1.749395634072285821e+00
1.906599784543193010e+00
1.879312157026518548e+00
1.839326880858069613e+00
1.986286864459488877e+00
1.896781316729635680e+00
1.946112621821490807e+00
1.803711303342948824e+00
1.872110383475067197e+00
1.935702544868528774e+00
1.827046774877356006e+00
1.879520389470913377e+00
1.811205383683468506e+00
2.210739725244488252e+00
1.931319571517826628e+00
2.147520472547141512e+00
2.153761488485867570e+00
2.067844258784302003e+00
1.999238894854644011e+00
2.013259034626792232e+00
2.096283995792429078e+00
1.950263244603145374e+00
1.913949376841286520e+00
2.016287524887356408e+00
2.027187347619717528e+00
1.883089857649274057e+00
2.043744857589446795e+00
1.930118340450571290e+00
2.135949661746829875e+00
2.114898128478199357e+00
2.011347642475602271e+00
2.157365710380402035e+00
1.854497379889041619e+00
1.893635443052121614e+00
1.901103343139024293e+00
1.905173632060989553e+00
1.785699173782112181e+00
1.799093109759709375e+00
2.072508520931978016e+00
1.967584116993472465e+00
2.070585341105207089e+00
1.939267731030776654e+00
1.980395725516870709e+00
1.905889178121374705e+00
1.876012227604821669e+00
1.939087140653271035e+00
2.059113978407376866e+00
1.925583973841556107e+00
1.977588903229178463e+00
2.085906471364600723e+00
2.154046929269360255e+00
2.200189757819048353e+00
2.140507053466007115e+00
2.089193175327965779e+00
2.153840888479930271e+00
2.066550880098967369e+00
1.973859740398486995e+00
2.067898196629147201e+00
1.920643108728554704e+00
1.942303549954358832e+00
1.859018792877121129e+00
1.871816604349650470e+00
1.836275555295954653e+00
2.065446040253956728e+00
1.847636952936544841e+00
1.890504086076619350e+00
1.959131267217321559e+00
2.000168914444590218e+00
2.044856047703558666e+00
1.979634236721745211e+00
2.002510304340831659e+00
2.100910706495847435e+00
2.175524617976442698e+00
2.127983618777193886e+00
