1.776993210618522001e+00
1.821896549491636819e+00
1.941287984480450479e+00
1.698366692080375495e+00
1.727322012288963204e+00
2.080796115280064917e+00
1.781863263079897619e+00
2.051625997866869611e+00
1.701605098763563362e+00
1.848468766380436001e+00
1.930506690907842104e+00
1.769930733106636511e+00
2.012462256385332271e+00
2.043838035051746438e+00
1.933091465265373454e+00
2.006919911799193379e+00
2.108430931698108246e+00
1.949141589151884402e+00
1.875374320425280628e+00
1.990960188914961959e+00
2.188196946714115576e+00
2.118566725901160019e+00
1.815995810018914414e+00
1.849117019021232933e+00
1.960071465280084135e+00
2.102647109359672584e+00
1.879901476079285372e+00
2.168282638333813406e+00
2.200342724526157756e+00
1.977676552150955391e+00
1.906100516038015336e+00
2.146415594911074809e+00
2.176183014472045762e+00
1.838410454253275983e+00
1.846442223573165009e+00
1.928601679572550021e+00
2.260787938794327712e+00
2.108081513460450473e+00
2.286702326511664385e+00
2.128724043044035508e+00
2.208033481341385329e+00
2.208622721727822480e+00
2.189135458393874245e+00
2.071503516614375151e+00
1.957816968098862853e+00
1.965992442246834448e+00
2.339471245730402771e+00
2.115496350231571121e+00
2.118386851605280619e+00
2.134160377564358946e+00
2.130718141495047568e+00
2.239971883658884888e+00
2.099399645705487760e+00
2.198184831785207738e+00
1.794576851769422943e+00
1.921525819510575328e+00
1.845427549661117883e+00
1.849004576284608792e+00
1.832829969464523590e+00
1.724102829432971440e+00
2.146038653078665703e+00
2.151208002924375862e+00
1.897411924486699153e+00
2.116998712750942868e+00
1.751683842638260602e+00
1.850207372978621478e+00
1.977657476072041121e+00
2.173804507310718392e+00
2.173260129397043272e+00
2.261662934066166919e+00
2.264174868083830283e+00
2.386954678593950163e+00
2.222626287874648110e+00
1.833464628156825871e+00
1.939028220147813952e+00
1.847882991177647982e+00
1.989148922126674490e+00
2.096154872356843502e+00
2.107191173398495376e+00
2.104778201253338477e+00
2.020655448620685135e+00
2.175674777067706955e+00
1.911755265357263589e+00
1.854755944340497287e+00
1.883107032234279776e+00
1.941127950702549176e+00
2.151242083470486843e+00
2.055288455259253411e+00
2.034538700767533737e+00
2.144439619252790141e+00
2.083704924503090083e+00
2.126082510661980507e+00
2.229662917226183261e+00
2.153870516720456596e+00
2.246505031539396846e+00
2.259641745063208695e+00
2.127678682930807863e+00
2.104423956647485827e+00
2.247410630815852794e+00
1.855227805088177195e+00
1.791738702405128558e+00
1.797497467374852054e+00
1.806265571774795076e+00
1.688942038547148305e+00
1.929471002807312763e+00
1.770554865525893584e+00
2.061462135586615396e+00
1.830448176366970658e+00
1.656503173425504460e+00
1.842269251160262078e+00
1.972611010723631209e+00
1.854473696889017420e+00
1.758718459264355882e+00
2.025120685511601071e+00
2.079656476543058297e+00
1.880359361550645758e+00
1.862341930173426308e+00
2.085312901646975359e+00
1.898872310982389289e+00
1.896794740092392351e+00
1.830622897127101689e+00
1.936593573772734445e+00
2.098959684855051577e+00
1.875037397214731838e+00
1.966472813884442283e+00
2.143933376363124310e+00
1.881982093293650626e+00
1.952438649662563863e+00
2.057114094526228953e+00
1.940122448407233913e+00
2.153917247143625424e+00
1.977253524640328219e+00
2.055992189156566674e+00
1.943493244724384672e+00
1.956392033276904696e+00
2.007167117519400801e+00
1.923101365309193733e+00
1.930851298501522484e+00
1.907671435399541648e+00
2.237328277282846223e+00
1.932163389224553995e+00
2.153727825691687414e+00
2.162224798747662824e+00
2.097050628118749316e+00
2.174588925832343200e+00
2.191390879485616949e+00
2.218896955300173612e+00
2.102857253979514063e+00
1.953776148105592192e+00
1.968226985999246281e+00
2.200538977716013811e+00
1.897454745205875426e+00
2.147365671037992030e+00
1.969675004172056099e+00
2.233480326909124791e+00
2.194819714016876588e+00
2.015634946384256665e+00
2.304604652047697932e+00
1.865390933730048495e+00
1.865072709510732674e+00
1.902717548750022081e+00
1.874983735049431832e+00
1.859224599930245025e+00
1.799084206979098211e+00
2.105212206548704224e+00
2.015504065449217119e+00
2.125794848286783445e+00
2.061403092106038670e+00
1.933835554186746908e+00
1.921630062494491753e+00
1.923555120354615511e+00
2.058316757219957438e+00
2.162765766726099326e+00
2.080372171501036593e+00
2.138560185332464059e+00
2.334513260484775810e+00
2.186421593038051725e+00
2.394216760551662659e+00
2.367779196281660781e+00
2.162191529531293899e+00
2.208669932909526956e+00
2.097557244384959052e+00
2.135794575294420294e+00
2.181801995253910498e+00
1.870446231139589299e+00
1.964959815337839366e+00
1.899258475329879792e+00
1.997593633465836627e+00
1.880008131339628186e+00
1.997801001421456890e+00
1.883607590667537579e+00
2.055057719623324619e+00
2.069899967954886399e+00
2.051532728250896831e+00
2.113927588863913076e+00
2.224816026676392333e+00
2.106565391720699676e+00
2.295091312870713551e+00
2.317224766099018396e+00
2.249581497179019784e+00
