2.133687534228710714e+00
2.122977986690442798e+00
2.178781424035794778e+00
2.077819529749324712e+00
2.167131689871898637e+00
2.083373318144937425e+00
2.043608005547526751e+00
2.328721799919381663e+00
2.006099967185837940e+00
1.948600533066583873e+00
2.002960497973025777e+00
1.968820849158802622e+00
2.052005428240982532e+00
2.187100160377344338e+00
2.018392492814377714e+00
2.010788231198850085e+00
2.262838324141136059e+00
1.970091840440667319e+00
2.321155872380247676e+00
1.950368169551376152e+00
2.063371350977413421e+00
2.155066041502372798e+00
2.611190438986173312e+00
2.293727781671389021e+00
2.068200306926418985e+00
2.291661482229699232e+00
2.161196475783008442e+00
2.084165106935938372e+00
2.486455567121053090e+00
2.137491227336050237e+00
2.342781981362479282e+00
2.409460653007185371e+00
2.273352417473849751e+00
2.325624693687179612e+00
2.427124392593543067e+00
2.432928051084307874e+00
2.491074978744022950e+00
2.474708265491755821e+00
2.392206942913408518e+00
2.088260924484763859e+00
2.138094968687938469e+00
2.324229248420731420e+00
2.174321765530596640e+00
2.319364343036448783e+00
2.018657581074166707e+00
2.343353614496436865e+00
2.378774495556674751e+00
2.214807327929677605e+00
2.337687019687751722e+00
2.161403193592944749e+00
2.303205899139765922e+00
2.264435504976135771e+00
2.193688464665962012e+00
2.139891915017558155e+00
2.230641047903873186e+00
2.182353572464857283e+00
2.216257799538644768e+00
2.092268786275828241e+00
2.135777823225354588e+00
2.035958955782906976e+00
2.303476834367363946e+00
1.998704065705760202e+00
2.205663413858308441e+00
2.033972061877085569e+00
2.365013454874325127e+00
2.416750204096708377e+00
2.141816935492762308e+00
2.110469863385532108e+00
2.307861465913680021e+00
2.434492930210299555e+00
2.347149737008660697e+00
2.338037916513177716e+00
2.532519704291167795e+00
2.231938243796536714e+00
2.416229909174388180e+00
2.248834913213181519e+00
2.250401069117581976e+00
2.319309145928595051e+00
2.531479281154667138e+00
2.265606456763802345e+00
2.383158533393053613e+00
2.288240567176464513e+00
2.274225071874790505e+00
2.318678885100184051e+00
2.240723480768338494e+00
2.195424136931433789e+00
2.173213699313942371e+00
2.227457745639309650e+00
2.420264903610861218e+00
2.464967185606849132e+00
2.223738270156687680e+00
2.217705810416779943e+00
2.306637528822632177e+00
2.182278727768480753e+00
2.353712116566121892e+00
2.156237294585515940e+00
2.269896522266407146e+00
2.291202160222641560e+00
2.371728717710152701e+00
2.203074372460176011e+00
2.397919076478371547e+00
2.356996461640387786e+00
2.474040383308021340e+00
2.676265785192679214e+00
2.532768968365817219e+00
2.521131321629788147e+00
2.458038157929943957e+00
2.441754487436477827e+00
2.329437182234696202e+00
2.488953824874015730e+00
2.437933579299353948e+00
2.308621226153881878e+00
2.306457889582138598e+00
2.316962032708543173e+00
2.278143712287254985e+00
2.367223911696624938e+00
2.286510365795269450e+00
2.008924488402261677e+00
2.498165157217936638e+00
2.244168544707497936e+00
2.574860879838818395e+00
2.434070432140117646e+00
2.353651775561599990e+00
2.340928081202611644e+00
2.491705524083271950e+00
2.338733197218057391e+00
2.584137883698978566e+00
2.278341424621986189e+00
2.554780905301285099e+00
2.471116333073015259e+00
2.344814066064679459e+00
2.485431116961327902e+00
2.558291912378771293e+00
2.434995568480675665e+00
2.386902202732135159e+00
2.525424530707548243e+00
2.599681130415227415e+00
2.508572320417934876e+00
2.209732530250540172e+00
2.196627568892370874e+00
2.158545097897079046e+00
2.126181688247276824e+00
2.083514186226734122e+00
2.236348469026351982e+00
2.005919875285062215e+00
2.117642197736110621e+00
1.926019698433229843e+00
2.012295399417347586e+00
2.208588784094488222e+00
2.208937501421011529e+00
2.197521797539515820e+00
1.959613163872958586e+00
2.015845322186637034e+00
2.168026530868709223e+00
2.265248945532035929e+00
2.532287985872257341e+00
2.473717845665367232e+00
2.352255954628097889e+00
2.291947635420953144e+00
2.237314522880421208e+00
2.348955244816966825e+00
2.245555313124215857e+00
2.310008349122322890e+00
2.559217048436682074e+00
2.572357821016309387e+00
2.186411322453163830e+00
2.331792378189406101e+00
2.293016617690450509e+00
2.493950059566645283e+00
2.345268378530211528e+00
2.620656180443614591e+00
2.372463162551881499e+00
2.436973479074013404e+00
2.531595145103702649e+00
2.376829037886207363e+00
2.331439953563994916e+00
2.476341876047758461e+00
2.518932262245898723e+00
2.492163532628412614e+00
2.642720615507301751e+00
2.588793712782173628e+00
2.644101936234474426e+00
2.488517390862870382e+00
2.542637304576810919e+00
2.570157903518900611e+00
2.235232122792013332e+00
2.352559856059067478e+00
2.274399877821937199e+00
1.998724415680698030e+00
2.242010256419490144e+00
1.989931235632917739e+00
2.333216665938879331e+00
2.296602844833064871e+00
2.144691445293368304e+00
2.385424417986998336e+00
2.309016541079672358e+00
2.376129732485027013e+00
2.246461626311519577e+00
2.377641671210671159e+00
2.433657054329685820e+00
2.299194603691252947e+00
2.502557197316182425e+00
2.336464347945401698e+00
2.441606341994204232e+00
2.431662939737551099e+00
2.426624693582496661e+00
2.277620034700955642e+00
2.044569350155255538e+00
2.239547968107550968e+00
2.228612705839210673e+00
2.133954076465908400e+00
2.186754257474844199e+00
2.254057781745133049e+00
2.175107193629735036e+00
2.274134258524682206e+00
2.345086895296496721e+00
2.404171263902076916e+00
2.234014483878265178e+00
2.255403867577036259e+00
2.581338416525704282e+00
2.398863878945899586e+00
2.264069148125619879e+00
2.584767181910083256e+00
2.293268012034653580e+00
2.258551179020032773e+00
2.348213458087540673e+00
2.454510272293288331e+00
2.312185101938200038e+00
2.374189276709939289e+00
2.374539993029817442e+00
2.593722449741420633e+00
2.517188096214669102e+00
2.445866542654608455e+00
2.375128869828927680e+00
2.513792074605277538e+00
2.600939053504955023e+00
2.464498523088802351e+00
2.602160132621304189e+00
2.404430521671128584e+00
2.480821157552385525e+00
2.604776630155823725e+00
2.371128569258601715e+00
2.450192203411512448e+00
2.383496062762191059e+00
2.430923386953546483e+00
2.459734577442611148e+00
2.464121830364889298e+00
2.431696212509955934e+00
1.971296144380325854e+00
2.049297307908916732e+00
1.954749039967412116e+00
2.150880707871690944e+00
2.115951405586921297e+00
2.157867825216385427e+00
2.042667654133231814e+00
2.056156353041600937e+00
2.039850565523467996e+00
2.121942589564863368e+00
2.193979925018096022e+00
1.999369393318396693e+00
1.938607692556860718e+00
1.964921475655842853e+00
2.248502234948289491e+00
2.073171689120586692e+00
1.977442187469819146e+00
2.406720376609085665e+00
1.950921110106646594e+00
2.149509550930420065e+00
2.059425608605438995e+00
2.684946265445513180e+00
2.073001771976199947e+00
2.077070562818073007e+00
2.447836273798873918e+00
2.329454131158522401e+00
2.095629518848967532e+00
2.212466895323386584e+00
2.440687173941093580e+00
2.144114144057499338e+00
2.270786466433735384e+00
2.253777446819804187e+00
2.221082909429916263e+00
2.385123207514993737e+00
2.414692052711928216e+00
2.529656350766578576e+00
2.362040701954373656e+00
2.191831384414086870e+00
2.240358515565058717e+00
2.236693814975377226e+00
2.257046226642845266e+00
2.454977490109952143e+00
2.452063920208438663e+00
2.343591327282778636e+00
2.159854177722378310e+00
2.341305076242505834e+00
2.280051961272906880e+00
2.292458725778556250e+00
2.299633076055648484e+00
2.226391324663207882e+00
2.182735460819790418e+00
2.270320016754499903e+00
2.213268106017473258e+00
2.163014327173657048e+00
2.050436778995658127e+00
2.146370878784303216e+00
2.145536326143512529e+00
2.370489405908275948e+00
2.061381301772156061e+00
2.209831839150506738e+00
2.289671432404118967e+00
2.039974784531927376e+00
2.492218455356810747e+00
2.048805455844030288e+00
2.420026356872901907e+00
2.144767138240026405e+00
2.321123307436061101e+00
2.251923862226700823e+00
2.230417154939519975e+00
2.389807608521937965e+00
2.315430351328820802e+00
2.374959955412224488e+00
2.381329883089851496e+00
2.582134003484637397e+00
2.242481173748413159e+00
2.268543984229738797e+00
2.422462934591882888e+00
2.169550380347130325e+00
2.164057387242225960e+00
2.360371952298219167e+00
2.524684277713864500e+00
2.318380972150150487e+00
2.326957775272083140e+00
2.170896394935478479e+00
2.231572804826233103e+00
2.059421644713605115e+00
2.171897472056917522e+00
2.219289103464230806e+00
2.394433071643871536e+00
2.234478174119765459e+00
2.509690373736609192e+00
2.337392707128069347e+00
2.277645690802148515e+00
2.352138347751190128e+00
2.324296832684492387e+00
2.061121370899928973e+00
2.117616719885220267e+00
2.319390901394692062e+00
2.216725332180547348e+00
2.321395547065528753e+00
2.351151975801649474e+00
2.495258700179422640e+00
2.163662448755610868e+00
2.329137582203647305e+00
2.380985585514203695e+00
2.531272242654834415e+00
2.501373554406200128e+00
2.556456246712113689e+00
2.652222307652668309e+00
2.487694249188208140e+00
2.446741276992324909e+00
2.367320562824925201e+00
2.383369135722920085e+00
2.322405488838021892e+00
2.371419755799723639e+00
2.319040632759615139e+00
2.298680457005773725e+00
2.223384823173470526e+00
2.175717246894568024e+00
2.252957857861853430e+00
2.366314991840932080e+00
2.436568869908679602e+00
2.367425919537621937e+00
2.457320302441427184e+00
2.426604360063518318e+00
2.345100816960707935e+00
2.309788854191290319e+00
2.450374189782618117e+00
2.623934837204627168e+00
2.302598273525536143e+00
2.389056929616794278e+00
2.457594854609839619e+00
2.496113434961294786e+00
2.564911363077913009e+00
2.400794372258465703e+00
2.292426702494209767e+00
2.612222512134900310e+00
2.444720649273737223e+00
2.443714832970359740e+00
2.544748017603847945e+00
2.303534057186447992e+00
2.422023379497920903e+00
2.374441323887911182e+00
2.520691474574253022e+00
2.485501575298159072e+00
2.381570944126937039e+00
2.583087548313090842e+00
2.585408151263534737e+00
2.530584728291471741e+00
2.109555770770324745e+00
2.166924388272351898e+00
2.071890058144805202e+00
2.202429988855298060e+00
2.041055565863239885e+00
2.259659539476172707e+00
2.199974904722921121e+00
2.156349338075976618e+00
1.974134723868592234e+00
1.852674521538747676e+00
1.967546607543220638e+00
2.150476667759416927e+00
2.175933915336620394e+00
2.075452094830292804e+00
2.101327484718935157e+00
2.039586565819744735e+00
1.994161255309470970e+00
2.411882954968062709e+00
2.308256758544923404e+00
2.355435821824346743e+00
2.294558379834361173e+00
2.212694230725739786e+00
2.443412322614740173e+00
2.292653466911348303e+00
2.309395736925260678e+00
2.303058758727668742e+00
2.125041370103277760e+00
2.307904371849342606e+00
2.311718292396906627e+00
2.364963567359399832e+00
2.288499238549147385e+00
2.507565581640853747e+00
2.574078869630775923e+00
2.317275280870621845e+00
2.178813845235167967e+00
2.517510045883522452e+00
2.270575655945922922e+00
2.628067514831335494e+00
2.245635038664368199e+00
2.443500193778971763e+00
2.397470900041750230e+00
2.557760774783566227e+00
2.327770397626508725e+00
2.480154344691619439e+00
2.590761511512019499e+00
2.460891688781384534e+00
2.478433659943673817e+00
2.470885396663577982e+00
2.561474265937673689e+00
2.683217356904556539e+00
2.674375985327973382e+00
2.484402621923849530e+00
2.453196938281666739e+00
2.508266746524149493e+00
2.564064622088537693e+00
2.063794285481436841e+00
2.269137150698978367e+00
2.127103714033713455e+00
2.198498562026394598e+00
2.247107760563508805e+00
2.264257307765120242e+00
2.420480761745154474e+00
2.421380012325356823e+00
2.163178037439128953e+00
2.271120166742679025e+00
2.082589476543166285e+00
2.199624414264083505e+00
2.321340914498240871e+00
2.201878560687520192e+00
2.219575327015277821e+00
2.252280702318682604e+00
2.142896229181072698e+00
2.183125106857728870e+00
2.211718117670762318e+00
2.053018787835354964e+00
2.265774400284485957e+00
2.423795525371339465e+00
2.074772605854178664e+00
2.257294630499620425e+00
2.179276763583200882e+00
2.235018301317617251e+00
2.344678708884679441e+00
2.261785752876989797e+00
2.488444698363323937e+00
2.306787506368301877e+00
2.404896591539330775e+00
2.369494834787281512e+00
2.288048144247547988e+00
2.479481183431807345e+00
2.460991031707639110e+00
2.389804686655171651e+00
2.631003593895128834e+00
2.661830984819315127e+00
2.652000937445880613e+00
2.627482583574392905e+00
2.438136121905221554e+00
2.486318796187370062e+00
2.422682876017585141e+00
2.302985625391451130e+00
2.339637436341956533e+00
2.431829559979038269e+00
2.401873154212933237e+00
2.451600689376281395e+00
