2.151520418768768206e+00
2.102122081421279542e+00
2.226115278159439548e+00
2.145144651898925225e+00
2.099048956831297552e+00
2.129348396155253287e+00
2.108981833323319677e+00
2.298817331236564065e+00
2.109899756189610454e+00
2.059211480949895368e+00
2.036508617253376396e+00
2.118240707906189790e+00
2.080051881769881206e+00
2.154309710175701387e+00
2.255565169893213984e+00
1.999265471145766027e+00
2.084114185032854838e+00
1.942558440104559248e+00
2.270228737943873920e+00
1.979830618938764664e+00
2.060768173017310190e+00
2.004451986259330187e+00
2.440978537671973925e+00
2.061829510016867761e+00
2.098121341155567254e+00
2.229271281735112797e+00
2.137620450143483453e+00
2.119736675535753623e+00
2.312782863144428269e+00
2.060446395534654140e+00
2.108788544613733329e+00
2.317075447534847399e+00
2.185321509773143323e+00
2.237039476258319670e+00
2.207403196372402565e+00
2.291549691228285113e+00
2.193998088980793959e+00
2.267579469868741704e+00
2.248667533265404472e+00
1.996865085536670970e+00
2.001101328095822751e+00
2.053621055604196055e+00
2.072932982103691923e+00
2.279488191404055897e+00
2.055669923729508408e+00
2.210954020418912869e+00
2.179235419979688171e+00
2.267682202613360509e+00
2.138387506450966757e+00
2.178141990753165835e+00
2.203049631053545454e+00
2.145803903505283383e+00
2.299103700808525108e+00
2.084127135986917345e+00
2.136351307465008897e+00
2.091642320360383778e+00
2.116352565144719033e+00
2.030990594904014124e+00
2.204253974846951625e+00
2.062902320219128338e+00
2.228110663248364709e+00
2.014324375759965591e+00
2.107201745245657065e+00
1.958105957349754123e+00
2.382478607749750843e+00
2.310981375892691148e+00
2.033984203609519259e+00
1.961638613711443213e+00
2.144075933064013562e+00
2.249446280042924684e+00
2.273176568361040317e+00
2.242925300656271048e+00
2.353525822778378185e+00
2.096789559318497531e+00
2.227008893054049476e+00
2.115006948386006336e+00
2.111967589597760320e+00
2.073019498248793280e+00
2.203309250823237253e+00
2.072520852745478148e+00
2.242251018128487150e+00
2.035581370190058248e+00
2.011817335146157681e+00
2.230632701009912289e+00
2.055817037962288207e+00
2.114496296911264395e+00
2.119451651709276074e+00
2.264346225168162530e+00
2.288528311902626289e+00
2.335780189811518248e+00
2.207932054691504664e+00
2.116736740072977963e+00
2.234925609858974038e+00
2.145823713554241507e+00
2.143348106452091173e+00
2.154729468345573107e+00
2.154036797250947988e+00
2.185284695783255238e+00
2.152888072542460396e+00
2.164556100707327957e+00
2.187497013311115346e+00
2.140150117951649555e+00
2.233575729312924807e+00
2.252495440093045254e+00
2.352706578680283656e+00
2.324898314027155966e+00
2.194015092936384637e+00
2.203218342611156011e+00
2.237054139195492564e+00
2.186852810923856083e+00
2.200383547973635778e+00
2.403436287986493447e+00
2.348630206991576763e+00
2.255640524588748530e+00
2.203318500650038647e+00
2.258993140384967457e+00
2.199940756882602599e+00
1.996004293557214870e+00
2.251162580816513881e+00
2.083839926853266356e+00
2.290140013535379548e+00
2.291295726910942854e+00
2.303107712913293526e+00
2.312600259258541513e+00
2.357027660412667203e+00
2.217838844552990185e+00
2.390188476739320667e+00
2.199311884858682120e+00
2.378034521784528010e+00
2.365152840793065536e+00
2.282589576747205751e+00
2.325066847094349853e+00
2.247893329276565488e+00
2.154637148152472204e+00
2.149911112383411371e+00
2.288543332449951340e+00
2.164356009060864672e+00
2.391102971207880845e+00
2.186905098814937887e+00
2.140195615603754931e+00
2.124642642271283410e+00
2.076475841532934297e+00
2.211977992387930581e+00
2.201087728333109172e+00
2.121721110349366946e+00
2.063811843626071951e+00
1.994996501832086544e+00
2.179986339341091206e+00
2.203217957368099889e+00
2.147975312360206335e+00
2.140955329666907936e+00
1.981071746362990105e+00
2.077692065640595942e+00
2.085467877165082307e+00
2.092479020052326888e+00
2.268248214648139527e+00
2.253682117225920933e+00
2.203584055505999562e+00
2.214008342352366210e+00
2.261317440725469030e+00
2.174222379200602795e+00
2.134690843488616707e+00
2.238335414096459530e+00
2.273140961415049066e+00
2.192518341564156259e+00
2.195867835430805215e+00
2.230288259524495054e+00
2.154697313296206840e+00
2.212948051701560281e+00
2.246599307678402546e+00
2.323007830551520492e+00
2.293967324855644030e+00
2.302327151278636741e+00
2.374702014849566112e+00
2.355724189410602243e+00
2.150703969451412512e+00
2.195031375205076518e+00
2.209207318158540101e+00
2.256364128288767201e+00
2.565725416270802306e+00
2.580819604855185467e+00
2.532282346318334820e+00
2.377032079176548685e+00
2.419715201099669422e+00
2.369049025134281283e+00
2.101048217612462299e+00
2.182964826300931360e+00
2.213925426473863922e+00
1.991730480400843772e+00
2.198120610366637528e+00
1.961761719259785819e+00
2.221805841821294702e+00
2.203763148297143815e+00
2.077327749061188999e+00
2.236193471980397973e+00
2.158440177788632841e+00
2.208469406753916786e+00
2.239814440607622359e+00
2.252959389312231941e+00
2.288680233798194408e+00
2.235501351490804200e+00
2.304085741662289966e+00
2.122135334958203945e+00
2.228360734022201584e+00
2.242343008414665828e+00
2.242583847184495660e+00
2.128304213920754862e+00
1.980074052552787123e+00
2.065156779979096413e+00
2.015553636712864805e+00
2.176286325108589104e+00
2.210886233475786167e+00
2.072015225110491965e+00
2.176509159257454584e+00
2.163495751804017431e+00
2.306562639199360998e+00
2.378133128355631953e+00
2.213202332738489098e+00
2.199631152199268413e+00
2.390298330636624780e+00
2.466823886294239543e+00
2.240021220294386328e+00
2.523480191043787624e+00
2.217228724489795688e+00
2.119589489876839039e+00
2.142276039031538737e+00
2.298374750779138331e+00
2.123956607251054507e+00
2.120927242905138677e+00
2.125701509032196235e+00
2.416212902874390167e+00
2.432084492934030173e+00
2.180392488818483354e+00
2.131635694248769752e+00
2.211951161527694776e+00
2.382187712740841068e+00
2.211494500662053664e+00
2.524374493101901873e+00
2.178429560923202946e+00
2.260002711561637678e+00
2.617375284733259200e+00
2.114628025484756257e+00
2.128434000090331679e+00
2.280654400273133486e+00
2.264038189158018799e+00
2.290102169079904382e+00
2.075411871423015420e+00
2.287229387783166867e+00
2.085155492736934679e+00
2.078580817276391990e+00
2.017129268336101955e+00
2.116429990974862729e+00
2.249047956911083279e+00
2.159226218947380538e+00
2.110020733980246810e+00
2.114028875342437441e+00
2.116587245646676330e+00
2.068511153198135499e+00
2.182503132487124908e+00
2.037308119222684955e+00
2.053381585929407116e+00
2.147402897290223045e+00
2.357880330207569930e+00
2.159397258415001630e+00
2.083216234722659710e+00
2.130438732040950356e+00
1.965275201879316924e+00
2.292508661352118171e+00
2.105879538289456399e+00
2.386773826470542925e+00
2.153481805046801867e+00
2.163955158169781345e+00
2.313567892060127473e+00
2.267275910991114252e+00
2.144020858574573030e+00
2.267378122702361054e+00
2.344738454273047168e+00
2.163502140308824373e+00
2.213968565328479521e+00
2.264063097457979179e+00
2.211834870661858243e+00
2.298771281089372120e+00
2.282609087913508805e+00
2.281532300965581683e+00
2.282467164964394613e+00
1.937058944500873681e+00
2.000419432788850482e+00
2.033850520366863535e+00
1.920005309723119336e+00
2.018484096443110332e+00
2.249953641754532274e+00
2.233795740076650826e+00
1.981525384969087478e+00
2.092712293617351893e+00
2.180665448562467912e+00
2.137553912622176533e+00
2.124726141641634758e+00
2.032529411685012555e+00
2.044673969468257635e+00
2.140400605454277017e+00
2.191054214331759731e+00
2.077373798015440087e+00
1.948333255843782252e+00
2.155206149750598321e+00
2.113615440727999673e+00
2.387163235711429632e+00
1.975202880478728940e+00
2.052347924716737992e+00
2.046659294769970661e+00
1.999638116607552085e+00
2.320634092776398205e+00
1.894235731940839829e+00
2.298931031300555983e+00
2.056864240740500893e+00
2.088920270519747380e+00
2.041737914087168093e+00
1.937359840516412968e+00
2.012204674696541407e+00
2.105598916986158642e+00
2.177965498230656660e+00
2.172210243623390102e+00
2.246586184924840968e+00
1.991652099455218927e+00
2.011746246863035381e+00
2.100891166672710586e+00
2.042453931204721851e+00
1.995174989853457204e+00
2.175315548366113294e+00
2.018282000280542388e+00
2.196955331639954156e+00
2.128812698079526999e+00
2.005760576899282555e+00
2.059208107957016587e+00
1.938902817728745287e+00
2.163172270277047282e+00
2.299120433208730052e+00
2.291085211557760459e+00
2.222939527275651805e+00
2.261251002155070022e+00
2.141566503432735580e+00
2.198927410168609597e+00
2.194970058799971646e+00
2.134599984370330716e+00
2.153152347723046312e+00
1.988319012155003396e+00
2.055907404519772275e+00
2.022787175021322437e+00
2.201132191132001203e+00
2.130195980890034591e+00
2.250548465260290065e+00
1.973602784210770178e+00
1.878589150624717874e+00
2.062975423693503174e+00
2.280085525629208743e+00
2.132052482045125430e+00
2.144585533585813497e+00
2.378104808729708086e+00
2.071487882796790636e+00
2.137014576917218189e+00
2.206428007365747845e+00
2.091425268187782294e+00
2.074818906016874465e+00
2.238364823503538048e+00
2.227208032944916205e+00
2.230282795387253714e+00
2.082200050074349384e+00
2.186618713883474729e+00
1.964554570570737235e+00
2.071064186538011498e+00
2.122793826772225945e+00
2.056577751977623159e+00
2.156855146356874364e+00
2.242882811286744715e+00
2.266834119997435781e+00
2.147489045319372902e+00
2.214418968358907502e+00
2.308738451141620462e+00
2.076256830264076036e+00
2.102125656903079509e+00
2.149956703419102944e+00
2.099802568770276157e+00
2.334383196643063929e+00
2.141327706936178910e+00
2.166683757811395772e+00
2.472372023309950873e+00
2.285835994206430577e+00
2.266933059437448605e+00
2.337563285126978752e+00
2.249697124768806233e+00
2.350181515815470412e+00
2.205694974862516755e+00
2.413368558368569339e+00
2.218468009363320448e+00
2.134368181872448922e+00
2.469287340892931670e+00
2.391447453748591911e+00
2.282916189066469315e+00
1.938359521415722320e+00
1.877616518476481255e+00
2.081292989829008011e+00
2.069792183670825292e+00
1.991199782016246145e+00
2.147301058540383334e+00
2.144122528151302554e+00
2.021955988730669951e+00
2.164535330156923454e+00
2.017619602233454934e+00
2.029845467321246044e+00
2.104105250278711203e+00
2.063502054869647218e+00
2.023014541344898110e+00
2.130225377567461997e+00
2.100051375449999647e+00
2.041451973109122964e+00
2.197217177072039451e+00
2.113070811177903963e+00
2.207094170713007397e+00
1.962941880423088703e+00
2.077780899416205251e+00
2.224244857787970098e+00
2.180644489504295791e+00
2.315867962268491453e+00
2.132670153162496085e+00
2.023118331327685926e+00
2.118654931185981916e+00
2.143267624200198007e+00
2.112513125844900141e+00
2.047874327048237131e+00
2.188575061554950185e+00
2.127084113116986419e+00
2.087765167283567092e+00
2.060697125589630030e+00
2.268368512655187352e+00
2.149178430676186302e+00
2.191858275350222485e+00
2.174733625677904847e+00
2.216409424132579797e+00
2.275912235530323180e+00
2.247580971487492363e+00
2.155884005052357555e+00
2.243171097041856576e+00
2.257372053493116759e+00
2.189750587804836002e+00
2.301074585928113425e+00
2.272659671228178802e+00
2.171793981466231926e+00
2.450993327877014849e+00
2.491401524122257349e+00
2.304767190445994540e+00
2.332779747608067833e+00
2.321850331573474868e+00
2.300001975614006877e+00
2.019442566383094384e+00
2.228639561340408637e+00
2.141631720505630110e+00
2.202317992191479945e+00
2.198328635738453052e+00
2.178550109579359351e+00
2.242711345355725694e+00
2.212398229117506609e+00
2.166377367399587861e+00
2.181370341009017277e+00
2.154620309681047896e+00
2.229204750141300817e+00
2.233775579786857701e+00
2.113900147527267404e+00
2.244947449501911496e+00
2.269035870803731481e+00
2.129688935078066780e+00
2.224012419681168140e+00
2.118043373457124900e+00
1.985568529132598847e+00
2.056704332992264739e+00
2.079295369423944440e+00
2.112116304457159366e+00
2.163480678849717176e+00
2.232705924767706573e+00
2.256089174369314332e+00
2.295081841798171318e+00
2.292088756877578515e+00
2.392087549192293494e+00
2.158262228843570885e+00
2.305284443557473306e+00
2.233220215125139241e+00
2.215106980602260744e+00
2.240158724335346907e+00
2.100314774234205650e+00
2.110340423800515897e+00
2.265932909053857802e+00
2.462001014258066611e+00
2.419198508176096496e+00
2.568655834873164068e+00
2.314840016061847194e+00
2.179286048167630607e+00
2.278488669593368598e+00
2.317642908618381625e+00
2.218901726887287484e+00
2.170411040398560143e+00
2.203264813435903857e+00
2.155467057793547969e+00
