1.793411094018454888e+00
1.846418891822492858e+00
1.949978992613469408e+00
1.697263165662641349e+00
1.830103929380923145e+00
1.976372981306785848e+00
1.789589111657032383e+00
2.012325572441464150e+00
1.823041599384666034e+00
1.823164379599706564e+00
1.934673135884049655e+00
1.759389739700494504e+00
1.877695325186713671e+00
1.933763463167361030e+00
1.700289213704581304e+00
1.774649667546832621e+00
2.030876688611790826e+00
1.916770934559354655e+00
1.813340837993605570e+00
1.936645254532413096e+00
2.095501636905650500e+00
2.190188874154125109e+00
1.900594771658885129e+00
1.954467078837346383e+00
1.917795466762402867e+00
2.044439978806070091e+00
1.907448546277060508e+00
2.148679371637993274e+00
2.130532247666046874e+00
1.962568848867987770e+00
1.986007756954205172e+00
2.058009930745716698e+00
1.965029494944830146e+00
1.823818203330355603e+00
1.729485366629900600e+00
1.765182278412904759e+00
2.337693538389159720e+00
1.955458921813993056e+00
2.285292151302838803e+00
2.177395072369701978e+00
2.153509302923918511e+00
2.238624054293134158e+00
2.145635416704855469e+00
1.924318002613929268e+00
1.887960829577510546e+00
2.046927897257977413e+00
2.167782944763079200e+00
2.050825486028735156e+00
2.095693397297928584e+00
2.125423957701907174e+00
2.033457699822261322e+00
2.204005134395491172e+00
2.110334392742221343e+00
2.286446389401259882e+00
1.790226947534781177e+00
1.840084076727511508e+00
1.855728217894947019e+00
2.108697276080230942e+00
1.882131401778614377e+00
1.771297975247346557e+00
1.931529481586815589e+00
1.930858678570857245e+00
1.707188461793661238e+00
2.004393168032022832e+00
1.733063878403190206e+00
1.901952567840230035e+00
1.942413400036985704e+00
2.105946683431665356e+00
2.038041505335828063e+00
2.264013875246126961e+00
2.187632942495410848e+00
2.309418485964933154e+00
2.245493118399928711e+00
1.895526749849647530e+00
1.839398409188904182e+00
1.779777699332642626e+00
1.839613274727055714e+00
1.826560207716215745e+00
1.907114009318996883e+00
1.893537822256933234e+00
1.790032602213231794e+00
2.034223125303136204e+00
1.881053004180990085e+00
1.872602629545929487e+00
1.868503529308896294e+00
1.949894308855265157e+00
2.109119974126236308e+00
2.034724105569673203e+00
2.010781379826826143e+00
2.117029652497602221e+00
2.085995022580498404e+00
2.140277770329015006e+00
2.239804588783741224e+00
2.079780504847820843e+00
2.270490111601461525e+00
2.123854422301474809e+00
2.064110885903015280e+00
1.985518229526052503e+00
2.124468560555772711e+00
1.954170470324721132e+00
1.966261695117187625e+00
1.983124388170255159e+00
1.927526151578614844e+00
1.833621791090089381e+00
2.044997328531443337e+00
1.840219265254637859e+00
2.043916252701444947e+00
1.885968374849789742e+00
1.799116178115589548e+00
2.030842753956026314e+00
2.090943427081656480e+00
1.906337928328201370e+00
1.877015476708847164e+00
2.136198177183085800e+00
2.175545721223159035e+00
1.780232514631702179e+00
1.792321453382852425e+00
2.013546299231980807e+00
1.774754100119252387e+00
1.924750212083279566e+00
1.815818919103909801e+00
1.952847292876227048e+00
2.078909527909296173e+00
1.895439007930725950e+00
2.080671711760165632e+00
2.172960585016923574e+00
1.866858156477078756e+00
1.876386003572477756e+00
1.974433939829896678e+00
1.964636691961114678e+00
2.137144402369319796e+00
1.920712430146504834e+00
2.049805813768490914e+00
1.960798824693392728e+00
2.101610898066809341e+00
2.145236521686299191e+00
1.877381908927841625e+00
1.902436134310723448e+00
1.867329611319750615e+00
2.205877401369745971e+00
1.842225835797342004e+00
2.077389684796467240e+00
2.266073113667780525e+00
2.100117568896755049e+00
2.199825401779705647e+00
2.217131003817077950e+00
2.186256475387726272e+00
1.734321430280273635e+00
1.898866078237274158e+00
1.859934353300384258e+00
2.188076374377659672e+00
1.874047506115577244e+00
2.032907241736410242e+00
1.991849798810698902e+00
2.175843301958967579e+00
2.204862734160452753e+00
2.078476665195569062e+00
2.281238792270623428e+00
1.898499114184596381e+00
1.915515583124423493e+00
1.883829975406491108e+00
1.916527360581133266e+00
1.904380882963811805e+00
1.887400110481138871e+00
2.035771861880948830e+00
2.087306800935642137e+00
2.046577834221896985e+00
2.081370539327546787e+00
2.012038117312848762e+00
1.920611349730910078e+00
1.956309498636607858e+00
2.006217487648504161e+00
2.144796800417634319e+00
2.030219905567319127e+00
2.115346273292008306e+00
2.286697469729593646e+00
2.129494600860588172e+00
2.365544687763246667e+00
2.230233074814924166e+00
2.044054798710056797e+00
2.196668651427203134e+00
2.158488919132408146e+00
2.072066164024601420e+00
2.115616879529334859e+00
1.858198234701854856e+00
1.972464171338085270e+00
1.804211023865065711e+00
1.778895372797247409e+00
1.731066254718343966e+00
2.080125454168353816e+00
1.872901421925032617e+00
1.970320423998039860e+00
2.035467427855638611e+00
2.032886695869064564e+00
2.125877162426673017e+00
2.149049636204921843e+00
2.073722196242945959e+00
2.210327131164093739e+00
2.184501496978809243e+00
2.230800933665811225e+00
