1.839389229080622856e+00
1.785056048156829167e+00
1.942474798352107346e+00
1.707172644298641684e+00
1.692432183222293052e+00
2.075532188153788038e+00
1.772282118146261576e+00
2.012746609661983044e+00
1.709814565935816155e+00
1.814454588141429570e+00
1.938202418063012411e+00
1.851555612621506919e+00
1.962219239162106277e+00
1.959682611560494170e+00
1.763199301422117449e+00
1.912959032246849267e+00
1.987784987611995513e+00
2.004108780365135623e+00
1.746361341321711613e+00
1.993623378730703166e+00
2.183660893373819523e+00
2.160964480656045072e+00
1.867771458378317151e+00
1.902302998010385382e+00
2.071251676424930022e+00
2.073942030239450229e+00
1.999844837032456413e+00
2.142347393920034371e+00
2.197824035981801760e+00
2.032754396720003243e+00
1.774541616017271339e+00
2.112931919855748131e+00
1.979866526766288937e+00
1.927488714653760482e+00
1.799978074955136398e+00
2.041245776825757918e+00
2.140044354135537397e+00
2.172022581664210694e+00
2.392170432762513510e+00
2.244498348130917531e+00
2.174108151111948217e+00
2.205761480980643174e+00
2.116065961516047533e+00
2.024415913122738164e+00
1.890657037376170635e+00
2.047271662948180637e+00
2.304621648058193362e+00
2.000180544428036722e+00
2.129649382373962396e+00
2.173912235439046547e+00
2.161439207185234412e+00
2.264911564984137371e+00
2.174569486857752310e+00
2.239489102981248703e+00
1.750633007111795925e+00
1.790605328601569735e+00
1.514543883826886317e+00
1.642502816710476043e+00
1.621176450062604246e+00
1.643885676009306573e+00
2.049391003212017281e+00
1.971102575000996726e+00
1.964134231671382125e+00
1.926401866210027292e+00
1.710227835737707425e+00
2.024922083067500544e+00
2.022119477387747999e+00
2.154171015697080360e+00
2.279980412223253428e+00
2.089576657855162445e+00
2.224541777355551364e+00
2.319008757801353848e+00
2.214039753818940248e+00
1.757521380676599243e+00
1.803928865212367505e+00
1.755611418335791374e+00
1.735137061667556990e+00
1.970899320589427850e+00
1.937565362462093654e+00
2.010043847238585979e+00
1.913590584836878383e+00
2.094507572337436230e+00
2.020351200082588061e+00
1.834932526415955056e+00
1.774222648158691573e+00
1.925937989330913647e+00
2.089466249920164387e+00
2.097410668761126917e+00
2.101590517690612891e+00
2.175298422642201857e+00
2.136131402096693055e+00
2.181377407715491490e+00
2.220134495452439793e+00
2.208394920170029252e+00
2.268809649860639599e+00
2.252236271797724232e+00
2.153043657709869052e+00
2.075737882704910220e+00
2.112825368344267485e+00
1.774057869197706916e+00
1.780181331128020794e+00
1.909583824717381306e+00
1.842997448826405815e+00
1.753917031329630616e+00
1.952197010535291932e+00
1.733304974651937114e+00
2.076526665928444704e+00
1.766873452826535074e+00
1.736592132852633030e+00
1.861560303487201473e+00
1.916096569713168218e+00
1.915321970077161540e+00
1.768357215614356326e+00
1.979820985081532925e+00
2.106254752936942420e+00
1.887828174672643744e+00
1.859232945519962099e+00
2.143067602115986681e+00
1.857104168417684109e+00
2.004546566502611871e+00
1.874253765220966317e+00
1.963625393540712638e+00
2.069926030379595439e+00
1.937742983602287472e+00
2.028524005205325942e+00
2.137009463701472267e+00
1.899308159615624714e+00
2.064639443931802099e+00
2.108187517032429792e+00
2.024526463291993039e+00
2.150880010316142066e+00
2.022522294202622639e+00
2.092455995887733344e+00
1.950395483521117246e+00
1.937109241425897910e+00
2.113002798614757705e+00
1.901040635700078196e+00
1.966631951682366708e+00
1.934573221765495843e+00
2.192763302452896301e+00
1.969071990005376360e+00
2.282178632530033724e+00
2.386730735356529021e+00
2.251143637312950752e+00
2.151375755780596144e+00
2.229417841700738201e+00
2.200093305151418210e+00
2.054477991794349645e+00
1.996056709902487958e+00
1.975233374554198340e+00
2.177369725193780248e+00
2.081677048339569236e+00
2.255721012208244947e+00
2.040465365257007946e+00
2.212010756074530793e+00
2.225775138480225124e+00
2.152119571488431138e+00
2.262479715962777416e+00
1.855156772089020745e+00
1.995215179417627382e+00
1.961554727292932565e+00
1.799648110604849860e+00
1.765812373163456073e+00
1.803525380695917724e+00
2.123321559084318633e+00
2.082465340141803178e+00
2.139327122275972659e+00
1.996189629241646557e+00
2.065043051363951943e+00
1.918277318067453496e+00
2.090566595022228746e+00
2.178247421581332777e+00
2.273076863744139420e+00
2.180493345769053182e+00
2.239038309912982694e+00
2.311149892212749801e+00
2.152887318376749182e+00
2.283690885698519857e+00
2.232409524201422801e+00
2.126193451117157629e+00
2.306587941540521047e+00
2.041096394318852258e+00
2.027661653186854984e+00
2.060048320626319374e+00
1.902345430326114029e+00
1.909456953239017096e+00
1.823699816689100750e+00
1.802849851335005749e+00
1.809649766858707265e+00
2.130615216922842503e+00
1.824494131302510480e+00
2.001720745781349731e+00
2.088821625913330315e+00
2.140234822056302111e+00
2.305329943715745067e+00
2.270250333723389691e+00
2.290331763220319505e+00
2.174395770111007042e+00
2.258573364451291088e+00
2.185064085243733967e+00
