2.131919819720077935e+00
2.196577881109663455e+00
2.211197777418912658e+00
2.100390896256913109e+00
2.160882246900459158e+00
2.116423057972383948e+00
2.171146775724298816e+00
2.365511961291907106e+00
2.015287419929986168e+00
2.177802956916976562e+00
2.090883499584447414e+00
1.947292931532069060e+00
2.063165041794194909e+00
2.202926209964428228e+00
2.250833641530196605e+00
2.003207699132521835e+00
2.271660528734802398e+00
2.089122399739395508e+00
2.317559562511005034e+00
1.940054110768628659e+00
2.006085372324621474e+00
2.052222623599732731e+00
2.598910825703448779e+00
2.394349119188764696e+00
2.024478079911342210e+00
2.226642794721695573e+00
2.318940076851320420e+00
1.999450307633783064e+00
2.348076184596289639e+00
2.011844399416941265e+00
2.080117143153934922e+00
2.516278917640775159e+00
2.029018539896856321e+00
2.170399636747212480e+00
2.208290707653128848e+00
2.370416492803465225e+00
2.217607164460633662e+00
2.341461907179037460e+00
2.356024994800228090e+00
2.006200639461633184e+00
2.088306116088908482e+00
2.142609205413229301e+00
2.143659635936221441e+00
2.322381887357579000e+00
2.016755023111981071e+00
2.385047091180538814e+00
2.316256275777221152e+00
2.286412175447003925e+00
2.161126786280445522e+00
2.227802240433380376e+00
2.130783105417088485e+00
2.264663214682277825e+00
2.183326729976818648e+00
2.231751093989196910e+00
2.103174585844672873e+00
2.134740763718228518e+00
2.115576461846552903e+00
1.983828227582858705e+00
2.212056019663004136e+00
2.050520701554075398e+00
2.171367871290439400e+00
2.096226729688265955e+00
2.051903570361403695e+00
2.137982054870820825e+00
2.128438594968197872e+00
2.388771357609362767e+00
2.182814340570291112e+00
2.066341204942611309e+00
2.320314928659898079e+00
2.229198042740510477e+00
2.299301588803005725e+00
2.262125020110131945e+00
2.409525508099860769e+00
2.164876579154566993e+00
2.228997081738286479e+00
2.145365514058884759e+00
2.368334404363787282e+00
2.177904870987037889e+00
2.605281116133936870e+00
2.287644910842220547e+00
2.310198562131661415e+00
2.509421891563781148e+00
2.237591110689263640e+00
2.311913133124583908e+00
2.222363580967183339e+00
2.366953358646108008e+00
2.261756451808479174e+00
2.446907672917353782e+00
2.461896076041646175e+00
2.470018187985277613e+00
2.342625370832387421e+00
2.307256954644230085e+00
2.171052304943380751e+00
2.153761128680976800e+00
2.222142565588583363e+00
2.303635805153867011e+00
2.111387085685992204e+00
2.512625832218740030e+00
2.161766781560483519e+00
2.167713899442914371e+00
2.149313077227804403e+00
2.240641316824941054e+00
2.621692636938728338e+00
2.623629523016219434e+00
2.483324631534115312e+00
2.282413755762217278e+00
2.487996036512007958e+00
2.312521672412740426e+00
2.334326909127850680e+00
2.317280899928382265e+00
2.221136431539779021e+00
2.107270712195230100e+00
2.227958925186193095e+00
2.070638683245388911e+00
2.174926405313876820e+00
2.221905831840767398e+00
2.299155121547535430e+00
1.866969906288991732e+00
2.525579800987588275e+00
2.428463863673257617e+00
2.595240629188022119e+00
2.480038813666356479e+00
2.499444607742244528e+00
2.430430458607090394e+00
2.392155393248628137e+00
2.425948755065765905e+00
2.520827569092607856e+00
2.515122603881964292e+00
2.501666210274027247e+00
2.548690844519804433e+00
2.506170243252766827e+00
2.433830311923743661e+00
2.470935020196558973e+00
2.659496103389706878e+00
2.403996127406580197e+00
2.370627566891160942e+00
2.839834079737086903e+00
2.438046544344118605e+00
2.023705387736413286e+00
2.204962014156564898e+00
2.045198565925301804e+00
2.094161732253962960e+00
1.970595581047606792e+00
2.206711909688088280e+00
2.116200807909729864e+00
2.058685295675588556e+00
1.992239654909132129e+00
2.100819038364585278e+00
2.009385731758400961e+00
2.312836230280687300e+00
2.027231635287626954e+00
2.011445512713993189e+00
1.979051077047714102e+00
1.884325837106185952e+00
2.366111425138732294e+00
2.263773442462070129e+00
2.386820774011205959e+00
2.300842928564493572e+00
2.397982017738018445e+00
2.304184864982860681e+00
2.300293139826114164e+00
2.258137980402537437e+00
2.580071469249467953e+00
2.391883210182033537e+00
2.506912054575101578e+00
2.063549391739301075e+00
2.337023478241717189e+00
2.459849964753143770e+00
2.286113550499195401e+00
2.414703306082680356e+00
2.495985414848274964e+00
2.434620098862418036e+00
2.459642244109405240e+00
2.391237492940957665e+00
2.464176965648339213e+00
2.451442072768225344e+00
2.689501242627970967e+00
2.678025077693530598e+00
2.690686326011600737e+00
2.563855424743256783e+00
2.639991621540244804e+00
2.589996039236293068e+00
2.436223976820899750e+00
2.544940412284048659e+00
2.521225711201873221e+00
2.293679220272794694e+00
2.433121386006449338e+00
2.486609198235419704e+00
1.902364191612980981e+00
2.356570826239392513e+00
2.128109837421491068e+00
2.453772177591347248e+00
2.263409623793539716e+00
2.181357598574269918e+00
2.324065310579148225e+00
2.232648480568164562e+00
2.234976302431919581e+00
2.255147641345486065e+00
2.373563757219001147e+00
2.240620025823687023e+00
2.202972896352472176e+00
2.455769613356067360e+00
2.233451050138171912e+00
2.343652854474051139e+00
2.396801398941540651e+00
2.351124240781420571e+00
2.316047130008004551e+00
1.945484370848056477e+00
2.078780745571037869e+00
2.140758596803920444e+00
2.059292402006592138e+00
2.044513392273738184e+00
2.246710779693819049e+00
2.306035552940121303e+00
2.230388259461475453e+00
2.411669491944381072e+00
2.249219408303900103e+00
2.129056070048718663e+00
2.298287165645390040e+00
2.460397571164111064e+00
2.336971009798835652e+00
2.189944220252385776e+00
2.514860361662842880e+00
2.255159315958885635e+00
2.518997701791410471e+00
2.467095436802379194e+00
2.409304233818402974e+00
2.414629500157442266e+00
2.437409594929819345e+00
2.497892519893250007e+00
2.446751553428885728e+00
2.281992208350921203e+00
2.438912841768264617e+00
2.488670020078102230e+00
2.627799658454215148e+00
2.570372895284803061e+00
2.440510270746931276e+00
2.598342470430129225e+00
2.470445326966782762e+00
2.501522512550991006e+00
2.710446249384350192e+00
2.483728273859240776e+00
2.571436830047179711e+00
2.451827941115342302e+00
2.522216756677565286e+00
2.438504178982108694e+00
2.627784555907398900e+00
2.714757039073608880e+00
2.036941559294827897e+00
2.146591183274366710e+00
2.175766395468566650e+00
2.202054488788723674e+00
2.284611214501138576e+00
2.165644965448959791e+00
2.157750451254655921e+00
2.172034260088313573e+00
2.114943024330096399e+00
2.321260791315125083e+00
2.214065904037760379e+00
2.066953937284795817e+00
2.000208973012018276e+00
2.104377190885407423e+00
2.333808393504939627e+00
2.176306473938316444e+00
2.057230368263971876e+00
2.547276669309588737e+00
1.992892821449473661e+00
2.222634730958796823e+00
2.130197642070007280e+00
2.601316776580919754e+00
2.049435790974894367e+00
2.151223693500472933e+00
2.300226137401410131e+00
2.482528985559739887e+00
2.034759334966858901e+00
2.289885953072894331e+00
2.359333705285569405e+00
2.173990442404621248e+00
2.278072197784202224e+00
2.163601490118023829e+00
2.151201757129540759e+00
2.374155212794359038e+00
2.394201619479432441e+00
2.419499852127130257e+00
2.519141064551205123e+00
2.050380393057742889e+00
2.040405277783325477e+00
2.125957326141879378e+00
2.085474903062627838e+00
2.365446509653049034e+00
2.281642420331218002e+00
2.253362010305494767e+00
2.159221393233371256e+00
2.228022701195148336e+00
2.257934918775052591e+00
2.285125335417132586e+00
2.190073527779715867e+00
2.171821081761644567e+00
2.202749239930526404e+00
2.144941073218201932e+00
2.133046702275217310e+00
2.217255370841433759e+00
2.370143417320172752e+00
2.056698432436786295e+00
2.314398325226528108e+00
2.354561727058908982e+00
2.272889944140362051e+00
2.196373221874538206e+00
2.145255440034647965e+00
2.096051924498094188e+00
2.426916758566700416e+00
2.077940187401893457e+00
2.256860543170046807e+00
2.168611339436387286e+00
2.223940596210314258e+00
2.316815400201556407e+00
2.152206602338230912e+00
2.466370200646301747e+00
2.085262771886029043e+00
2.300007980830546916e+00
2.188346494114263852e+00
2.363797234488941523e+00
2.404073874142472089e+00
2.150235808917421831e+00
2.363078893931243485e+00
1.953424378190702804e+00
2.420150150908841447e+00
2.226862374219627405e+00
2.482746523469779643e+00
2.263800058056018916e+00
2.043657892874865656e+00
2.075695691499417794e+00
2.141157448015849507e+00
2.232443088388439634e+00
2.265544088598755668e+00
2.412934777949271581e+00
2.477585419911998432e+00
2.419671726705229009e+00
2.524461434769256218e+00
2.143882551191313990e+00
2.376922055835383851e+00
2.567380528401934647e+00
2.303310880925697912e+00
2.186758881713555702e+00
2.372136354549273740e+00
2.462288889249338197e+00
2.430997138806878510e+00
2.588102134480257721e+00
2.554923722842549871e+00
2.564295659447818565e+00
2.280592666734664764e+00
2.417864371952398006e+00
2.457338654594236171e+00
2.400584598343462606e+00
2.580940343078121479e+00
2.560323636169420158e+00
2.470756162826615476e+00
2.576872272116951468e+00
2.251218638547038964e+00
2.413020164188602212e+00
2.262822183133713860e+00
2.353311484533762599e+00
2.289950235114000421e+00
2.209130283525868155e+00
2.278662837505272876e+00
2.181624615653078081e+00
2.159974014559056688e+00
2.423002900249711988e+00
2.254298734512710567e+00
2.389437242043508380e+00
2.286207010280254526e+00
2.363747876008777116e+00
2.366357160932578196e+00
2.144100810872024532e+00
2.306470101648314674e+00
2.364884355246014813e+00
2.348823063331647365e+00
2.229290951264648157e+00
2.322644881424964058e+00
2.361354732678741630e+00
2.372546023599326315e+00
2.410038726080002469e+00
2.317312795989278751e+00
2.500239310608189047e+00
2.633808765591470813e+00
2.375376455062591763e+00
2.346192589614283897e+00
2.461559863993409980e+00
2.335948641509602020e+00
2.493463589557719295e+00
2.194626812505947822e+00
2.449352882800766906e+00
2.342898001546199982e+00
2.181834829638230833e+00
2.416523535154011082e+00
2.419375491984388837e+00
2.405659423609379122e+00
2.101298952481232440e+00
2.141242577593325702e+00
2.062003140134180956e+00
2.203894860606522066e+00
2.132951396439571212e+00
2.242656440413739904e+00
2.254616074051294383e+00
2.231804003900081934e+00
2.187674279758863971e+00
2.249805490676492603e+00
2.298262571749090544e+00
2.060660874065121995e+00
2.329882828024362418e+00
2.044838000306332670e+00
2.226598073481571127e+00
2.687387284276494981e+00
1.956803163845727278e+00
2.377171004087089479e+00
2.395079153339499722e+00
2.497524253350557277e+00
2.413350587760360710e+00
2.393255441839496012e+00
2.543484116200714240e+00
2.385018581906283242e+00
2.390629021257109965e+00
2.149608808031706175e+00
2.164565226316003343e+00
2.326326157072251100e+00
2.299551440938427227e+00
2.286192710492573887e+00
2.392307086648128411e+00
2.434781484778186122e+00
2.358976289247701974e+00
2.315398631478408298e+00
2.360275823966429876e+00
2.380254727909821177e+00
2.409233425147692120e+00
2.435642310098705909e+00
2.310828580143268862e+00
2.280036499797221339e+00
2.529720469058515331e+00
2.476212981201351138e+00
2.464940391021571919e+00
2.288864711108808958e+00
2.482955584264521676e+00
2.329563390499504116e+00
2.418053265106115290e+00
2.477506874275378301e+00
2.464556066105867860e+00
2.673287206501250068e+00
2.625521425566982980e+00
2.499051147068669820e+00
2.441014476550805057e+00
2.468747593472439661e+00
2.475942722809541863e+00
2.108260903881183257e+00
2.502674909285767857e+00
2.459277365245473579e+00
2.328254918028080045e+00
2.493977666199366006e+00
2.459025680378810641e+00
2.517978101479731112e+00
2.526024943005241941e+00
2.042480633767703502e+00
2.211909414133210738e+00
1.966339026814704072e+00
2.097547108949914918e+00
2.228199317532473689e+00
1.946899246094784930e+00
2.133589728260501861e+00
2.017698918204247516e+00
2.143202556535347636e+00
2.159607405654335732e+00
2.148795903486861558e+00
2.020161843432060067e+00
2.256165002821400645e+00
2.291262662938405636e+00
2.098289945720860583e+00
2.366160697979763139e+00
2.231945795713330849e+00
2.309700235674138291e+00
2.499739635408964489e+00
2.383044788007971260e+00
2.565222263342078257e+00
2.334741200998482036e+00
2.438813798274756639e+00
2.440945687423048405e+00
2.433060745405095204e+00
2.421888399732013308e+00
2.428600638728919847e+00
2.384620133182840718e+00
2.540909600045633709e+00
2.582950406339826088e+00
2.516981569096250926e+00
2.563095609250757079e+00
2.461302366003429665e+00
2.388935438462099992e+00
2.454917383485268445e+00
2.421181128631275215e+00
2.303413976573481570e+00
2.378639684815315292e+00
2.361665954536799283e+00
2.320846782945527487e+00
