1.708153804471565396e+00
1.526842104800416600e+00
1.468415088453682849e+00
1.600130789781160079e+00
1.509241550851392555e+00
1.553824300792199908e+00
1.683818964566514920e+00
1.706545719845729225e+00
1.555114000624085779e+00
1.604049437444041715e+00
1.725871222440409580e+00
1.703207208171847897e+00
1.785203704526943547e+00
1.831518343164216134e+00
1.928885787369591709e+00
1.754113321199166187e+00
1.699597636891199581e+00
1.884109405804895498e+00
1.692825258184367909e+00
1.910036835896511187e+00
1.884002647347601256e+00
1.874825431124251818e+00
1.908723155302022301e+00
1.708821483781202133e+00
1.836568869643566915e+00
1.864311182696205327e+00
1.740363024245465517e+00
1.880168816682022515e+00
1.829973414380452912e+00
1.961432708864127239e+00
1.670792795451322865e+00
1.722147475869485911e+00
1.772859772698227587e+00
1.739579927039208274e+00
1.758490629047213094e+00
1.845745987679082267e+00
1.871528722427801661e+00
1.614221170326461952e+00
1.557188183649220736e+00
1.668613017461758385e+00
1.777170045322408853e+00
1.680654410661247766e+00
1.734274516893239193e+00
1.754726034520745825e+00
1.710805160487147702e+00
1.884923922722017586e+00
1.908531932543148457e+00
1.787474550184224187e+00
1.788473707061173812e+00
1.804536097824035235e+00
1.758590632821136257e+00
1.645441987230781056e+00
1.799755654361067547e+00
1.662756864381041533e+00
1.613062300926245696e+00
1.704779547290661945e+00
1.762752635385211653e+00
1.773971004582149957e+00
1.603314990443721388e+00
1.657156856196526862e+00
1.653026277479661355e+00
1.696740642286124645e+00
1.776819129841621159e+00
1.732039447872182114e+00
1.725066056760328870e+00
1.873527670023458658e+00
1.755672323188834483e+00
1.641008956220705306e+00
1.653725493390999057e+00
1.873077500773420168e+00
1.896564064626008239e+00
1.900254026404085250e+00
1.903636729600168387e+00
1.561199925368873309e+00
1.583622212292792542e+00
1.903894259180336723e+00
1.795328837945819211e+00
1.965568176546164780e+00
1.712367977743100678e+00
1.780362250475114205e+00
1.683098959621902369e+00
1.777894548003568609e+00
1.692048398025598921e+00
1.710831847181095489e+00
1.715472252627248784e+00
1.931816716458102157e+00
1.876613920769440780e+00
1.852731486995699228e+00
1.908037367708033338e+00
1.579459492164269951e+00
1.731181123225200125e+00
1.587608466825097153e+00
1.560796050423033376e+00
1.711932008438495467e+00
1.723862826861599418e+00
1.700378533624219868e+00
1.820644421436109495e+00
1.808481008135160106e+00
1.849774647075149714e+00
1.807164796491190772e+00
