1.579825788081506310e+00
1.478405917819670679e+00
1.474174305435210108e+00
1.513993091710880812e+00
1.505187739831165938e+00
1.573709642050869606e+00
1.609947057946753191e+00
1.712893086699514456e+00
1.653642194392710429e+00
1.537811927220331665e+00
1.539022336546353786e+00
1.654587620347170773e+00
1.727803446650490793e+00
1.821342071742095170e+00
1.874532476541413750e+00
1.579341352143299737e+00
1.733431623551927148e+00
1.918018603815329737e+00
1.760780564154061922e+00
1.881748585428105081e+00
1.888834581622899078e+00
1.837318277633405827e+00
1.838525141508787542e+00
1.627402498943185005e+00
1.743115509171301758e+00
1.736908119378023807e+00
1.787389457549407368e+00
1.904345931386379309e+00
1.803941351670620197e+00
1.877531483811607727e+00
1.707161843701448412e+00
1.471380352224877619e+00
1.521883858105459453e+00
1.751643864424139885e+00
1.732657773612923835e+00
1.885357798920433536e+00
1.896956655901566702e+00
1.529705840978822451e+00
1.510832930386497797e+00
1.541475805044885128e+00
1.696427605336427780e+00
1.685711036082381709e+00
1.714100226443745267e+00
1.830038209692806728e+00
1.742799844903214046e+00
1.938590692915498792e+00
1.761117373386138718e+00
1.744329280604639321e+00
1.905268357506717303e+00
1.939032618128315955e+00
1.572636273040922683e+00
1.500750126392211614e+00
1.567325175420886341e+00
1.499259589683036076e+00
1.476669778448696624e+00
1.600548643082338351e+00
1.628840863433005159e+00
1.735261180122106728e+00
1.585037202646804699e+00
1.570192557158247348e+00
1.629084069500765120e+00
1.612013903384951430e+00
1.674740647124814519e+00
1.753481526078368269e+00
1.828299167498812716e+00
1.862762385549687094e+00
1.633367830535591425e+00
1.727297727283744644e+00
1.801517945682616695e+00
1.886696332146715394e+00
1.967777653679113836e+00
1.771558344730038259e+00
1.844067713432420819e+00
1.500547487549593439e+00
1.577255134799776526e+00
1.824837682795945826e+00
1.841262461413017082e+00
1.925554189320779708e+00
1.688046932320683702e+00
1.553457106386592512e+00
1.556584592206782025e+00
1.781492548890543981e+00
1.701934808687727063e+00
1.653652252907543474e+00
1.728573955177107768e+00
1.709913170018123596e+00
1.889207798962686535e+00
1.914967314800742004e+00
1.921644057146697060e+00
1.502193627570145962e+00
1.560732993094123611e+00
1.519182414994991515e+00
1.475404308497587191e+00
1.667763971400873402e+00
1.656844344067996744e+00
1.734256326015584992e+00
1.891049324950237809e+00
1.735195883039441389e+00
1.879207112042380334e+00
1.902796244837587469e+00
