1.583863199818484446e+00
1.456702477804344920e+00
1.358157315685606603e+00
1.470538901876869087e+00
1.406807313698102302e+00
1.489861067168873676e+00
1.681346942841956515e+00
1.632875845613148469e+00
1.481913525141561827e+00
1.584575216012337640e+00
1.562491937462091585e+00
1.525572810542508151e+00
1.487155305353322188e+00
1.552450236099911729e+00
1.545872932440279124e+00
1.664911937352535842e+00
1.581937008425367441e+00
1.653894400525046215e+00
1.597283330137394985e+00
1.452971899764022856e+00
1.561413827315384140e+00
1.552894813527612383e+00
1.553712235614686632e+00
1.620952902437713394e+00
1.634610330757465535e+00
1.610290516363844349e+00
1.401040783953020341e+00
1.611125597581399171e+00
1.357134100258861054e+00
1.526990322792265431e+00
1.421281802966498198e+00
1.519464192972162619e+00
1.522183775244458248e+00
1.644137474961079093e+00
1.386137850474313593e+00
1.418315848025907933e+00
1.458735788055214977e+00
1.520345370400127516e+00
1.527180831990794241e+00
1.624253478875524737e+00
1.663654229439682553e+00
1.440562809069732442e+00
1.441603712512688373e+00
1.417756016670750796e+00
1.381981309798566038e+00
1.446258229242350701e+00
1.411526990213013200e+00
1.421715887339049189e+00
1.434414234246596642e+00
1.443941031249609486e+00
1.546780504750121077e+00
1.475921798913306882e+00
1.629415803886069103e+00
1.482109452813828332e+00
1.514656482420310368e+00
1.501298791183546921e+00
1.631143310497696675e+00
1.557024315358517486e+00
1.502213415509461081e+00
1.492552407830439742e+00
1.503746253907288111e+00
1.429793087504559690e+00
1.427808182300103867e+00
1.481937487199926906e+00
1.474359015739923340e+00
1.489878319466260370e+00
1.693574041416990417e+00
1.530502261474497638e+00
1.619738622619088408e+00
1.709927223404008600e+00
1.581770887434724271e+00
1.504800141323940466e+00
1.540492279734447800e+00
1.493749815005778414e+00
1.562305838850209128e+00
1.631609222001083603e+00
1.422102808492170967e+00
1.481820272178972830e+00
1.263809300376624645e+00
1.545920995493101913e+00
1.552082194342958799e+00
1.635299365533052329e+00
1.313663611991158886e+00
1.364184415286881835e+00
1.343521294464004034e+00
1.348612835494765072e+00
1.460834885274886252e+00
1.525042566453893578e+00
1.435500196037978293e+00
1.542942772189274780e+00
1.582513479942375456e+00
1.535086145139191505e+00
1.523418599812106811e+00
1.273908223969612452e+00
1.430578113862858602e+00
1.267944590443361941e+00
1.342376949256830043e+00
1.370611948517193035e+00
1.443120463369819584e+00
1.497282080222544609e+00
