2.125420488454607959e+00
2.094531695810539329e+00
2.203974459788401230e+00
2.123495120948495352e+00
2.279149821370925366e+00
2.130149967496200336e+00
2.100186722890889701e+00
2.359232327107934957e+00
2.123514036434293040e+00
2.184242370948728862e+00
1.986547798262093600e+00
1.966843350917821365e+00
2.075337594433487087e+00
2.195168740340958990e+00
2.099376609892965373e+00
2.075926452371828823e+00
2.406858198878915278e+00
2.017024308396384580e+00
2.305321898817214166e+00
1.956005412323155834e+00
2.093425812904043060e+00
2.078737642134728780e+00
2.481850468881142024e+00
2.497001587651449306e+00
2.027208852040937703e+00
2.209791148349827594e+00
2.203553554198859121e+00
2.140705693078861049e+00
2.337578868848319669e+00
2.056602181481194336e+00
2.203112452089811324e+00
2.511298561766629689e+00
2.145987621054074257e+00
2.279740772804852433e+00
2.302292536304378245e+00
2.324301809645950456e+00
2.342250678250164864e+00
2.455949845080256821e+00
2.574936167496459483e+00
2.176876297902937907e+00
2.182645761159241360e+00
2.479621565733197031e+00
2.211830539028205589e+00
2.570822580748094222e+00
2.119663515496748918e+00
2.028194393685763153e+00
2.236637120609307861e+00
2.108574525327256755e+00
2.101794005183583725e+00
1.739439848498736785e+00
2.104971609217954676e+00
1.566988734548012907e+00
2.018200598444094052e+00
1.755242844444580896e+00
1.521063822520466013e+00
1.524627946929087319e+00
2.241167018948630574e+00
1.629299291497601221e+00
2.162754799479608359e+00
2.119717975058982073e+00
2.403807001307867175e+00
1.907060675282770124e+00
2.326881317702017782e+00
1.833003187583442273e+00
2.562034604527758663e+00
2.127478189862379132e+00
1.889204122701998445e+00
1.921589914565229762e+00
2.035166051376220420e+00
1.921109695348842461e+00
1.970511887176793930e+00
2.303512754063768764e+00
1.901918777013516193e+00
1.952271821534797169e+00
1.844897229764920432e+00
2.165673546116926307e+00
2.152508638154854825e+00
1.938779879855354604e+00
2.408320590008200757e+00
2.066248038376200746e+00
1.878266607995194182e+00
2.220321748587635202e+00
1.937958623518944767e+00
1.870382853063898176e+00
1.904011252331372361e+00
2.124519605705838199e+00
2.174052697819263802e+00
2.247150169590129920e+00
2.294171959093059154e+00
2.322503913981550205e+00
2.480761203845720075e+00
2.352489287513099381e+00
2.047362414606374692e+00
2.032185483240162238e+00
2.020412134544280924e+00
2.355700460123642870e+00
2.129271775736102157e+00
2.503308467517507463e+00
2.121109123787938255e+00
2.058504706374285842e+00
2.162706048587626384e+00
2.349233282011571333e+00
2.503726556813122617e+00
2.558339852807361758e+00
2.426905825363228963e+00
2.228469003726774478e+00
2.135782323978757891e+00
2.164089214944429074e+00
1.988462585447447806e+00
1.613771660940555686e+00
2.311231910770989995e+00
2.105990255101084063e+00
2.086053428391795084e+00
2.150773641823477522e+00
2.063494653716642091e+00
2.085300853229170137e+00
2.140222885585063128e+00
2.061111512770049004e+00
2.251940052910666790e+00
2.057961954438345842e+00
2.630132973277254038e+00
2.233996910733643038e+00
1.950611035726040443e+00
2.052184053589351187e+00
1.663394886916841120e+00
1.546009721316010443e+00
1.587698749750252603e+00
2.231901785239253311e+00
2.342099546889460093e+00
2.277424055409594583e+00
2.335370230004448544e+00
2.244623238324933379e+00
1.980183865383195130e+00
2.417646364700001715e+00
2.257460011431082769e+00
1.960566841152614037e+00
2.442343017375308012e+00
1.875608204844849247e+00
2.102773915907175883e+00
2.152095697347068182e+00
2.114826515267179019e+00
2.094146944941942312e+00
2.059652276863700227e+00
2.250783234343536332e+00
2.128519286416728828e+00
2.071995214515139239e+00
2.027538992141843188e+00
2.103113217670747659e+00
2.155707125885218289e+00
2.113125396512306242e+00
2.172138425862007338e+00
1.943156237255263319e+00
2.066791242016721597e+00
2.135995158217605994e+00
2.324351655238122927e+00
2.104136013476381351e+00
2.101821658493804090e+00
2.038875581856733010e+00
2.168022011072532784e+00
2.204179664693308283e+00
2.081560612315769720e+00
2.112869483391031977e+00
2.283774409813868367e+00
2.030447722855367676e+00
1.716124850810222702e+00
2.094116148656680387e+00
2.013537916566566999e+00
2.084381877959319951e+00
2.124754755845246201e+00
2.111654605784990757e+00
2.271495813511522410e+00
2.310653965546687338e+00
2.214501975888204299e+00
2.316740394849874818e+00
2.457554511127786778e+00
2.182260113240539479e+00
2.507686885115097741e+00
2.609778225923264472e+00
2.470136979268727107e+00
2.424171962493804067e+00
2.504833804662206731e+00
2.413513002941345409e+00
2.275390057837817004e+00
2.229886391424696690e+00
1.983096502171529663e+00
2.117265690020518676e+00
2.211936545908293361e+00
2.282702979429997114e+00
2.093347290267911998e+00
2.209267839905409758e+00
2.168490106294437503e+00
2.251714871141220708e+00
2.236771509456738194e+00
2.167938825710377326e+00
2.179732829958828333e+00
2.150572451497164916e+00
2.180361344696307491e+00
2.116726627062987642e+00
2.227583284685331844e+00
2.162945838283372169e+00
2.115077615446745440e+00
2.338639980895741655e+00
2.183832643003271734e+00
2.168846513394389497e+00
2.257621966819732595e+00
2.203706734817103108e+00
2.182513009282689431e+00
1.997388488402473072e+00
2.115457618526918715e+00
2.047074321133250940e+00
2.120959921800563031e+00
2.278199832222131516e+00
1.923128846975324713e+00
2.190700600996590364e+00
1.950575901819190605e+00
2.017192151919183996e+00
2.415218428324151567e+00
2.265708154700214472e+00
2.251693843242628557e+00
1.864477662905942079e+00
2.376301075170331512e+00
2.316678003153618270e+00
2.377929668022984888e+00
2.263961179008942892e+00
2.063090532163428747e+00
2.132363081728720910e+00
2.196711097596543816e+00
2.116390635926213459e+00
2.298822706291689499e+00
2.067508474486745129e+00
2.397094726474618298e+00
2.315521974782597692e+00
2.084968481292148290e+00
2.215396811499438012e+00
1.951994812779757948e+00
1.806151826478289868e+00
2.474844254336547422e+00
2.547399119675480605e+00
2.520842336376645232e+00
2.357439210084110837e+00
2.608202166525046994e+00
2.424830728939880942e+00
2.350788416220375598e+00
2.282926196636408278e+00
2.284794185504202435e+00
2.206469091874700972e+00
2.397319957771219645e+00
2.419492826419880505e+00
2.024401373183046804e+00
2.086649235656633294e+00
2.051004847841585210e+00
2.154825779822539200e+00
2.223599587179462045e+00
2.172377951353785974e+00
2.092612127545221856e+00
2.096541729008978727e+00
2.162842251971012875e+00
2.249172423973799795e+00
2.239637448546551557e+00
1.995610125522883083e+00
1.982771882548509002e+00
2.057551210668027153e+00
2.403595252828048423e+00
2.135534718825651712e+00
1.964157976572789233e+00
2.411467133864721557e+00
1.911269087426794577e+00
2.170133134065643787e+00
2.181477364277237374e+00
2.501434024955196733e+00
2.157025406250561606e+00
2.148698579618161908e+00
2.440267839395667160e+00
2.378572138477976772e+00
2.098921989404511024e+00
2.299403118236607924e+00
2.455704979042318215e+00
2.305525738042967454e+00
2.398399026178852811e+00
2.318764591191569746e+00
2.220812083671077186e+00
2.428101801545175409e+00
2.534313159477637356e+00
2.531818356602392850e+00
2.539414409539233475e+00
2.311718719162641378e+00
2.305646829673862364e+00
2.361160807808056816e+00
2.413885965775304232e+00
2.702875538882079987e+00
2.419473505156878090e+00
2.512472319427170753e+00
2.330745873591778317e+00
2.326853076662826592e+00
2.314716360281944496e+00
2.391921969884498456e+00
2.293301613298314390e+00
2.269273949038190352e+00
2.357088761501098251e+00
2.232622190744530943e+00
2.225481311600697953e+00
2.176454998403271279e+00
2.197846555571767002e+00
2.256651154809988125e+00
2.128491825215608202e+00
2.342443268801823741e+00
2.209737244022282443e+00
2.200097776831816176e+00
2.255219030539457936e+00
2.224893347664725241e+00
2.250421636162404315e+00
2.207044369177311616e+00
2.244790271543210203e+00
2.244010599536716555e+00
2.339415921351449157e+00
2.261789430889894703e+00
2.276089382197327371e+00
2.341228352119267608e+00
2.267169937831341908e+00
2.378337617049567143e+00
2.315581950518844412e+00
2.405357176133274599e+00
2.477552874972570596e+00
2.348254607179400821e+00
2.354947082049812401e+00
2.224807728749944147e+00
2.415775124728920531e+00
2.356079168435174953e+00
2.444305940250194098e+00
2.324782487226135341e+00
2.302939826670934220e+00
2.303492960422453883e+00
2.279700670633656223e+00
2.356943915580935744e+00
2.234086508254114367e+00
2.391638803123655066e+00
2.421897476574504271e+00
2.343443791679469257e+00
2.399770396026343899e+00
2.129722375046483318e+00
2.323247492023707395e+00
2.215279453040271740e+00
2.213743745199013180e+00
2.198466935340015471e+00
2.192170485596000251e+00
2.175476911780305223e+00
2.218911101151860965e+00
2.357726491351328946e+00
2.275936114239497599e+00
2.534199363892855938e+00
2.149760087255605079e+00
2.176957498046941719e+00
2.163296064359553572e+00
2.487553383324688117e+00
2.320401868264479361e+00
2.441468041700331604e+00
2.558761272597647629e+00
2.314823888588225742e+00
2.315683375526727428e+00
2.389879390351969946e+00
2.326235127787548151e+00
2.336318325676054908e+00
2.292315404573791238e+00
2.319199521782334461e+00
2.241218236863455893e+00
2.426592085044661840e+00
2.279441847567905022e+00
2.381576141344150077e+00
2.327114422549865669e+00
2.366565338982020705e+00
2.298861082868105754e+00
2.309017243574867262e+00
2.329005274716433593e+00
2.301944804131438094e+00
2.381775352941099655e+00
2.503528350360092247e+00
2.630299830472194955e+00
2.347489067969441567e+00
2.312515285670048826e+00
2.425383098492035483e+00
2.382309809086940788e+00
2.394206042642358145e+00
2.332277887826376794e+00
2.177555800061214963e+00
2.380819961348846547e+00
2.348538705280774685e+00
2.296518699342890546e+00
2.353574237266125024e+00
2.336112405991313423e+00
2.360480511120869540e+00
2.345720536226515662e+00
2.369710927780551479e+00
2.366387778860544522e+00
2.293540234914248188e+00
2.412915338298899925e+00
2.375336963177325345e+00
2.382575249066452017e+00
2.070429171876780217e+00
1.985611498733403701e+00
2.117931512082245504e+00
2.093867033508033604e+00
2.029732745555752782e+00
2.104367921526855145e+00
2.219815736153558206e+00
2.174410370124803649e+00
2.215990134633835762e+00
2.036656387770393373e+00
2.070330480882329738e+00
2.180528195515497814e+00
2.161981191345323516e+00
2.230524200740928276e+00
2.133614192769971662e+00
2.193293205738524598e+00
2.140657510111738215e+00
2.360393415786638194e+00
2.242717010235141917e+00
2.325933945462792529e+00
2.223216076984926293e+00
2.173487426743468287e+00
2.310320551169984249e+00
2.318515549881703830e+00
2.440747601981893222e+00
2.343684626209414201e+00
2.120576938009096857e+00
2.274149737761642864e+00
2.270050486019621339e+00
2.251187177425179264e+00
2.353013640285364971e+00
2.361627056602101149e+00
2.348913187587732931e+00
2.347405908965013666e+00
2.268591597306540475e+00
2.333653533797035440e+00
2.232499914056433443e+00
2.360599022931880953e+00
2.255381445897860271e+00
2.277251957023620044e+00
2.220100939940314433e+00
2.313203108256550955e+00
2.260818740083522016e+00
2.224629179659761924e+00
2.360541445678220551e+00
2.412354272099233032e+00
2.462960965593683937e+00
2.586544187536415684e+00
2.560145487224934069e+00
2.704335658315288438e+00
2.406024837606053790e+00
2.437873613027246034e+00
2.399278027847814965e+00
2.442372134907856651e+00
2.426047999715623682e+00
2.314922378402680891e+00
2.363522441925627771e+00
2.324509295600132308e+00
2.256186763745088530e+00
2.304796258365142236e+00
2.414518434348479570e+00
2.302648529900789054e+00
2.314491124355813056e+00
2.196389379152539068e+00
2.262315483051532183e+00
2.186275869681372441e+00
2.348417844748532879e+00
2.371128541680963764e+00
2.363299109390119224e+00
2.348298156876853948e+00
2.385990355914392236e+00
2.425714140891399584e+00
2.396321683528309432e+00
2.168190084942068108e+00
2.072008256630977652e+00
2.224763586545424054e+00
2.269407185830693674e+00
2.109732909964894265e+00
2.205873263275630602e+00
2.239816462511984518e+00
2.359153135940414980e+00
2.356529775630165968e+00
2.387173543158354949e+00
2.390911960862076580e+00
2.342319568392062124e+00
2.436374750656686849e+00
2.321544995483705076e+00
2.239505900827170493e+00
2.377645571664683377e+00
2.268602444773930582e+00
2.263325634628254868e+00
2.440664350472999455e+00
2.544431811379689989e+00
2.524444977309447058e+00
2.749035183950967465e+00
2.407925605473733466e+00
2.388660740430512242e+00
2.398695631935936046e+00
2.341036124963237874e+00
2.371562958048481384e+00
2.448832321387038657e+00
2.462014923556105739e+00
2.449906546896838844e+00
