1.688440777513658952e+00
1.610541498826709939e+00
1.544666575744055859e+00
1.633917478476924590e+00
1.570421918491367919e+00
1.642630825064994804e+00
1.726877129516128040e+00
1.766807805678124677e+00
1.694203718154210669e+00
1.590774988244115784e+00
1.593208026760401408e+00
1.635753931686562579e+00
1.718139452836085379e+00
1.816132211525180118e+00
1.892565403677737734e+00
1.810093409911451401e+00
1.616405598992779025e+00
1.915793929948604202e+00
1.728754607501163720e+00
1.935107002988961655e+00
1.926931806259083890e+00
1.908943248649742630e+00
1.896799328072440227e+00
1.738718715084969224e+00
1.719799144468784569e+00
1.878383049625951928e+00
1.840213274904177077e+00
1.981201575852080898e+00
1.839171842667063350e+00
1.991660542948276547e+00
1.646394550578717864e+00
1.559707463105056036e+00
1.763262451956720600e+00
1.831187772954515847e+00
1.982367382986119919e+00
1.879274396878281905e+00
1.947977178793579567e+00
1.565835160748944022e+00
1.770441126963970158e+00
1.803059727747203356e+00
1.919813351843128846e+00
1.724935265285493013e+00
1.789829332821250452e+00
1.668282618957076746e+00
1.706504809031769376e+00
1.934615641582198897e+00
1.943886199449015750e+00
1.886084288623996574e+00
1.906633357210935742e+00
1.943730389309765494e+00
1.646423781322587709e+00
1.560738680251917643e+00
1.697456000012920407e+00
1.578955249500160862e+00
1.511798997465175987e+00
1.633398149330487659e+00
1.748600564226989507e+00
1.718287323277402301e+00
1.635111217304373588e+00
1.691238882712581715e+00
1.580074529377971437e+00
1.642571522054461219e+00
1.641626377971721285e+00
1.739130645851718171e+00
1.736691781484319685e+00
1.871595865182002605e+00
1.922159808115980084e+00
1.600499991585614179e+00
1.784082500137450511e+00
1.998588433352584737e+00
1.919375951401256941e+00
1.896144192027441777e+00
1.939074329218836157e+00
1.614716934351642319e+00
1.620670441781854265e+00
1.930181163449165682e+00
1.817669300756203477e+00
1.969606002556129054e+00
1.541717809007247864e+00
1.704303119806299005e+00
1.752773076889816428e+00
1.880029773472458920e+00
1.643871159492682699e+00
1.840098837605598669e+00
1.866767853081479966e+00
1.946183930179323118e+00
1.922888702539708561e+00
1.938875922587732337e+00
1.939411651097132872e+00
1.878749009269208514e+00
1.717984941518343023e+00
1.642242132577286684e+00
1.612483768239620030e+00
1.633646722183806910e+00
1.736304195971277275e+00
1.610498121478739053e+00
1.906291496706386646e+00
1.965480956037615190e+00
1.900025771945473840e+00
1.867873319227768336e+00
