2.168281417743364692e+00
2.235195661409117740e+00
2.257940461868835680e+00
2.141241350804212296e+00
2.144990211809931324e+00
2.040978977557887042e+00
2.203487852654264056e+00
2.337074532198268439e+00
1.995408002972697714e+00
2.288869631394466975e+00
2.011939462806007217e+00
1.976438073705076182e+00
2.023566195258442058e+00
2.198708876390884637e+00
1.996135521092412546e+00
2.183042679601114866e+00
2.400962694707319045e+00
2.017006721938609193e+00
2.370575697849512942e+00
2.205870239687157675e+00
2.222865796574032604e+00
2.082810698687803441e+00
2.634405296258412577e+00
2.520252230573488905e+00
2.435687805980046861e+00
2.246631401099822511e+00
2.169450626165951856e+00
2.039329668893821612e+00
2.528204806011266292e+00
2.179672821732591803e+00
2.201321328955108125e+00
2.490843457006030270e+00
2.205607978840439465e+00
2.089157134086619738e+00
2.301152948244902241e+00
2.473713257467366144e+00
2.276555109478925143e+00
2.442489211586370335e+00
2.485221075030267901e+00
2.084946907056783871e+00
2.384296146226740909e+00
2.275056492624025317e+00
2.429685013282871786e+00
2.542322161724913876e+00
2.363183683750273989e+00
2.595097000697478506e+00
2.339754678680765476e+00
2.493461247774419132e+00
2.380200216621665810e+00
2.479746703196153312e+00
2.599326579112104962e+00
2.493155898635679435e+00
2.451751176708335311e+00
2.350290487870737799e+00
2.347751137841915359e+00
2.319703560279442911e+00
2.420145736410952431e+00
2.169317915526803198e+00
2.363761022493535702e+00
2.197640660784200950e+00
2.496323936600772786e+00
1.991762297193912623e+00
2.407229708680415747e+00
2.257696411138069514e+00
2.559007123699144959e+00
2.541513523458692081e+00
2.205901860736891429e+00
2.145010292273805685e+00
2.343757277026580876e+00
2.492808890515802123e+00
2.436247554629573209e+00
2.474010452790003090e+00
2.627071262194152990e+00
2.307217174404219140e+00
2.554193628043285980e+00
2.388860199824323072e+00
2.238164601229689410e+00
2.394860506020008550e+00
2.518395039861098805e+00
2.384637855809348839e+00
2.523822525011344187e+00
2.365356418797535554e+00
2.416382513489748973e+00
2.504408604901815494e+00
2.435336109320516584e+00
2.328304863758709597e+00
2.180858708121831135e+00
2.430750965332011848e+00
2.588895060067399001e+00
2.618559879870943075e+00
2.345888767309364464e+00
2.535358501487476879e+00
2.362123115877714064e+00
2.228719735392236778e+00
2.282444379664864798e+00
2.628637111859082776e+00
2.550679031808428920e+00
2.735539670845129834e+00
2.329844723744156632e+00
2.276889632478672265e+00
2.529880803050886584e+00
2.642943538943148596e+00
2.720807938763513345e+00
2.664073806786308563e+00
2.646452448633106691e+00
2.621480993924269143e+00
2.646600141402040141e+00
2.615884293751008727e+00
2.611878239567666071e+00
2.575066071311132632e+00
2.591994071951026601e+00
2.536169943679094541e+00
2.535272048333904404e+00
2.721123174178198045e+00
2.405642992730652185e+00
2.588605490631318951e+00
2.425269569457976004e+00
2.022089632249905122e+00
2.641111441824260275e+00
2.584152138594475012e+00
2.821003141218199506e+00
2.627354030723310974e+00
2.625416475780401271e+00
2.692415182764066994e+00
2.647770467975308240e+00
2.590357157527809928e+00
2.700388549044776987e+00
2.704345618675123575e+00
2.639498138847703679e+00
2.716061044328115237e+00
2.476617318241327581e+00
2.521634658432695186e+00
2.623920085459601648e+00
2.476861221128722423e+00
2.489816575676920163e+00
2.731590634883730218e+00
2.569413083101332429e+00
2.719193612092779322e+00
2.345927923752143762e+00
2.265206170216925941e+00
2.227478117542826208e+00
2.239725166481801200e+00
2.180827604007957277e+00
2.381253423820120396e+00
2.193765137486408445e+00
2.233182146354747655e+00
2.119104965263294726e+00
2.250041912801840294e+00
2.136630053206583835e+00
2.301441904739782718e+00
2.078281471780532463e+00
2.032684583792327526e+00
2.071400636844409338e+00
1.958493639409617071e+00
2.585254034672843204e+00
2.742335838779940360e+00
2.538816289069038667e+00
2.454387718557084153e+00
2.612598901952903674e+00
2.355993376991957877e+00
2.271836004374328866e+00
2.429365136870550224e+00
2.579962563441187573e+00
2.637588469874803554e+00
2.719526309046179424e+00
2.245060916276725216e+00
2.618004464739228876e+00
2.557494114625893822e+00
2.521439660285727857e+00
2.651310227351873383e+00
2.676180815583173001e+00
2.657916577732485131e+00
2.645439055756576341e+00
2.676210250549460046e+00
2.720992299442089202e+00
2.462623263550284936e+00
2.670371058205491366e+00
2.767090665011433526e+00
2.633051477038792498e+00
2.776891783848605577e+00
2.802695877144381509e+00
2.798108003591460946e+00
2.582918751381904077e+00
2.638916549599820360e+00
2.650030353114297021e+00
2.332776171025841894e+00
2.445756380083253578e+00
2.546071404772233926e+00
2.188009677767789096e+00
2.395502580400223014e+00
2.329625729935073331e+00
2.537242004783077043e+00
2.432068931452711080e+00
2.301440317323706797e+00
2.545309392427766770e+00
2.276823705223438576e+00
2.251699969171400806e+00
2.231337049098978564e+00
2.506226594478111025e+00
2.460985044427137947e+00
2.353477715025453332e+00
2.653020589354375236e+00
2.528396879264012131e+00
2.487542565587593124e+00
2.690831001882285189e+00
2.561778896861941490e+00
2.329357770854624476e+00
2.138754197804382695e+00
2.333029308365340171e+00
2.394034860715906543e+00
2.263472865795332023e+00
2.302557797013172980e+00
2.463740641660951969e+00
2.398910765201996753e+00
2.408920503881274655e+00
2.516857694621526864e+00
2.487950542529760778e+00
2.348927966556770386e+00
2.444797658326499867e+00
2.672043718782847410e+00
2.471939085482888210e+00
2.479862560049272524e+00
2.667202659254621189e+00
2.548501287824524120e+00
2.435389177203489464e+00
2.502620548316758509e+00
2.551753975640021377e+00
2.505134721662819253e+00
2.649941164269584259e+00
2.486737277530141732e+00
2.796999694572888107e+00
2.713025075305916634e+00
2.687606842862520384e+00
2.696859461830889870e+00
2.754779667903773266e+00
2.765411656360804216e+00
2.573755346258334686e+00
2.691139684063237780e+00
2.490172055564033649e+00
2.575913634408991015e+00
2.820169358626081646e+00
2.580607623863139466e+00
2.593326100735567241e+00
2.664795141772643206e+00
2.629597767323876401e+00
2.483677828721062131e+00
2.610918506708176601e+00
2.520527797186422170e+00
2.006972345584375983e+00
2.268309726951891925e+00
2.108586419615931629e+00
2.193275541948440654e+00
2.266816928370555928e+00
2.096751308487331045e+00
2.188984030562385108e+00
2.106292323267898947e+00
1.972664551535944222e+00
2.271279946299300523e+00
2.179965445095434440e+00
1.923387114608247739e+00
2.053546010337365946e+00
2.162606819711327510e+00
2.300549924067335272e+00
2.046510290126793752e+00
1.812700170788681397e+00
2.455260622283920835e+00
1.868685304091938226e+00
2.113106774319563730e+00
2.108056899195565048e+00
2.673861212750658023e+00
2.110987615861298128e+00
1.933569578461423966e+00
2.411860797957452895e+00
2.390351728157280586e+00
2.070306569663938223e+00
2.168282471207314988e+00
2.476863079430429604e+00
2.149449343876272955e+00
2.232610481856552198e+00
2.144352309454236050e+00
2.178210208283692939e+00
2.412967586462160696e+00
2.321407276760345972e+00
2.388034662382600537e+00
2.495762538683926390e+00
2.228186789072795104e+00
2.310295333395331774e+00
2.325775868315197670e+00
2.317989167380880566e+00
2.546382030202347213e+00
2.572484017310280535e+00
2.409035881826546266e+00
2.344520392895458105e+00
2.370760618800915598e+00
2.554643624476826691e+00
2.445376572835124218e+00
2.524519728132650354e+00
2.398220597645734475e+00
2.463794591482754370e+00
2.360831737794382157e+00
2.343250722306422951e+00
2.313620138851090857e+00
2.162757735034496420e+00
2.415360036800491716e+00
2.216196544952619085e+00
2.501005320595176773e+00
2.206445530175099812e+00
2.303896120463313046e+00
2.397308581091673219e+00
2.130643974272912633e+00
2.581532346597094740e+00
2.133762251681990740e+00
2.529823433220121931e+00
2.299461058760458698e+00
2.429247921745929073e+00
2.288791178047848263e+00
2.214881467550257721e+00
2.481564191984796164e+00
2.386900782131612608e+00
2.553955669837455034e+00
2.468724965657208781e+00
2.446550961978489092e+00
2.334739821454458131e+00
2.329138521515866422e+00
2.548933936208805928e+00
2.269851796537702082e+00
2.219089387296918847e+00
2.464718848685357511e+00
2.493537986867129241e+00
2.437792906870049681e+00
2.392887624865428720e+00
2.306536655639953359e+00
2.421211605540937839e+00
2.189717799475270787e+00
2.278155875863394186e+00
2.374913475000406837e+00
2.578007886987505604e+00
2.522886482856828483e+00
2.596506242190163238e+00
2.459794322740630257e+00
2.394047904308262975e+00
2.652944719341197022e+00
2.474136968924291136e+00
2.151057678705140308e+00
2.220944591561756276e+00
2.386996610166160160e+00
2.373647002821043461e+00
2.680893447718245781e+00
2.584598560246262444e+00
2.786187674463708852e+00
2.148029847428727379e+00
2.435082246159648189e+00
2.426070617527829931e+00
2.663041111172434139e+00
2.615213863198564415e+00
2.683308399965304236e+00
2.664649109718564279e+00
2.647050183134401991e+00
2.580374560055636479e+00
2.693176010365818662e+00
2.625863603685909986e+00
2.589978921601970185e+00
2.572803762722430942e+00
2.515549444421415703e+00
2.431402214779823989e+00
2.471303084305500164e+00
2.248995894004452989e+00
2.492192933938602195e+00
2.576871564617979615e+00
2.424608772767985698e+00
2.470332532393703318e+00
2.554811205807149488e+00
2.582995137853261625e+00
2.613394583845332964e+00
2.414630783796403612e+00
2.586432565351758139e+00
2.794853200422637407e+00
2.392401233760732548e+00
2.455580763491207463e+00
2.685983147006146154e+00
2.603639107499178262e+00
2.667776032417568999e+00
2.522123875354135070e+00
2.500578583090207641e+00
2.652523435443775668e+00
2.525022033897677876e+00
2.426315109948764981e+00
2.666701666037230023e+00
2.395121199208247287e+00
2.485934003211285770e+00
2.438512558806461783e+00
2.742730778052781204e+00
2.335509324623244787e+00
2.496745752649643268e+00
2.727179581857411161e+00
2.632393423092816320e+00
2.645065073899096397e+00
1.933110734392388119e+00
2.008280720963978361e+00
2.003434188500892610e+00
2.169430998447010150e+00
2.126991682459939970e+00
2.251907247960465597e+00
2.321698071114020046e+00
2.145249401684465873e+00
2.132380740390667384e+00
2.109438591442367894e+00
2.095722597898892481e+00
2.109439696806981512e+00
2.211200770646265301e+00
2.073127886201360681e+00
2.132722128025561492e+00
2.593347091863494214e+00
1.991193210305180150e+00
2.536316729918890012e+00
2.665686764789260810e+00
2.630261629846413651e+00
2.512773285346430630e+00
2.456917114695094995e+00
2.545370117624928152e+00
2.343005886512421920e+00
2.511080289740255544e+00
2.439543085205348572e+00
2.017951169386894339e+00
2.379844497306385254e+00
2.467761648073287795e+00
2.360117696344317562e+00
2.673125297755384988e+00
2.573207768946365270e+00
2.330091067715919895e+00
2.619712978238000645e+00
2.506235023446766075e+00
2.601491195883612662e+00
2.550964586150904267e+00
2.687070498961724230e+00
2.394692163941946284e+00
2.600654640926651329e+00
2.633545679495667535e+00
2.719365934651893468e+00
2.739717894546476185e+00
2.735102337009734264e+00
2.783555919738909257e+00
2.676230480855187555e+00
2.543610460240480986e+00
2.627776355954888565e+00
2.685519567587215217e+00
2.853765947520272128e+00
2.772774068575954320e+00
2.586916393339364628e+00
2.582387495620199758e+00
2.597507284957700335e+00
2.673117573919419954e+00
2.341675406456499076e+00
2.384221027372991575e+00
2.497118034946214760e+00
2.409534307531334019e+00
2.540035044705871492e+00
2.538341303641920899e+00
2.689715573150136319e+00
2.651120573805187064e+00
2.196919105636660596e+00
2.316454933026312890e+00
2.067741671396091885e+00
2.191399704449821684e+00
2.395022661280263421e+00
2.264539230712361739e+00
2.288613857878969426e+00
2.322916317425355537e+00
2.205207022835716568e+00
2.269863396051537752e+00
2.226591361784688416e+00
2.054690258378902623e+00
2.293491032011141684e+00
2.404989157683384615e+00
2.213366497075226480e+00
2.285517581453242908e+00
2.230173255964557288e+00
2.392572621682136358e+00
2.456746836922649724e+00
2.487809239986801479e+00
2.480315338457173446e+00
2.550579711525486903e+00
2.558507782366002292e+00
2.623102446574119284e+00
2.581125626170291287e+00
2.639444917020348225e+00
2.678496709728937386e+00
2.686916631540019473e+00
2.779136450805172576e+00
2.657951054709159600e+00
2.666990913598219937e+00
2.754626835232042215e+00
2.556520766425691704e+00
2.479657110858339397e+00
2.624271318873274694e+00
2.630824857342333623e+00
2.313190437350637119e+00
2.468669069127266802e+00
2.514095224517323590e+00
2.540192256289898420e+00
