1.731173854978511617e+00
1.788556106541318025e+00
1.847916886389853408e+00
1.677543577624702076e+00
1.678218160642285461e+00
1.866819874606950647e+00
1.692115075414924341e+00
1.894467159625730313e+00
1.672818855050605347e+00
1.678520920393329563e+00
1.899074762867134725e+00
1.633391191940417819e+00
1.791280169208922191e+00
1.852935978049317312e+00
1.808940345040642939e+00
1.892732782893454591e+00
1.959185571449956420e+00
1.936455805973241517e+00
1.854323298476463044e+00
1.848554910399362594e+00
1.937563821730518221e+00
2.095701682418600331e+00
1.823325714794869823e+00
1.846447679927463614e+00
1.960418113163398868e+00
1.962991663156895772e+00
2.001350975194502890e+00
2.055122655934319198e+00
2.130947448778055531e+00
2.015774203259017572e+00
1.739078917676851077e+00
1.918550699996655062e+00
2.094513980027465916e+00
1.808433567789670349e+00
1.803572972078181902e+00
1.766920014445257481e+00
2.265796083376607317e+00
1.925792239085131863e+00
2.198159140809157641e+00
2.169600179906658877e+00
2.087589541101054103e+00
2.141898235921067872e+00
2.040150029569154366e+00
1.945872273973304312e+00
1.929644089749030345e+00
1.960973078920028589e+00
2.200081894012148709e+00
2.001718429514390607e+00
2.063864623833906453e+00
2.151495498038936027e+00
2.014055041903602739e+00
2.207730127350062688e+00
2.084756175289744995e+00
2.158549849622095174e+00
1.760514171027465435e+00
1.766881261397506009e+00
1.611177706457886494e+00
1.626182917632833513e+00
1.724494000491485934e+00
1.799690557818230952e+00
1.945602638534669415e+00
1.943526322045397103e+00
1.766418205401991903e+00
1.807960454899376179e+00
1.724085801700745213e+00
1.871492930136686494e+00
1.910401465040516777e+00
1.975818625595916700e+00
2.189087515292122532e+00
2.109676034704924596e+00
2.142073200123190801e+00
2.214326571622612150e+00
2.250615370918835012e+00
1.711134517247858255e+00
1.742565218637048163e+00
1.742664458859280563e+00
1.802408112298085729e+00
1.888556116156386411e+00
1.871626496797787809e+00
1.926442175690911585e+00
1.905779744904296136e+00
1.920715107801155064e+00
1.884295998722838261e+00
1.793948030318199383e+00
1.876124783766311310e+00
1.903782530705453446e+00
2.085328002331215291e+00
1.950916009927054828e+00
1.967521178731306941e+00
2.076717955174039787e+00
2.054017138821367272e+00
2.113515360152308897e+00
2.156677158604783262e+00
2.094927654379471704e+00
2.183974781411984978e+00
2.146270165918087169e+00
2.067149148594329411e+00
2.017719766303510021e+00
2.064058703302623421e+00
1.797182440375460377e+00
1.774738067199086888e+00
1.830996736201355946e+00
1.789885551222833548e+00
1.667072510036794686e+00
1.923401849717860879e+00
1.672973041320679366e+00
1.869561771455317212e+00
1.729667166464216033e+00
1.652868151019353027e+00
1.780175106972511134e+00
1.907905571086010887e+00
1.732787645098845308e+00
1.662383941813398769e+00
1.975696530955333596e+00
2.029142114110312978e+00
1.836986558558056482e+00
1.760329965549043640e+00
1.993966622272931088e+00
1.842248166411519339e+00
1.956440836137202988e+00
1.864331564954415654e+00
1.865449771161881376e+00
2.018209474668259062e+00
1.951352038982626658e+00
1.856364726794128783e+00
2.097811838772063897e+00
1.857796376586113185e+00
2.017900344589665718e+00
2.019965758325649396e+00
2.061607014886932987e+00
2.095778054610313301e+00
2.023845217899662430e+00
2.100290272943945435e+00
1.951942639126405865e+00
1.861456604377604185e+00
1.917603625152670022e+00
1.862907174098147989e+00
1.906703228256235949e+00
1.915626132741897525e+00
2.195449150482819078e+00
1.856409098760840148e+00
2.138903751452903013e+00
2.224363311508791519e+00
2.191222756882410749e+00
2.059094007184463226e+00
2.086106675451308234e+00
2.178992548585222178e+00
1.827783727366358413e+00
1.744493745993930478e+00
1.914546157250008651e+00
2.009528628350373936e+00
1.857482917939933031e+00
2.079295802255749059e+00
1.928839652226464585e+00
2.143376620922779363e+00
2.196619057767545957e+00
2.055931592321628365e+00
2.215617394914105365e+00
1.888489895606905167e+00
1.841447381146483986e+00
1.890746263444018416e+00
1.766973645445925944e+00
1.745699779520733630e+00
1.748046714547500491e+00
1.976040115535573349e+00
1.891179584935909874e+00
1.920981258599503194e+00
1.828811135191742432e+00
1.917334218078048158e+00
1.879506866684620414e+00
1.906045836670642757e+00
1.911274370217197260e+00
2.118993776233883519e+00
1.946140668857168743e+00
1.955725116105435424e+00
2.201553090825793202e+00
2.076839220655000151e+00
2.123649074204610798e+00
2.208240759609725767e+00
2.048998828805341788e+00
2.163498518079322253e+00
1.970065506871979233e+00
1.922707598127028517e+00
1.947792973986604448e+00
1.766113411775878994e+00
1.827816373674879147e+00
1.713462484266746522e+00
1.726562721703164049e+00
1.632898160953523359e+00
1.978674907124138516e+00
1.828612951387796670e+00
1.890125527313881282e+00
1.997414696179321991e+00
1.974989072093032982e+00
2.064880424465297182e+00
2.006638724258993811e+00
2.016446464516252757e+00
2.123048347317233464e+00
2.092201223735790538e+00
2.041774265948980815e+00
