1.751896912233535497e+00
1.774372319082161420e+00
1.868871419639989151e+00
1.719638064882649919e+00
1.748967805266780084e+00
2.107813341449604305e+00
1.757701378079200127e+00
1.968995182573263447e+00
1.780192902606225758e+00
1.803852171743686172e+00
1.921646189485391787e+00
1.947383601669679942e+00
2.010172565595671035e+00
2.023243866491459375e+00
1.867662877520966713e+00
1.953857918537192928e+00
1.941895550860731845e+00
1.880665701315967553e+00
1.843713342467068861e+00
1.893898777702713199e+00
2.025732564864449969e+00
2.110128722490751674e+00
1.738693460699578530e+00
1.780870310408486201e+00
1.872283620821739492e+00
2.043134555242571704e+00
1.837314803724782619e+00
2.043329566741787229e+00
2.116664619488833221e+00
1.900461027041473017e+00
1.815423439230059444e+00
1.980365501112495652e+00
1.942266253789519004e+00
1.838667058056601133e+00
1.757178241265605623e+00
1.928136645218669676e+00
2.001123200056257101e+00
2.002614344479651809e+00
2.202994240091085576e+00
2.083399489806459837e+00
2.102225108262694153e+00
2.068361265850558794e+00
2.073211226651305861e+00
2.054525823173235732e+00
1.927584523370787117e+00
2.006313309549133450e+00
2.139326851003423791e+00
1.937136658669083911e+00
1.937791495749061177e+00
2.124834525222696335e+00
1.993206741077064192e+00
2.189153663177934472e+00
2.074975816991403654e+00
2.160185031621699725e+00
1.818270276210758540e+00
1.824493290283018432e+00
1.750453321498857129e+00
1.771012426336256329e+00
1.843905444211724420e+00
1.778090331697626203e+00
2.064153075619556521e+00
1.966118236427479626e+00
1.981164322570429848e+00
1.907666219989570644e+00
1.729979732589877361e+00
1.841149054896034754e+00
1.915875875895840519e+00
2.024270560820335074e+00
2.208186635884844318e+00
2.054432266965497966e+00
2.154951709973941032e+00
2.188222903524938978e+00
2.270419524776747355e+00
1.862633540609444083e+00
1.842927065999436120e+00
1.809119709211827853e+00
1.937750179332779821e+00
2.039770337531946698e+00
1.922685977067877472e+00
2.104620307929317313e+00
2.045194322717124980e+00
2.053104908725367217e+00
1.892345389043453618e+00
1.796652464567166652e+00
1.851751461969064261e+00
1.894441514063270882e+00
2.117854996104470366e+00
1.922038750491479986e+00
1.915008417983803168e+00
2.118563674795034046e+00
2.048663860134365855e+00
2.124509993036439059e+00
2.174454223344109316e+00
2.025428031134582252e+00
2.193878362651297209e+00
2.243885737205574493e+00
2.120582636272606347e+00
2.004930178573224531e+00
2.052047926498289598e+00
1.761936025931847949e+00
1.737681210759314920e+00
1.828472055500276916e+00
1.738677474034617365e+00
1.707998736993309175e+00
1.810656849706494542e+00
1.708555103517227725e+00
2.033359434116506215e+00
1.724204786862796546e+00
1.722826216107539388e+00
1.854255648966940395e+00
1.974950159530622029e+00
1.873656341496100275e+00
1.853676349857579231e+00
1.985520809759984129e+00
1.971344808825880701e+00
1.887880864468644448e+00
1.844654018576674215e+00
1.945509112003622532e+00
1.841674962331014020e+00
1.953225951177750552e+00
1.873258935229131783e+00
1.904646442658381345e+00
1.981873554317550967e+00
1.816413751372112806e+00
1.885059573026286461e+00
2.123030059555950366e+00
1.779154368447687373e+00
1.936219907247198613e+00
1.976813481409534834e+00
1.835301892736664664e+00
2.073210237249789145e+00
1.927119304057374194e+00
2.069846092165635643e+00
1.838849773487811978e+00
1.858681304043454441e+00
1.993892535892003881e+00
1.918924698179024446e+00
1.928686735864892476e+00
1.805589981019612766e+00
2.069675519414282849e+00
1.947882463158054245e+00
2.036867886264774885e+00
2.244544732566146727e+00
2.097371595988116066e+00
2.080420372485597635e+00
2.014026994418018912e+00
2.114482666618759499e+00
1.782601041912795559e+00
1.877013957717776238e+00
2.012768890031399138e+00
1.996106677207572844e+00
1.862368040133346669e+00
2.122349373642594461e+00
1.917095884932204397e+00
2.125070091868015876e+00
2.157157492772486140e+00
2.062834540844967091e+00
2.193542574837083148e+00
1.885479137436501196e+00
1.929565659073712469e+00
1.905500863301642811e+00
1.872125238563637772e+00
1.800625573605571628e+00
1.744529097228384673e+00
2.053872804536682306e+00
1.871094920447183174e+00
2.051809867357086592e+00
1.891424011025261143e+00
1.944361259883569115e+00
1.914711765417363543e+00
1.909494624389258322e+00
1.927090743276702156e+00
2.203476064041211657e+00
1.911819817170052893e+00
1.945449955627334804e+00
2.207379654290843707e+00
2.129565941290261666e+00
2.279495532069825803e+00
2.289958226078811609e+00
2.087558960644326334e+00
2.214742916500862080e+00
2.061510549414169002e+00
1.834600767861717330e+00
1.986977358867912269e+00
1.872425511541885523e+00
1.873371994217412073e+00
1.846943983445534565e+00
1.720499428280364729e+00
1.705419865961994130e+00
2.065048604175088620e+00
1.877812063972005507e+00
1.985113151270652576e+00
2.103840599557806001e+00
1.969788931793793996e+00
2.014310129289260676e+00
1.938871443118531657e+00
2.008322978351262389e+00
2.306465629739566037e+00
2.198311450497315800e+00
2.145555826712140846e+00
