1.976838001322086980e+00
2.220404966589277773e+00
2.200140467810592693e+00
2.127093810981440569e+00
2.111918463801222501e+00
2.049326045570417865e+00
2.358659719124132081e+00
2.326595852338890325e+00
2.022519532127651676e+00
2.284090881376227955e+00
1.971636388309689902e+00
1.938996247380161631e+00
2.030847175979313857e+00
2.158211914999231151e+00
2.002712343868268796e+00
1.994187452833202201e+00
2.498624480025091188e+00
1.892383507273837528e+00
2.322738452321743807e+00
1.982050369384016353e+00
2.034208963861127817e+00
2.071744632353543558e+00
2.539259641053850824e+00
2.371041138917517443e+00
2.089177407309671608e+00
2.256531191912985346e+00
2.067308164765370382e+00
2.036586863594211039e+00
2.412375096711683486e+00
2.037138686275083543e+00
2.284734701311844418e+00
2.371702296447970593e+00
2.105581703921690639e+00
2.131329267377858994e+00
2.310040365629955517e+00
2.362825683719592007e+00
2.368569756777390900e+00
2.336540311474959442e+00
2.360870456211140667e+00
2.082654245061292375e+00
2.202860986678831345e+00
2.302861273364333439e+00
2.247388136242672640e+00
2.342291927000983875e+00
2.045177401662573669e+00
2.411689876675137789e+00
2.337630991355602372e+00
2.257432068657874602e+00
2.256546468271202421e+00
2.315410045832104302e+00
2.293734280147821991e+00
2.396603367199062529e+00
2.059044021600847874e+00
2.081587285639946661e+00
2.201207775978738734e+00
2.265485326639985253e+00
2.429831865181899087e+00
2.211035876092769747e+00
2.262775824898322075e+00
2.284259263616405189e+00
2.572230747764991943e+00
2.051181233271923254e+00
2.334974598236804866e+00
2.188361418968381766e+00
2.431530948894085498e+00
2.500025197702829161e+00
2.212959150652494600e+00
2.120043485832397323e+00
2.409243687450565385e+00
2.397392002627908969e+00
2.425201300282845196e+00
2.577345645935539942e+00
2.548245664464105165e+00
2.332678328767924469e+00
2.435190455712532565e+00
2.410999754330528599e+00
2.355947652756002153e+00
2.410845212151117245e+00
2.648456414291834093e+00
2.395194991414971053e+00
2.431733782110508280e+00
2.408774773203660846e+00
2.327776686249055871e+00
2.402082201799185857e+00
2.372702509020169437e+00
2.283970451245278088e+00
2.041782146855782187e+00
2.252615375547983412e+00
2.516235829168233629e+00
2.482207852726791231e+00
2.239655077305225284e+00
2.164948115783645211e+00
2.302128522510324071e+00
2.235657819671125424e+00
2.380291000171789850e+00
2.222483249077670919e+00
2.264945356698401913e+00
2.385924014240671021e+00
2.402992944478267834e+00
2.245888758410734543e+00
2.662969932949132978e+00
2.576699733736697251e+00
2.654239358929512349e+00
2.800954448494023641e+00
2.687807623102569821e+00
2.527604414670813426e+00
2.595958173530303004e+00
2.531632360314918007e+00
2.447030400721347032e+00
2.484164705468654422e+00
2.530399064406295473e+00
2.354120703005410320e+00
2.095768181743618452e+00
2.169714709441983747e+00
2.284227834526290302e+00
2.389836608429555032e+00
2.314549830828319887e+00
2.005652518825657094e+00
2.501090185454617920e+00
2.311026798304592678e+00
2.650409291945195811e+00
2.586041669178630542e+00
2.391634662036463244e+00
2.514609735160536541e+00
2.470716338075706453e+00
2.435543521166637415e+00
2.585050079119407762e+00
2.453051688318680146e+00
2.617146441587621997e+00
2.518049945955437963e+00
2.485404221649574197e+00
2.435560341526942008e+00
2.544932994873630339e+00
2.599172904338301393e+00
2.371670535264160939e+00
2.562295232222665309e+00
2.743316175438913262e+00
2.577008286604716147e+00
1.990439513761810719e+00
2.076968421285538380e+00
2.078951914095680475e+00
1.999156006490079518e+00
2.194035337327840285e+00
2.191545719111244406e+00
1.847323299521989703e+00
1.900144187581498390e+00
1.754820557535821779e+00
1.942394952452900281e+00
2.052527522435132923e+00
2.047007010898995283e+00
2.196523534438101333e+00
1.900913177875249271e+00
1.874559061868871446e+00
2.135241082272193669e+00
2.246990545094152747e+00
2.505373918597733507e+00
2.515272471307562263e+00
2.378581569523799732e+00
2.348626347776411549e+00
2.372610929439038063e+00
2.381926864413982603e+00
2.303157670078679331e+00
2.390129271273634615e+00
2.557524652775270191e+00
2.545277290224098543e+00
2.082672353805176346e+00
2.460044354776829145e+00
2.543190018132650110e+00
2.497651084471947502e+00
2.452752882075135421e+00
2.595726467059231268e+00
2.490161105226185612e+00
2.520768874364299972e+00
2.634255378630347533e+00
2.557957903341935069e+00
2.489497536475627104e+00
2.552751322396427103e+00
2.551975856483263083e+00
2.617966265761392464e+00
2.582453609636781611e+00
2.691796225822281841e+00
2.588498533078685604e+00
2.576227676004374523e+00
2.575603523836578646e+00
2.578700105877271387e+00
2.143479525719637291e+00
2.200031858207743163e+00
2.224913708478175156e+00
2.044042609500958285e+00
2.145358106992858005e+00
2.134436435433497259e+00
2.221855871717119957e+00
2.125360804428480410e+00
2.120521705618683583e+00
2.347079172700697658e+00
2.089273734454712539e+00
2.239396142832332792e+00
2.222220613340100126e+00
2.390915823726170952e+00
2.410549892473255351e+00
2.259441602798048176e+00
2.373472046617634668e+00
2.421054323381498286e+00
2.348567008963873270e+00
2.420048711897004434e+00
2.389213787423036806e+00
2.213006285560709330e+00
1.977365926270167495e+00
2.156756681536029063e+00
2.193257227500968298e+00
2.214605959596811946e+00
2.255342429885445643e+00
2.290828731915856675e+00
2.270806114363406625e+00
2.333699757688431298e+00
2.384775803878865563e+00
2.482726813375447428e+00
2.320185025023700387e+00
2.405269641211600806e+00
2.581324370860160755e+00
2.460076643902956217e+00
2.508148363043347651e+00
2.519310007973695420e+00
2.439020246037342687e+00
2.521046676847444878e+00
2.475361676812765310e+00
2.528595898731691438e+00
2.480686363326544353e+00
2.443846724469151077e+00
2.498685336370726873e+00
2.631845744687714816e+00
2.501026522861560242e+00
2.561412180474139877e+00
2.519811562349169698e+00
2.542936569039796257e+00
2.649210383835291172e+00
2.473662668037948098e+00
2.594777487108852920e+00
2.482954207338308628e+00
2.526872107030300629e+00
2.701665922801493647e+00
2.484695909707184569e+00
2.481422779807138213e+00
2.456299643760332607e+00
2.514285384429348014e+00
2.446323304678963417e+00
2.487362516308135874e+00
2.535162785430306265e+00
1.913871744515290851e+00
2.301520381545499205e+00
2.019319520905364040e+00
2.196082784718329073e+00
2.235979556125275103e+00
2.163585427764419755e+00
2.226139425868714827e+00
2.130888510459730156e+00
2.026876326778778825e+00
2.339099826451758180e+00
2.197811691101940301e+00
2.086570900453327493e+00
2.035960393963093473e+00
2.032466168050835353e+00
2.389921741742515593e+00
2.050440041425284576e+00
2.022741465988805221e+00
2.468449391215887356e+00
2.053056706689483146e+00
2.151452734155125945e+00
2.028744816256918160e+00
2.562047360646813488e+00
2.067263299977866620e+00
2.017444537804648164e+00
2.385625749041103028e+00
2.351426146560998021e+00
2.108929286346210574e+00
2.250987491783475569e+00
2.373532992659423524e+00
2.178438457973769005e+00
2.260453096256805683e+00
2.221566062410560871e+00
2.231705734835494503e+00
2.454312589175478898e+00
2.398270755563765011e+00
2.412798540333989550e+00
2.465031249169590488e+00
2.210277642707668466e+00
2.200319594427039505e+00
2.211491080610801685e+00
2.328037604262099158e+00
2.563120498436489925e+00
2.521477226322050402e+00
2.501973638788757004e+00
2.307445685587852680e+00
2.365656425249365924e+00
2.436699299487487647e+00
2.377578415132585832e+00
2.383980630374827214e+00
2.272826629668096121e+00
2.229473858475163439e+00
2.338097336077133548e+00
2.272335460193270151e+00
2.262935804271466012e+00
2.120997666741498922e+00
2.314466901284085054e+00
2.240384735590723153e+00
2.452451612889087862e+00
2.234983506500231254e+00
2.386198161053511235e+00
2.467052028872823488e+00
2.262764316362080308e+00
2.462081347350231653e+00
2.205162649854413459e+00
2.419896759144897214e+00
2.276017001949879326e+00
2.494130194107767373e+00
2.438208494378825364e+00
2.274584058486539551e+00
2.542288633932801023e+00
2.301867984312920612e+00
2.455187867886493791e+00
2.402082956534473013e+00
2.631415272129698391e+00
2.385502193781808167e+00
2.352976939343226714e+00
2.502447254868974902e+00
2.248336600666600571e+00
2.428175594307325991e+00
2.442276480330802801e+00
2.630736139612590563e+00
2.342171624019341536e+00
2.310907995534901449e+00
2.322876299613195084e+00
2.313871917797895694e+00
2.229637869470511458e+00
2.245631997483043651e+00
2.300504893519899063e+00
2.567452732297482054e+00
2.480915606550070152e+00
2.489502012395305552e+00
2.287031375403913547e+00
2.421421308803167971e+00
2.563445435032462694e+00
2.296859042665984063e+00
2.163275228015133944e+00
2.332310749093300828e+00
2.408855003527620386e+00
2.346841318991797820e+00
2.585952168616202584e+00
2.399382634808340242e+00
2.656895948346806424e+00
2.321472632624030030e+00
2.410503160571021652e+00
2.456187981490610017e+00
2.708778279383261101e+00
2.641820499116333210e+00
2.699463982426324460e+00
2.811383036987507911e+00
2.636577989272744116e+00
2.543317185994944829e+00
2.602180038210442969e+00
2.557893460847507239e+00
2.469656399768275890e+00
2.542336362358724511e+00
2.530947152715793180e+00
2.538759810620078383e+00
2.384048416015760008e+00
2.242458854611118380e+00
2.296217635585568573e+00
2.297790955202752006e+00
2.492718791992450722e+00
2.305978283430407672e+00
2.367708888408383228e+00
2.565954385444602082e+00
2.528439273443558566e+00
2.515849581755553732e+00
2.485547323771735151e+00
2.789006213603079321e+00
2.452250500809546541e+00
2.506007713549444293e+00
2.614228332114021836e+00
2.520825892622143627e+00
2.550733117367470104e+00
2.511453680453947790e+00
2.430105196834042136e+00
2.563811306741103468e+00
2.529697458398123988e+00
2.394533736331950990e+00
2.607791555921016080e+00
2.379356172449505369e+00
2.494896755844854930e+00
2.441283899720414041e+00
2.535683314231190977e+00
2.617551358254814442e+00
2.423806167013169865e+00
2.647646640489272674e+00
2.544206658629588613e+00
2.661783636790513441e+00
2.165294228048208591e+00
2.063769082962267021e+00
2.154086335881438607e+00
2.193952466008897595e+00
1.996614382589075420e+00
2.189453206851707190e+00
2.281756556320621687e+00
2.018233916658955795e+00
2.150914444318448915e+00
2.004654526182704455e+00
2.007637930689209149e+00
2.231769252548339466e+00
2.118190992038107900e+00
2.216330483044380628e+00
2.109144190567312727e+00
2.318546182358086849e+00
2.115027435234519970e+00
2.467524992711354503e+00
2.562379623640243853e+00
2.464027732928620207e+00
2.389404996281194293e+00
2.431804886779203478e+00
2.392129342224808219e+00
2.310005046633009318e+00
2.470480547168861563e+00
2.475648318986707341e+00
2.180712489394339482e+00
2.423309094491020499e+00
2.539259150157475720e+00
2.472082468184206849e+00
2.538877972245830339e+00
2.610627055183569745e+00
2.521019609538400541e+00
2.528712828871492402e+00
2.455776474200942250e+00
2.607839263494172055e+00
2.515805173764978697e+00
2.631580894704609985e+00
2.503568403513751761e+00
2.589643980393327549e+00
2.617400276196242270e+00
2.678008815977864110e+00
2.504323207381982108e+00
2.638049029431556836e+00
2.680804241794230602e+00
2.652495694240724955e+00
2.440234631983370317e+00
2.558709140188699660e+00
2.565784248259562972e+00
2.768166820470581158e+00
2.626912304770779194e+00
2.543672337792690641e+00
2.498833966880086965e+00
2.553388389162668748e+00
2.609087971296288000e+00
2.376525788033412745e+00
2.293355737038907272e+00
2.442027780018361405e+00
2.290559455151153667e+00
2.363084430398139091e+00
2.442882769552918276e+00
2.498183854890974054e+00
2.410349915389990993e+00
2.187072528328854570e+00
2.347722630478661809e+00
2.169167805322403719e+00
2.148063107088169499e+00
2.296480554059201040e+00
2.216095834385770846e+00
2.195284563354135798e+00
2.185066736791940301e+00
2.320922289099187630e+00
2.260199066138263380e+00
2.372998034174333082e+00
2.130020285324058626e+00
2.409464926737136636e+00
2.481302682126306891e+00
1.989609633116175669e+00
2.164866766122012898e+00
2.172617583918147854e+00
2.340737083258203732e+00
2.447337647159530949e+00
2.342115922195397548e+00
2.499048524649627012e+00
2.534905742946981899e+00
2.489477148543650209e+00
2.598900594810726883e+00
2.581073515242755523e+00
2.624043047030224951e+00
2.673541373821030298e+00
2.651569800895376083e+00
2.724836261654149272e+00
2.585679236959258276e+00
2.519014589203174115e+00
2.619238660638499194e+00
2.529978469640079997e+00
2.464810277181961773e+00
2.497044044165736221e+00
2.513116141546007043e+00
2.374494502477262792e+00
2.472402131781851864e+00
2.596797995048162555e+00
2.447580708744841349e+00
