2.128711640276178318e+00
2.123805265603172732e+00
2.261941703892364153e+00
2.110200557806088728e+00
2.199491500840764058e+00
2.075845882014368371e+00
2.303809740384985982e+00
2.283620614230600143e+00
2.081876427406074370e+00
2.238986561329931568e+00
2.105244136748678940e+00
1.982845997093786838e+00
2.009268033041092583e+00
2.144470950829237221e+00
2.145448271115473649e+00
1.942405907151380839e+00
2.359170214838615554e+00
2.047205872089008505e+00
2.268296419835953426e+00
1.988089765771532846e+00
1.980802629256103842e+00
1.938033093190854927e+00
2.458318543188314109e+00
2.273178699303585404e+00
1.909930538149225310e+00
2.122911436581647937e+00
2.139771570561286307e+00
2.063213871888607720e+00
2.302700323487683942e+00
1.990601526040984171e+00
2.012880504235401879e+00
2.488335127922048695e+00
2.158934743755815511e+00
2.156533281066974173e+00
2.245738197112803647e+00
2.351433676138131368e+00
2.311123459476868813e+00
2.499636237416817508e+00
2.378351395047213490e+00
1.971730256788998714e+00
1.907917470027555407e+00
2.087817361677504202e+00
2.198585515336077822e+00
2.384132126033946975e+00
1.978314047924527141e+00
2.407444431762379100e+00
2.428205230668331716e+00
2.311811169078161310e+00
2.130548104550903155e+00
2.300302772951058561e+00
2.346566389887517534e+00
2.251829316097976541e+00
2.392612294094775827e+00
2.188016258446498608e+00
2.248655194843975469e+00
2.203420139951823842e+00
2.281367978166961130e+00
2.093244975175554412e+00
2.143441001417089709e+00
2.053863901576879147e+00
2.356155993320601993e+00
2.047987808903060980e+00
2.184594999658288739e+00
2.133088233557776103e+00
2.342535706632337345e+00
2.430482418770517850e+00
2.173612407781390754e+00
2.121987701572918272e+00
2.176712793023308112e+00
2.369458797647996828e+00
2.292426436201858930e+00
2.466765825348922636e+00
2.466747610725619211e+00
2.205111318221484762e+00
2.387061525800139972e+00
2.361194489635801919e+00
2.192361425421232024e+00
2.360289813907335610e+00
2.616040215133768498e+00
2.300639769962924408e+00
2.416383591605684611e+00
2.429064282120932283e+00
2.143836764614688750e+00
2.326245185220892520e+00
2.356408713853549663e+00
2.190007359692251576e+00
2.204887832191978703e+00
2.327355975735676985e+00
2.403054262595132329e+00
2.347451742417318243e+00
2.389121594996344022e+00
2.356468891861632109e+00
2.288855200650941502e+00
2.227354832751110791e+00
2.274197415616849849e+00
2.421992733738850045e+00
2.530104381526469659e+00
2.472448296488187314e+00
2.224953670090852320e+00
2.318857521059435545e+00
2.317490351040619512e+00
2.476918360544313913e+00
2.498365708813756303e+00
2.567000507951557875e+00
2.644348213566741990e+00
2.432283688362411489e+00
2.442263570359002767e+00
2.357297631977536945e+00
2.408928229187293102e+00
2.412221100602377710e+00
2.460913043751240092e+00
2.428559681362218114e+00
2.487595158306572074e+00
2.545351884162954548e+00
2.280886216202785199e+00
2.463425053993534064e+00
2.372776613370062293e+00
1.972154980084947828e+00
2.465777818093875862e+00
2.219713706877342929e+00
2.574816107150064148e+00
2.510398695073836617e+00
2.296652565330799867e+00
2.428434208311803566e+00
2.424699767454589150e+00
2.371412502574001380e+00
2.450993299098485956e+00
2.317633217294682080e+00
2.507532519573077323e+00
2.456515882612318791e+00
2.518897853716679069e+00
2.454951745675839625e+00
2.459666926633563566e+00
2.512673327479448382e+00
2.313844744239377249e+00
2.411125961060675671e+00
2.475604327137834293e+00
2.558769719736020853e+00
2.114135502031336600e+00
2.141489664350023414e+00
2.127216175044912561e+00
2.082500689057625198e+00
2.061128098434223066e+00
2.292080313694073723e+00
2.034193957164688538e+00
2.034257681439494370e+00
1.973950678288544536e+00
2.030899050549136220e+00
2.157562654098673427e+00
2.180220613579400002e+00
2.140928618334291933e+00
2.038615291863373091e+00
1.967043245328111700e+00
2.063966639882749199e+00
2.349024038875771048e+00
2.414809077852080321e+00
2.384103857244826763e+00
2.314743187579205941e+00
2.461868575259543945e+00
2.435700368815019168e+00
2.337292505432685630e+00
2.295833398945387849e+00
2.487609597709845577e+00
2.499198925276972183e+00
2.493095190578122011e+00
2.094020379472846916e+00
2.292138607448771292e+00
2.333331818733091367e+00
2.304944263467927357e+00
2.268638270875660279e+00
2.467258687402611450e+00
2.273390857611675919e+00
2.367676774477183166e+00
2.464052829885877927e+00
2.316802286143720746e+00
2.339860050487518883e+00
2.517770853297845335e+00
2.532154503233460474e+00
2.411714965495896035e+00
2.622720344702082151e+00
2.609033669821954948e+00
2.543057633663603045e+00
2.435224491848216655e+00
2.407878981848574629e+00
2.447210223643329297e+00
2.274758836181426158e+00
2.313757808856347520e+00
2.352743411134294860e+00
2.007745682399825427e+00
2.232386713697835923e+00
2.060208264005058520e+00
2.306473507988656912e+00
2.278508328152981210e+00
2.180693171357754423e+00
2.407667975780103387e+00
2.171652432195203541e+00
2.330163317804401668e+00
2.308055894548981524e+00
2.366529047487281989e+00
2.396089633445035005e+00
2.294406251123303431e+00
2.389196294344357874e+00
2.265214855085412538e+00
2.355321442170696056e+00
2.343663902693202239e+00
2.339066703978555761e+00
2.291614557324274770e+00
1.981771802241397040e+00
2.168659760602458242e+00
2.206715921525431057e+00
2.169164344192745286e+00
2.087919412954939435e+00
2.063583565334028425e+00
2.320196876757531168e+00
2.206410189347398632e+00
2.184885975997649776e+00
2.505073891496989447e+00
2.290498525468361191e+00
2.352755263063648350e+00
2.490486934164595656e+00
2.417312740470731303e+00
2.393333030063469646e+00
2.482905741771419983e+00
2.351812594759516983e+00
2.291522031473964827e+00
2.352230502328653383e+00
2.400712708891470371e+00
2.245718009215613709e+00
2.288753550953426696e+00
2.388398153654851974e+00
2.519953363956948689e+00
2.483052562930522011e+00
2.391322989262723464e+00
2.403928581357957839e+00
2.507038188971326687e+00
2.530709946253872467e+00
2.468153780877389458e+00
2.574043927421206135e+00
2.483223928641185463e+00
2.414237354553241843e+00
2.688131650053193322e+00
2.466123305976125391e+00
2.414929766089107588e+00
2.372128699903177651e+00
2.536786506188342116e+00
2.414809992560920993e+00
2.475847346520156478e+00
2.481285295322282813e+00
2.113099661258362794e+00
2.077399777643443191e+00
2.008108718354792988e+00
2.216799399891137057e+00
2.164235671498798919e+00
2.220127179455218869e+00
2.147551995133361036e+00
2.127553837568231909e+00
2.112382162762840299e+00
2.366045456783899770e+00
2.172069401626253615e+00
2.016989118045735996e+00
2.038318642594055596e+00
2.244607605095440661e+00
2.270889200819110165e+00
2.091874009602020745e+00
1.994444565944217596e+00
2.390984288081015041e+00
2.154805222504408313e+00
2.182190259760198536e+00
2.056486269303837489e+00
2.611868683687772474e+00
2.055365537495312811e+00
2.097910510570917708e+00
2.303994541364096094e+00
2.219953138944610327e+00
2.145258550179715229e+00
2.271250731950024804e+00
2.332902408511607906e+00
2.050384452434907523e+00
2.321920345759621362e+00
2.152380835178948626e+00
2.063901574675123474e+00
2.402539206604652033e+00
2.306716365939442070e+00
2.326050260419465943e+00
2.462157400562015486e+00
2.020691386037799742e+00
2.180738122735635720e+00
2.217289106511227459e+00
2.220902106143374244e+00
2.468661431975720078e+00
2.404122560637729666e+00
2.373711722681483671e+00
2.259213823504854446e+00
2.289362861283400719e+00
2.413464683929934740e+00
2.325605686131439143e+00
2.257486374932810680e+00
2.262882000236576818e+00
2.437019308054668709e+00
2.195402291472138057e+00
2.170920483818282953e+00
2.146242186909343097e+00
2.174961778764056941e+00
2.106927847558119904e+00
2.180356783113938324e+00
2.391158735549747227e+00
2.038842538360863710e+00
2.181183343023115562e+00
2.228942582276336903e+00
2.169372269595800429e+00
2.387940114469843778e+00
2.083150486265954893e+00
2.268048728022457272e+00
2.147334463518760117e+00
2.344627846582572950e+00
2.350086654796457619e+00
2.193679446093057983e+00
2.535555000567194295e+00
2.238485371244727684e+00
2.320390759870348596e+00
2.208011672606188913e+00
2.335239065023805072e+00
2.279493044713380989e+00
2.312054805714152561e+00
2.487270338816673032e+00
2.182053313591908239e+00
2.372980383172822005e+00
2.457613823109113138e+00
2.483495049967959556e+00
2.234884086015966886e+00
2.158652436571936395e+00
2.281543375840322962e+00
2.280452815244148113e+00
2.262230744121951354e+00
2.155215246280875796e+00
2.312387446273688418e+00
2.454737387010639260e+00
2.328007135352112567e+00
2.373970817984361048e+00
2.240772392710662420e+00
2.410649244467462093e+00
2.484657710940695541e+00
2.292061994492967880e+00
2.175458332503761305e+00
2.309741023911327407e+00
2.222830205715798702e+00
2.391242970187290595e+00
2.478162167701181584e+00
2.411327631634652580e+00
2.509671536326576025e+00
2.246592003144523897e+00
2.239883271462667746e+00
2.356981934449374538e+00
2.509216617410659822e+00
2.354111648510206489e+00
2.449024009806780811e+00
2.543201416848822838e+00
2.432149692647814110e+00
2.345368116173705886e+00
2.556297976271973749e+00
2.375080832424167454e+00
2.461706934160637683e+00
2.388619188100881363e+00
2.319541464525603391e+00
2.286216210751291111e+00
2.358569563244467204e+00
2.136407964319089192e+00
2.479525665239638688e+00
2.374296042670281714e+00
2.429607929353060136e+00
2.471519101134036944e+00
2.530705287830131045e+00
2.378709329207237655e+00
2.230725412758763238e+00
2.495227659228337558e+00
2.459011115875980202e+00
2.645013596419719448e+00
2.288715744893955684e+00
2.365426667613981682e+00
2.445946601483067528e+00
2.447439348892940014e+00
2.497780214362682827e+00
2.341488025745009693e+00
2.213525931711073369e+00
2.568563063358460852e+00
2.371111823735458479e+00
2.380650100422279092e+00
2.492901014260696879e+00
2.315923233505553736e+00
2.412651007637248046e+00
2.334497853254839494e+00
2.479978391526349135e+00
2.283189034986040422e+00
2.306388007963336761e+00
2.501790257160560138e+00
2.500137925816011908e+00
2.571752938195730476e+00
2.080699721455018469e+00
2.114817305974083794e+00
2.128976626808292139e+00
2.180216816728399287e+00
1.993146986343823812e+00
2.043091530897068520e+00
2.217449368856492686e+00
2.111410177094267926e+00
2.064723184296176850e+00
1.966400445022128629e+00
1.940969454282871487e+00
2.188209724442292892e+00
2.015643454834172399e+00
2.132076794214005311e+00
2.043626624658467339e+00
2.586440245757234635e+00
1.997395202751612198e+00
2.342640249527810692e+00
2.334187813171377357e+00
2.208729719157330518e+00
2.277841365115572447e+00
2.297709602239787152e+00
2.447198870709961227e+00
2.299569592397094020e+00
2.462496136079890707e+00
2.415094876237184440e+00
2.182286765199026757e+00
2.365305726901414385e+00
2.361724721031311702e+00
2.237190041841661259e+00
2.415807684702056868e+00
2.491139941413114567e+00
2.419158801137230697e+00
2.392927330893749538e+00
2.371566457443408993e+00
2.475930205106213311e+00
2.326941867881775039e+00
2.473983154002251883e+00
2.334312805129599599e+00
2.357182435301801604e+00
2.279639409738130507e+00
2.516078721488507863e+00
2.318393932558731496e+00
2.375177718266771709e+00
2.521666138643005262e+00
2.567520026271972622e+00
2.396001908241075284e+00
2.472311273145519905e+00
2.411750671003465296e+00
2.679393706256540053e+00
2.598951823923429938e+00
2.452649986246349556e+00
2.351388728674777440e+00
2.433298770970247826e+00
2.518397318924204153e+00
2.216262631981945397e+00
2.257001338504235122e+00
2.149806596899865418e+00
2.247870607539315557e+00
2.076874166973133207e+00
2.144390449362294060e+00
2.341320571492885527e+00
2.253219553186744495e+00
2.167621726977870367e+00
2.225231319066046876e+00
2.041337684027618060e+00
2.194200939989919608e+00
2.240571778351580168e+00
2.090650801833985994e+00
2.224010993704822692e+00
2.202509316558086905e+00
2.265389223313605704e+00
2.233976035484374290e+00
2.267925280859484971e+00
2.160055136245040863e+00
2.337877188605121059e+00
2.332624094902297163e+00
2.072762244451670899e+00
2.225192478035445287e+00
2.231100604850086100e+00
2.343073324150755976e+00
2.419546103767929335e+00
2.345512912364910107e+00
2.488357446382774008e+00
2.392683326374470010e+00
2.413505620112345262e+00
2.445869372486541238e+00
2.293747761385375394e+00
2.540697645329851539e+00
2.378980898054959159e+00
2.341800345173907338e+00
2.621078071233800433e+00
2.538113610898354189e+00
2.540265160446569581e+00
2.556253984021317649e+00
2.357207773920840577e+00
2.390223958460259368e+00
2.333075725343246365e+00
2.260363667913396934e+00
2.343616577025472214e+00
2.347430408265731572e+00
2.410242480440764723e+00
2.347593358345327452e+00
