2.122682280592508075e+00
2.079681291541360721e+00
2.247573280706148591e+00
2.105771478336230018e+00
2.209613956344051555e+00
2.177877442096874727e+00
1.962718324553597959e+00
2.451232916450542643e+00
2.268854413926796099e+00
2.196957706715272352e+00
1.919524450495980084e+00
2.006234921814517680e+00
2.174435363893275852e+00
2.281561374382151008e+00
2.186258213783903059e+00
2.284284268847830646e+00
2.393264679432059783e+00
1.939832749561581915e+00
2.437450908637522229e+00
1.953904183294617125e+00
2.168578088124428316e+00
2.142856632403432826e+00
2.605103184128873206e+00
2.369503445282226117e+00
2.305903789646918778e+00
2.369637883655099309e+00
2.112379791527027262e+00
1.953072741651773025e+00
2.474998334568719205e+00
2.304735110673880705e+00
2.373165288583953370e+00
2.489720810155501063e+00
2.133012579681581311e+00
2.213749410310276833e+00
2.455874396587887976e+00
2.511285657854961606e+00
2.495011080094795108e+00
2.640374805445257156e+00
2.535455920143057984e+00
2.509740281996616584e+00
2.353014433765015845e+00
2.612802781496136983e+00
2.327631433304755415e+00
2.659628006630601060e+00
2.574346316021829395e+00
2.634582951815419793e+00
2.365765042467415924e+00
2.640191408275099239e+00
2.382986376233652059e+00
2.381226405476019714e+00
2.570623933671783767e+00
2.488994308219613760e+00
2.401964085183601050e+00
2.384131675771666181e+00
2.393872343997510033e+00
2.390068014911530980e+00
2.509407281740656526e+00
2.394520524851614596e+00
2.407430508136279457e+00
2.601581529694339423e+00
2.666396732497081423e+00
2.127152702156490882e+00
2.619749369131910033e+00
2.441859382664727018e+00
2.586615720167388943e+00
2.543344093132116956e+00
2.351915414410173710e+00
2.302344695682969622e+00
2.474717311949808263e+00
2.492080199723762934e+00
2.433172149731903655e+00
2.565602458643979844e+00
2.644645360525452293e+00
2.420926871830341831e+00
2.584125447539699305e+00
2.626718989526453996e+00
2.405709031831740230e+00
2.455924817400580995e+00
2.631641742096218817e+00
2.538310108824043176e+00
2.589734258143817858e+00
2.548126083814971299e+00
2.403169131701967220e+00
2.483520854800355337e+00
2.471536692123116996e+00
2.542922139632135536e+00
2.175168317922099970e+00
2.640856763761464165e+00
2.617198611457930646e+00
2.597740233036689439e+00
2.575335433334233759e+00
2.506943838788225243e+00
2.453669862802576596e+00
2.481896275215682124e+00
2.480615950455252960e+00
2.350073523869345760e+00
2.293626804513529294e+00
2.525902550752055831e+00
2.371432190511983951e+00
2.536690125416521280e+00
2.430386899571077119e+00
2.454277431582570834e+00
2.684847552181374830e+00
2.810334528399688558e+00
2.656229372376672782e+00
2.710402984627655165e+00
2.807663493131266286e+00
2.701356343988797537e+00
2.750339500947371452e+00
2.673907745750623288e+00
2.674353624914538319e+00
2.552951264420682875e+00
2.651457161010570385e+00
2.290578858783584693e+00
2.537068021129565754e+00
2.471096350988815971e+00
2.353979854428408736e+00
2.043150691974243927e+00
2.639233761905106501e+00
2.293325494260463948e+00
2.832290472525048397e+00
2.634905764280172757e+00
2.389490073996047403e+00
2.620499454417692053e+00
2.660726171538905671e+00
2.622068907297470997e+00
2.722425064822834528e+00
2.538844407113041601e+00
2.562371002795092334e+00
2.659639687686637721e+00
2.538904348977514935e+00
2.536731222866176250e+00
2.592454467712737465e+00
2.715923605821283449e+00
2.462916086524676196e+00
2.620082668193122188e+00
2.565888058827736629e+00
2.762766800615731988e+00
2.133571211684130997e+00
2.218751548464207524e+00
2.069137525954195311e+00
2.162564099514125093e+00
2.190497260708705429e+00
2.195383884351749249e+00
2.093242992189544793e+00
2.168533459254921691e+00
1.913623663416516685e+00
2.173126306234307137e+00
1.940596236378416384e+00
2.088577809154149811e+00
2.094133843405294737e+00
1.910440297079648353e+00
1.940062526169919366e+00
1.914724805261525331e+00
2.380554329140290637e+00
2.377066684246382344e+00
2.413879543729609445e+00
2.419450456635578561e+00
2.555585486001575646e+00
2.387386167881559995e+00
2.230909571505050426e+00
2.475250625455748921e+00
2.510775409770310329e+00
2.794371673372316067e+00
2.655780682152467431e+00
2.153864758332472373e+00
2.216246986725349810e+00
2.348788283326283199e+00
2.483737092410573499e+00
2.387508766462931753e+00
2.596971266827405422e+00
2.460457964857821533e+00
2.657740481376482222e+00
2.687029131158219286e+00
2.646730567837397796e+00
2.367926257917466693e+00
2.703113945091005554e+00
2.743931978400892202e+00
2.704960561996605062e+00
2.605386995274955986e+00
2.736624573671532001e+00
2.693598713969505454e+00
2.487114854584338453e+00
2.571438845794683292e+00
2.647551905762146607e+00
2.259697637785321955e+00
2.565456952018103198e+00
2.502533603939944840e+00
2.117567072107710668e+00
2.426166905847345401e+00
2.202743570591965572e+00
2.516281612041058047e+00
2.341605904216341738e+00
2.352715703822086279e+00
2.443392974085492941e+00
2.400550503431065241e+00
2.381600581742885581e+00
2.229298460475246380e+00
2.571824576207166313e+00
2.435456301978798699e+00
2.321510539302451548e+00
2.646188550504518400e+00
2.494262258224263729e+00
2.305214014788035559e+00
2.561103075558608833e+00
2.370641193591335405e+00
2.303159875634225084e+00
2.024771177247113751e+00
2.122091737334069084e+00
2.159500832930076442e+00
2.099139121824334708e+00
2.349001033135683869e+00
2.200059216511419002e+00
2.084024995412108172e+00
2.348145131523439844e+00
2.468635188338229813e+00
2.384641152858187674e+00
2.230845680014055699e+00
2.355601878378597025e+00
2.545369975172278032e+00
2.454324270158595667e+00
2.336901190766034642e+00
2.594730119745356500e+00
2.427371270212742349e+00
2.523902475957320313e+00
2.589905155524970581e+00
2.490706437382198768e+00
2.414126122714794320e+00
2.635283617979174320e+00
2.601797213530543829e+00
2.806825802281191162e+00
2.787156767405995605e+00
2.736854316381444274e+00
2.568509757879235078e+00
2.657376911665557007e+00
2.721430681901413351e+00
2.513492443450568992e+00
2.765364117406518218e+00
2.552496902888126140e+00
2.641799717824648841e+00
2.848959274914675710e+00
2.712257692222309835e+00
2.513442443202779764e+00
2.484710553961233082e+00
2.418248005090371855e+00
2.327870127120173382e+00
2.703782770963135018e+00
2.632191965817225032e+00
1.948442362304760866e+00
2.037247052682079840e+00
2.078100215239449433e+00
2.128326320996417831e+00
2.183368103352063105e+00
2.132607168529810693e+00
2.103193316921291967e+00
2.210470277337710510e+00
2.299520056722057060e+00
2.259138374764396495e+00
2.273302031478187768e+00
2.027096079546853780e+00
2.076679853383862628e+00
2.319759824236228951e+00
2.451228211269179003e+00
2.233678121885362522e+00
1.915077058647735697e+00
2.516751337143865896e+00
1.913353960961780231e+00
2.246673818970770675e+00
2.292652521827576617e+00
2.586946874727928503e+00
2.098707263382770360e+00
2.203110185680752675e+00
2.535905672126713029e+00
2.240681171642655123e+00
2.038117223610645290e+00
2.277016209688142556e+00
2.611509315169527223e+00
2.232801179937923042e+00
2.375052967354376321e+00
2.173962124980058253e+00
2.127991857117692120e+00
2.579950612437251767e+00
2.413286474835213635e+00
2.459092579462343497e+00
2.551881988058664508e+00
2.384811278389384892e+00
2.340351655804610687e+00
2.336479396933477393e+00
2.549404713177391368e+00
2.730814592330336410e+00
2.522558507408322104e+00
2.528279561391443497e+00
2.440651831345634903e+00
2.362946206595764487e+00
2.574275983897734044e+00
2.587303636933425022e+00
2.525117272137461732e+00
2.407420655757140260e+00
2.422301514851145310e+00
2.462650782971846031e+00
2.440274823062127840e+00
2.428486165426139376e+00
2.293488281228575065e+00
2.422692302154328736e+00
2.395644610366856497e+00
2.485140509837520106e+00
2.319750742922396469e+00
2.554703659488257284e+00
2.408731147869838107e+00
2.171468610355059337e+00
2.525386425331022977e+00
2.168508116620033732e+00
2.345914912002024622e+00
2.312954691560606957e+00
2.550915323186873529e+00
2.596995142192320305e+00
2.489684382448206446e+00
2.393169977030071838e+00
2.376917669108957298e+00
2.594148476331049835e+00
2.386988783116610335e+00
2.438299024775704371e+00
2.617057046922915742e+00
2.343936192011609965e+00
2.604336099958543649e+00
2.229850174337795199e+00
2.563114598965139379e+00
2.512533738880656564e+00
2.506053465088676102e+00
2.517153183016265228e+00
2.436575447213650492e+00
2.524255661613567625e+00
2.441087490381654401e+00
2.565023792741719433e+00
2.298884645187503573e+00
2.689969407686236824e+00
2.515691500482503340e+00
2.460642513369547757e+00
2.628197751458147824e+00
2.449852479019408058e+00
2.669332616412111392e+00
2.462654129086824017e+00
2.426650286999942008e+00
2.284596147304371438e+00
2.379509273340183917e+00
2.399991637992281657e+00
2.429697137590181910e+00
2.630211268922643342e+00
2.436880194533002975e+00
2.615113425114334866e+00
2.452812967441364567e+00
2.479239525236785369e+00
2.356573362639931446e+00
2.620398314504747361e+00
2.389051232946918901e+00
2.499401318500533264e+00
2.602078390391720841e+00
2.557082699238422130e+00
2.582758991080360556e+00
2.691339436960144660e+00
2.671339049065226678e+00
2.671469100382523276e+00
2.614532811864304751e+00
2.591018427037123484e+00
2.597708325256219641e+00
2.282035836977980292e+00
2.237023281513494055e+00
2.504084722206219915e+00
2.495656619475656424e+00
2.396903556460085127e+00
2.552586205172049372e+00
2.621330006970720827e+00
2.602699001035746029e+00
2.629532974365845099e+00
2.370887728489627477e+00
2.670575494959693597e+00
2.837686624656097667e+00
2.570826494884525193e+00
2.516544824596961050e+00
2.616207352380829576e+00
2.510574353104472412e+00
2.704916320389876283e+00
2.631013787965141848e+00
2.452060706258530676e+00
2.651015364193553658e+00
2.646219692627617803e+00
2.480297031022484333e+00
2.614188613250640447e+00
2.524488183158251520e+00
2.616607138951369649e+00
2.412697783660361583e+00
2.680964087735044465e+00
2.402142774729990382e+00
2.345570426693149635e+00
2.674727360205777060e+00
2.622643315982324808e+00
2.647038185511862540e+00
2.084086043411895073e+00
2.102330976723002287e+00
2.113182487278040256e+00
2.169342225085585163e+00
1.931210397332572493e+00
2.272246874512613424e+00
2.130026200707455519e+00
2.043989406862120273e+00
2.032328828873144477e+00
1.980876681946855067e+00
2.083548824395296428e+00
2.152112929454372381e+00
2.153913271148366615e+00
2.025772374834712508e+00
2.041473842940773498e+00
2.587398066981019706e+00
2.160880863947024277e+00
2.604318033161809876e+00
2.570615149818070044e+00
2.577736282957641567e+00
2.393531210668505604e+00
2.412867884585671696e+00
2.451558551055167623e+00
2.497025658314412588e+00
2.429631217914577146e+00
2.432507954643432946e+00
2.273441170144881784e+00
2.294589057969719903e+00
2.277842038262928970e+00
2.354868977076767234e+00
2.336333332095974935e+00
2.622416353425820468e+00
2.434215380182398025e+00
2.438078288707063113e+00
2.424007276096490582e+00
2.650985990276238269e+00
2.352102858760164672e+00
2.647157444722072928e+00
2.382882751981862501e+00
2.581772564862979014e+00
2.705005838396910001e+00
2.699451013794580412e+00
2.681979580635212468e+00
2.690496255927735891e+00
2.773489503130385003e+00
2.701172749904366732e+00
2.666965491507286234e+00
2.639643091489123350e+00
2.618844669948127812e+00
2.774266177081456508e+00
2.698945381204306493e+00
2.621391084787729753e+00
2.609042753712431661e+00
2.682319812939588655e+00
2.544490970184252632e+00
2.175431226220643222e+00
2.548748107925268958e+00
2.466957632759812835e+00
2.437115473016745693e+00
2.414985926162279917e+00
2.550730648901756936e+00
2.586196798237165861e+00
2.527244528478788332e+00
2.111707339711227149e+00
2.220738546009703995e+00
2.228543749862961221e+00
2.106893563230473720e+00
2.493099880851637362e+00
2.281210600111248876e+00
2.351984742849794419e+00
2.333085102183503512e+00
2.145881055931374348e+00
2.322042425048853165e+00
2.181746399034156791e+00
2.136951434598982402e+00
2.281162584284067485e+00
2.563187389113577019e+00
1.996703317288838431e+00
2.262047425454282390e+00
2.185873739974208974e+00
2.274586834075648323e+00
2.533187553608358566e+00
2.478358628264439201e+00
2.590393692746799204e+00
2.452566398413624782e+00
2.569754914701432025e+00
2.576695502119041858e+00
2.533222494585531059e+00
2.612042086709351896e+00
2.747704376816516358e+00
2.644840944626400958e+00
2.638883312651251867e+00
2.689733957823249533e+00
2.709916417826025103e+00
2.800626845667815168e+00
2.497333774197435297e+00
2.477948921064441645e+00
2.586581177878878979e+00
2.526659413580552904e+00
2.443584548564843750e+00
2.514777544317980063e+00
2.658579421234915863e+00
2.418605550052804531e+00
