1.781335611855787038e+00
1.805902693788968838e+00
1.903151154047296734e+00
1.759583467368194043e+00
1.750130547112966894e+00
1.962382577859801858e+00
1.769153147258080372e+00
1.983978923085746082e+00
1.756375845550204318e+00
1.846899686328091539e+00
1.885484404008046955e+00
1.839604236509455371e+00
1.926442263438463254e+00
1.911238621660295234e+00
1.993657465869787870e+00
1.984815238399101567e+00
2.076056055757206753e+00
1.936043818028007735e+00
1.931459497016213778e+00
1.897690971047679032e+00
2.031837152362247156e+00
2.148253193755593760e+00
1.862776467684910120e+00
1.864259341429557848e+00
2.020151849272411315e+00
2.029437665005378921e+00
1.928538564490510421e+00
2.131698565551215729e+00
2.147790624411049620e+00
1.958359306548054679e+00
1.817472391152359146e+00
2.026807241898933132e+00
2.090742333816952403e+00
1.862256688956484663e+00
1.840872197142340960e+00
1.852413551347451781e+00
2.174781145674455907e+00
2.101019537995502784e+00
2.168203786897390462e+00
2.076442256657907492e+00
2.193326400535773324e+00
2.275350412688998958e+00
2.039060221785476301e+00
2.006594916838812637e+00
1.922150277942164420e+00
1.960801458057977120e+00
2.301974081519453819e+00
1.986182250595978527e+00
2.111017469005629810e+00
2.103739313524060073e+00
2.084297130546423737e+00
2.246184100959406127e+00
2.086444923194426870e+00
2.236470811082474253e+00
1.773013603949165518e+00
1.864490170086929410e+00
1.675578438586415198e+00
1.734599096873469470e+00
1.635653921356784002e+00
1.765312093533580207e+00
1.914426067563124612e+00
1.990288051617021381e+00
1.802071836805650529e+00
1.959637876753854702e+00
1.776457472338420329e+00
1.888903057814879105e+00
1.946483889417579105e+00
1.964406085415781655e+00
2.058534937583662128e+00
2.155407151332406013e+00
2.239788125514635464e+00
2.220377766581490775e+00
2.203680300098815437e+00
1.752427576019485844e+00
1.871599713045404068e+00
1.861263307385230936e+00
1.933502914628005831e+00
1.997144479589362476e+00
1.937490236122324960e+00
2.078683259940670158e+00
1.915254203168639924e+00
2.026265584479375548e+00
1.859387080654238966e+00
1.920130480542612039e+00
1.840926966914459895e+00
1.922977995534355111e+00
2.057607860294394797e+00
2.003967364920526073e+00
2.017993422194858333e+00
2.074022110422848009e+00
2.091513846555348000e+00
2.107995094066760000e+00
2.184265928238501520e+00
2.130073910096582868e+00
2.214606624374989785e+00
2.254125605060232740e+00
2.140347557934673794e+00
2.068579019117669837e+00
2.098483498168069339e+00
1.800202045587105282e+00
1.750098256448970435e+00
1.771832202443066606e+00
1.737896982829629344e+00
1.630671929880827653e+00
1.849660100740539770e+00
1.647082929078274693e+00
1.940696505105055980e+00
1.734917806254929307e+00
1.615657642369037861e+00
1.805446934210047871e+00
1.903459861301529443e+00
1.786310744092275193e+00
1.771824599863692118e+00
2.051683656681158485e+00
2.042985427119644815e+00
1.753962876865414744e+00
1.775529853847527706e+00
1.856620627742704643e+00
1.767367107475213972e+00
1.732427615800833820e+00
1.707480934146094587e+00
1.812855110621829802e+00
1.963884123529952896e+00
1.672026340485436302e+00
1.868543141283098841e+00
2.040196849035003535e+00
1.682437138309191393e+00
1.848743920771064753e+00
1.920449876314204385e+00
1.875898775586304801e+00
2.028075728754088480e+00
1.891234681872453027e+00
1.942087691119916748e+00
1.860312697796696835e+00
1.861637415338604384e+00
1.942685863209124397e+00
1.757370893301615444e+00
1.830007822104422255e+00
1.724362994374497804e+00
2.133336982800356552e+00
1.875928085475741192e+00
2.142316319100967537e+00
2.121554092089847021e+00
2.028093416509793911e+00
2.091350483782250524e+00
2.170170027777954758e+00
2.077567947340506205e+00
1.966828286501606904e+00
1.891128806485292912e+00
1.883048849619793685e+00
2.087168886994437589e+00
1.900472886470337741e+00
1.909715982303021420e+00
1.853411322426943952e+00
2.024466368211282230e+00
2.240374691718988842e+00
1.995867368514373297e+00
2.238597111523743077e+00
1.912343185401020662e+00
1.907303624261609043e+00
1.942079756453416906e+00
1.822438916923512009e+00
1.690115080327910135e+00
1.737926352033457134e+00
1.943722385129604824e+00
1.889055859377571256e+00
2.039659120718280594e+00
1.932620755617813879e+00
1.887737389659825071e+00
1.912857776550446420e+00
1.968357087927675497e+00
1.985584774498395877e+00
1.997195546368884633e+00
2.015598350029184527e+00
2.066151350347960491e+00
2.166654789754937749e+00
2.080103946297261697e+00
2.125053074687057730e+00
2.194292460487650143e+00
2.172404301085554934e+00
2.225046006643530916e+00
2.005299375131322837e+00
1.942131776961706802e+00
2.014967974236608228e+00
1.892756222930392473e+00
1.911897215158078200e+00
1.790207712290879938e+00
1.850901934928092407e+00
1.744420877647517854e+00
1.960145533218142777e+00
1.902526380424309549e+00
2.027121945169274575e+00
2.037182464196422682e+00
2.049486624207548235e+00
2.125565599632090574e+00
2.109266888928635009e+00
2.085477675445296164e+00
2.184429853578647940e+00
2.092231020396889463e+00
2.061281344120312831e+00
