1.665945422850479751e+00
1.530696427217330235e+00
1.549990449981033303e+00
1.562467248532070085e+00
1.523860593497605054e+00
1.636353328119417583e+00
1.773633281644165782e+00
1.816371610078898247e+00
1.706862565716996905e+00
1.583644588340841652e+00
1.699079853194418677e+00
1.665592067334924709e+00
1.690222519978501481e+00
1.687267222966777780e+00
1.821017661390435638e+00
1.734891609199195717e+00
1.620975602110012348e+00
1.838442270951802016e+00
1.564897244087659844e+00
1.717062021498074076e+00
1.734362261594272203e+00
1.818637192059277652e+00
1.745343103788244532e+00
1.704025062970579540e+00
1.724143388008012368e+00
1.734479870723917072e+00
1.675101598886252319e+00
1.819341398904440243e+00
1.661963707839464899e+00
1.859154113370695693e+00
1.561236878104685033e+00
1.657521228497626398e+00
1.661148357195786796e+00
1.740683819772132823e+00
1.702802524492470049e+00
1.829403397325856329e+00
1.818792732312339400e+00
1.576743896068401485e+00
1.556586288949795005e+00
1.607339682091405653e+00
1.862202122547546246e+00
1.638103433062907399e+00
1.714648329698124307e+00
1.611555808879300500e+00
1.627403185947008168e+00
1.790423607637561698e+00
1.788150100805218745e+00
1.688120546657658982e+00
1.840344137004073843e+00
1.767255862526875498e+00
1.654828096518827341e+00
1.545988536355132226e+00
1.653017138211908543e+00
1.570094499899650664e+00
1.532645762999354178e+00
1.667463000190546829e+00
1.718540513874275977e+00
1.749514167608308135e+00
1.705312899322102060e+00
1.639587875235070769e+00
1.619909514535785133e+00
1.577246529336513658e+00
1.608490213475432640e+00
1.630160479671035390e+00
1.594090569626896992e+00
1.848132584615386431e+00
1.777160632515453642e+00
1.589649006302828127e+00
1.709132105426710568e+00
1.839107943711612458e+00
1.768246033168580755e+00
1.849592004526926736e+00
1.790515945498567074e+00
1.590584764600238676e+00
1.684304302665232900e+00
1.825872883876777930e+00
1.788654757434331888e+00
1.941712790334529481e+00
1.543104540404246050e+00
1.768151464934290429e+00
1.720524082954528966e+00
1.836157964845225754e+00
1.592933205925947338e+00
1.630147764992715631e+00
1.713306394373173225e+00
1.889478140564358588e+00
1.982826918853981546e+00
1.935448542859389498e+00
1.961850436390678576e+00
1.712632120053351192e+00
1.638673502059013742e+00
1.617894954382486095e+00
1.588273652433065397e+00
1.609411916307820434e+00
1.641381080874769749e+00
1.621166238176847241e+00
1.787043328745391069e+00
1.697620774655979714e+00
1.928303445846749398e+00
1.817592771517714700e+00
