1.799950611697453517e+00
1.838878153120144132e+00
1.916852306307844644e+00
1.733471986319196967e+00
1.775454152847907752e+00
1.936996827180769154e+00
1.811839656049901714e+00
1.928363422745745126e+00
1.787516259066056934e+00
1.837615232935722265e+00
1.899801956683141224e+00
1.770728668982030296e+00
1.887756370669883221e+00
1.918893894411023870e+00
1.665824964813759967e+00
1.714194379155884462e+00
2.014130939886741967e+00
1.923296337541734236e+00
1.816538524600044280e+00
1.936626396365127567e+00
2.058308583036809303e+00
2.151810374176919005e+00
1.837751832834571664e+00
1.908243961696446389e+00
1.927401070182879872e+00
2.047841486692014712e+00
1.905620637056234079e+00
2.107612167630239064e+00
2.130474244843671983e+00
1.936098250150900091e+00
1.908000626017033907e+00
2.006696805376774861e+00
2.025283245307833990e+00
1.829629397173989869e+00
1.822276983727444621e+00
1.811337939027315658e+00
2.185365932937448630e+00
2.000059100040934013e+00
2.166029515654939175e+00
2.156931467919719125e+00
2.121322476246996214e+00
2.158188160976289183e+00
2.114210898723495990e+00
1.933180662358569668e+00
1.886111384113910994e+00
1.981716189367282999e+00
2.171633280318491899e+00
2.005075361268210621e+00
2.075164743945549617e+00
2.105426146893311312e+00
2.039648540861182635e+00
2.178107213306303525e+00
2.118592374080898288e+00
2.203000939759191201e+00
1.771612793657080687e+00
1.790626949431397996e+00
1.771806578305704871e+00
1.821116825874192990e+00
1.781699284364684388e+00
1.692340304833425568e+00
1.982815186643382965e+00
1.961108662975535877e+00
1.869814138865656172e+00
1.976884045753448671e+00
1.731020872906769315e+00
1.914740015438430643e+00
1.938539227776861384e+00
2.051017518630513514e+00
2.092100056564661692e+00
2.185952864143458019e+00
2.121582088549024636e+00
2.250280021915997963e+00
2.212532466633045924e+00
1.807090628931283804e+00
1.788620462389749921e+00
1.716806011212097749e+00
1.745865428369310690e+00
1.787392988204412392e+00
1.856905324179355610e+00
1.938130113592668735e+00
1.854301273203791123e+00
2.013632000279725887e+00
1.883882487765700775e+00
1.837843883948028889e+00
1.876992528643636637e+00
1.886154315207304588e+00
2.063034606824472483e+00
2.004438010139083293e+00
1.984857524428366160e+00
2.088546176181750980e+00
2.052744045733123190e+00
2.118966531533815090e+00
2.232967983055581307e+00
2.056026090034754894e+00
2.223742316185145285e+00
2.152392925507683685e+00
2.029406564036604355e+00
1.999415429237360042e+00
2.037588782223996642e+00
1.922202115820199397e+00
1.889088375222919280e+00
1.955404254815996667e+00
1.900009102465900046e+00
1.827026880740749482e+00
2.023075790124913453e+00
1.828429286780035357e+00
2.021217881257696636e+00
1.881569156833748702e+00
1.793327385435939947e+00
1.939754688794537163e+00
2.040545141862882161e+00
1.884341462233203313e+00
1.859941723208749176e+00
2.091387903921446245e+00
2.038708642575616459e+00
1.783509854864214317e+00
1.817131756668305176e+00
1.981518444222684971e+00
1.815489876228092214e+00
1.954000392989700741e+00
1.885360647909039455e+00
1.944506488514065268e+00
2.082168164112502051e+00
1.849794506832952878e+00
2.056446070663589420e+00
2.125811976577256068e+00
1.828282086898383341e+00
1.882198024920488377e+00
2.011756505964730657e+00
1.909249309183677745e+00
2.104022284888362737e+00
1.954067909602734243e+00
2.058643657081173473e+00
1.908418374801641670e+00
2.035729105945993656e+00
1.991809033807852680e+00
1.890307448396296719e+00
1.902239049241666979e+00
1.871080147795277870e+00
2.107995308972085979e+00
1.910288383735758266e+00
2.030676400223353273e+00
2.206755193229255507e+00
2.075105465939516947e+00
2.128156904522621407e+00
2.137053199646412160e+00
2.145624462015827127e+00
1.868548780568136003e+00
1.860733739803622333e+00
1.916694951743874276e+00
2.123383532427788545e+00
1.942162775472110248e+00
2.026767038533207721e+00
1.969078055765854485e+00
2.135118191637917828e+00
2.186033683160526486e+00
2.081192723745494355e+00
2.224398465893076882e+00
1.873393140171807136e+00
1.909519206666590696e+00
1.874944031879679063e+00
1.840784703067134931e+00
1.853854522759629697e+00
1.855104922067816631e+00
2.037151333915797391e+00
2.027932726276835851e+00
2.011651600946092078e+00
1.985327635362990284e+00
1.962067562968118350e+00
1.876142141015511466e+00
1.912208080654623998e+00
1.952029977844208730e+00
2.138911388702631200e+00
1.947407921888595350e+00
2.004809029416187549e+00
2.261723324079932596e+00
2.121548724057987112e+00
2.272031996603105508e+00
2.241664188012141068e+00
2.066782861051242648e+00
2.169671538073711048e+00
2.064796078403718482e+00
2.006130035043923066e+00
2.094498635926042684e+00
1.857478138984350657e+00
1.912803057504843585e+00
1.791509853963928256e+00
1.824923122988973967e+00
1.723082824457615958e+00
2.035226866527856338e+00
1.851572727699249965e+00
1.907547708496502681e+00
2.006949578253153899e+00
2.014239748388352957e+00
2.100814866214846699e+00
2.054897094457817985e+00
2.009981586953563770e+00
2.164032731497501860e+00
2.188749767906132959e+00
2.149688484964634938e+00
