2.140247865047644638e+00
2.181272675306865860e+00
2.222377120711035214e+00
2.254329843432984593e+00
2.243540268114750713e+00
2.188117786766739847e+00
2.423102355790032192e+00
2.298777080379368787e+00
2.162161232607332284e+00
2.178003931315870556e+00
2.126648679841836476e+00
2.051268771979593009e+00
2.162804419322706284e+00
2.221719252855099302e+00
2.080515779802107446e+00
2.107142620312671522e+00
2.273107246891643562e+00
2.090557047747420238e+00
2.302629216018516001e+00
2.014659823706542063e+00
2.065723991799047532e+00
2.163513526884778049e+00
2.393742020354364008e+00
2.369729078171075365e+00
2.072683978786238779e+00
2.312791100920463805e+00
2.180397327989432199e+00
2.157146057674786288e+00
2.376447385152466119e+00
2.110026017215720806e+00
2.106161471034716737e+00
2.488935333793839799e+00
2.132101957227147793e+00
2.176154876612399036e+00
2.358726049328613961e+00
2.377032171255310633e+00
2.367279606901854017e+00
2.324065678410422109e+00
2.400295138612416057e+00
2.070245516256243423e+00
2.068250919308879610e+00
2.243955363663896030e+00
2.114691055486105586e+00
2.482069341454752553e+00
2.132305108382924086e+00
2.408712877499268323e+00
2.205063633043896854e+00
2.390457615826952154e+00
2.140889041020462624e+00
2.226430202609809950e+00
2.422299029455913022e+00
2.330828591887138312e+00
2.212569809141071708e+00
2.219873694729803226e+00
2.192399271479747114e+00
2.159945322494346787e+00
2.261007943692775690e+00
2.152162786506145675e+00
2.170551568070732351e+00
2.110388335378057256e+00
2.278309553695957668e+00
1.975986492912012560e+00
2.233422033126172934e+00
2.092175332265219456e+00
2.238564069191911532e+00
2.290454724844152246e+00
2.115537335814769104e+00
2.061971635443107687e+00
2.187929183714455217e+00
2.239554821655508565e+00
2.155669890828114443e+00
2.327463654727321973e+00
2.352182697837309266e+00
2.198602373358895967e+00
2.231345720837139002e+00
2.162214626268724516e+00
2.161953147996143798e+00
2.157213317440801692e+00
2.208604996043726842e+00
2.223922949121905024e+00
2.260429345128087242e+00
2.219154672369631598e+00
2.140537951907517833e+00
2.111380221644008515e+00
2.174111500396374907e+00
2.213596256759110759e+00
2.120892807412963599e+00
2.210723255956909661e+00
2.254196064734273808e+00
2.337753488215112974e+00
2.326789676841524823e+00
2.295506483044556845e+00
2.196099075352398788e+00
2.113377935992921230e+00
2.111724815965791979e+00
2.317359323268495253e+00
2.306075800059256053e+00
2.385268141424431221e+00
2.182002322182499121e+00
2.159171398816438714e+00
2.267046210117619864e+00
2.416077847885302887e+00
2.481674883028633705e+00
2.402463990683576522e+00
2.360250759966767031e+00
2.254782859745031676e+00
2.376977167732795326e+00
2.255988078530750229e+00
2.286726104644934310e+00
2.411773242323788757e+00
2.418761872935704993e+00
2.239148005092376881e+00
2.313676781404489624e+00
2.265007286152170618e+00
2.344930450233852159e+00
2.305851760411860241e+00
2.218469812953149933e+00
2.022658493691487092e+00
2.366816061551025197e+00
2.175875225088724108e+00
2.595147187067956107e+00
2.613621059681762837e+00
2.331696181381853972e+00
2.418682794643162826e+00
2.450537558256220549e+00
2.388218095469014202e+00
2.556369635305442589e+00
2.388531002536378622e+00
2.462439859633986039e+00
2.443798219157259144e+00
2.349949355489409086e+00
2.299766717642041769e+00
2.224663257336914057e+00
2.309332929350197183e+00
2.285660622895961946e+00
2.254873397113089428e+00
2.213470770220853368e+00
2.386254170063228042e+00
2.230522344022280112e+00
2.137370979823074446e+00
2.143513054366841697e+00
2.141258014391491216e+00
2.194301439266919118e+00
2.253938157807277687e+00
2.194927881203794673e+00
2.120316312059304042e+00
2.219288861544863156e+00
2.118883374425871935e+00
2.238111195079189208e+00
2.101635160763061005e+00
2.134893418740459570e+00
2.256175353746002532e+00
2.151919526205697597e+00
2.050206666466443561e+00
2.260364149360840180e+00
2.231908034648835137e+00
2.316051036097687366e+00
2.172660218451091474e+00
2.273776782836998134e+00
2.143129659419101163e+00
2.183448913080615394e+00
2.280908628056410148e+00
2.250256539186548110e+00
2.323074941477923705e+00
2.381107057789476400e+00
2.106407196900798695e+00
2.104862917744771966e+00
2.262211260244664679e+00
2.187319709689730107e+00
2.148944957169274694e+00
2.267134542415870424e+00
2.097545897030616224e+00
2.376593594141102272e+00
2.321877434722460443e+00
2.264025997630390474e+00
2.264984417225807345e+00
2.363166795607444026e+00
2.291889452805240257e+00
2.180109177211462690e+00
2.657239341548235600e+00
2.570951446965403342e+00
2.625126542419434550e+00
2.367646416819203736e+00
2.351335774624697894e+00
2.391810458896885816e+00
2.156902922593272098e+00
2.202348192048639852e+00
2.158689507179731848e+00
2.086590218604489344e+00
2.163768038531865390e+00
2.082397470241422965e+00
2.203826805184641469e+00
2.138303730320379348e+00
2.084443656257503719e+00
2.179276758693190263e+00
2.014651843781781970e+00
2.208992115035281145e+00
2.210569963326845855e+00
2.373120732864520743e+00
2.188375737277171940e+00
2.214077363299042922e+00
2.361849219977144809e+00
2.270908648168902477e+00
2.308354865415339852e+00
2.307871603301107299e+00
2.304069845752237278e+00
2.197990463522968341e+00
1.919807700791024141e+00
2.143190993156731228e+00
2.029227622153742860e+00
2.157567532093335849e+00
2.287574327860976808e+00
2.131848615250233170e+00
2.200801859423528128e+00
2.078448183835329033e+00
2.218699394257174440e+00
2.350110980430021090e+00
2.202512770755984395e+00
2.221265645058672966e+00
2.472546180355153833e+00
2.343902944422062262e+00
2.182527310031210810e+00
2.580528929550000683e+00
2.229204590603179437e+00
2.184977627334306227e+00
2.255764342643958198e+00
2.336597317934811624e+00
2.303729407352576253e+00
2.266707722490822530e+00
2.316026897675612428e+00
2.407273193503299602e+00
2.333242743154983145e+00
2.373766633279314586e+00
2.260244794187681094e+00
2.374886195050642801e+00
2.468710991087537110e+00
2.422632848115509940e+00
2.503406770521204638e+00
2.442032328059669410e+00
2.273090506682685863e+00
2.572293925703128092e+00
2.381376012771881712e+00
2.245839034483446017e+00
2.311385851168088035e+00
2.430759841231157736e+00
2.396257807153085118e+00
2.193784045570212005e+00
2.175602270333262922e+00
2.194797187457751875e+00
2.204864990607207975e+00
2.131087855115974872e+00
2.185942801433911065e+00
2.271893923065140708e+00
2.273908586969329182e+00
2.213650563467655985e+00
2.185206557770895230e+00
2.188162392174950899e+00
2.351085396754082790e+00
2.219716969479251567e+00
2.129126190993464895e+00
2.084542872350953147e+00
2.093133029532974643e+00
2.253879264494484502e+00
2.146079543613068186e+00
2.137128541969947282e+00
2.442293856476542846e+00
2.031457629912786889e+00
2.169634763982052572e+00
2.133829730434699368e+00
2.427902071020685781e+00
2.113695068769131158e+00
2.193940050218805560e+00
2.274054301015765223e+00
2.534837651764510813e+00
2.143750888521493092e+00
2.238296280973349983e+00
2.354494145886237177e+00
2.131483566781147587e+00
2.241111223601980562e+00
2.252348606414851684e+00
2.178077835082764313e+00
2.328596573817544702e+00
2.329159471998260234e+00
2.331184122824276450e+00
2.361062415896943545e+00
2.074285902321166386e+00
2.058298351839518148e+00
2.125869106387359597e+00
2.113444200134736661e+00
2.400265469200939528e+00
2.281438636208298121e+00
2.383382050389998952e+00
2.145079139345638986e+00
2.176429430723878067e+00
2.372403432395540523e+00
2.488557132172061426e+00
2.253781450740073300e+00
2.185848438675940031e+00
2.226542811857862070e+00
2.289743416312447266e+00
2.182836471017820301e+00
2.145398411113122350e+00
2.130327547324364357e+00
2.205351179410817153e+00
2.104549888008934388e+00
2.304026186443039137e+00
2.072521168879843501e+00
2.172333341917823013e+00
2.170981005632785621e+00
2.101696706493720868e+00
2.484966637037053783e+00
2.017478910627112043e+00
2.137002039779492435e+00
2.102805085517442496e+00
2.193005589913244791e+00
2.194622902628260874e+00
2.050812621273096159e+00
2.292065242546837300e+00
2.045139925516146651e+00
2.184619798956750181e+00
2.139255066647657966e+00
2.128623942738061547e+00
2.200668118623496650e+00
2.172618749046651310e+00
2.226860330650192843e+00
1.947764999089319105e+00
2.287106449907001071e+00
2.161780467454424759e+00
2.337262825193389570e+00
2.032841348266125614e+00
2.079135467950681715e+00
2.193259610301520723e+00
2.059686810486460740e+00
2.067767914093095349e+00
2.094101066258037935e+00
2.266355961104855599e+00
2.222559540992251392e+00
2.240056768928474717e+00
2.384496137541409322e+00
2.125428462200004365e+00
2.267893288731727797e+00
2.180307571155602808e+00
2.203042524783962008e+00
2.235027594792835082e+00
2.290708601798673971e+00
2.251009568733846944e+00
2.234376283553414222e+00
2.234448353062417958e+00
2.153182577093214700e+00
2.376389305847929290e+00
2.254014318828069907e+00
2.169152873937415293e+00
2.240546511959927489e+00
2.136620509277328495e+00
2.139765346515235311e+00
2.339112505083585258e+00
2.381072965273456354e+00
2.297573240872272216e+00
2.194795094988166273e+00
2.255158467980365344e+00
2.223275426464202731e+00
2.275692332741120705e+00
2.419723516725813095e+00
2.267253634796254858e+00
2.191908450075660486e+00
2.086936503068450133e+00
2.200140071046257528e+00
2.199989584875647441e+00
2.361625713612026445e+00
2.225708832476478882e+00
2.181645990797546730e+00
2.244689141049138303e+00
2.253406186066523986e+00
2.234615523075321963e+00
2.235731766512585317e+00
2.322994401166817102e+00
2.338298553828326742e+00
2.185948413664151158e+00
2.326034902554647399e+00
2.352795441672196119e+00
2.381281261178064490e+00
2.420149824241141001e+00
2.416009085918155552e+00
2.124503328528310142e+00
2.576017331305317182e+00
2.317656361684670152e+00
2.360908216013730243e+00
2.377027727497809995e+00
2.170393109888253402e+00
2.179459266075401302e+00
2.110663332374016488e+00
2.413280112000400379e+00
2.133638137440013072e+00
2.186877163857694928e+00
2.391557895394473388e+00
2.345225858256186235e+00
2.281171895113484283e+00
2.071962907638031925e+00
2.142897026242115643e+00
2.064835317592784936e+00
2.214853904703919074e+00
2.197261183968689302e+00
2.204057690965692817e+00
2.252214633353332385e+00
2.190032498311257569e+00
2.177674174922196837e+00
2.166264910862259807e+00
2.056212946314622592e+00
2.191427289070736251e+00
2.015312033875805486e+00
2.148462910404942416e+00
2.006007908162177777e+00
2.273120536524854352e+00
2.034046633616394040e+00
2.242338271739590994e+00
2.244050384483333715e+00
2.236622178165226238e+00
2.228753907841418247e+00
2.199393225317789469e+00
2.257812236735062594e+00
2.050139499849142677e+00
2.154817369143928296e+00
2.276083170051748539e+00
2.102328967721265318e+00
2.291826122328874504e+00
2.107970575728516316e+00
2.026695972647603927e+00
2.165250134816693262e+00
2.339910309721193737e+00
2.321926370680500451e+00
2.052284902447337078e+00
2.271739895156136502e+00
2.329288165560290391e+00
2.180467516080987433e+00
2.340440161377911998e+00
2.240607680180305650e+00
2.396103586050703615e+00
2.247303268709159862e+00
2.396657828902485132e+00
2.250027081786219352e+00
2.237707367778134504e+00
2.278902000683589169e+00
2.373516143662727451e+00
2.292674242136228724e+00
2.352350107527641399e+00
2.105911533018382187e+00
2.623864162833938085e+00
2.609734674007513799e+00
2.400353525212361117e+00
2.271847769634527836e+00
2.342049911056824918e+00
2.350412842082230558e+00
2.025701150301455478e+00
2.279913590427855574e+00
2.274104174842503046e+00
2.134435387271484519e+00
2.241391816077237920e+00
2.263930417509263382e+00
2.295300780764886195e+00
2.307102005296269631e+00
2.187907212736480034e+00
2.211399493377507852e+00
2.100968452967579392e+00
2.203741729332872712e+00
2.137106282013810699e+00
2.087757664944800418e+00
2.061054721513229993e+00
2.139901005024176239e+00
2.032140546544962234e+00
2.203535854783214454e+00
2.126768560486033799e+00
2.000195244022860308e+00
2.101413807592467542e+00
2.156373612225181979e+00
2.120811817554343559e+00
2.218064097414640834e+00
2.123815241241160390e+00
2.248100446173309841e+00
2.247393312674789367e+00
2.168675769940003217e+00
2.410654711855948928e+00
2.252341516182998049e+00
2.210871478728697603e+00
2.257803405383056017e+00
2.270679550772639832e+00
2.316751965136696345e+00
2.280516497396044340e+00
2.277493049708596562e+00
2.441948927339166797e+00
2.355790886177260735e+00
2.495169373413493208e+00
2.566511278127599827e+00
2.243517347847030940e+00
2.241844614412046077e+00
2.343512206376240137e+00
2.187810455238458740e+00
2.079983073024830098e+00
2.208730978244808352e+00
2.180517537487035362e+00
1.957293771940236793e+00
