1.757423296358870290e+00
1.741267877498656302e+00
1.827242075771631225e+00
1.670376815086601630e+00
1.707440487185265754e+00
1.906601083059044743e+00
1.665963177215227020e+00
1.925736006877701412e+00
1.725884608586984115e+00
1.957231434477989529e+00
1.863520230378701958e+00
1.723534355197513745e+00
1.794069168681685644e+00
1.869733096194817090e+00
1.831984263814134817e+00
1.840519054208582750e+00
2.046350843882375869e+00
1.906796102493145240e+00
1.841705260925191601e+00
1.785531946777839885e+00
1.872574275964026702e+00
2.057329653951345705e+00
1.695873397036798735e+00
1.699046556493317928e+00
1.788572880736340354e+00
1.880208306006654562e+00
1.773145290686093167e+00
1.977087264461141025e+00
2.115605063060674862e+00
1.863788260584359646e+00
1.819896523438945923e+00
2.026106398901854178e+00
2.097343570671881263e+00
1.786835554371186907e+00
1.664631442859338062e+00
1.719901379629573013e+00
2.146103481819873871e+00
1.899489776138681751e+00
2.085871998822906637e+00
2.041373501028228343e+00
1.929777469286170222e+00
1.894656359156567493e+00
1.953571915306988149e+00
1.926238773365121393e+00
1.884179007916984228e+00
1.914790738862677255e+00
2.115735739780912006e+00
1.939146558430471234e+00
2.106874194526585420e+00
2.084577959632369915e+00
1.867593053150184312e+00
2.074556173316653318e+00
1.960430601626685032e+00
2.045624046652725347e+00
1.769889035166509528e+00
1.795907430568742802e+00
1.690101629581424625e+00
1.750080661770322843e+00
1.839871687341970041e+00
1.776626623714361530e+00
1.857624714252679166e+00
1.970605171646877540e+00
1.766467487288112315e+00
1.911426455212943409e+00
1.633492362274024723e+00
1.775657331014763862e+00
1.817038290648656629e+00
1.866502761019950496e+00
2.081628649570781420e+00
1.969488919818323414e+00
2.131656470461365860e+00
1.976040188100798511e+00
2.057267287372345876e+00
1.858764085216753514e+00
1.814486738916772923e+00
1.744575371802335351e+00
1.810181171096036046e+00
1.887811104254928596e+00
1.945597896026292739e+00
1.944645418298565520e+00
1.857459863801093514e+00
2.024336863578342527e+00
1.857247489040100952e+00
1.736016883752186990e+00
1.805584035287508771e+00
1.916257988802114287e+00
2.021220242437570036e+00
1.905900844835228591e+00
1.874003223349330671e+00
2.064111407171750123e+00
1.972982154524520748e+00
1.952132657858689946e+00
2.056050465283870032e+00
1.896706763389440109e+00
1.962184361416998923e+00
2.125749615081936383e+00
1.954535702971617050e+00
1.874480454278538710e+00
1.989046317866663971e+00
1.809860129460033384e+00
1.747937968407234255e+00
1.801839536978476097e+00
1.821202916345331824e+00
1.684931211178569255e+00
1.806093277079034776e+00
1.710433472294994761e+00
1.936183552856455048e+00
1.746746877581632607e+00
1.677285707743466414e+00
1.992183224268494257e+00
1.911987993770580596e+00
1.800487421405290833e+00
1.748373964515803181e+00
1.977073253990559554e+00
1.949401460186910962e+00
1.847617619762765617e+00
1.841992170139245877e+00
1.991832356527662773e+00
1.986474669848653951e+00
1.891894973919230116e+00
1.881419295308070616e+00
1.808377422468294693e+00
2.008334133784091424e+00
1.720612313663750115e+00
1.761793843992922382e+00
1.890580255479573868e+00
1.684562409459514631e+00
1.806531538472736287e+00
1.771511316858531915e+00
1.844606538407701057e+00
1.782929412127127744e+00
1.887276353890990466e+00
1.840547713315086931e+00
1.751930602921489388e+00
1.894682532662218311e+00
1.960648506568055893e+00
1.836255759213613281e+00
1.913511928829617403e+00
1.786495743531946401e+00
2.090211540409244506e+00
1.846295048727390808e+00
2.046965504298475569e+00
2.044328989887013392e+00
2.008104544509027534e+00
1.867129359696948931e+00
2.244574703374605740e+00
1.879234949829123202e+00
1.898118654564936003e+00
1.841969974245334152e+00
2.081930974809151902e+00
1.788735590016977017e+00
1.890209085760820917e+00
1.870883329398195905e+00
1.794842909293177469e+00
1.946868162869043406e+00
1.957195212822366859e+00
2.001012844102358468e+00
1.889799890182659814e+00
1.856597020558784283e+00
1.905346667706858010e+00
1.762913898843623928e+00
1.772021504760736610e+00
1.729464989061213265e+00
1.588703354702444281e+00
1.873533585888948805e+00
1.775849414265251003e+00
1.852098323887708009e+00
1.928183783449527455e+00
1.773849690030529835e+00
1.721678187805320004e+00
1.640473698029127458e+00
1.669599639187105078e+00
1.728754598481434757e+00
1.659188691112455594e+00
1.603809892670982507e+00
1.803279265761607686e+00
2.058520602654422493e+00
2.175821087490451333e+00
2.035813848181772912e+00
1.865610249812413191e+00
1.939383868151911106e+00
1.913230103750656497e+00
1.813228369491667991e+00
1.731133653619204571e+00
1.816327141529890055e+00
1.824879441970488791e+00
1.739887931177859892e+00
1.786121499211553498e+00
1.717876124807059535e+00
1.831630023271574981e+00
1.848433138634554718e+00
1.894058018954426048e+00
1.843772997620082732e+00
1.845349762275828587e+00
1.756840885953404818e+00
1.883287261629904341e+00
2.083370045327528786e+00
2.165693841182922075e+00
2.082864058282870356e+00
2.000313578202206344e+00
