1.800741895109935653e+00
1.834869588301884846e+00
1.909847518684729017e+00
1.765887538519999911e+00
1.768356547452186955e+00
1.942046352244640728e+00
1.809485266035854023e+00
1.853590743198622270e+00
1.751337500590728125e+00
1.904015085461045809e+00
1.871302970938256705e+00
1.931845575880940080e+00
1.978600471609061939e+00
1.917478688436747625e+00
1.733407516441066942e+00
1.812268131229532786e+00
1.739101527617876730e+00
1.567466117387134261e+00
1.611681950769992211e+00
1.571841003456134089e+00
2.123888091761559682e+00
1.820126808228393012e+00
1.520424571328074625e+00
1.516426403256308175e+00
1.809578648148095104e+00
1.689486523533999973e+00
1.731434890677102212e+00
1.701557691946827156e+00
1.796593806119343828e+00
1.644247935843471842e+00
1.828336738727315725e+00
1.859191825132486375e+00
1.949517307090955942e+00
1.698814020238558653e+00
1.636022432817892502e+00
1.703295159689165672e+00
2.071148349877553141e+00
1.848849830869270683e+00
2.083834833601406977e+00
1.975705188974263393e+00
1.858724357281084760e+00
1.788312965950075384e+00
1.642358053961918252e+00
1.709130315994553451e+00
1.702921117181036337e+00
1.729866369881144950e+00
1.938596699014541791e+00
1.716663284138814083e+00
1.548948067375497173e+00
1.610730279049429337e+00
1.892083761599717473e+00
1.878618168772988373e+00
1.974888725062468264e+00
1.727576540098405111e+00
1.781096060078209975e+00
1.776132498185822639e+00
1.769260804120028618e+00
1.774348924684907569e+00
1.818440076163160279e+00
1.767611804342497983e+00
1.784406744488518548e+00
1.821587952782447895e+00
1.686186254737590984e+00
1.833881070766845589e+00
1.704620695017078580e+00
1.717473894756670116e+00
1.802045616611535728e+00
1.815875055341247046e+00
1.923746566469588970e+00
1.960648282234895623e+00
2.051537803057532194e+00
2.047245186090298930e+00
2.073209612311009753e+00
1.815604337677675817e+00
1.803013051118178334e+00
1.769511408658224205e+00
1.756095313964947113e+00
1.764575620406772627e+00
1.790417500328385092e+00
1.890938891558616941e+00
1.772003667493968093e+00
1.841615347640847000e+00
1.810543353723762072e+00
1.815463395329103058e+00
1.701271672550518366e+00
1.856025080471055189e+00
1.686708044972906606e+00
1.925626676871923904e+00
1.854298050888301574e+00
1.910306596001040802e+00
1.797843552480578699e+00
1.870099924505397970e+00
1.982719083529567161e+00
1.959286121482782805e+00
1.779563967372005617e+00
2.124062250201666391e+00
1.958572635453345256e+00
1.896012420746064020e+00
1.948745016275337472e+00
1.811505394810724034e+00
1.810248746978894818e+00
1.876248610873481715e+00
1.849659375207583167e+00
1.765060587026621386e+00
1.887672169325955940e+00
1.814386866644490226e+00
1.987144630530978784e+00
1.800782464883214029e+00
1.825892035348173348e+00
1.904500392237317152e+00
1.937705375341724379e+00
1.920918472530947385e+00
1.883770532853423108e+00
2.035967472304740955e+00
1.950179236602506361e+00
1.891914911306041169e+00
1.851629691239615516e+00
1.947377790888188853e+00
1.861213540722427284e+00
1.862110708872295461e+00
1.818234438476215686e+00
1.848512279284898918e+00
1.966190331613741016e+00
1.795715056790190500e+00
1.858262842267571990e+00
1.920552628635841863e+00
1.772894201886360266e+00
1.815475458864058478e+00
1.941111941691137988e+00
1.855599938453349695e+00
1.982475725943522615e+00
1.931256989444058769e+00
1.955591991889655157e+00
1.874954327662740283e+00
1.894203201153660032e+00
1.938777890600510423e+00
1.799726178723721981e+00
1.855690750864600336e+00
1.814179047696613312e+00
2.096632815874998279e+00
1.803828369800993814e+00
1.901050120795707343e+00
2.058970305281730084e+00
2.005713645784368726e+00
1.910591042569118381e+00
1.972431004559264123e+00
1.991369296206809025e+00
1.902050695170608208e+00
1.827646963235543209e+00
1.903472729793725726e+00
1.894196717949948594e+00
1.913628775358143574e+00
2.041278361320925328e+00
1.875538060634506454e+00
2.033137250731507972e+00
2.028214174582589457e+00
1.986932450342243195e+00
1.982944599571309308e+00
1.843920220108753005e+00
1.908174342137510582e+00
1.859888164181418446e+00
1.883856326949225002e+00
1.818805352963529964e+00
1.802829211944916521e+00
1.933634187651699143e+00
1.859700477178696909e+00
1.862334596817862176e+00
1.915804803812662938e+00
1.945407576586963394e+00
1.863533854359302522e+00
1.872150447857122257e+00
1.892673536776386278e+00
1.971802074689486650e+00
1.829042216797281961e+00
1.802540737171575813e+00
1.968650972292458112e+00
2.087125656084252157e+00
2.165981039857410195e+00
2.031720030143940647e+00
1.987332985349510750e+00
2.066087392450487226e+00
1.923031150648504717e+00
1.926432335381114802e+00
1.899117548827036650e+00
1.862832537054616822e+00
1.900329773207358075e+00
1.837407118182933008e+00
1.843558594490820379e+00
1.812628449778850737e+00
1.914564747633682451e+00
1.837045626784582719e+00
1.902170040770485571e+00
1.941718756815575819e+00
2.001004667529127978e+00
1.927269805509177925e+00
1.870098218659155043e+00
1.905074819683076015e+00
2.141423976836882570e+00
2.092197321743176630e+00
2.064888403735000821e+00
