1.618196987272938925e+00
1.570123997655117121e+00
1.555825023763355297e+00
1.636175621284073012e+00
1.594221012290200967e+00
1.683500408108598911e+00
1.676274230933660014e+00
1.805218338044612736e+00
1.723959812844960027e+00
1.567682737172026775e+00
1.613051890929706911e+00
1.596547200903051245e+00
1.615458879261443492e+00
1.666213533477746145e+00
1.826986987030698506e+00
1.637592305064863085e+00
1.623547518118150901e+00
1.863225630482698403e+00
1.560850004566915361e+00
1.813899945405818670e+00
1.776630036991734940e+00
1.719773540687106861e+00
1.844077784986924762e+00
1.654957251425574816e+00
1.420605616403961546e+00
1.677196287843031763e+00
1.736552851666128383e+00
1.822309054223722136e+00
1.736342683253372821e+00
1.859347896165681746e+00
1.576027052136708129e+00
1.467177989674061989e+00
1.545927023206011608e+00
1.746563760981674207e+00
1.725664659482532670e+00
1.901481315457122845e+00
1.848422471578224702e+00
1.489551376894223900e+00
1.520776175746516801e+00
1.568650033993711723e+00
1.800848577448460830e+00
1.539380788763921037e+00
1.634156181986789580e+00
1.675897923653063559e+00
1.633679654634123901e+00
1.770936825968585815e+00
1.753317655622664173e+00
1.759266679008287149e+00
1.910780723049597896e+00
1.844082631999538258e+00
1.628343751662683969e+00
1.609552999698934617e+00
1.662919779502928908e+00
1.617623071379149957e+00
1.598927911481101916e+00
1.736934376637409683e+00
1.729310604758229841e+00
1.704715669933526412e+00
1.664283732335988475e+00
1.643718658115862263e+00
1.621564474368851982e+00
1.576297484079425937e+00
1.624686176023993678e+00
1.605412537762608949e+00
1.632565499236194650e+00
1.815651480466562218e+00
1.767792017892723333e+00
1.508611164220540202e+00
1.610198317802863377e+00
1.878180584534284714e+00
1.898537149870713980e+00
1.836921063499582951e+00
1.837296216338232480e+00
1.550165235740765590e+00
1.590813134208615587e+00
1.833982129296130914e+00
1.812893422584043623e+00
1.937244671966161569e+00
1.655811272699205583e+00
1.743202375410725757e+00
1.663162937191732693e+00
1.773434365914744681e+00
1.606293053745775801e+00
1.638060790540534217e+00
1.650788816222303446e+00
1.747654891738001481e+00
1.871508022029769069e+00
1.831540034557575636e+00
1.898531797599841253e+00
1.618887128142322274e+00
1.632421067111719193e+00
1.566494652429700984e+00
1.499820959444818191e+00
1.645250369801513513e+00
1.691073477713531448e+00
1.603323250409954603e+00
1.817261424117020852e+00
1.741932889411520691e+00
1.845813865940544307e+00
1.827617130596268735e+00
