2.242049003255148776e+00
2.324072633260730214e+00
2.280392691119545123e+00
2.210425696573351750e+00
2.213022304008597452e+00
2.167915552026913328e+00
2.187105573212023035e+00
2.265124148106124391e+00
2.086970372983932620e+00
2.173124526405998846e+00
2.132217389181013445e+00
2.035505677258767410e+00
2.064398797314229483e+00
2.202785185566689563e+00
2.080036954551260475e+00
2.048688602380213108e+00
2.376659015830142607e+00
2.055243978684591521e+00
2.308277937103340616e+00
2.048426252217618426e+00
2.109735588296607567e+00
2.023194496537446430e+00
2.570551167603061238e+00
2.570177169579906273e+00
2.065546312342233737e+00
2.223542157591419155e+00
2.200406412359744657e+00
2.057069268510255622e+00
2.398453919290825631e+00
2.147401378991235177e+00
2.167871134257443266e+00
2.469151752549529899e+00
2.103276898213918944e+00
2.170006235416393370e+00
2.393924786917822622e+00
2.421803197959341514e+00
2.423314091876616949e+00
2.425913781306912043e+00
2.554895171107491869e+00
2.190246730436308908e+00
2.339812927081368787e+00
2.399635522658585707e+00
2.236178684777087255e+00
2.474109069281451134e+00
2.411235775628179923e+00
2.477059342746298132e+00
2.329797322846021590e+00
2.430610871702498343e+00
2.430301061271040730e+00
2.280979619552538917e+00
2.421719979723123473e+00
2.359238867460158318e+00
2.272594491824349472e+00
2.258017471607941307e+00
2.256363638778176917e+00
2.197051829530068279e+00
2.393998236303648053e+00
2.064971346517975981e+00
2.217825048018589484e+00
2.119103620847188729e+00
2.477803332079573373e+00
2.107338206560303018e+00
2.316245409562631252e+00
2.194240061168555300e+00
2.372912503364947856e+00
2.471166938692429316e+00
2.229966435015412252e+00
2.227932963636373387e+00
2.311072520396139751e+00
2.512224309084001739e+00
2.330933557485867169e+00
2.651111280762309619e+00
2.602316899120019844e+00
2.294623971196817713e+00
2.518358683615947502e+00
2.542075226956464373e+00
2.265346547589270898e+00
2.414982355399352354e+00
2.508129674170416656e+00
2.419955668507084656e+00
2.576391271551571105e+00
2.481178739752435636e+00
2.231473968388141937e+00
2.348241781572681042e+00
2.294740775861777049e+00
2.353919296696663110e+00
2.247601429251862903e+00
2.330546349947042906e+00
2.420462854981443979e+00
2.408273422479029424e+00
2.530026319446858629e+00
2.576910698812185707e+00
2.399368900919330194e+00
2.326538371522687498e+00
2.452532037090110695e+00
2.534812474760485657e+00
2.405888693230554320e+00
2.652555175069049032e+00
2.410399635292826304e+00
2.433621202331564870e+00
2.584996809544879426e+00
2.650152177890338301e+00
2.668614420852257307e+00
2.673010869030474801e+00
2.724715045585914819e+00
2.565081404087689254e+00
2.630146202309615155e+00
2.540885139779375912e+00
2.629206630700326119e+00
2.564191905465938337e+00
2.611544930639855711e+00
2.357234467013514578e+00
2.372521988779285884e+00
2.370104219157502357e+00
2.378886342686754585e+00
2.432042940349277149e+00
2.396682243216111452e+00
2.155486549065317003e+00
2.633462298432854176e+00
2.204634351057508379e+00
2.741525860538356341e+00
2.586993097152916921e+00
2.476293111911169742e+00
2.594236851604947880e+00
2.585058922363085099e+00
2.497022229574295427e+00
2.644960895837368042e+00
2.300555369485419721e+00
2.615617724266892097e+00
2.594545016730493536e+00
2.585721061978400570e+00
2.506056831207835067e+00
2.584477279613945910e+00
2.530852393362722719e+00
2.466312959044486330e+00
2.586674117695173525e+00
2.354004484347182125e+00
2.686207084472695517e+00
2.055018502663254143e+00
2.205580529916445709e+00
2.031063029907619555e+00
2.118415613586802859e+00
1.988873436693490815e+00
2.259978425003260849e+00
1.963975782088527966e+00
2.049259261655802966e+00
1.915050663322919844e+00
2.068995455707067332e+00
2.115071341310905240e+00
2.344687793024565092e+00
2.271080149547785254e+00
1.997659116585838612e+00
2.121841842455804983e+00
2.193828690348096799e+00
2.531257957844241790e+00
2.501713662707308217e+00
2.459427712699822077e+00
2.486825205343763390e+00
2.506158968706397872e+00
2.355915241289087358e+00
2.288319796777388060e+00
2.211028111294634613e+00
2.398030072407030922e+00
2.562811256863516629e+00
2.549158671000482990e+00
2.172818549775164421e+00
2.423555226054447509e+00
2.292693622641533757e+00
2.466681447059910326e+00
2.358528154135530741e+00
2.489142975201990016e+00
2.375627051651802102e+00
2.600604772295811440e+00
2.597502565517032291e+00
2.492087635960024361e+00
2.186018905420587188e+00
2.602936019951693325e+00
2.680742673566544720e+00
2.641160976790352333e+00
2.564102967861059845e+00
2.710015354500006524e+00
2.617931232081775583e+00
2.532182780963779578e+00
2.493497976247424308e+00
2.602079158138185022e+00
2.169809249161098741e+00
2.258677895359379129e+00
2.377519549684123046e+00
2.107124104468599768e+00
2.203247505196875622e+00
2.044553766733592237e+00
2.315109104546731800e+00
2.252345450125637694e+00
2.233345898819983688e+00
2.419912117551537900e+00
2.318220228219547430e+00
2.288595882937230375e+00
2.303339139827765614e+00
2.415562728256654079e+00
2.433759322660401292e+00
2.301693122033592331e+00
2.503053773474519073e+00
2.424523596221266342e+00
2.457628863220445492e+00
2.555364642106087825e+00
2.444690140399853995e+00
2.153786954832739742e+00
1.894823833513809896e+00
2.075258230539870574e+00
2.052250515838506928e+00
2.142648430994326336e+00
2.074354894811551997e+00
1.970254930860728226e+00
2.318474466516741384e+00
2.183903957703904108e+00
2.356730078279591911e+00
2.433063606222800157e+00
2.325472949999814354e+00
2.357978149059708262e+00
2.545228385717965836e+00
2.344697664245063429e+00
2.432852697328232061e+00
2.423241865399053729e+00
2.426106148872547941e+00
2.305854883967946023e+00
2.470684415707068204e+00
2.467449308335084801e+00
2.539304822914430382e+00
2.479202523726624641e+00
2.521093807717796231e+00
2.656239436065606530e+00
2.661064640259565905e+00
2.534415681388394237e+00
2.429527345624206358e+00
2.556567692685280946e+00
2.650601888402158046e+00
2.485576130055423771e+00
2.642911359678427274e+00
2.540516813460476087e+00
2.586928708627685758e+00
2.721703277107196950e+00
2.458388156909613542e+00
2.563359915409267220e+00
2.512517507493561730e+00
2.584896648720865997e+00
2.432297297846278905e+00
2.639822170077276819e+00
2.578880874059933603e+00
2.143055276318017288e+00
2.197839624176415096e+00
2.006123016673223791e+00
2.183620872304557814e+00
2.216853859493778778e+00
2.198071318456125578e+00
2.178401687015716792e+00
2.155937753742069418e+00
2.087635870536557636e+00
2.175513805465371320e+00
2.133461190209401614e+00
2.007546328573326821e+00
1.995858618083954150e+00
2.009988761428890047e+00
2.235706263963664231e+00
2.090921418663500120e+00
1.978339253569017631e+00
2.275096097303880960e+00
1.984539775165722553e+00
2.111103821805603964e+00
2.109257895391272175e+00
2.494665999345182517e+00
2.027280642544712741e+00
2.070498056640241114e+00
2.361774929248809496e+00
2.378977286867973717e+00
2.043852219315759111e+00
2.138217427955857897e+00
2.353887906219426007e+00
2.193590529104954445e+00
2.251278738764710852e+00
2.128059945003981213e+00
2.213832996480131765e+00
2.363445441745956721e+00
2.455072889802966341e+00
2.398736745427203498e+00
2.553382772376499688e+00
2.192175333550918648e+00
2.133751893776876241e+00
2.104253252225511517e+00
2.311039849147568326e+00
2.499800755844057143e+00
2.441548301966536272e+00
2.357567807840081020e+00
2.292486025375851444e+00
2.321036836826236183e+00
2.317192309212163348e+00
2.249059047844442105e+00
2.281133372261944903e+00
2.223555791700709161e+00
2.368875837290726594e+00
2.146541453675134381e+00
2.131510305473816924e+00
2.065582183231560620e+00
1.963387908791104364e+00
2.135393836969957881e+00
2.095173614209755453e+00
2.416691601700027281e+00
2.033492470629976623e+00
2.190918168947306732e+00
2.416790981642122915e+00
2.047070329826889523e+00
2.546410259112796393e+00
2.079003648152098371e+00
2.407985717538208004e+00
2.077517777673370425e+00
2.404645262184900822e+00
2.267873157390112304e+00
2.132749125053329919e+00
2.453798881135018650e+00
2.262153924112849879e+00
2.507084725951598259e+00
2.265876683400894986e+00
2.396192886165950942e+00
2.245289187445506318e+00
2.229327544898980218e+00
2.566057608207996665e+00
2.219392431682844613e+00
2.341128107125485691e+00
2.497245979447177522e+00
2.465747169514163950e+00
2.289563851109837067e+00
2.169849305980842580e+00
2.294921487107238978e+00
2.243318861247669105e+00
2.165630346690315733e+00
2.235550235277086628e+00
2.327188690957827877e+00
2.383852589017886547e+00
2.283053226559143223e+00
2.441244855693069926e+00
2.171151680079984825e+00
2.437798505417624106e+00
2.606505765464142144e+00
2.181748880158052017e+00
2.127023105227458188e+00
2.087217814557865481e+00
2.216399246852591709e+00
2.309306217765886515e+00
2.609645437102674492e+00
2.428941344805684022e+00
2.608706101376482511e+00
2.063395996255903420e+00
2.283709403638026103e+00
2.361976526529880438e+00
2.368675534219936818e+00
2.623526247041580550e+00
2.661098657714618287e+00
2.448620783710620419e+00
2.587228374912975859e+00
2.615250120300841807e+00
2.481195982117195165e+00
2.565309130551358230e+00
2.488161848651844643e+00
2.501770196586229567e+00
2.373553337595702306e+00
2.411728478395700481e+00
2.207646473365398432e+00
2.131166100153429888e+00
2.536469869232851337e+00
2.324873331489067052e+00
2.453857463426524887e+00
2.351666799709684508e+00
2.269180878397238477e+00
2.466652640731807899e+00
2.545224588250716291e+00
2.305772729537681531e+00
2.548449171081784481e+00
2.669129258174105068e+00
2.327445955003100142e+00
2.424102423061392564e+00
2.467609596122602778e+00
2.486971701297274073e+00
2.611476943584475574e+00
2.405322816998686442e+00
2.329542061458329538e+00
2.494609900148825332e+00
2.490032288067324906e+00
2.372261372502700638e+00
2.585425214133268312e+00
2.476163910408351043e+00
2.588556460630223377e+00
2.277682388977729122e+00
2.604461111811806617e+00
2.363545104438077527e+00
2.328034196793804966e+00
2.405389746347008639e+00
2.652980339739029692e+00
2.592430585725817860e+00
1.967872177245438614e+00
1.970589565989828040e+00
2.013678233827646213e+00
2.129800031336724242e+00
1.892492731333953015e+00
1.896186189194804195e+00
2.233967429732583554e+00
2.003990627939233882e+00
1.865046298790521195e+00
1.828277480917431808e+00
1.934004429028665539e+00
2.201750131855617187e+00
2.133838967334825032e+00
2.090129586169715115e+00
2.171663129686285387e+00
2.370571282324403839e+00
1.974033013522945801e+00
2.457845342108472497e+00
2.471874286523872311e+00
2.556132636263884983e+00
2.241099043503598232e+00
2.367536249979280694e+00
2.530596294261232782e+00
2.305166751021380023e+00
2.313395576632657491e+00
2.198308373310318586e+00
2.273100370703989626e+00
2.302284919893525128e+00
2.385528694106096914e+00
2.215510398098932576e+00
2.374801060447416567e+00
2.515123525395743798e+00
2.466464702933661712e+00
2.473017358388399423e+00
2.246647763667102726e+00
2.529391389895581987e+00
2.357479710320151689e+00
2.473027985055870737e+00
2.374166716277826161e+00
2.482919275520134583e+00
2.467808626592977284e+00
2.580673427055060642e+00
2.384545397277230361e+00
2.581480604905155296e+00
2.599002362236365382e+00
2.522282782592065509e+00
2.544960618751911596e+00
2.622011122743557188e+00
2.522049232250158202e+00
2.650043127308250313e+00
2.630208193290290986e+00
2.401637993953666950e+00
2.495332674813897089e+00
2.463973386540205368e+00
2.522365513763363598e+00
2.124083948967305790e+00
2.265638352452119086e+00
2.420378990548655906e+00
2.179651112734106277e+00
2.406942860442467413e+00
2.449805530774327167e+00
2.573773282551540031e+00
2.640762496472694565e+00
2.264344252475708252e+00
2.214762193901823384e+00
2.100868504313521790e+00
2.138878850070958570e+00
2.211385288259573034e+00
2.169944449630270888e+00
2.206698585593651174e+00
2.222527523761785861e+00
2.114148026438230410e+00
2.157794971786253235e+00
2.180865031187567027e+00
2.035847723691392108e+00
2.025982696072425426e+00
2.398071979551912314e+00
1.877317452689042376e+00
1.956456483950995251e+00
2.109197164410978598e+00
2.277487907730617600e+00
2.310900237875992858e+00
2.336253854555657039e+00
2.430965941436669109e+00
2.415454070456596103e+00
2.412030349843990340e+00
2.434935673488337393e+00
2.344214717923996272e+00
2.516286287172784242e+00
2.337505969586707089e+00
2.370788328706867620e+00
2.591354019114008089e+00
2.599308908314717836e+00
2.563335980876717990e+00
2.658841592078140526e+00
2.422961744528757677e+00
2.466258069306317413e+00
2.410405675196577224e+00
2.342441567850517270e+00
2.311123477818099126e+00
2.455549685319127651e+00
2.314130667187677570e+00
2.553926024764932912e+00
