1.600737630960193947e+00
1.466263599845616605e+00
1.407759969982068426e+00
1.456654687621077748e+00
1.408919874944102757e+00
1.498269622106835897e+00
1.656097237867988126e+00
1.633092539396063803e+00
1.529487064540049790e+00
1.644818287492505249e+00
1.759458473416473767e+00
1.774523034924071485e+00
1.764373336914851764e+00
1.799179686609078788e+00
1.881495192047087261e+00
1.633615186864347368e+00
1.729628817738402491e+00
1.832636555460686267e+00
1.730639761576409974e+00
1.763422497609024031e+00
1.779160887579385619e+00
1.850936920970209121e+00
1.825252521766049352e+00
1.813704013536758364e+00
1.814500807280619243e+00
1.857707802178536483e+00
1.814324183703598159e+00
1.968156397064181773e+00
1.728219754231294703e+00
1.873485443651307092e+00
1.787931737414653277e+00
1.668822636841997831e+00
1.584413942222037575e+00
1.752641167338793160e+00
1.785151467907858169e+00
1.664749400601809981e+00
1.750296748014837034e+00
1.676224383756391489e+00
1.584015849198876724e+00
1.687712681406528192e+00
1.809881458259252396e+00
1.702324009391354309e+00
1.735741202421984486e+00
1.755139311845339778e+00
1.760809214261135791e+00
1.874203452823500982e+00
1.813764540524207991e+00
1.807176282187998417e+00
1.676983075994092909e+00
1.639551684188623959e+00
1.325784636910380510e+00
1.213368460665763982e+00
1.321741002252486030e+00
1.200887663147312434e+00
1.158605217182791414e+00
1.222315269599968390e+00
1.268343031882813499e+00
1.410244217583844328e+00
1.528899628357042184e+00
1.665693396659882142e+00
1.718351962961415014e+00
1.602401579454985070e+00
1.601272941077744427e+00
1.675435182581147320e+00
1.663445645961497688e+00
1.823634145864320377e+00
1.526772481738733367e+00
1.583211197576895213e+00
1.604081586908644885e+00
1.575242406067792311e+00
1.644029482988785151e+00
1.860693999449384739e+00
1.761332610294187084e+00
1.496505674933467533e+00
1.639259638559659837e+00
1.859290609519878235e+00
1.736115836831970016e+00
1.913226013363128919e+00
1.718379418919071533e+00
1.626631040529442629e+00
1.595497881691644304e+00
1.520003090754901809e+00
1.773611564448041911e+00
1.806064213497698301e+00
1.818021669689234621e+00
1.808905242557337090e+00
1.810998114597446529e+00
1.921174254399600656e+00
1.550025049084219786e+00
1.454239625754143450e+00
1.573450525158143876e+00
1.545461366318319429e+00
1.493959191233901640e+00
1.715670344632284516e+00
1.766053976546899662e+00
1.761920451925253595e+00
1.828785480548755560e+00
1.824169154136660920e+00
1.752310794949245798e+00
1.707545226019932416e+00
