1.813925912055497802e+00
1.784323331836324744e+00
1.853082644704308946e+00
1.722423630485807822e+00
1.713634799675016085e+00
1.821400520425710878e+00
1.753294323117430942e+00
1.904723199082813956e+00
1.722685491275848690e+00
1.729336961403258321e+00
1.860709960809687313e+00
1.698791886623587599e+00
1.805706741441239105e+00
1.868369161500185394e+00
1.761320717740918473e+00
1.802648768631222032e+00
1.896974807829064247e+00
1.817471507129787334e+00
1.832138464302668579e+00
1.765582884352196791e+00
1.766301093128225697e+00
1.761012352838731365e+00
1.713954862239653432e+00
1.715360464009060504e+00
1.833601615432242760e+00
1.803939817155208347e+00
1.763761558425890552e+00
1.830310963320515905e+00
1.817605503985534110e+00
1.741534245662810010e+00
1.803387729756283475e+00
1.891553305322848599e+00
1.936241045688874118e+00
1.782892998242082916e+00
1.767270768418565119e+00
1.811698364942792017e+00
1.938255543517791946e+00
1.800320619496234009e+00
1.762135179577357214e+00
1.826027058411800130e+00
1.805677731726464952e+00
1.750820494337500088e+00
1.738246708362078952e+00
1.854882832768256051e+00
1.819604178285382456e+00
1.829743927455673713e+00
1.834324365603054119e+00
1.708601473550964034e+00
1.846797336694435243e+00
1.847740826778167422e+00
1.631358378168482171e+00
1.799797327557446147e+00
1.726012496759719683e+00
1.838741269325605776e+00
1.674845125554330627e+00
1.775462002164179376e+00
1.661196755096483235e+00
1.679578250478637846e+00
1.755713181600632389e+00
1.720389390754219150e+00
1.832202592476827485e+00
1.823426052172749001e+00
1.777450672829574030e+00
1.832062827838910612e+00
1.543127080886120384e+00
1.601632235865575238e+00
1.565901601976011248e+00
1.637616136154076196e+00
1.743701145215505566e+00
1.788766021400393313e+00
1.843916101702958610e+00
1.770683977558153321e+00
1.933025376152060382e+00
1.745102811979156732e+00
1.683305091271929399e+00
1.765310254501602394e+00
1.821623079187135286e+00
1.859996505812585799e+00
1.899906095851193966e+00
1.957934272926301178e+00
1.857673012959407455e+00
1.924193991593351916e+00
1.653674932420138521e+00
1.791428141801468588e+00
1.644260678726736202e+00
1.746326303142152092e+00
1.730009712097624774e+00
1.855333603466113424e+00
1.746766662349538590e+00
1.844553008940173822e+00
1.697669981748233692e+00
1.756256517007818374e+00
1.749477281454514532e+00
1.696900146833748790e+00
1.817215805413600060e+00
1.970450967013561705e+00
1.698878885864273380e+00
1.804544572663729030e+00
1.648822069586517669e+00
1.746948624965251273e+00
1.781805590529282446e+00
1.817749766987047932e+00
1.818066400110135206e+00
1.744967015480947348e+00
1.864059064748596173e+00
1.758399629636036687e+00
1.798748762867779405e+00
1.803700383985653133e+00
1.742597189951129000e+00
1.767374175586607699e+00
1.937389932607812115e+00
1.837734521472415228e+00
1.747863087929039105e+00
1.921254317167790715e+00
1.895142767284722973e+00
1.589981224754491551e+00
1.639574674658327069e+00
1.819347799301681556e+00
1.700863426320144534e+00
1.774645577846907907e+00
1.746307319235637090e+00
1.812034858779046020e+00
1.731862299182712395e+00
1.724946369955018932e+00
1.762869154660432258e+00
1.712378979597266593e+00
1.708461516708611905e+00
1.772415832294655491e+00
1.748275366666174557e+00
1.745260514131104390e+00
1.775317032193254096e+00
1.703517020051533493e+00
1.724418442163546450e+00
1.723779204103528695e+00
1.886985170159143577e+00
1.913420246548271475e+00
1.780147087055392374e+00
1.791531422863730905e+00
1.743141651546154414e+00
1.838949622751282487e+00
1.760469911971144441e+00
1.842211002688124655e+00
1.723886145141375392e+00
1.808184236121183730e+00
1.740083347568003314e+00
1.773561705237822750e+00
1.825004029144214446e+00
1.833454490218295208e+00
1.730486446166259684e+00
1.868421454623366840e+00
1.804792677734453843e+00
1.780138340397306784e+00
1.717552039982663592e+00
1.706905530023036466e+00
1.855070509156920400e+00
1.725260368452063764e+00
1.710007220758195334e+00
1.819994612123410516e+00
1.852756710080899039e+00
1.774617764988865698e+00
1.733077773136481481e+00
1.813788320694588840e+00
1.760552703395507512e+00
1.731168656563474295e+00
1.814414115437053221e+00
1.769518789492669386e+00
1.814123113584721558e+00
1.879439574412397729e+00
1.774220545476201671e+00
1.630834299184340752e+00
1.569671137251790194e+00
1.606481593836466715e+00
1.717222593113018725e+00
1.578215786053975611e+00
1.614927546298865035e+00
1.775417325797785439e+00
1.792362522282844539e+00
1.697590576257272721e+00
1.943910120365290872e+00
1.789566070076038518e+00
1.826369852479503564e+00
1.927016552602874855e+00
1.817840948067238616e+00
1.835462314199737044e+00
1.781985957597556292e+00
1.806602189753786947e+00
1.677263261875696632e+00
1.766970711267730421e+00
1.701242858404544922e+00
1.668971166511459048e+00
1.886603235644993548e+00
1.846917574364870029e+00
1.897033988516567238e+00
1.725594684533396483e+00
1.679934027443120925e+00
1.606882911626706933e+00
1.674409478114078365e+00
1.884030406739735986e+00
1.749402774790534298e+00
1.686392068488777207e+00
