1.851572829249140462e+00
1.892942484498311373e+00
1.924011122010142572e+00
1.736846643034834825e+00
1.961275420287971416e+00
1.857501651785877561e+00
1.882917189783133827e+00
2.091195032261705222e+00
1.838298919843068147e+00
1.842282057300912212e+00
2.005160298233350513e+00
1.770131748558091855e+00
1.944700076811904266e+00
1.985079339902271256e+00
1.945525834460163583e+00
2.032229042743994629e+00
2.224442725398402487e+00
2.059078665779373374e+00
1.974102004581728131e+00
2.002659904903457022e+00
2.049251251784659722e+00
2.090523581477896187e+00
1.976757213373769195e+00
1.956293209624970775e+00
2.051153548986705655e+00
2.056102333909516133e+00
2.169913408136099786e+00
2.123093654062389923e+00
2.129667030633916713e+00
2.153967947287379392e+00
1.868022285141720307e+00
2.132644967049385887e+00
2.062511879545829263e+00
1.945935978972525016e+00
1.885116490149092217e+00
1.928038430459260599e+00
2.214291349802361530e+00
2.088818483121042124e+00
2.229760587078033041e+00
2.235999879348180563e+00
2.125895943186372872e+00
2.121688085752347241e+00
2.163980373414824854e+00
1.985454764458310262e+00
1.990705923711587388e+00
2.051913552735630031e+00
2.157727288035374613e+00
1.999304490662334066e+00
2.084554320579224740e+00
2.174835010969370153e+00
2.055837740489092624e+00
2.220159993530511411e+00
2.062762979910738093e+00
2.221254218439568273e+00
1.879667761306893947e+00
1.968093169658879260e+00
1.823862541254105629e+00
1.851700374940747906e+00
1.926290042317623463e+00
1.936838903287181113e+00
1.909193666644233733e+00
2.048912221217508822e+00
1.875969457425220810e+00
1.998955286777246210e+00
1.847157663619570789e+00
1.978057988947316881e+00
2.021762009556159700e+00
2.083720130763349943e+00
2.162603547563039186e+00
2.180652540504811387e+00
2.191277498962253656e+00
2.310692160568070364e+00
2.205864138551163034e+00
1.965723471260180100e+00
1.916116472154839157e+00
1.948679198323795658e+00
1.921962467062569235e+00
1.952360325512841666e+00
1.980863421281729542e+00
2.097951371399554787e+00
1.927741786065178209e+00
2.048537466285485831e+00
1.923437221401833375e+00
1.919621412597643628e+00
1.919883566549417164e+00
2.003443169507263644e+00
2.025274477693246755e+00
1.994550340629854812e+00
2.029238687408128072e+00
2.079724950223295288e+00
2.057900751807283157e+00
2.224806251054455064e+00
2.272834737993709275e+00
2.092831892353736123e+00
2.208768484462780624e+00
2.196109904558338766e+00
2.090631753678530380e+00
2.078304923112224589e+00
2.053077754478535688e+00
1.835391261501326365e+00
1.823019709937053756e+00
1.901889591119634959e+00
1.855248201844731160e+00
1.766799535898013973e+00
1.910191897120433024e+00
1.796307770232421719e+00
1.855159369631707023e+00
1.942292396361478879e+00
1.720048620878972034e+00
1.881873083564346683e+00
1.976105006508964479e+00
1.894432851683706565e+00
1.730627904722192856e+00
1.990296846306655709e+00
2.053828439174647968e+00
1.886963313324294678e+00
1.803563503389594258e+00
1.979660104539104015e+00
1.798905052105478353e+00
1.967043761313672645e+00
1.889257924065862904e+00
1.999381152413265639e+00
1.958178909287061620e+00
1.980342339655904782e+00
2.003812234172636764e+00
2.082404334837247628e+00
1.909108026520220713e+00
1.928797018330020485e+00
2.011301086801698723e+00
1.985870774303063024e+00
2.052471354312554119e+00
1.962626872185374127e+00
2.025060640131170597e+00
1.896318544203190459e+00
1.935611827636826598e+00
1.999625084315401535e+00
2.010167932519978162e+00
1.937328273264830925e+00
1.947812175906369792e+00
2.118230867034213816e+00
1.931704752121909285e+00
2.094452620807911725e+00
2.115336780010392381e+00
2.112751705031037819e+00
2.068868943237226254e+00
2.148958780245760813e+00
2.178140742565362498e+00
1.857872445277510387e+00
1.845517473852936075e+00
2.047679948478845713e+00
2.111728798373388560e+00
1.985614137461110484e+00
2.085144997379852150e+00
1.882303623075263221e+00
2.109024474841675545e+00
2.084850775532721467e+00
2.018254510616295683e+00
2.246220224049550129e+00
1.997283598170228602e+00
1.964288912186569647e+00
2.000071227840865884e+00
1.922382519039544269e+00
1.846947246657725028e+00
1.892517040851328769e+00
2.045222004526786375e+00
2.013968134997221160e+00
2.100328435083743894e+00
1.886493410530507342e+00
1.951387152260208646e+00
1.964079276197187029e+00
2.012295454866706912e+00
1.988638115376854199e+00
2.117433538232307733e+00
2.048723659539581909e+00
2.043509519025323851e+00
2.260979663380116911e+00
2.170373131896831786e+00
2.269190626166565306e+00
2.266778595156149656e+00
2.109278404377765259e+00
2.271029144563102342e+00
2.084841672567031345e+00
1.933512972005749786e+00
2.090610402521686950e+00
1.890159696688336055e+00
1.900315155157519253e+00
1.821390761553057791e+00
1.792914474894036436e+00
1.740570154153960214e+00
2.002778769389559343e+00
1.973912810082093072e+00
2.002092011172099451e+00
2.031670915161074564e+00
2.049440458990463121e+00
2.075671113220585617e+00
2.069195865294208847e+00
2.090462299172723970e+00
2.196324541223176663e+00
2.227805360088077169e+00
2.250491253767434863e+00
