2.253743588230751715e+00
2.305574474085649417e+00
2.291196596926203810e+00
2.160854346358376699e+00
2.135333464255973812e+00
2.081216844857992854e+00
2.381349215438731459e+00
2.281475152232807169e+00
1.972845171194850478e+00
2.108532859020928019e+00
2.027055116207588714e+00
1.949564930569643417e+00
1.990396787012549185e+00
2.180150943799041841e+00
2.008088612653405658e+00
1.981084047964942085e+00
2.275684158521124267e+00
1.978784101636277937e+00
2.312292505116382291e+00
1.982489169475608604e+00
2.013563329549973968e+00
2.130268218270939595e+00
2.468874211972996058e+00
2.279163381559467183e+00
2.084501611365722429e+00
2.209795552991502543e+00
2.095803534252228761e+00
2.008639985576707421e+00
2.261866931615556631e+00
2.116622584897500658e+00
2.218751627276019711e+00
2.294836409231974628e+00
2.091461674642006496e+00
2.109305753088685620e+00
2.243854525172421344e+00
2.247250483402707388e+00
2.358055647366826602e+00
2.308736577178633897e+00
2.408243396108517675e+00
2.090764232445344373e+00
2.040624532619712550e+00
2.322255600010422860e+00
2.086051440158138703e+00
2.387364239398722887e+00
2.047604632636379929e+00
2.302635838608278362e+00
2.256413423793437900e+00
2.304762479702371802e+00
2.138041071218213407e+00
2.212008954628672530e+00
2.330477617584382433e+00
2.259183177278187848e+00
2.271886516809352941e+00
2.161636650550093464e+00
2.010493214712370857e+00
2.083988368939568847e+00
2.092647858269202299e+00
1.978532796959944662e+00
2.199438726990640802e+00
2.052327297399720418e+00
2.160830975251128994e+00
2.174321867642752260e+00
2.110337911929542454e+00
2.179574893401294400e+00
2.107479834389732964e+00
2.420453000225097462e+00
2.227947231045656284e+00
2.081925601182824881e+00
2.259171317006786861e+00
2.197152728463207527e+00
2.294517442795344309e+00
2.299827890892434556e+00
2.494787429358473752e+00
2.189491080220460351e+00
2.231860605731684100e+00
2.218930270092976720e+00
2.339445029196505210e+00
2.218151218899180321e+00
2.493058236017323459e+00
2.234063421956021145e+00
2.312703116878100484e+00
2.292462252033190762e+00
2.253016103102120749e+00
2.295934777141273031e+00
2.273702210902982301e+00
2.307796006093489449e+00
2.199229354357890465e+00
2.254395096615214200e+00
2.384898225635985192e+00
2.314563267480268749e+00
2.228331734282616772e+00
2.185450349858224506e+00
2.204046340410818150e+00
2.044800448970214735e+00
2.082586828929097411e+00
2.225675554235955644e+00
2.082649659239016238e+00
2.437064258366537839e+00
2.111024281748260734e+00
2.118599873947588641e+00
2.181613649287422074e+00
2.185384373323138174e+00
2.523775846850659477e+00
2.593402987140540628e+00
2.440318288553287474e+00
2.349837951291654736e+00
2.403550258898337511e+00
2.286131969880737191e+00
2.300310801232842817e+00
2.291667623485700744e+00
2.281320419536842170e+00
2.332473499826484886e+00
2.354827483837768742e+00
2.297637151795048904e+00
2.230557949943821061e+00
2.282581066168220651e+00
2.227684941752504422e+00
2.085611791681287741e+00
2.364283236003451361e+00
2.162040775646581814e+00
2.631562194884148109e+00
2.275783790521969330e+00
2.262945646603769845e+00
2.299472561991774633e+00
2.504209193711031123e+00
2.377850653075474607e+00
2.556850032762907787e+00
2.179680951933671285e+00
2.535414937773911248e+00
2.410812757091129299e+00
2.247280400158149671e+00
2.337946616995725257e+00
2.488170077753708576e+00
2.386982292676830042e+00
2.352174550030159850e+00
2.499772218503832466e+00
2.542106709869141223e+00
2.467291683438233463e+00
2.255581815044532590e+00
2.202860110254406312e+00
2.173571615593787421e+00
2.160801594365244327e+00
2.184168038361133046e+00
2.243850387885767628e+00
2.084336111436563499e+00
2.218166289589034612e+00
1.999892093145547278e+00
2.092385640179046824e+00
2.188868906923443713e+00
2.248404990353227273e+00
2.261687857934595591e+00
1.989834272001996585e+00
2.077922064219963616e+00
2.141147224685808759e+00
2.204575221775538107e+00
2.318105638012289305e+00
2.274616252759004364e+00
2.200740900568464831e+00
2.224035482225220406e+00
2.180636997471471439e+00
2.161290757580470512e+00
2.054981847545204854e+00
2.412840180608610829e+00
2.365389988757123252e+00
2.463453815601835295e+00
2.155680408613129373e+00
2.208798399121743028e+00
2.149099888125299618e+00
2.296981458100066931e+00
2.185332001319723272e+00
2.496176656408514383e+00
2.268325302872424398e+00
2.363398712982126337e+00
2.447979826421271987e+00
2.286208861097771994e+00
2.312667060787211515e+00
2.577376958154095732e+00
2.580880724584567965e+00
2.538923350599631146e+00
2.590203198639632109e+00
2.605684093292689685e+00
2.451697831852896581e+00
2.364075703229636005e+00
2.497370262795393980e+00
2.484550072819091682e+00
2.221109965183793555e+00
2.280606611971950581e+00
2.413621562782617413e+00
2.207372168177841765e+00
2.263863490231275311e+00
2.189077709385560677e+00
2.321871568227305893e+00
2.139727291184194247e+00
2.146667873535273774e+00
2.248743878401287422e+00
2.153309532616302313e+00
2.174781389437115742e+00
2.139051355759722828e+00
2.280066279422081621e+00
2.362233163858204144e+00
2.204989664838373109e+00
2.311298514627550205e+00
2.217642757071959903e+00
2.188856639175453367e+00
2.368319705929484709e+00
2.279744862774220060e+00
2.317276154600404148e+00
1.991675733683321514e+00
2.186087182363779302e+00
2.090114371565805929e+00
2.127398556097337412e+00
2.205803601089784127e+00
2.184267197741805777e+00
2.178724446430266415e+00
2.140171856317045762e+00
2.345409852802129436e+00
2.326387191426405820e+00
2.168916657508068724e+00
2.209471778179397550e+00
2.552507122353770530e+00
2.295471027496452709e+00
2.310987323793896042e+00
2.452960217769176943e+00
2.244973794830308567e+00
2.120294984029320151e+00
2.280020466671013324e+00
2.443782945580649013e+00
2.176459072141753825e+00
2.214041321066279266e+00
2.284537978649493706e+00
2.493258171063926110e+00
2.435202436892967004e+00
2.438269422281226007e+00
2.249728078416844301e+00
2.492588584092743531e+00
2.590338559726291567e+00
2.426988995859324927e+00
2.587404296877933607e+00
2.415816483902240464e+00
2.397978985141718145e+00
2.662070206522253457e+00
2.434611218898535157e+00
2.404063902613240433e+00
2.344604997347979669e+00
2.342463782933592586e+00
2.327562323468768568e+00
2.475335559189008716e+00
2.417680706432080218e+00
1.964313820024414126e+00
1.982947195658843142e+00
2.030286505771365047e+00
2.167446035551730876e+00
2.271955264988180456e+00
2.120568790303795303e+00
2.096531539904874730e+00
2.102260168661013395e+00
2.057391880998302724e+00
2.249454541277599251e+00
2.215817682317453574e+00
1.986396471406291164e+00
1.996955535862344089e+00
2.043470529859094054e+00
2.289854767856030371e+00
2.084416265803972212e+00
1.996586157822213492e+00
2.268647675884210013e+00
1.975385166435070561e+00
2.258942783200996729e+00
2.070010755887741638e+00
2.528647100739892295e+00
2.051504577963771503e+00
2.111532830675353800e+00
2.311328654461449972e+00
2.231057380408218549e+00
2.071542689003925020e+00
2.193159782264473723e+00
2.394932744961289828e+00
2.209741542922248669e+00
2.262565964566496390e+00
2.150487267241051104e+00
2.189682917063812351e+00
2.412123149564250557e+00
2.447084976106334686e+00
2.403014875913323856e+00
2.462171028585236510e+00
2.281030608001155091e+00
2.206071618270749379e+00
2.195390876003926461e+00
2.305892721832318415e+00
2.565619956438645488e+00
2.386538909729179814e+00
2.409014497739378591e+00
2.321895383905655752e+00
2.240956985806707102e+00
2.254590891408118303e+00
2.289026908367818525e+00
2.316183661384948245e+00
2.229421859848108589e+00
2.290559604229583712e+00
2.221231832617870605e+00
2.101577840852038470e+00
2.142408931228774183e+00
2.059056676018289789e+00
2.139776333601809188e+00
2.090668792375582452e+00
2.284782711177081094e+00
2.078298754434660722e+00
2.137643742923677870e+00
2.183516619681105109e+00
2.085103543159401607e+00
2.407452369914771850e+00
2.054864679855245679e+00
2.263113157426442701e+00
2.119344466490517220e+00
2.222216601514572787e+00
2.219848214787589313e+00
2.143220188857194675e+00
2.288370397968732650e+00
2.246448639472991893e+00
2.249502091755981148e+00
2.251436222401054010e+00
2.438978925995884062e+00
2.233756886564053357e+00
2.152356331399856604e+00
2.427297227136170577e+00
2.166426233444509908e+00
2.311329037063967640e+00
2.354957626240480106e+00
2.398405362573281518e+00
2.316424912633674005e+00
2.299588451367273745e+00
2.280070751302022192e+00
2.231150877926638465e+00
2.217877975611207475e+00
2.139170795890154242e+00
2.278009468248335612e+00
2.277277728948980506e+00
2.242933955723822148e+00
2.428941392748682038e+00
2.183638629034065470e+00
2.358773102798830568e+00
2.395794719338667722e+00
2.188074557511458629e+00
2.051920524137696766e+00
2.111481831632168849e+00
2.165126949383278543e+00
2.174531508476871711e+00
2.490353821179624561e+00
2.219675723818930635e+00
2.573390351614295746e+00
2.142465104420600230e+00
2.187371876428760409e+00
2.240728033510463568e+00
2.338418225674795181e+00
2.346355217304304297e+00
2.479036688962018786e+00
2.567391243151566638e+00
2.398876733709138342e+00
2.244208779478488847e+00
2.429383217906137205e+00
2.243242597124299298e+00
2.401845588826683198e+00
2.184526037758527384e+00
2.216414704020198023e+00
2.243798763407807151e+00
2.228020640955817644e+00
2.140859378242333300e+00
2.337589404584093700e+00
2.332049750593180093e+00
2.294000052034517179e+00
2.304634318587161168e+00
2.290102473623368606e+00
2.323630179153516107e+00
2.277201598718523456e+00
2.396615208953643439e+00
2.465086021559621976e+00
2.579402719111925535e+00
2.313231348692812883e+00
2.323697067993591769e+00
2.352839643072759834e+00
2.445369823339413440e+00
2.482453680704469257e+00
2.266397897749578227e+00
2.159264138808238087e+00
2.547944875395270259e+00
2.485448226026973018e+00
2.313936178562518098e+00
2.518387826124490303e+00
2.240220364428840760e+00
2.252437166314056771e+00
2.251898387525616663e+00
2.467441333014533722e+00
2.233344079749710609e+00
2.248523803936952170e+00
2.524119940804859574e+00
2.514581534098358606e+00
2.587476135082699802e+00
2.171547351654565361e+00
2.262971911784270151e+00
2.122697708846393638e+00
2.182074506480737863e+00
2.096683365090152407e+00
2.195949965572748130e+00
2.205126258990995680e+00
2.138457091624926587e+00
2.111514912843539094e+00
1.968766545146681812e+00
2.040334836300199850e+00
2.209749461851247432e+00
2.216139967355216012e+00
2.167523317641557590e+00
2.109425885326529304e+00
2.109552837112137702e+00
2.162413721879907769e+00
2.186603035233368519e+00
2.282236211653037028e+00
2.250826287165438533e+00
2.167033433239668128e+00
2.235085295504541492e+00
2.307840246874429457e+00
2.283943751260615329e+00
2.389321307143858597e+00
2.381484560894958857e+00
2.144883115685138897e+00
2.304354881707070035e+00
2.263797936367355490e+00
2.176674707833970768e+00
2.195790633174143469e+00
2.400235677288901304e+00
2.151717796368166180e+00
2.155938929596585840e+00
2.110533530201473162e+00
2.259478998566355479e+00
2.137862998525255964e+00
2.118652641859572139e+00
2.201457347071407167e+00
2.195587616216818194e+00
2.285672348631279771e+00
2.408850639132787741e+00
2.282581180499735574e+00
2.368421194353153236e+00
2.431947618240116959e+00
2.456515890531280277e+00
2.474848833877270504e+00
2.513075673303911906e+00
2.469196628056726794e+00
2.695736132085468029e+00
2.517183568047720144e+00
2.329692983673066209e+00
2.414427763395635029e+00
2.493633115678915768e+00
2.542858780728305845e+00
2.126316133388098439e+00
2.244415342494453736e+00
2.238844103601402402e+00
2.141369003545495087e+00
2.410982723209962320e+00
2.215465248678443189e+00
2.446961821367192869e+00
2.339336044292209316e+00
2.186376416669896017e+00
2.271400765692993762e+00
2.255411872076063418e+00
2.349077865208633487e+00
2.408528691679135303e+00
2.275548726276293454e+00
2.285048184329338206e+00
2.251283198097703497e+00
2.136590951508964054e+00
2.170862996249052657e+00
2.330511147891630053e+00
2.106504397443990761e+00
2.298208905863934781e+00
2.325326786905819620e+00
2.077871312464147024e+00
2.193777781321646358e+00
2.105625957867968800e+00
2.227806994209907021e+00
2.350500626392146408e+00
2.248896268505283125e+00
2.345762576300058466e+00
2.283467388754562677e+00
2.417033229130884031e+00
2.301115554478033953e+00
2.170553053191119908e+00
2.472465811659772417e+00
2.296833763754914326e+00
2.283108902491949532e+00
2.612007628755342203e+00
2.606603237426759812e+00
2.548104245198302475e+00
2.581627334774927007e+00
2.395958344712639576e+00
2.397805614311601996e+00
2.443077803958633165e+00
2.305634375351150123e+00
2.316779419760005787e+00
2.401387041181372251e+00
2.368452607366955398e+00
2.302742480597668173e+00
