1.740022396329321985e+00
1.701449365350125698e+00
1.810660578063143955e+00
1.635666343561992919e+00
1.612023096221557150e+00
1.918779430672800546e+00
1.665304954951054128e+00
1.817909172040881982e+00
1.655135882653109514e+00
1.810651834551391115e+00
1.788959692636737486e+00
1.830651056605378413e+00
1.821354505259567880e+00
1.799446956624981553e+00
1.762390798179525264e+00
1.839483396898491607e+00
1.939200351621040763e+00
1.886972485506654529e+00
1.792593981376099599e+00
1.801372326592622253e+00
1.877182946065311553e+00
1.984867525974091107e+00
1.688403687457691982e+00
1.711245811317369192e+00
1.743982748957437101e+00
1.826546604789905937e+00
1.786558789747487053e+00
1.947237749354269187e+00
1.998057775891323606e+00
1.818388380722764097e+00
1.801365406869105401e+00
1.848346982655507009e+00
1.855408277887534929e+00
1.767572964356887155e+00
1.727821300363795221e+00
1.729561298792144486e+00
1.963251461879693238e+00
1.801712004606509820e+00
1.941044952327846795e+00
1.913629369460039253e+00
1.912972796489730509e+00
1.873370294503650557e+00
1.897555953023263742e+00
1.861000764608063074e+00
1.797109386512503404e+00
1.858198065196894566e+00
2.019711181338310624e+00
1.826559830309783194e+00
1.899813997971550705e+00
1.903925392242761916e+00
1.814997079435087590e+00
1.911514106969248505e+00
1.936040030906361675e+00
2.010035578374428589e+00
1.722956325761441532e+00
1.818316747232524566e+00
1.782732311706570538e+00
1.744521487236592172e+00
1.839501934439061737e+00
1.722611582475486180e+00
1.848200195804783785e+00
1.823784274521102811e+00
1.793898781482962779e+00
1.803027879110641329e+00
1.702474866668909570e+00
1.784614536574636423e+00
1.765141295886266226e+00
1.746488153543553912e+00
1.792153151008829104e+00
1.872324791509483388e+00
2.056688740854404340e+00
2.264377831072080127e+00
2.201476353989738399e+00
1.828843011142097019e+00
1.760385216392394980e+00
1.778569658856012481e+00
1.808573121837177444e+00
1.877014938680418243e+00
1.813263198917505648e+00
1.855365438951402268e+00
1.841222604175734689e+00
1.850504552547744819e+00
1.752334518584627965e+00
1.839397756913389470e+00
1.710706956271204282e+00
1.831868298310942889e+00
1.794909592678720411e+00
1.930149481561005187e+00
1.866734832734288529e+00
1.976456535922748392e+00
1.869844296390368088e+00
1.860852424717550635e+00
1.810164533028508327e+00
1.817070303942871501e+00
1.957366677399130062e+00
2.112527356496902264e+00
1.948633901701003035e+00
1.914232612742576167e+00
1.938974133806119937e+00
1.937632812605780463e+00
1.773819869824496909e+00
1.835978505417565465e+00
1.761763712494533562e+00
1.675912259865257159e+00
1.760261870907390502e+00
1.663477934985265749e+00
2.003677106091748872e+00
1.683107448376513160e+00
1.686905856288454908e+00
1.960763333543475762e+00
1.834109815292376711e+00
1.754469414056536003e+00
1.743305075846048213e+00
1.911888156887441959e+00
1.881203002019244952e+00
1.733508244676665422e+00
1.753909366628918720e+00
1.898422084042130864e+00
1.842976966375974079e+00
1.819262971377423321e+00
1.784796712672997776e+00
1.792760687719398005e+00
1.860568734420070980e+00
1.710978501258516582e+00
1.764640222627029686e+00
1.936074005003810328e+00
1.716635174648555751e+00
1.788782778233224402e+00
1.827725727427425007e+00
1.791770472077846676e+00
1.907822559271586504e+00
1.861078905614560464e+00
1.938035212117514838e+00
1.803918791116587483e+00
1.813138421122742816e+00
1.851428969689563386e+00
1.808956245293901866e+00
1.841439068228726050e+00
1.784257119442272721e+00
2.037101262316615369e+00
1.772526344061274406e+00
1.925603021672311232e+00
1.954431959540141372e+00
1.913463973700034515e+00
1.845916174561641032e+00
1.887711440181620626e+00
1.973312561456388226e+00
1.765681584300020202e+00
1.783208047580939537e+00
1.902322297212464708e+00
1.888362863926470236e+00
1.789029387768211299e+00
1.798421483618251937e+00
1.727934223335948483e+00
1.932421481131919583e+00
1.949333944751985515e+00
1.914701013945060426e+00
2.028126743661734732e+00
1.794190824085742486e+00
1.818297266112933963e+00
1.841797820033300948e+00
1.783675978700039133e+00
1.775902761553429743e+00
1.751989420014342658e+00
1.877285904939440364e+00
1.833812535733426063e+00
1.839034858710031139e+00
1.828940654689175327e+00
1.831727541164612338e+00
1.768949043390806386e+00
1.797955807728566668e+00
1.729914203114172100e+00
1.937181156651555991e+00
1.745192138221973721e+00
1.698989446429961525e+00
1.887405053418747869e+00
1.966264466450366788e+00
2.177206945603646915e+00
2.167857475457253269e+00
1.920833095272065583e+00
1.988146549602541002e+00
1.842331362596971500e+00
1.794537726834818381e+00
1.818881024990801620e+00
1.797750076628239269e+00
1.827161381681828400e+00
1.737693510703066213e+00
1.707773605020015850e+00
1.704498434305019128e+00
1.784326034808827011e+00
1.821571905268875247e+00
1.864682768809033275e+00
1.906456206813553989e+00
1.888267510038363461e+00
1.895260178942300477e+00
1.782373243090026538e+00
1.782665532551585219e+00
2.065942258465928383e+00
1.996260843416260311e+00
1.958874308757905025e+00
