2.174662549640815623e+00
2.264725841283349084e+00
2.281566494164488201e+00
2.193420184753777757e+00
2.202818430773916258e+00
2.144230538061309588e+00
2.362122226008842141e+00
2.330798137195547515e+00
2.136995896019944663e+00
2.261975482611238597e+00
2.200235644556194359e+00
2.071510791163670540e+00
2.029597872655143576e+00
2.118093604161062515e+00
2.130002412604255824e+00
2.092018477085165529e+00
2.317285164872350034e+00
2.146535938989575065e+00
2.350521382825706329e+00
2.049399316837964502e+00
1.998649538993199526e+00
2.016825314648009293e+00
2.484527452967816519e+00
2.456430864136435854e+00
1.969346016378361375e+00
2.257471379831816449e+00
2.222553649141687959e+00
2.030199202467446007e+00
2.377810673996700874e+00
2.033655866353046626e+00
2.186806382832913620e+00
2.453887768824983162e+00
2.081684893426453797e+00
2.193914317421342464e+00
2.305988785802856267e+00
2.396066050275460935e+00
2.320979340231920318e+00
2.378703831833842930e+00
2.467559442483743481e+00
2.063425968710109526e+00
2.085771257550997237e+00
2.085068369925208831e+00
2.176559595161825733e+00
2.418845396358409783e+00
2.083675567665085548e+00
2.275005449135812707e+00
2.227012461173940583e+00
2.293527121369522970e+00
2.202639865023563459e+00
2.124249161838666744e+00
2.302393107119606430e+00
2.216435018365730425e+00
2.157362627602877669e+00
2.126828023256717604e+00
2.181397698396803086e+00
2.141593913392977555e+00
2.232542265013127025e+00
2.040929381765767658e+00
2.139046202729780521e+00
2.096069505414664746e+00
2.325959413471781367e+00
2.051612089268637362e+00
2.146771663779631023e+00
2.163144396165061600e+00
2.334720973439130098e+00
2.431913245888317476e+00
2.163859980154968721e+00
2.086200351935741271e+00
2.319629389559642263e+00
2.339257592000127506e+00
2.340630916385701088e+00
2.449678120849080987e+00
2.504776519082561048e+00
2.251993356058456186e+00
2.375223134307055339e+00
2.394898723443798616e+00
2.326076133562412274e+00
2.333588090509189250e+00
2.478905870774741338e+00
2.285193978641774315e+00
2.357550034216137735e+00
2.360509427114776848e+00
2.288249767575290861e+00
2.251429027116556014e+00
2.374769578599113196e+00
2.376806624078835473e+00
2.359682471741015863e+00
2.483243152719285085e+00
2.492770878244056743e+00
2.448090888735905857e+00
2.395704945068916736e+00
2.299707092293979294e+00
2.181283124061154322e+00
2.369501476219624259e+00
2.184688511367570030e+00
2.287338327327056220e+00
2.165909463483560504e+00
2.432820331405503911e+00
2.198562502150595677e+00
2.248315821933878134e+00
2.346929753977736510e+00
2.463309461552233959e+00
2.561307012178865250e+00
2.571990403068869835e+00
2.538900668815102790e+00
2.419340866837664361e+00
2.526677581244830773e+00
2.395423184619922985e+00
2.470258433873632864e+00
2.381569696006238690e+00
2.527511668708312786e+00
2.365574474137487115e+00
2.221500886480546999e+00
2.424052949824103909e+00
2.150091945815900019e+00
2.410437233381343081e+00
2.333930166676569051e+00
2.052538418534354037e+00
2.460464050964013882e+00
2.089209525178064908e+00
2.488743426389488089e+00
2.447521111375196234e+00
2.156084025735167220e+00
2.315001029689663259e+00
2.410557316743328293e+00
2.297144190974338418e+00
2.513824108045410455e+00
2.187129076519038318e+00
2.579437960920335282e+00
2.466921810129769188e+00
2.412568292520630209e+00
2.367394590568913770e+00
2.575818410966101535e+00
2.430150123498028503e+00
2.397909787351967914e+00
2.601865788740539198e+00
2.556100123405782298e+00
2.568666642635083708e+00
2.208704783236225211e+00
2.127649788739943926e+00
2.196552344281369251e+00
2.139142886984281233e+00
2.207144052281841518e+00
2.254324220122736033e+00
2.082082725831383208e+00
2.109740022715696384e+00
1.969424130475380563e+00
2.047452884649944682e+00
2.162385537242868860e+00
2.179868951401969568e+00
2.178190724343940232e+00
2.307905181276757034e+00
2.019892360797810760e+00
2.095828316017092519e+00
2.291458861967210936e+00
2.472826364366019991e+00
2.420317753453835596e+00
2.197325428114579537e+00
2.239147361419528970e+00
2.169200772754750872e+00
2.055429511719222724e+00
2.103861133156474494e+00
2.502651413074079123e+00
2.572179786401420198e+00
2.615693997502843260e+00
2.030627504443348830e+00
2.099306111565537147e+00
2.319351151125943922e+00
2.120026742666399677e+00
2.270386442203247590e+00
2.439287262137408430e+00
2.362136122372552993e+00
2.361498034368162191e+00
2.488710068982215695e+00
2.332618923801852429e+00
2.298701293831736159e+00
2.475747973969197435e+00
2.497990073126684862e+00
2.509049116627088516e+00
2.510338431642338275e+00
2.551560508793203397e+00
2.449719826214385332e+00
2.468790580542543189e+00
2.363803916768802971e+00
2.511677079872479901e+00
2.214471197894785082e+00
2.306025736635091583e+00
2.451520772962564543e+00
2.089042157526543431e+00
2.256352276703523785e+00
2.070717357600293962e+00
2.369852848073819462e+00
2.310379133982379152e+00
2.169591869952315122e+00
2.357830034607966141e+00
2.201272035257342718e+00
2.230542411743107412e+00
2.178521724502299861e+00
2.419439373238394975e+00
2.242376517214698328e+00
2.237623073401474816e+00
2.415651979577405850e+00
2.375969447741053564e+00
2.281185902107411678e+00
2.371236637941758207e+00
2.293065598071331479e+00
2.236322854247388303e+00
1.976445453832067489e+00
2.110386172194495202e+00
2.039450890633362157e+00
2.166496893384149747e+00
2.208551239505290198e+00
2.027703932060482828e+00
2.220847817627360055e+00
1.969068676385714367e+00
2.131720852293104151e+00
2.329738221129275644e+00
2.231392523768590319e+00
2.305338772395196134e+00
2.350902400107858004e+00
2.402321380888385871e+00
2.229227224732511559e+00
2.438624013279127922e+00
2.244724621518353391e+00
2.275713449093402119e+00
2.281003138538109987e+00
2.285473385035765581e+00
2.222831331580977121e+00
2.202681496044621934e+00
2.268513816114124282e+00
2.392721311661747396e+00
2.586322635359926014e+00
2.350688682332006785e+00
2.318427222461154180e+00
2.336811226517034434e+00
2.590513600732486488e+00
2.472132601887456538e+00
2.540437450915809414e+00
2.513018063331972307e+00
2.401215408315825250e+00
2.646972215139812512e+00
2.436705974703153643e+00
2.382564065909364981e+00
2.327071063248984384e+00
2.403323950047862034e+00
2.327565383810345612e+00
2.410757804005310145e+00
2.458926373083926809e+00
2.081101036546613603e+00
2.087396175793658326e+00
2.075930002821369413e+00
2.171862891988831645e+00
2.246191065105261231e+00
2.187272568125046668e+00
2.269941703517948106e+00
2.097418332485457171e+00
1.959591861689847336e+00
2.293327331546205272e+00
2.230181976664866728e+00
2.104940170438041491e+00
2.063301819351627930e+00
2.086232464332811620e+00
2.407271383032701273e+00
2.034407033361692818e+00
2.074386677816333791e+00
2.395064073557306106e+00
2.055049248922821370e+00
2.294952357230039208e+00
2.009719725937479939e+00
2.485545391923145608e+00
2.025547147854667163e+00
2.035014435250241949e+00
2.504759941315947813e+00
2.326193016662736035e+00
2.068713920579466681e+00
2.284954056524064470e+00
2.410956209298009245e+00
2.083572129582292209e+00
2.271582511572267649e+00
2.156930960306493894e+00
2.110536392720891108e+00
2.448714050072790638e+00
2.315853265457349597e+00
2.370468258362947722e+00
2.539650621091824156e+00
2.128496720571784184e+00
2.175763528855373607e+00
2.183598610459033917e+00
2.154063097280960015e+00
2.407774191879829662e+00
2.391448664363920784e+00
2.407794400086155306e+00
2.112304664176667401e+00
2.242938865613767874e+00
2.307332888899628731e+00
2.309821766601865445e+00
2.217268077524825465e+00
2.134633645431059712e+00
2.281511004289292543e+00
2.189136451679697171e+00
2.217981847863915057e+00
2.216638588066385918e+00
2.161386096829221781e+00
2.196800082806853016e+00
2.150535798653705033e+00
2.347344346868801779e+00
2.122673466157115829e+00
2.203592804657936277e+00
2.249055279960832099e+00
2.123643227396764033e+00
2.421813013351316268e+00
2.106437595024194032e+00
2.332122106214093105e+00
2.200081442517135777e+00
2.342339754281357322e+00
2.232125311807990453e+00
2.162182308036860956e+00
2.355367266565652873e+00
2.296287769409911750e+00
2.404872244132802095e+00
2.314541397227714903e+00
2.466781490040951486e+00
2.368161075793914883e+00
2.376263681890318225e+00
2.525344688908741642e+00
2.206094032868713306e+00
2.378151011959676264e+00
2.377603964044475493e+00
2.421717189753358035e+00
2.333975427281837156e+00
2.295568357994933528e+00
2.331974307869711271e+00
2.370672623490143849e+00
2.236100313107385329e+00
2.263279121503721125e+00
2.477015339593109378e+00
2.492163819724118934e+00
2.351530270290519642e+00
2.518680408845461294e+00
2.308624839615211588e+00
2.454329214010150473e+00
2.396350592831427484e+00
2.203610674393353008e+00
2.055778951499233287e+00
2.042729502057283320e+00
2.085364223946580609e+00
2.173315780413033860e+00
2.360216972620893472e+00
2.309892488624311291e+00
2.487459071104597186e+00
2.074316221874037858e+00
2.070162404099964881e+00
2.129890560052251303e+00
2.595235742705104265e+00
2.299991158294385940e+00
2.378053679828789679e+00
2.553135485863414988e+00
2.390510336425075266e+00
2.456036096566131199e+00
2.453276343083448552e+00
2.462370359996952640e+00
2.416249289740344253e+00
2.383936672406801627e+00
2.299206053510736147e+00
2.391262487053523955e+00
2.281221713285374264e+00
2.153365237876025962e+00
2.373800339825427042e+00
2.314674268286720071e+00
2.307130192551047898e+00
2.271894395529757915e+00
2.354495089352834913e+00
2.375097995794008821e+00
2.408674054388806329e+00
2.318946840200850623e+00
2.349852060837025469e+00
2.551672247209847644e+00
2.201605756313667062e+00
2.234643717224786386e+00
2.327192494931771272e+00
2.305971575504574211e+00
2.467786107919160088e+00
2.301406308976337911e+00
2.263670171551205090e+00
2.569526700571763467e+00
2.349727243947172362e+00
2.295875336783965270e+00
2.435154486382176131e+00
2.347452910932512182e+00
2.444158375542362371e+00
2.316944544074427181e+00
2.572649906613886372e+00
2.513054933276015479e+00
2.347454611102357980e+00
2.427886454990030973e+00
2.530685203445879328e+00
2.568525382309737815e+00
1.975263874587958934e+00
1.997480851063638818e+00
2.054874923762070260e+00
2.167604704436675078e+00
2.032819459604101819e+00
2.112594714161297293e+00
2.230763141795846671e+00
2.049710783446841766e+00
1.975293652821308976e+00
1.887421385798000451e+00
2.055745983420088407e+00
2.158550631454105417e+00
2.151579869690595892e+00
2.052297632824469531e+00
2.118822811711787768e+00
2.302695575839220243e+00
2.121767140953725761e+00
2.367844293377576292e+00
2.300243158148315814e+00
2.276457172530863549e+00
2.096331261400866897e+00
2.214713306904471768e+00
2.307102931587531991e+00
2.376456407571096108e+00
2.384886842841687837e+00
2.320203736066547062e+00
2.166530903199313851e+00
2.201491796166227921e+00
2.295419244365454414e+00
2.302712667151938231e+00
2.352234042419799387e+00
2.371233631282907872e+00
2.353016901609330969e+00
2.463888689465068005e+00
2.341235355504101001e+00
2.468991935189601694e+00
2.465601733657353911e+00
2.417718226818583283e+00
2.275275851317325682e+00
2.378304513066793913e+00
2.319936303196172833e+00
2.391339777784268872e+00
2.377866880280826045e+00
2.488724004080649532e+00
2.556523020309868333e+00
2.546671569176700345e+00
2.418242798580958475e+00
2.524373966884805753e+00
2.398833032931197096e+00
2.634912179685243938e+00
2.547299557761713462e+00
2.394132217401311991e+00
2.340965513173504320e+00
2.425008007151318701e+00
2.443068806927578773e+00
2.216767389026906621e+00
2.345843966770322364e+00
2.215034441564457612e+00
2.160645800331537192e+00
2.306184061610878633e+00
2.305183328283734401e+00
2.440706296084838911e+00
2.345830593026804856e+00
2.186130195573650958e+00
2.291139563605580243e+00
2.144662384037088643e+00
2.217567047419950477e+00
2.242694124492353502e+00
2.214152728615141896e+00
2.240044464608067276e+00
2.237842408604078681e+00
2.266666850037685865e+00
2.218580570004410113e+00
2.211208922422355450e+00
2.088004342462942198e+00
2.264741411698042661e+00
2.317255586748761420e+00
2.085260755991568793e+00
2.143346201012014784e+00
2.128855150402357843e+00
2.274640247339651644e+00
2.234445315882392258e+00
2.256349238343459351e+00
2.319541720368339277e+00
2.309730246088015360e+00
2.323318859471359410e+00
2.325358715129063558e+00
2.330221630472228078e+00
2.376615765420947213e+00
2.522580781850342291e+00
2.501746615626186276e+00
2.483607070921993731e+00
2.521230827793682128e+00
2.462718845840834447e+00
2.502097246275070574e+00
2.337610907994805309e+00
2.366290411362421686e+00
2.320066416847599733e+00
2.306626617152150782e+00
2.282719817975978671e+00
2.369897418844272075e+00
2.498738012524295726e+00
2.398532474681722704e+00
