2.062471502926256139e+00
2.014796215121243961e+00
2.210106571598412284e+00
2.085920168682851461e+00
2.085283729805781139e+00
2.070377783206455824e+00
2.174542021799494407e+00
2.196462151864178036e+00
2.000522457760546935e+00
2.023513600623512598e+00
2.027449717322019396e+00
1.976570990258908589e+00
2.032460768232506432e+00
2.088799083555553882e+00
1.962786933593642980e+00
2.005116120307647520e+00
2.119601041209448589e+00
1.994353941910874672e+00
2.173416082513370817e+00
1.970170411756124507e+00
2.090562787598654548e+00
2.084468436424549598e+00
2.250934689329714189e+00
2.286495354364415089e+00
2.045584821390923569e+00
2.112766914681196706e+00
2.011404996623200159e+00
1.959235122822865494e+00
2.224244871205306673e+00
2.022595895542130151e+00
2.132203260569182746e+00
2.255672064375179087e+00
2.025621405978295542e+00
2.011074269788372781e+00
2.150101187574583239e+00
2.241336323735736880e+00
2.199942936570650875e+00
2.181791952754458030e+00
2.261527063799890769e+00
2.014690225695267678e+00
1.957778497767178605e+00
2.041149034963337883e+00
2.027328080690452783e+00
2.160449565737106781e+00
1.971939269233136338e+00
2.129688134656471554e+00
2.072768834431623297e+00
2.189338236067362775e+00
2.041990515603129275e+00
2.018590859465891452e+00
2.193222815970437889e+00
2.046006223398917356e+00
2.150332604096592881e+00
2.166559811939537727e+00
1.960314681707143070e+00
2.052010759935406714e+00
1.995334684464590724e+00
1.947983984062569895e+00
2.109110742014595807e+00
2.154036819408391423e+00
2.062072584389361030e+00
1.966827684065554749e+00
2.185498996679433148e+00
2.027853499219307576e+00
2.075729255717177146e+00
2.092118891916610490e+00
2.064081906323908200e+00
2.008817941423823861e+00
1.937353495970600248e+00
2.147114771001928712e+00
2.032642749613414068e+00
2.231210172304202821e+00
2.162216903509613264e+00
2.107786114911285313e+00
2.135588913833683211e+00
2.184192396259473146e+00
1.980313336719277117e+00
2.111986847443616089e+00
2.115118415748427072e+00
2.118703603050708484e+00
2.172931891295745377e+00
2.113831493514946036e+00
1.938161548499229836e+00
2.130622709773819068e+00
2.006290804864458099e+00
2.026775478467384595e+00
2.027263440962410179e+00
2.135433253066871373e+00
2.245448121766931315e+00
2.230753202228704879e+00
2.296841082401154921e+00
2.177306723239778030e+00
2.104261713691887969e+00
2.079071011270946734e+00
2.109567949766037565e+00
2.185125595700698309e+00
2.148617020996515414e+00
2.273659518810464686e+00
2.135973762670320575e+00
2.130325339162757015e+00
2.159550385547694962e+00
2.204501811592962657e+00
2.196680152834731281e+00
2.138709963373023992e+00
2.307969235376498229e+00
2.184819082810719237e+00
2.030565816696900061e+00
2.238529916318618529e+00
2.167358796737535176e+00
2.052414804543714943e+00
2.103743417832988349e+00
2.202441737750016504e+00
2.157444451236165239e+00
2.147165558784255968e+00
2.124861027495707599e+00
2.127222722975312230e+00
2.179585617171106993e+00
2.055458580364746268e+00
2.163713829976214864e+00
2.021163812976869423e+00
2.221983568462300607e+00
2.219507999951397359e+00
2.072091142170382483e+00
2.211374347694829101e+00
2.208220459701833338e+00
2.186883397927262607e+00
2.251058615052746070e+00
1.962853427423990382e+00
2.091816475226655925e+00
2.159125072427439562e+00
2.039684214912051097e+00
2.053529714961489283e+00
2.067580746750389498e+00
2.038943784366602952e+00
1.992674089606087051e+00
2.160878011049872427e+00
2.020797293445246723e+00
2.236960898292986055e+00
2.056110492806305867e+00
2.000768679257350247e+00
2.101402284194150649e+00
1.855881479926368316e+00
2.186467449830577170e+00
2.004367009067424821e+00
1.962726144609041379e+00
1.923129730456790698e+00
1.919309390664194481e+00
1.989180269854006866e+00
2.125940707933017038e+00
1.926999940530785826e+00
2.093621580412760252e+00
1.905448748523335345e+00
1.965362872802314920e+00
2.089689239738841575e+00
2.172622409649790143e+00
2.162796144633535533e+00
2.179764679239630798e+00
2.083706180905438909e+00
2.152551770062610892e+00
2.124243817967490955e+00
2.115423027381753140e+00
2.219179045438122611e+00
2.263075402285043225e+00
2.067413700536587129e+00
2.082237996908477218e+00
1.938881551107286993e+00
1.919378566780957085e+00
1.876194301923598928e+00
2.005694343209009300e+00
1.870356200729834661e+00
2.090045107294873361e+00
1.959686777293473847e+00
2.100099521624926524e+00
2.160698081308506602e+00
1.996917361700982774e+00
2.056159884598286247e+00
2.182554866615588729e+00
2.130986084573454509e+00
2.075680153311584064e+00
2.104890455477784528e+00
2.137954100700313553e+00
2.370691032419471878e+00
2.178334494450087977e+00
2.133392093457454841e+00
2.096405130030300157e+00
2.064086836000836644e+00
2.036902201277257518e+00
2.126735192137743979e+00
2.063420256926875584e+00
2.092360080572492009e+00
2.087946244166452026e+00
2.177523811293820444e+00
2.112651128708201043e+00
2.037497603139744040e+00
2.227406341308423077e+00
2.048059860098366158e+00
2.176936498382536112e+00
2.169824485257331403e+00
2.212995474356564962e+00
2.137485183417807022e+00
2.218956576756085486e+00
2.304233330799362101e+00
2.156160679044349493e+00
2.193367982093721746e+00
2.198472527040049584e+00
2.231357365910755064e+00
2.074432720265773966e+00
1.867811143702187593e+00
1.980940464691838043e+00
1.973678100560070980e+00
2.129163087092083018e+00
2.163317217617226174e+00
1.997485085242777014e+00
1.897320010309571092e+00
1.975500119450104730e+00
2.030928956487113357e+00
2.180971981922234626e+00
2.113947187113612181e+00
2.063016836425666245e+00
2.145268384277271512e+00
2.172789428398817613e+00
2.158094797173958579e+00
2.207805498801143518e+00
2.111114105878332481e+00
1.930923368598657319e+00
2.006080391962571596e+00
2.096407983277694509e+00
1.983376952827658801e+00
2.010151869480716780e+00
2.023948128669564195e+00
2.148605685813623545e+00
2.175729233271535445e+00
2.041881771542341184e+00
1.993350049469482022e+00
2.081672391475777761e+00
2.195601136195799441e+00
2.124003020301405975e+00
2.225012087079355272e+00
2.122029221222879958e+00
2.071038394825096773e+00
2.009025169483892537e+00
2.084824674020632429e+00
2.047527868648548299e+00
1.997810349084319537e+00
2.006263704312805540e+00
2.256316688028196182e+00
2.007770340992439895e+00
2.017969717409542341e+00
1.843180513758728267e+00
1.983244480507021512e+00
2.051785353683957869e+00
2.182235449553881601e+00
2.279707846417814654e+00
2.160797708938594131e+00
2.143364744014684575e+00
2.142273196100044075e+00
2.072898307563366682e+00
2.057987507972458552e+00
2.131994162281956928e+00
2.010867884240437053e+00
2.042419947670978342e+00
2.086529976131636488e+00
2.199303379268843006e+00
2.079638728390548863e+00
2.030407742164201057e+00
2.143973693797420754e+00
2.043985450565213746e+00
2.137921264937218346e+00
2.084526133339329679e+00
2.226269114935330418e+00
2.124925386441846697e+00
2.081035724347760407e+00
2.238530205598932454e+00
2.198089981773413637e+00
2.099275319085267544e+00
2.198787740705744564e+00
2.290618426058410595e+00
2.128615196562841039e+00
2.227166417717413971e+00
2.144989886019652570e+00
2.096525875429501529e+00
2.255605084986652020e+00
2.310875295429557941e+00
2.127920250859246742e+00
2.244949824570804164e+00
1.961639736205204043e+00
1.933011749179236904e+00
1.963908638520093231e+00
1.910957468706551587e+00
1.940213489986571505e+00
2.136556340213477956e+00
2.205453765908169661e+00
1.957229876378328237e+00
2.007785248008219892e+00
2.128135786575898525e+00
2.123932791584750568e+00
2.068832113060379729e+00
2.087945821004012270e+00
2.035494110181293781e+00
2.135253942114879955e+00
2.105929014314903647e+00
2.086308660996699871e+00
1.989565895144087992e+00
2.093063701476589156e+00
2.012740731918184700e+00
2.092070478697611868e+00
2.043607838398347365e+00
2.183476278408453375e+00
2.047064901041259155e+00
2.008962495812197879e+00
1.974631384989657512e+00
2.023832339921796564e+00
1.997690667741315318e+00
2.058432479525166059e+00
2.083541619093672637e+00
2.086422349022782008e+00
2.015998474374177007e+00
2.126826429364538029e+00
1.994754094581856929e+00
2.097391612915826542e+00
2.010768267285975686e+00
2.062998697567913542e+00
2.107571972553471618e+00
2.110483344203962108e+00
2.161364685556646847e+00
1.880933436068905173e+00
2.066019076449638003e+00
2.095857558011354538e+00
2.069381242756017425e+00
1.994990639440049840e+00
1.939580007853237476e+00
2.027503668820683558e+00
2.080393977440134101e+00
2.050243095745801991e+00
2.191968043926381338e+00
2.215133187074786125e+00
2.241357664728634624e+00
2.233498052894753005e+00
2.281713063147392528e+00
2.068878882390439156e+00
2.159312364514106797e+00
2.205275284187933948e+00
2.069691635746455205e+00
2.034728070916964615e+00
2.130018461592060319e+00
2.113970103795596689e+00
2.127489684508490964e+00
2.184981398444904688e+00
2.111496244869639938e+00
2.115420052983538302e+00
2.004866343608165735e+00
2.051824822027600081e+00
2.120501125681561128e+00
1.916010015677730216e+00
2.119333131290920047e+00
2.153253213475301742e+00
2.104777655547830140e+00
2.171774821600048533e+00
2.079136434584959670e+00
2.081885710699504344e+00
2.093545876612892265e+00
2.093023616527542430e+00
2.084987141223190399e+00
2.122182611865675028e+00
2.148451094385885884e+00
2.168070666081867159e+00
2.061895914447771094e+00
2.070745222512417882e+00
2.143151600142411795e+00
2.119009758780387553e+00
2.157337969920669618e+00
2.140585148612272004e+00
2.166194827409318346e+00
2.096214696378031928e+00
2.161920208978574731e+00
1.993393574895858000e+00
2.145580857812164233e+00
2.034283649676127403e+00
2.072969233236686026e+00
2.135436259396486847e+00
2.158391567039727565e+00
2.229843141595489353e+00
2.076487552281606419e+00
1.894963104129722575e+00
2.182748928478800643e+00
2.095406695387244334e+00
2.025230367302464973e+00
2.089163533350310242e+00
1.982805528309311560e+00
1.972113745622182002e+00
2.014732380862124472e+00
2.040224566902270720e+00
1.841655688959938919e+00
2.012301456393686738e+00
2.172643471246606062e+00
2.111365438684111417e+00
2.235909540299349629e+00
1.980657149649526882e+00
2.055817466202692678e+00
2.006819317807103431e+00
2.090695567472112160e+00
2.059665091073577869e+00
2.146550689483651464e+00
2.088979816599989103e+00
2.038706880282373568e+00
2.091917451827081553e+00
1.990959416840938578e+00
1.981808676375284684e+00
2.119929834329999263e+00
1.945349762313708153e+00
2.081097621759017358e+00
2.005795979449314981e+00
2.031119327959659326e+00
2.003876453485448739e+00
2.110222907754055743e+00
2.140924681933008333e+00
2.131075960645352652e+00
2.116127012283236297e+00
2.091885199445825627e+00
2.141016388812877924e+00
2.153659647322643256e+00
2.228269984277369886e+00
2.128937819357415329e+00
1.951552168000667553e+00
1.962525102151478240e+00
1.918293878918951645e+00
1.943188571421304411e+00
1.887339815979481417e+00
2.023638286855322654e+00
1.937586759954321947e+00
1.961698287554469733e+00
1.925841427932574845e+00
2.073460030444369107e+00
1.892966237325138801e+00
2.016660592767760107e+00
1.898197205498592721e+00
2.102776513406985348e+00
1.983838316732441598e+00
2.061393107401063851e+00
1.961508334598700776e+00
2.066414689430052576e+00
2.140740052965286466e+00
2.135724278971560253e+00
2.098452134290577309e+00
2.122828028940645151e+00
2.086634576486546155e+00
1.978534407334234579e+00
2.303383237481425372e+00
2.187256100917583712e+00
2.128391005783275780e+00
2.085300202434273054e+00
2.147278073665303655e+00
2.149947066590990108e+00
2.191211916350508826e+00
2.144643364791395612e+00
2.045581597373810734e+00
2.184904687201274509e+00
2.159125181447349107e+00
2.227535943054877787e+00
2.184086942984419188e+00
2.047213558911268994e+00
2.048737108257131734e+00
2.021061752424140767e+00
2.016845746744086121e+00
2.094721629912584149e+00
1.997338808804286714e+00
2.137314746642907881e+00
2.080362996390022534e+00
2.097538290892072332e+00
2.078444432937172959e+00
2.033396716341230093e+00
1.872310294559577759e+00
1.970374779905051943e+00
2.013645242005833058e+00
1.981294507254064197e+00
2.084934852076499645e+00
1.995455393975664959e+00
2.034030332744039882e+00
2.173166611666243142e+00
1.991859469692880191e+00
2.258408019074516382e+00
1.976610840838345817e+00
2.043593667336993214e+00
2.026911898797291833e+00
1.910317119907261274e+00
2.121915469738305138e+00
1.963822223243687715e+00
2.009562781308535495e+00
2.190064027510905120e+00
2.143593963602729691e+00
2.173331547821985232e+00
1.838710873742986696e+00
1.997601274018631523e+00
1.996118996234664156e+00
1.887051979519897005e+00
1.926441935264636030e+00
1.906816984021641570e+00
1.977445539501896166e+00
1.859857901575999062e+00
1.918308502466584464e+00
