2.212514038358157187e+00
2.255098938000622333e+00
2.264144986099781764e+00
2.226728648493971896e+00
2.213358451198783605e+00
2.060274835042484654e+00
2.284134672452225789e+00
2.303611921894184622e+00
2.103471949544085451e+00
2.373972639793383355e+00
2.138357848087985236e+00
2.011281838053819104e+00
2.187430297541941737e+00
2.191289117849263501e+00
1.985681059977645102e+00
2.243272907758443235e+00
2.352121385893190642e+00
2.125139310879436305e+00
2.253680998966562488e+00
2.088563933062689948e+00
2.025142711141523222e+00
2.070862392190241152e+00
2.392931378969542777e+00
2.393230178014478682e+00
2.076597980981954361e+00
2.161225298333748768e+00
2.129214392696234359e+00
2.025992521127264023e+00
2.320130079865958983e+00
2.168241933152219580e+00
2.163431977013521745e+00
2.446696173735961377e+00
2.108831079825873367e+00
2.176662369860853374e+00
2.247696119854483143e+00
2.361804174305064397e+00
2.353535219915288135e+00
2.383571628938212505e+00
2.422279804038428797e+00
2.254990363147771237e+00
2.232424041364996281e+00
2.509674133175979982e+00
2.233990560137653958e+00
2.268092699152470360e+00
2.292273571981403801e+00
2.209874364157835558e+00
2.299831055493059218e+00
2.144624729484493564e+00
2.304546943787526558e+00
2.077690070825737312e+00
2.276230771736645231e+00
2.220108154334242467e+00
2.117557611698019038e+00
2.171149677302197212e+00
2.088108726048452102e+00
2.007028793758068197e+00
2.066338749731711388e+00
2.013578141448867154e+00
2.064230920617368792e+00
2.013017547993843248e+00
2.021612306122534175e+00
2.093719944956743628e+00
1.944531371714141033e+00
2.267883661530766926e+00
2.140692576977188732e+00
2.413953175794774975e+00
2.073076896614241882e+00
2.354014782509112003e+00
2.389860530940320693e+00
2.758420150121986048e+00
2.220468293310960739e+00
2.170788581773321901e+00
2.343718718091936992e+00
2.698993103110463032e+00
2.526309684140964684e+00
2.203228154595864741e+00
2.363779539238759941e+00
2.550172775770990441e+00
2.409388761619698727e+00
2.486194827417297581e+00
1.894328501437662737e+00
2.281862909868337841e+00
2.020627708970342606e+00
1.940596146767393559e+00
2.365591256245721752e+00
2.436414256069797002e+00
2.146923868321954920e+00
2.383327934888422650e+00
2.396050697873250090e+00
2.297450987939007927e+00
2.251199657093545525e+00
2.117032690369314629e+00
2.161388766363976810e+00
2.254776141794023303e+00
2.189419012786143703e+00
2.142225080542156324e+00
2.245105907002382217e+00
2.411286289188144583e+00
2.168723886091222131e+00
2.069240533403782223e+00
2.161321606648791249e+00
2.163750296508216930e+00
2.517881124816517602e+00
2.527513323763803221e+00
2.282572650082854260e+00
2.147722780127383491e+00
2.534939591217371557e+00
2.563450449801108366e+00
2.172551956253466976e+00
2.334075744854057444e+00
2.107268647365923009e+00
2.270932640783071665e+00
2.234505261630397310e+00
2.221967305405792015e+00
2.130864818987436848e+00
2.261552889709372849e+00
2.239049361937949012e+00
2.187883984861867859e+00
2.419697942961977155e+00
2.306110616207968089e+00
2.700132687380166097e+00
2.332234706143890168e+00
2.345169078793333917e+00
2.255135448560257494e+00
2.490671301179066877e+00
2.179830203024827995e+00
2.523000742945268549e+00
2.198683387223665076e+00
2.545732032705010361e+00
2.386329607987053070e+00
2.346705011778298822e+00
2.296414256574665025e+00
2.450707864749107401e+00
2.460768007887791153e+00
2.377072134992777919e+00
2.446665926556807147e+00
2.457779369852472584e+00
2.090513591773055513e+00
2.207292000563288337e+00
2.198738958153080958e+00
2.166804447280938906e+00
2.187688349630254603e+00
2.147760349606911756e+00
2.232385060570267310e+00
2.169749331491073630e+00
2.191196824763661510e+00
2.066207295963768065e+00
2.153248253784632915e+00
2.270919777360059122e+00
2.290292748864080075e+00
2.297597293138446517e+00
2.184573505643804481e+00
2.071401609137424771e+00
2.246245042912891510e+00
2.227168479554420433e+00
2.168893763490927107e+00
2.046844090079147804e+00
2.071266909843715531e+00
2.170775826287917099e+00
1.869012005398634102e+00
1.983817254865522184e+00
2.103774651115318139e+00
2.375036610697651263e+00
2.308662226091831915e+00
2.345522397220587418e+00
2.262291639388096520e+00
2.216072134693059859e+00
2.090089702417108342e+00
2.161693990571866841e+00
2.092071659250390514e+00
2.272057924886515590e+00
1.992928372264656467e+00
2.347067393789868284e+00
2.034318701155688469e+00
2.006740209582569268e+00
2.302056545170240831e+00
2.621983753405417339e+00
2.593519206300564761e+00
2.442226005249461540e+00
2.547418041525356003e+00
2.435407565342595504e+00
2.507590861233045310e+00
2.405039733448535166e+00
2.458507419696103202e+00
2.488144738909268128e+00
2.297024899017911626e+00
2.426615687247704489e+00
2.392588835827014204e+00
2.195478014856606652e+00
2.384991037185163254e+00
2.271654084550821739e+00
2.388883965345574012e+00
2.235435874329330108e+00
2.224699426213388787e+00
2.266146434883853811e+00
2.202364358267642430e+00
2.139940648417859581e+00
2.163795431307824479e+00
2.316329421171983594e+00
2.183479763645877814e+00
2.101885833445226393e+00
2.336976761429451432e+00
2.154022789858468734e+00
2.106006039891440640e+00
2.258160088845877489e+00
2.039010070214406944e+00
2.203221186861851866e+00
2.000593318823555400e+00
2.163301979478460257e+00
2.148598209662568870e+00
2.200284692312817203e+00
2.337940623807234442e+00
2.294756761030106063e+00
2.103101250357401586e+00
2.389910736011001458e+00
2.300547116400049941e+00
2.316160213461732731e+00
2.239038758690869546e+00
2.235937278923724403e+00
2.471423982761649540e+00
2.312128966924750451e+00
2.272731375230006901e+00
2.458737246504878460e+00
2.301123231400993951e+00
2.075722734970274264e+00
2.181333869832646322e+00
2.338948287007208915e+00
2.068189633297504937e+00
2.381836776574213221e+00
2.295093388692685199e+00
2.026171252992225114e+00
2.026575657555944154e+00
2.519495347499842275e+00
2.322270992634794418e+00
2.348106435694555127e+00
2.448317648430334614e+00
2.472781324295981964e+00
2.588715231373101222e+00
2.447870735968088685e+00
2.525670577337780554e+00
2.608857223194882557e+00
2.523351793720729486e+00
2.571707495032449664e+00
2.464152369148127075e+00
2.346181694705110843e+00
2.311455781493481965e+00
2.557060679257611824e+00
2.471304814279265294e+00
2.244818556022495581e+00
2.419351235037699777e+00
2.071397843596801458e+00
2.179188745208115563e+00
2.331607336912391304e+00
2.154781627683750589e+00
2.245141272659299858e+00
2.100352152606451472e+00
2.053586963650214869e+00
2.393617263742043200e+00
2.161963590646110323e+00
2.163392511384742090e+00
2.012896768430043171e+00
2.138472746078170950e+00
2.273219513263851077e+00
2.155633035987166046e+00
1.997995743202468644e+00
2.350101609625640631e+00
2.203135367112217580e+00
2.181038109507838829e+00
2.160579792409223820e+00
2.557305657732024784e+00
2.012538107729068493e+00
2.104962429287473125e+00
2.317999733542309482e+00
2.304733984165093563e+00
2.059363901715417722e+00
2.215596561669294751e+00
2.420217709226423430e+00
2.130344512951702463e+00
2.168276857417860803e+00
2.232120569066666782e+00
2.115357722620261338e+00
2.482581782780791446e+00
2.364684277683714697e+00
2.479218579475644280e+00
2.568978501679465953e+00
2.307444194084565581e+00
2.305691588884148491e+00
2.326707361784098094e+00
2.349975643393383606e+00
2.602337292764615562e+00
2.421753179076415741e+00
2.404366346057049686e+00
2.368860128634037387e+00
2.442707644815599988e+00
2.330881285698384264e+00
2.466088708755792780e+00
2.385725034181739979e+00
2.205713648650488246e+00
2.274278802864168725e+00
2.278566686928381824e+00
2.272890453925959342e+00
2.234516374487959922e+00
2.058256638495659985e+00
2.243935988052841779e+00
2.168557128760371544e+00
2.399071781659739333e+00
2.035655377576591540e+00
2.110164023327570693e+00
2.252718543159031306e+00
2.094691961454582696e+00
2.396774778856094912e+00
1.990722000928451640e+00
2.312511834261037791e+00
2.105748348683321947e+00
2.231443940681343552e+00
2.191417026828604175e+00
2.087839059477903714e+00
2.348868792433175479e+00
2.181426594347199988e+00
2.247248146313691297e+00
2.303833609464685850e+00
2.497036582842540042e+00
2.206332214019450344e+00
2.188019072128922549e+00
2.289317599163007699e+00
2.057552220771193596e+00
2.257423220285813770e+00
2.209945852601276073e+00
2.445016144250665491e+00
2.257968647293232323e+00
2.155969351511809240e+00
2.222011891650985227e+00
2.192877654143429389e+00
2.167947336257495472e+00
2.139384336699308609e+00
2.251219800156501361e+00
2.434383003602746065e+00
2.372812950398244691e+00
2.492928168200333694e+00
2.199142840141351307e+00
2.535533151923208717e+00
2.564956307139239389e+00
2.174436005227319946e+00
2.078253635458161330e+00
2.173858537972289895e+00
2.242011042971110424e+00
2.352223763126321643e+00
2.583955825374075754e+00
2.528280547929744326e+00
2.633359016619406301e+00
2.254230136789364458e+00
2.266279407047701255e+00
2.398443526016708738e+00
2.542242490065080407e+00
2.588871990390739786e+00
2.593000465621291273e+00
2.565359885958119257e+00
2.487007091751317400e+00
2.389161847606116051e+00
2.252623099041396681e+00
2.282597909365187139e+00
2.314036755609509832e+00
2.416611879390851314e+00
2.358468637716414129e+00
2.326224739261677055e+00
2.445970933022304283e+00
2.466361738317239816e+00
2.568305806015500181e+00
2.455025667415993151e+00
2.636207237608480192e+00
2.374488675811111449e+00
2.420419755100477577e+00
2.472448463475859004e+00
2.420705242597222639e+00
2.382951905295831008e+00
2.501410887355023149e+00
2.619944181880732081e+00
2.413969392983283502e+00
2.410143455618528829e+00
2.509678760729679770e+00
2.443067661787209577e+00
2.487519276044583894e+00
2.502248550453125997e+00
2.211858794218310997e+00
2.533280726654342008e+00
2.516721432406465730e+00
2.324147200809697722e+00
2.513267206995314140e+00
2.337357957652159701e+00
2.381861639044182688e+00
2.318655037383241080e+00
2.514867855981990363e+00
2.462105413908251883e+00
2.334488030141506520e+00
2.558427959484677494e+00
2.522982779824749944e+00
2.481017182156887824e+00
2.078492246492822826e+00
2.035766523519552340e+00
2.189255373669577232e+00
2.183752969849544368e+00
2.004322428569626169e+00
2.120615759834903802e+00
2.291162068205408797e+00
2.187396333018849948e+00
2.193726222285038219e+00
2.043148879046924993e+00
2.082350870011799415e+00
2.269796793145030911e+00
2.119524160391526468e+00
2.207034999600905767e+00
2.102116243414128505e+00
2.286677658354036247e+00
2.129636531657852938e+00
2.495179106336006036e+00
2.408214302147869912e+00
2.540830486949841482e+00
2.222393543071205180e+00
2.320834890887344404e+00
2.453583022609315378e+00
2.308971836552596635e+00
2.435615747383748086e+00
2.476805131137771454e+00
2.312733601624129331e+00
2.327341664979388103e+00
2.454087164858554715e+00
2.464023776380221076e+00
2.295939234871357204e+00
2.503754758660893476e+00
2.489719045981258816e+00
2.382604163196994751e+00
2.309511227098667518e+00
2.502541777669232026e+00
2.266895859934640711e+00
2.499903864586772162e+00
2.266427749425334426e+00
2.377360106391082972e+00
2.390219780008867367e+00
2.446747927764880703e+00
2.363253889417676668e+00
2.424952812523004209e+00
2.511433979630705249e+00
2.385046468633730488e+00
2.510911604600227331e+00
2.659148819663233798e+00
2.625129397643191531e+00
2.700125285599810354e+00
2.538720055112539065e+00
2.489553685814850592e+00
2.440182431382927675e+00
2.459528676339287401e+00
2.536300278907438255e+00
2.328410060352524180e+00
2.329709812417106285e+00
2.370805663667001184e+00
2.507460074637393177e+00
2.451574175411679768e+00
2.523623597578346534e+00
2.643248448789651484e+00
2.525379347554069120e+00
2.298129141330922387e+00
2.353200175971815966e+00
2.216756937956484208e+00
2.401174099410856133e+00
2.423237635840833626e+00
2.350197919201201913e+00
2.396762922042382282e+00
2.405971523976459192e+00
2.442895445952776523e+00
2.374506778842122134e+00
2.251870062839394393e+00
2.201055190807051254e+00
2.373066717565035066e+00
2.473670677084011338e+00
2.148080293502998117e+00
2.314285518743788295e+00
2.237284049763953675e+00
2.360450589585723069e+00
2.364101694234857831e+00
2.365083291140940958e+00
2.418770114123093506e+00
2.396822630387738240e+00
2.467722422392585990e+00
2.540542938601410228e+00
2.277721351013898943e+00
2.509113760118582448e+00
2.326999679492610440e+00
2.419336749688550281e+00
2.612046720028187163e+00
2.614720893845426719e+00
2.488636644441046375e+00
2.674744705233980557e+00
2.503490448696679138e+00
2.448564386482847244e+00
2.396808571049039216e+00
2.490833087720505823e+00
2.513233393350478906e+00
2.548396431006509477e+00
2.453538847819177082e+00
2.560569199094362425e+00
