1.697786850945179227e+00
1.597940106123781012e+00
1.566460226574589276e+00
1.594893339468862248e+00
1.561560617406651419e+00
1.657756320576044828e+00
1.668931344941137374e+00
1.753194246892979979e+00
1.688864800951209499e+00
1.665367935630807539e+00
1.735464282651033585e+00
1.748071703398352383e+00
1.739878365606308819e+00
1.824812916572732480e+00
1.901221515669360596e+00
1.669373401447118210e+00
1.718080382146159435e+00
1.853510611750547543e+00
1.689245317956341141e+00
1.828633539475065906e+00
1.846169622346016004e+00
1.888232776346464803e+00
1.889098725607777141e+00
1.744464053600449205e+00
1.850304604922906382e+00
1.872040644441980373e+00
1.740012139481708298e+00
1.906913934899805874e+00
1.810912013812072674e+00
1.858138621983578931e+00
1.691586654795074640e+00
1.654687592246765870e+00
1.630105935184277710e+00
1.779289999276396417e+00
1.719076350703040434e+00
1.837407501251515418e+00
1.911130046536418936e+00
1.609344700388572136e+00
1.593789008496965032e+00
1.677342499002588028e+00
1.818277411332041460e+00
1.720486587439977288e+00
1.708385076880715614e+00
1.732887608914716493e+00
1.715519786873636710e+00
1.897936650029115269e+00
1.844584415777449360e+00
1.816273143368883902e+00
1.909019735841487320e+00
1.849689578581022342e+00
1.572672587487065732e+00
1.545344542920954467e+00
1.630828753682660892e+00
1.551519609667330490e+00
1.538115025857231588e+00
1.691682044945225227e+00
1.669709258781288508e+00
1.653217211535424669e+00
1.598718206236992900e+00
1.660979008099722876e+00
1.601907131441316468e+00
1.610698702972206631e+00
1.640089399579829132e+00
1.672838649647977904e+00
1.715284913575785053e+00
1.836601281562503241e+00
1.690782540534734979e+00
1.639047838924164280e+00
1.627975397292787729e+00
1.876390326417038734e+00
1.891906146719213089e+00
1.837904527573108293e+00
1.878380304166759052e+00
1.524537343297471814e+00
1.643603005288097219e+00
1.832981495836188746e+00
1.765102284249954856e+00
1.841097132304633011e+00
1.562510810776058134e+00
1.556912842541938069e+00
1.595140467862475653e+00
1.675102863385316887e+00
1.642971570505341816e+00
1.690899403395769163e+00
1.722734197898016628e+00
1.811586674510657247e+00
1.874156396407106184e+00
1.875929869039195452e+00
1.847103657453383452e+00
1.563131108068032793e+00
1.581072888079952943e+00
1.561480523409874088e+00
1.484337384581833730e+00
1.514800078778315573e+00
1.638265442246986447e+00
1.693445271459435908e+00
1.851735910543146568e+00
1.797485850803103524e+00
1.881193129730312386e+00
1.773174549369868513e+00
