1.629986177491894672e+00
1.535147067504542662e+00
1.482130098440632260e+00
1.480783722039112238e+00
1.452761682773995311e+00
1.502209086634310520e+00
1.663477088631429401e+00
1.672603440138375364e+00
1.490027360217150099e+00
1.644340386430297896e+00
1.698553550654267053e+00
1.757277121667978781e+00
1.703315257128557247e+00
1.807521630886531616e+00
1.901206408402495773e+00
1.650797343264595707e+00
1.700980611146316379e+00
1.899261553243558387e+00
1.652140317079688225e+00
1.854515368965135247e+00
1.917085895978809962e+00
1.889709681448266565e+00
1.901430289266854201e+00
1.746961638618490298e+00
1.887333573940351839e+00
1.839266986898859813e+00
1.736982904653084692e+00
1.925094018991565070e+00
1.762593371113780449e+00
1.962565824158521099e+00
1.658668419587287390e+00
1.550333817372179679e+00
1.531839018343224446e+00
1.774527578647502546e+00
1.846464565416708226e+00
1.821294912412662059e+00
1.783112450735087950e+00
1.576338342574655105e+00
1.524355611031309676e+00
1.703527620963924960e+00
1.782408862920288550e+00
1.616017617422581543e+00
1.721051925247226944e+00
1.633894506692645354e+00
1.694947225518342870e+00
1.818406436887926692e+00
1.883481933331004665e+00
1.791666257366935078e+00
1.811338041770002905e+00
1.798980764529459320e+00
1.640967099410093999e+00
1.512179739470888684e+00
1.657641177934160659e+00
1.506277277502289458e+00
1.473164333536034709e+00
1.648614287082310836e+00
1.582079009473255526e+00
1.580537218053050363e+00
1.595742604946602361e+00
1.726073606459650467e+00
1.696768602504965529e+00
1.607370143862165035e+00
1.631437458568034682e+00
1.736635112168996242e+00
1.846316857722114513e+00
1.907957178376916030e+00
1.613501669757440471e+00
1.652308650462850581e+00
1.686858759737035696e+00
1.927334160325217205e+00
1.916169949474778811e+00
1.901970582766111972e+00
1.865034996697954250e+00
1.531142008408129307e+00
1.614952856475038390e+00
1.905198003947844443e+00
1.776543320158662009e+00
1.985623633525437581e+00
1.662911585209356113e+00
1.746093020357326164e+00
1.693014825117352462e+00
1.722981655159194769e+00
1.672633397306782843e+00
1.689459195736570551e+00
1.707983490717734920e+00
1.837914170162411764e+00
1.774022096376165702e+00
1.878395639427242747e+00
1.765887948097808913e+00
1.643725566001643879e+00
1.610825963584831433e+00
1.573524541373308105e+00
1.503376477207082340e+00
1.582709858077305354e+00
1.708767385825268326e+00
1.661847961505598992e+00
1.810682122916867698e+00
1.737987739944588883e+00
1.824190979391900003e+00
1.680108447939339333e+00
