2.064257024540008256e+00
2.032644784223281764e+00
2.190912336143177264e+00
2.123361100953641056e+00
2.092339441829479618e+00
2.086903756076582628e+00
2.149249566594607419e+00
2.190821413690440700e+00
1.948947179391776752e+00
2.231950069820479943e+00
2.017150917708074420e+00
1.900531579663772286e+00
2.006230106648922984e+00
2.139798553434025585e+00
1.859204573811916950e+00
1.906850477096964092e+00
2.209416818958103157e+00
2.076009044912325407e+00
2.238651342883454909e+00
1.934151666518697299e+00
1.897501356757512969e+00
2.097807169419576567e+00
2.417052791138991186e+00
2.451929586017993934e+00
1.940711943517092308e+00
2.182864502565423859e+00
2.271668011418901401e+00
1.890713590668384958e+00
2.246212920071404717e+00
1.959301102972592856e+00
2.147244615352988273e+00
2.340741235749637994e+00
2.015623161766366689e+00
2.073775156010406295e+00
2.311240810095628095e+00
2.326866594978782121e+00
2.309186854913842346e+00
2.273393413938420426e+00
2.462777975536987185e+00
2.082172594806578125e+00
2.036928008073025431e+00
2.355253337208475184e+00
2.106560759119075588e+00
2.396241623159595768e+00
2.025502274257382052e+00
2.380732078550344966e+00
2.219637475918089908e+00
2.412689251798081358e+00
2.131410445974206258e+00
2.141832314119431313e+00
2.349897355076167926e+00
2.234953362012439548e+00
2.302732289022189960e+00
2.105766527666909749e+00
2.136946628413615823e+00
2.134601156231061836e+00
2.096755729118753298e+00
2.041669197245826073e+00
2.146372678318494209e+00
2.062223533765250139e+00
2.165630542052277008e+00
2.003483482004895233e+00
2.151649214218776862e+00
2.072661310402101442e+00
2.230714401303216299e+00
2.358830565920301492e+00
2.080278538164795687e+00
2.046614483902915449e+00
2.319611063080420976e+00
2.264901738433604983e+00
2.274291153792516784e+00
2.267161718117533642e+00
2.374728454242554854e+00
2.128957298024689138e+00
2.300432876755604372e+00
2.133440947083662387e+00
2.233605275624107378e+00
2.203253733115532853e+00
2.410879308527181131e+00
2.180870705533253240e+00
2.335274114144902935e+00
2.311737401099631661e+00
2.233657464169997109e+00
2.277489630741702076e+00
2.260930092521204138e+00
2.199674575107388730e+00
2.125047193514361332e+00
2.182859847936946096e+00
2.388487550718917607e+00
2.291933845460742969e+00
2.421112221092880823e+00
2.423938693451726856e+00
2.245381106313053543e+00
2.234251400138773214e+00
2.148951302051056000e+00
2.414844365738728627e+00
2.280192859639188274e+00
2.496792986482279542e+00
2.186444859669157026e+00
2.127465876656259081e+00
2.217997056085717844e+00
2.403791999287453685e+00
2.453315080681884641e+00
2.369681097112389612e+00
2.352306347186036817e+00
2.326391965154277930e+00
2.184672017025065305e+00
2.299483416137087843e+00
2.254950211200170695e+00
2.323287881917921904e+00
2.314413207611109247e+00
2.311984040256230610e+00
2.339302126865141496e+00
2.285443554263213439e+00
2.230808855928428702e+00
2.305651790712675453e+00
2.274290002013099166e+00
2.073099066662452028e+00
2.454285410175985671e+00
2.167473646649326291e+00
2.559358314584652572e+00
2.470533399225411486e+00
2.356365988512070242e+00
2.442412604016399591e+00
2.366367682403039296e+00
2.277443684639573362e+00
2.490764183139929422e+00
2.186274979158775444e+00
2.439253317019416389e+00
2.414902534612547669e+00
2.368934525315104622e+00
2.430385479302776819e+00
2.369636553346960550e+00
2.291809793346073931e+00
2.413211340494717305e+00
2.275106020939117624e+00
2.226287391991005116e+00
2.357071048586137252e+00
2.070059198044930326e+00
2.163696783260331102e+00
2.158218303834385843e+00
2.073645011378990599e+00
2.138138117284264172e+00
2.331951393197446709e+00
2.047400483363546630e+00
2.049293511182431526e+00
2.000305034085879008e+00
2.053095101756646557e+00
2.184032760735437506e+00
2.154734050758358332e+00
2.225329631776866712e+00
1.841177870129702798e+00
1.963638145377680777e+00
2.189811025562263591e+00
2.347537391274972851e+00
2.238649419113932115e+00
2.273168453689630830e+00
2.193368433293302555e+00
2.396809285631908981e+00
2.192783625712458662e+00
2.119807843284483795e+00
2.186145185647868416e+00
2.353750509192678919e+00
2.289727365223942268e+00
2.239866039445455481e+00
2.113394120545392774e+00
2.250984117199285262e+00
2.137996385923997877e+00
2.245453918522305692e+00
2.186307396067255215e+00
2.406901577281425286e+00
2.319265520866287122e+00
2.417164340185734783e+00
2.435190548891576601e+00
2.286547827844094716e+00
2.204162837985406131e+00
2.490292598138906133e+00
2.491463203744692656e+00
2.415528478060225748e+00
2.449080825168492126e+00
2.485588632007813104e+00
2.457744025232131868e+00
2.389193242309228804e+00
2.304251414142068910e+00
2.269968740595782020e+00
2.142221582911069344e+00
2.226182924992632817e+00
2.259987395537946586e+00
2.101568197905758328e+00
2.129474668845373397e+00
1.996087485395184880e+00
2.287347112060875709e+00
2.178071678349316365e+00
2.030083549180004443e+00
2.346522533715708736e+00
2.183106220524626551e+00
2.174543441218034445e+00
2.197725856897811969e+00
2.286758252579606854e+00
2.240213680138672281e+00
2.321656576613346790e+00
2.364160482842646349e+00
2.327933737216978383e+00
2.256488772946966037e+00
2.387082707587578678e+00
2.362473249268557396e+00
2.269370512606108115e+00
1.970595936760247913e+00
2.169013423273386199e+00
2.139051611403692821e+00
2.233204188787886402e+00
2.207722891124533682e+00
2.160159706975675054e+00
2.237170281690807006e+00
2.220436319303982220e+00
2.280738676544336485e+00
2.346120505945534784e+00
2.214638032179228944e+00
2.268029747671164831e+00
2.519237891749356972e+00
2.299679379836737869e+00
2.180203047407105910e+00
2.447554124858297264e+00
2.245525554262863377e+00
2.247623099712551475e+00
2.320558484582054160e+00
2.277280063647951991e+00
2.269595331358976509e+00
2.216377047692644542e+00
2.309784249350510521e+00
2.447238990531249936e+00
2.329201030164868680e+00
2.208809452644627580e+00
2.197953717155317843e+00
2.301971062793467748e+00
2.323070604762420999e+00
2.431907109956986446e+00
2.534099751694096625e+00
2.386500728994062293e+00
2.283794879117317045e+00
2.431158712641194874e+00
2.406607886959239551e+00
2.271559742471089383e+00
2.235493954618729795e+00
2.248153087860674137e+00
2.319992354578389371e+00
2.390375079510844714e+00
2.385989449336741508e+00
2.262226800469321564e+00
1.974952737189615837e+00
1.950357984477967710e+00
2.156246584098954422e+00
2.142314056662168120e+00
2.159606502442892317e+00
2.150847320711329669e+00
2.132426459291246079e+00
2.010162692253437022e+00
2.163730987717046084e+00
2.115011240903994505e+00
2.044147168998676101e+00
1.991835829653381129e+00
1.965250852115388858e+00
2.168052647814698197e+00
2.060932424207616354e+00
2.038881893140562784e+00
2.382246513278780675e+00
1.975187122017149743e+00
2.110812107917977798e+00
1.999029170468491712e+00
2.452478688659780914e+00
1.977927194870882754e+00
2.033989686375314854e+00
2.244410755421840875e+00
2.457481091416906960e+00
2.014003122433321469e+00
2.197661691535694128e+00
2.286471592531039931e+00
2.069859156790090804e+00
2.225402131341492229e+00
2.288471432590332366e+00
2.129576280057375204e+00
2.306644423563374957e+00
2.285353153280904159e+00
2.430855122434104842e+00
2.399634395311416757e+00
2.123308155023176713e+00
2.071842679677824428e+00
2.170829504576313074e+00
2.149456878733032372e+00
2.374882541118869650e+00
2.351533472646096801e+00
2.333122822846406041e+00
2.191298538733265300e+00
2.269570699916362067e+00
2.347283220270278914e+00
2.375995928111338973e+00
2.137648672349227397e+00
2.224643596092931386e+00
2.308515269766759026e+00
2.094340151892247981e+00
2.069877180060099242e+00
2.091652664246002491e+00
2.018956681199240766e+00
2.050253396478133094e+00
2.079480927141423852e+00
2.302781544916782330e+00
1.956937165939845791e+00
2.006921607976003941e+00
2.157167213074307366e+00
2.005962366292033394e+00
2.224579749541031770e+00
1.951215181296876988e+00
2.108457891075809165e+00
1.993674834690858821e+00
2.119981549395778320e+00
2.221394557424911653e+00
2.044059504864643273e+00
2.300415510434463240e+00
2.268273723135763031e+00
2.094214161972240973e+00
2.046167072326747771e+00
2.291293471779712210e+00
2.207536760666448661e+00
2.164070465925134190e+00
2.082006826976038116e+00
2.028770609964885008e+00
2.252810652643728595e+00
2.046893131241026342e+00
2.365768261257897631e+00
1.940348026795478242e+00
2.064312424335225327e+00
2.245398876040297420e+00
2.059964719257958432e+00
2.151334160344443358e+00
2.172672349763180133e+00
2.238746836337798474e+00
2.372114977455247242e+00
2.292863965750259414e+00
2.333545330397917894e+00
2.186424449552037519e+00
2.253010262523628349e+00
2.297403805850065428e+00
2.177820353320067515e+00
2.067285922187125369e+00
2.140320755398824826e+00
2.223787763740904921e+00
2.121105139922217386e+00
2.388926752409130216e+00
2.164717566616675803e+00
2.445003417498840204e+00
2.104259986373058222e+00
2.172630266109064401e+00
2.227106285494117266e+00
2.339759727044634641e+00
2.344732115978534814e+00
2.418825024717853545e+00
2.378830627470544190e+00
2.369041040487557037e+00
2.090382374890646933e+00
2.564868598577729752e+00
2.343457472633722283e+00
2.558476648561747613e+00
2.121598542306312840e+00
2.095019125411199834e+00
2.079967225203853687e+00
2.236795342181601143e+00
2.185104706388962814e+00
2.339233639194786551e+00
2.385985838638987389e+00
2.304505321066000700e+00
2.346013536226137397e+00
2.407995210410896370e+00
2.261033750800220510e+00
2.034522487188512585e+00
2.298779380504915704e+00
2.318107330072929795e+00
2.625259793773174088e+00
2.260624968416410141e+00
2.285807625593326620e+00
2.223715166756627948e+00
2.165351872377192066e+00
2.141508547925977890e+00
2.070709863736806433e+00
1.863935118634820753e+00
2.437636932616418228e+00
2.170371561218688239e+00
2.215898021077472801e+00
2.355181418523641490e+00
2.320778395969072871e+00
2.309746624755536271e+00
2.209479903115677324e+00
2.053447510711792656e+00
2.227895852061564597e+00
2.236335106854514088e+00
1.953290627110027433e+00
1.962481476059766861e+00
2.054520594652634813e+00
2.050652229503187041e+00
2.088607480393667171e+00
2.188534090042633107e+00
2.211184176538394386e+00
2.048015135299170453e+00
2.170476964691002486e+00
2.165909821187081530e+00
2.013972849175954316e+00
2.081666154253539514e+00
1.863202918166991795e+00
1.891568830657826883e+00
2.075257092397111425e+00
2.094550991260792916e+00
2.048048634292207293e+00
2.005274940915722670e+00
2.078111610622574990e+00
2.072500018829968038e+00
2.225193897531323461e+00
2.226319945279335855e+00
2.022508833088752400e+00
2.268788489450201507e+00
2.093082519037308575e+00
2.095298865787792231e+00
2.256158435853810929e+00
2.349431047829603436e+00
2.273120637714562076e+00
2.075802294082482735e+00
2.026325310105374200e+00
2.062386911456544070e+00
2.044741235106090294e+00
1.956190038133732045e+00
2.256129497134273798e+00
2.082015649547246383e+00
1.985264956829620342e+00
1.913066677133891114e+00
2.131130451991588348e+00
1.890511069715063774e+00
1.958700169725744011e+00
1.852652683922104915e+00
2.196564012426805768e+00
1.866932940014600639e+00
2.157333332591223840e+00
1.985643873927068093e+00
2.024892554072620587e+00
2.226230745999362437e+00
2.430534418743039993e+00
2.394290161725769472e+00
2.478682588851953028e+00
2.464652012975017126e+00
2.579926415755141811e+00
2.292266089197642742e+00
2.350308604062474327e+00
2.182145901905236052e+00
2.101661379231192672e+00
2.077166595479914335e+00
2.174138243523042746e+00
2.243870965710671239e+00
2.137103606717652315e+00
2.188817795927748833e+00
2.128087316583449073e+00
2.122123526945052241e+00
2.216228284972594498e+00
2.054094814514304979e+00
2.069886352900075721e+00
2.136769452698569438e+00
2.119859811969095453e+00
2.143041066761817159e+00
2.225305982170011632e+00
2.146969536194896833e+00
2.156268731762257751e+00
2.147877547202667881e+00
2.199819493460061004e+00
2.193054960669471587e+00
2.243734161450588349e+00
2.061456374368191291e+00
2.169266859296340222e+00
2.137932782532792952e+00
2.149192837473383300e+00
2.220100450223763122e+00
2.148365213054219680e+00
2.073796302173976258e+00
2.266867985180874179e+00
2.132531863928126992e+00
2.222714896656368566e+00
2.023351800843505632e+00
2.065189521789508209e+00
1.942396914525962304e+00
1.864061599077930342e+00
1.928676919244729726e+00
2.509371494707508976e+00
1.915363530763780187e+00
2.262099497419679750e+00
2.545749915448141554e+00
2.476241430762350593e+00
2.647290905624074320e+00
2.210867148911174418e+00
2.227818010093664647e+00
2.308090633572647654e+00
2.135256239142387713e+00
2.160056982037045881e+00
2.327785116379212482e+00
2.064810593847906439e+00
2.213585820747453692e+00
