1.870401657647563276e+00
1.797354885361057697e+00
1.870491257763614135e+00
1.708105948384871953e+00
1.732723190014900272e+00
2.052757141160418630e+00
1.755964786166127833e+00
1.917538099576902022e+00
1.677862223851040335e+00
1.830629155300624644e+00
1.844138456711036822e+00
1.907306407406372584e+00
1.827822417743975469e+00
1.899289991940687150e+00
1.758641624159799299e+00
1.808843910657597975e+00
1.912702026748762885e+00
1.863061949884017965e+00
1.787262350982064429e+00
1.838627097697544954e+00
1.920149509812096200e+00
1.877549400873499197e+00
1.718696903705468682e+00
1.746817003139947033e+00
1.759175232076597650e+00
1.814955876966731108e+00
1.735623513158135234e+00
1.820392354320875983e+00
1.862109920177787092e+00
1.821092689217343796e+00
1.860224943521515462e+00
1.885921129509750660e+00
1.856457541711852288e+00
1.814048575811076258e+00
1.768470621128062970e+00
1.797844287164198418e+00
1.867152239455511786e+00
1.806004257447753947e+00
1.906863104748399929e+00
1.823902446939747124e+00
1.837397918935575136e+00
1.870776091844998712e+00
1.922662035447320505e+00
1.884046670683700020e+00
1.880937554079314511e+00
1.916957974669344811e+00
2.011112862912779242e+00
1.886188579707779311e+00
1.968077081090207070e+00
1.938276783687511218e+00
1.813993676319690440e+00
1.954791115422914283e+00
1.892669212756843633e+00
1.895556493717326596e+00
1.740982798229674167e+00
1.807816331479600525e+00
1.707389520222446500e+00
1.729308242970813314e+00
1.860240406209418218e+00
1.795473744735704313e+00
1.941999482591296733e+00
1.895321385201546915e+00
1.825783247183941693e+00
1.853070990314623412e+00
1.741724104841566589e+00
1.851785895626992140e+00
1.796700276850316857e+00
1.865870259364775130e+00
1.895282085916881076e+00
1.911891802688228781e+00
1.948726577553417050e+00
2.043642962031747778e+00
1.982816181654173393e+00
1.820540948117356228e+00
1.796869927095552155e+00
1.803126700893495249e+00
1.818659990812433236e+00
1.826244678298891921e+00
1.837859604749020992e+00
1.894175860416142054e+00
1.839667668519250787e+00
1.936544797091731995e+00
1.837834224155214580e+00
1.802332875623417374e+00
1.793951489445069880e+00
1.820472531740099376e+00
1.900391777236947188e+00
1.906337345734241406e+00
1.848256363005162051e+00
1.993989359171170372e+00
1.868595595634966022e+00
1.924742788856770748e+00
1.874322907814282457e+00
1.833757944770584736e+00
1.953096711321405055e+00
2.111320013897817649e+00
1.961558348695170650e+00
1.958749653314304728e+00
1.923770895732891617e+00
1.838170984927809171e+00
1.704382741072963947e+00
1.928617593830915578e+00
1.798859411734714753e+00
1.731984628722568420e+00
1.729583815410442149e+00
1.686880423103374493e+00
2.075344853318820348e+00
1.671204573266558802e+00
1.729400971796450248e+00
1.867393164250613191e+00
1.762699222384274345e+00
1.703901196110909178e+00
1.770949128375787218e+00
1.869262121392421205e+00
1.777726411657550631e+00
1.370877121855949676e+00
1.413051808107395058e+00
1.486459659386991428e+00
1.427922221119139579e+00
1.561371363168333914e+00
1.517791176893803273e+00
1.594792441779609327e+00
1.619999028738745794e+00
1.436711754713237754e+00
1.550967560492626962e+00
1.589835866944414144e+00
1.450517594546950839e+00
1.518848786839710030e+00
1.580067222885753297e+00
1.484320971409035073e+00
1.600818401464712437e+00
1.482373966670267551e+00
1.541582450742587485e+00
1.468779551669821437e+00
1.792056304471573602e+00
1.740378559595218588e+00
1.583375258434788657e+00
1.560524815190225789e+00
1.551571436865817333e+00
1.725406326915645661e+00
1.533065782656644727e+00
1.520136865662849557e+00
1.767477254413004184e+00
1.621329030755248590e+00
1.605233844257073716e+00
1.613423452752043019e+00
1.618487487355934062e+00
1.578880301941981257e+00
1.451866578472417402e+00
1.512915405293435267e+00
1.622361779100513601e+00
1.630833698876642313e+00
1.427101256044426947e+00
1.540859277642390612e+00
1.545346660451618837e+00
1.719348899719011392e+00
1.648126875168145933e+00
1.698785270044988582e+00
1.665999178764586475e+00
1.712823844244945493e+00
1.764787885488137364e+00
1.763608710991473760e+00
1.623984633981037984e+00
1.647400279511373800e+00
1.552025596151884956e+00
1.576846117157528981e+00
1.591885090279300252e+00
1.721056387711877633e+00
1.698555461164915181e+00
1.684700286507835987e+00
1.724665213404452446e+00
1.661111077358730315e+00
1.641017460796831529e+00
1.616230631656424777e+00
1.587765407367897064e+00
1.639587031342244039e+00
1.826855359317129279e+00
2.045251286719791839e+00
2.000410746367259573e+00
1.855386713606231641e+00
1.888489194436355323e+00
1.721911697935157193e+00
1.598042506057135936e+00
1.581855394849075447e+00
1.561901755791640589e+00
1.648294708247870943e+00
1.470993876443948967e+00
1.593513814246670712e+00
1.439767343201341587e+00
1.644333507471674727e+00
1.725152495341943482e+00
1.744688950907258285e+00
1.845808154501437759e+00
1.817680139426869790e+00
1.838911517203415391e+00
1.615106330760618381e+00
1.618182114562106921e+00
2.013443569877943151e+00
1.944291292712411412e+00
1.855317264956959145e+00
