1.753796370206923916e+00
1.531505674417278806e+00
1.510877590046722396e+00
1.498155504394739213e+00
1.496673218029786590e+00
1.613717615531036209e+00
1.656160228822280311e+00
1.715570180744642625e+00
1.644648177751295570e+00
1.591918689486163885e+00
1.531057323749131838e+00
1.616967706817257211e+00
1.625776572268107456e+00
1.694546160118142186e+00
1.879778701871710478e+00
1.675624065512796301e+00
1.588986027128582723e+00
1.829989242624491252e+00
1.663010287853794678e+00
1.801622950231138942e+00
1.752094177868194880e+00
1.900474525605510001e+00
1.738943141769088152e+00
1.655176071737770149e+00
1.693878331789269831e+00
1.675861270663181024e+00
1.687229362601027294e+00
1.836485121385356800e+00
1.758882958886742731e+00
1.895279515197465292e+00
1.790375864617739010e+00
1.689789966337850835e+00
1.675725814376971767e+00
1.676572595450096514e+00
1.744578890734920451e+00
1.849366806454494805e+00
1.812377873022146479e+00
1.609624757328510736e+00
1.524290054593635091e+00
1.568317816887585536e+00
1.748191842974485821e+00
1.718624194819550199e+00
1.688496193169751081e+00
1.797800902698846404e+00
1.710480881668560826e+00
1.766444305852413965e+00
1.649764957825538891e+00
1.606995946435921141e+00
1.889041341466371149e+00
1.786769011286322151e+00
1.678717839952540203e+00
1.497012744553079422e+00
1.599029859096130712e+00
1.483573770260093516e+00
1.469593969762336805e+00
1.621659025029549728e+00
1.701198314928964450e+00
1.658074897917060753e+00
1.504661978657651833e+00
1.650623662223275057e+00
1.649629925909210426e+00
1.591694663608058669e+00
1.640731653173823190e+00
1.734557611954689493e+00
1.730300756068221979e+00
1.869558259001976364e+00
1.764543353942006787e+00
1.616461453160787709e+00
1.690534613428798627e+00
1.882945758950422155e+00
1.861957113730960067e+00
1.843490632892776704e+00
1.857374941156815007e+00
1.456344609525394462e+00
1.608056904119738784e+00
1.846892014341340316e+00
1.779382243403305974e+00
1.944391152340322559e+00
1.771985980799875238e+00
1.727937308989851095e+00
1.688627482594808660e+00
1.794229976353001188e+00
1.757821858810247218e+00
1.729693708252204143e+00
1.769100197879441394e+00
1.925582855438684238e+00
1.860483977679989520e+00
1.853670765376891350e+00
1.878389443698287087e+00
1.672253054575119968e+00
1.757552828174819615e+00
1.591458903483562448e+00
1.507146773361586867e+00
1.756119642255132174e+00
1.752505331487143492e+00
1.797588915762886153e+00
1.880488067541358443e+00
1.893521578572549213e+00
1.868659865443698775e+00
1.796282342010586897e+00
