2.130881221927019453e+00
2.130459121530627442e+00
2.245318104495849898e+00
2.149227680127133056e+00
2.145996543589656635e+00
2.162393417584622668e+00
2.271442909941128185e+00
2.311193273627374367e+00
2.133389072993751245e+00
2.102827564131063642e+00
1.997410071005353061e+00
1.981015054624813976e+00
2.117699569182122321e+00
2.218391346422186050e+00
2.054683222690695477e+00
2.103119995771833839e+00
2.244600150761306256e+00
1.993385325727935031e+00
2.368194654554612644e+00
1.960314050740406211e+00
2.074464916072094933e+00
2.179788801487114291e+00
2.353004144393660901e+00
2.429836454610231122e+00
2.137367117916807668e+00
2.354280176566211136e+00
2.080745099169153178e+00
2.010193787432760448e+00
2.382775456281089443e+00
2.081104208144159085e+00
2.249247591508479971e+00
2.352609395712188078e+00
2.030395204310715851e+00
2.009137138575345372e+00
2.310828438683698138e+00
2.403914510780096325e+00
2.335644522981414450e+00
2.348864780999279755e+00
2.382309096910171675e+00
2.058106135354152766e+00
2.151961238119333597e+00
2.112265577558788188e+00
2.265996376482785735e+00
2.345980436113042522e+00
2.082660108550007383e+00
2.352564794724943731e+00
2.195058836990095852e+00
2.287748092128488508e+00
2.196390321813586954e+00
2.242218772812848648e+00
2.233280016701202797e+00
2.329875626993077375e+00
2.298800033695686196e+00
2.291846262534892542e+00
2.138439173675895422e+00
2.248350162799077179e+00
2.133990807468884476e+00
2.047676749819256514e+00
2.238715393679633348e+00
2.107889467613046630e+00
2.217393810295929857e+00
2.087784754961607536e+00
2.101943848128366099e+00
2.179350403062166208e+00
2.157184126530919510e+00
2.313112326244177286e+00
2.198523027040615752e+00
2.101516475387586347e+00
2.066636820496611904e+00
2.259797078083653155e+00
2.182985300020101160e+00
2.375050670728577895e+00
2.381940273123162477e+00
2.237628646535777310e+00
2.300819183867278017e+00
2.294479080812304783e+00
2.188382718892320611e+00
2.313181268507380484e+00
2.334548453067443852e+00
2.302852908033291790e+00
2.350016988477465318e+00
2.324862175153372235e+00
2.100064982991215246e+00
2.199013308433889424e+00
2.261911784509789136e+00
2.303756283231463975e+00
2.319354407660935813e+00
2.349533090122077894e+00
2.391853565245165125e+00
2.360222136149536798e+00
2.301824521176107918e+00
2.296704626817792416e+00
2.298723988986682176e+00
2.221563305668952104e+00
2.154832972540730474e+00
2.270882799354707604e+00
2.242183836264192820e+00
2.445009768706390751e+00
2.206263434709463844e+00
2.210851065721224362e+00
2.224468083801996343e+00
2.324607022882200003e+00
2.513991256011606001e+00
2.460405261357945239e+00
2.519622044156707652e+00
2.238893973766234780e+00
2.266024347554873142e+00
2.261060246549942754e+00
2.336811011659456039e+00
2.365067726983091756e+00
2.261145389851257459e+00
2.314353753294549954e+00
2.379837129984034405e+00
2.179561981700744777e+00
2.341640747074710038e+00
2.369742341829224053e+00
2.247068794741690745e+00
2.067207135856506284e+00
2.402508666595920328e+00
2.122530392050513637e+00
2.558831030886710156e+00
2.423493520448448013e+00
2.345635805615867486e+00
2.446753641837754234e+00
2.427999024433570963e+00
2.414771790376002425e+00
2.463422278963720569e+00
2.096935409825002150e+00
2.361885793629934671e+00
2.396648383708751773e+00
2.386447971593515849e+00
2.416847467548849604e+00
2.441451052550297263e+00
2.240838532858731025e+00
2.145719918671020299e+00
2.300134858255088233e+00
2.445482844040727244e+00
2.452759649637429984e+00
2.130533694549036738e+00
2.086478521322025159e+00
2.189962999040143909e+00
2.153373091289132901e+00
2.276547410735419330e+00
2.155842693026180257e+00
2.123154168775331474e+00
2.065709240458963425e+00
2.006094772818578509e+00
2.077327399672226793e+00
2.172003608013824749e+00
2.270287429745128982e+00
2.227357423197759534e+00
1.949933100078791393e+00
1.961306882442213073e+00
2.114092167996484584e+00
2.342644070689475111e+00
2.356355471907963572e+00
2.318649254819632244e+00
2.191456892850125904e+00
2.401090640572105528e+00
2.154120383357603252e+00
2.054848821232456491e+00
2.227726000230966452e+00
2.385717977909719067e+00
2.438951453030889116e+00
2.314994455387918482e+00
2.182537387263575379e+00
2.192738757083974477e+00
2.093770634765149463e+00
2.198327517800493514e+00
2.104876746390905495e+00
2.377871947351119175e+00
2.213328155788862883e+00
2.216333608906369435e+00
2.257196018266335535e+00
2.133632667216259993e+00
2.219043433579373392e+00
2.448372360496855915e+00
2.475890288635185676e+00
2.401016503884016551e+00
2.582200300793459302e+00
2.490974456326523701e+00
2.476729523994654070e+00
2.263097153268576633e+00
2.275506486898806635e+00
2.311897930823687108e+00
2.178084407006995793e+00
2.283179258806018019e+00
2.319742907018321532e+00
2.197220927151490422e+00
2.176278093811886194e+00
2.180582639728031680e+00
2.232538866039495584e+00
2.139707265245155643e+00
2.193171460630237934e+00
2.228295545553463430e+00
2.181775050242141134e+00
2.136876755888612589e+00
2.146143928243605892e+00
2.325359546036337655e+00
2.275626077364967692e+00
2.256717201856439647e+00
2.448393494722870933e+00
2.326880337729496429e+00
2.329745558447021025e+00
2.444467677532395911e+00
2.429557220475792700e+00
2.165908506207052664e+00
2.024081947298454587e+00
2.074707468134659116e+00
2.159041035315944601e+00
2.148490179394302313e+00
2.278302006187151729e+00
2.127588368619088399e+00
2.057715889272512921e+00
2.150368654642815791e+00
2.262576955156882175e+00
2.277598705013414104e+00
2.168543000121269326e+00
2.123841044844298143e+00
2.435710671490585177e+00
2.353175412834985103e+00
2.204619255765495112e+00
2.451620545038335930e+00
2.218961109976665735e+00
2.103287368634534360e+00
2.141043068715704489e+00
2.300989612607835966e+00
2.189530958054248799e+00
2.155182929778598488e+00
2.254228240955241436e+00
2.344946083156386862e+00
2.276808826969677124e+00
2.188810386454499213e+00
2.142284027124913504e+00
2.267185138045806791e+00
2.376139633368293591e+00
2.464794798026492373e+00
2.510350276616972298e+00
2.455359003513383875e+00
2.427583089418537288e+00
2.633757256838202832e+00
2.438099509976386248e+00
2.447630272916526017e+00
2.436867666049743697e+00
2.281885928476978354e+00
2.264047705966572455e+00
2.420706415855623739e+00
2.397322959807867360e+00
1.970469003562548949e+00
2.010928059536388535e+00
2.060244729488365234e+00
2.157189107406054518e+00
2.331437454695412637e+00
2.118847404444452742e+00
2.087270534305876168e+00
2.165599837284761797e+00
2.121571781637734855e+00
2.073885288160489448e+00
2.203499625953946328e+00
2.017634331986206675e+00
2.052490288738562096e+00
2.144214922685732549e+00
2.334377552952370038e+00
2.160304777706336665e+00
2.024894988385330219e+00
2.354675249517370172e+00
2.000122714355836440e+00
2.206786054000684505e+00
2.138753306648278674e+00
2.487621058527520468e+00
2.073401477610417931e+00
2.106747138040678369e+00
2.395835451284233475e+00
2.369449697358508189e+00
2.150403837026448439e+00
2.240458975454791002e+00
2.381026613045077678e+00
2.186590085991954702e+00
2.287370070741615802e+00
2.191341524765220150e+00
2.208986594354493072e+00
2.356894266909100644e+00
2.295590980123975999e+00
2.327088118820021645e+00
2.334274143081720876e+00
2.242423076621457234e+00
2.289424814257531526e+00
2.359406701195728040e+00
2.366764851135763958e+00
2.483336486051268110e+00
2.398158349916037935e+00
2.434161470695209495e+00
2.341608741142670258e+00
2.351039407967649097e+00
2.331970057740250901e+00
2.422982237753052548e+00
2.277433023032553905e+00
2.243039066513493385e+00
2.217382740656005158e+00
2.274038163750186303e+00
2.242577235790114365e+00
2.248200917705636126e+00
2.059486138277547784e+00
2.220986715796426481e+00
2.123760679368065674e+00
2.326890549996620372e+00
2.094509913588563865e+00
2.127127442085604780e+00
2.134558179280372059e+00
2.099379642422250392e+00
2.243842978631144902e+00
2.024878340106721630e+00
2.295504656918932795e+00
2.075114905588711700e+00
2.219663996386031624e+00
2.180337841664857113e+00
2.111950062975407327e+00
2.200360114214440443e+00
2.158649791046706845e+00
2.208538360743409701e+00
2.124419895793327129e+00
2.269206893577444983e+00
2.247135974884716170e+00
2.226129671195449244e+00
2.287423458255946507e+00
2.065371373478317452e+00
2.304677185892005653e+00
2.277750177788248287e+00
2.359348191844735432e+00
2.150609546119996107e+00
2.128723720827425669e+00
2.192540566386407264e+00
2.194678501740519483e+00
2.185161657764361109e+00
2.242516402621026472e+00
2.313339662219927817e+00
2.441122318430425597e+00
2.338162716567132371e+00
2.440757450970075126e+00
2.202507405342694291e+00
2.276630416730731632e+00
2.295174807338814293e+00
2.176267643770083193e+00
2.053721394955141388e+00
2.178914044271337058e+00
2.129694910449666523e+00
2.237541884120857638e+00
2.327787244032959890e+00
2.175002952920971122e+00
2.486600090982641564e+00
2.093385290939630217e+00
2.107437624602855664e+00
2.190360417005119409e+00
2.385009881668366027e+00
2.193485711266839555e+00
2.363459117183695390e+00
2.506418309516541321e+00
2.343934341880544725e+00
2.266259057401533106e+00
2.404315362602082562e+00
2.269105178752279794e+00
2.274318798490623017e+00
2.352628042291194266e+00
2.382252746777507202e+00
2.363661848328946213e+00
2.418277296806187415e+00
2.272064579247666583e+00
2.408080487969708638e+00
2.257889017330571235e+00
2.441157478592538066e+00
2.157084200191423662e+00
2.286231753351452234e+00
2.331299435832975497e+00
2.316998631128195374e+00
2.220803603393538772e+00
2.343329586352906446e+00
2.497289528707327566e+00
2.340040276575833911e+00
2.296213941949215354e+00
2.524836811264839387e+00
2.406590267273116091e+00
2.454436491151012145e+00
2.374112284844999810e+00
2.269367024787219300e+00
2.638957939551700882e+00
2.290309036686463795e+00
2.371184393274824220e+00
2.363616004320785002e+00
2.317423175709923733e+00
2.268546264767500986e+00
2.282204583007583221e+00
2.294680967431956375e+00
2.226032593101591850e+00
2.198970110293140490e+00
2.359463508417219302e+00
2.387208779887829646e+00
2.393433701578932205e+00
2.056088851532503092e+00
2.122889537580981312e+00
2.002469249874316404e+00
2.152414269737775498e+00
2.137621037470824881e+00
2.156004029280353951e+00
2.194972596030437373e+00
2.137235100137678590e+00
2.096142925196745388e+00
2.039498408341277269e+00
2.095233743420232386e+00
2.125957746110372248e+00
2.260914267341666672e+00
2.056973239644132256e+00
2.160858508693997315e+00
2.053763619529742623e+00
2.003971933698006858e+00
2.307911094621937220e+00
2.354544932690986858e+00
2.404111584681101643e+00
2.138260505424247615e+00
2.231733639770755229e+00
2.264638241127832075e+00
2.445427836440057234e+00
2.474396750014118851e+00
2.273373666193475806e+00
2.112474586807986388e+00
2.207782264418209461e+00
2.262346129861227961e+00
2.259602253045264408e+00
2.155523795943281140e+00
2.444001428293700595e+00
2.312163924354471600e+00
2.208138671804166453e+00
2.101819792439217238e+00
2.464678269966674051e+00
2.151083023783423975e+00
2.436459535894650141e+00
2.175247021346063736e+00
2.297200899624347148e+00
2.254658639693319255e+00
2.426071805001706938e+00
2.226004703149744302e+00
2.388881274518922737e+00
2.443734023061269856e+00
2.379876618554156664e+00
2.355975193946421520e+00
2.477688234114335586e+00
2.510619720259367416e+00
2.774687057173376381e+00
2.627387453185674460e+00
2.508582033222452434e+00
2.226295154794984743e+00
2.281909534949743801e+00
2.367458703382633534e+00
2.275913222706837491e+00
2.427621188507917083e+00
2.345894828004510657e+00
2.235520738234205940e+00
2.394000168082922819e+00
2.454288066497006593e+00
2.379736140042438830e+00
2.304576684463793157e+00
2.160020010111298738e+00
2.282849380415761242e+00
2.132292361179320306e+00
2.227463168758163636e+00
2.420890866409422859e+00
2.262175109805582895e+00
2.215346977605030077e+00
2.377085252444822938e+00
2.367681034356617253e+00
2.375983790533085394e+00
2.146344936313107077e+00
2.023737448644454595e+00
2.159316174546130007e+00
2.197024757338793322e+00
2.084140104441708718e+00
2.214011293813376025e+00
2.095317012058071970e+00
2.218477572084530891e+00
2.295635414356366866e+00
2.147997871705160655e+00
2.464248422567712815e+00
2.261452217085076377e+00
2.205221547369701440e+00
2.393994974844563917e+00
2.229129284102173703e+00
2.363981126895771112e+00
2.258539619547202282e+00
2.298925011729779033e+00
2.412931946261448690e+00
2.599394614686798999e+00
2.580039795111875645e+00
2.754423334271185020e+00
2.468989638092633054e+00
2.424458737110517514e+00
2.371566354416108968e+00
2.452997015014005022e+00
2.399417566933531809e+00
2.445149202160199042e+00
2.288207320509469955e+00
2.381144144902674231e+00
