1.764950993591596129e+00
1.864628980859414309e+00
1.900769143200111033e+00
1.710466993201768204e+00
1.771281033329215493e+00
1.883599530406635525e+00
1.794021570359351392e+00
1.961532624505129219e+00
1.742952083994942614e+00
1.786592194087545327e+00
1.975103536589610131e+00
1.850810484718657278e+00
1.905829065480728390e+00
2.020264374917351446e+00
1.762677875231277724e+00
1.932707292150489309e+00
1.982920868741586684e+00
1.891379108145217369e+00
1.781511739373326630e+00
1.848422347473011706e+00
1.973434823013641370e+00
2.077842024962660794e+00
1.735639605251456885e+00
1.752498958637468629e+00
1.891155824542991581e+00
1.950858178232617757e+00
1.851687134947457514e+00
2.032775353434988386e+00
2.018777933261453938e+00
1.863518831250273733e+00
1.889319700084387543e+00
1.899595922338215281e+00
2.009712268281889536e+00
1.775670235154101162e+00
1.733299048268803100e+00
1.853798540914334936e+00
2.124427871750992569e+00
1.993135603841288628e+00
2.272375517135926781e+00
2.060655253992040414e+00
2.041177019833122053e+00
2.155591904817606430e+00
2.027916598598831666e+00
1.934747671620525411e+00
1.831030000160352778e+00
1.898574348805265100e+00
2.195707128698823229e+00
1.983984319574688904e+00
2.009977188821374661e+00
2.050705709893707152e+00
1.987882030655729215e+00
2.186678692054626616e+00
2.071135273954987532e+00
2.144455787754808718e+00
1.779338762102317562e+00
1.835164898920249366e+00
1.753809568248829054e+00
1.819435962423743280e+00
1.857742700264704228e+00
1.820380029119565979e+00
1.970767157742595144e+00
2.003216774781133580e+00
1.810760365970003560e+00
1.899778593976064078e+00
1.712063994456861193e+00
1.909256554742057244e+00
1.942731849143783052e+00
1.951488619124402302e+00
1.962276198499425028e+00
2.047303076906241248e+00
2.204329275454673276e+00
2.207604166460870765e+00
2.143707516430760851e+00
1.822049977373771723e+00
1.811644028090274583e+00
1.753046795135928093e+00
1.797156536718428566e+00
1.881645591099763815e+00
1.831116904175709381e+00
2.101787704185576366e+00
1.871973511950899560e+00
1.958149137594377365e+00
1.859359902342975657e+00
1.787276828533748585e+00
1.881712065730950512e+00
1.892351170937715654e+00
2.024230925498234246e+00
2.010582714013740890e+00
1.975300339667678484e+00
2.056580338087370396e+00
2.045454143870002461e+00
2.081323712808722970e+00
2.022426434661158456e+00
2.063699638520493096e+00
2.189043864707322040e+00
2.178704241574468625e+00
2.083872063487161252e+00
1.987048746609419547e+00
2.114193248090414201e+00
1.866957524563717774e+00
1.868438443152300676e+00
1.888446026110917053e+00
1.833975702700686661e+00
1.757980451156030410e+00
1.935713477077995348e+00
1.776429850897088158e+00
1.909942928853070043e+00
1.784570759571906251e+00
1.768351038081765081e+00
1.847257738096420132e+00
1.976191086997783009e+00
1.897163170661969822e+00
1.832235667899136056e+00
2.020424490885476487e+00
2.100324147857979273e+00
1.822333224199385704e+00
1.836210110993177436e+00
1.942189049193455475e+00
1.823451934242334760e+00
1.890203590063616490e+00
1.802855939358619208e+00
1.877606041820248484e+00
2.005690922550150912e+00
1.802096793648978013e+00
1.911514639065569510e+00
2.026763910584744810e+00
1.772157799441152815e+00
1.854508977637728817e+00
1.922106857465671892e+00
1.817815209263285547e+00
2.028831924552530808e+00
1.896991868982128349e+00
1.975958702329881689e+00
1.803492909027924584e+00
1.970801704430935608e+00
1.958988411306556543e+00
1.855372930519711305e+00
1.889993546306220740e+00
1.798331422086266063e+00
2.183952142838764043e+00
1.916131679782505204e+00
2.114020276581799695e+00
2.182255685620603014e+00
2.059593211492146470e+00
2.071940593155443544e+00
2.096389314842058038e+00
2.081218785781214553e+00
1.709012368198955301e+00
1.789547733554337938e+00
1.884780740267401278e+00
2.003441887631210783e+00
1.932119210739115633e+00
1.965429151124869378e+00
1.911522135690794322e+00
2.109511998679954647e+00
2.160160597810272698e+00
2.053861334865280774e+00
2.165255285941727781e+00
1.921796092138237322e+00
1.900141258462040961e+00
1.876517005536567861e+00
1.858636118847173169e+00
1.845749695428325232e+00
1.816147899029473489e+00
1.958655428620268202e+00
1.934831572172356795e+00
1.918070711329635802e+00
1.876139762689881474e+00
1.906405303406078833e+00
1.895686535374342396e+00
1.951799185388339852e+00
1.934348545711626954e+00
2.131937531098108352e+00
1.972086462117120798e+00
1.954640901778412321e+00
2.146504695010160280e+00
2.144954507083129958e+00
2.215850312917282405e+00
2.222364112887473819e+00
2.071580724456217215e+00
2.178396588611242191e+00
1.983177353178179336e+00
1.793283897909908609e+00
1.970604400395748135e+00
1.857803747132336314e+00
1.912915963619891579e+00
1.740203031947570755e+00
1.715423769273192178e+00
1.697270989717996503e+00
1.991791429661768476e+00
1.854763802971461484e+00
2.024266291745107971e+00
2.013410981050971937e+00
2.052471821230122284e+00
2.104504182246937027e+00
2.015689161456958978e+00
2.082256994436203712e+00
2.213361071390429036e+00
2.241650526855042180e+00
2.180563956907169310e+00
