1.585256851562072633e+00
1.471467807825760143e+00
1.415423155851742942e+00
1.489847122329191142e+00
1.452406952303013865e+00
1.546566145367514800e+00
1.644536139067032998e+00
1.705052978609002290e+00
1.609419798628216602e+00
1.690443485315052730e+00
1.739521001303999226e+00
1.782344482512233208e+00
1.793676014246480488e+00
1.817543892042072118e+00
1.934018842397317250e+00
1.614370344650616573e+00
1.762579764483238387e+00
1.799451600186611211e+00
1.688576960989475628e+00
1.857277173029864725e+00
1.848511154086087016e+00
1.875285437372134822e+00
1.905233875007799504e+00
1.778319761019216516e+00
1.826701364362973479e+00
1.874659675846073181e+00
1.698588901825412334e+00
1.904872985866062018e+00
1.806250193473340815e+00
1.967267574418311460e+00
1.593125541208230356e+00
1.534078454385612966e+00
1.560922538535254311e+00
1.774778372883128341e+00
1.679493858640894066e+00
1.833729514285515450e+00
1.929102757220256592e+00
1.564563455339690767e+00
1.554349405423307573e+00
1.589833571457021977e+00
1.786962053740730916e+00
1.633905677729636130e+00
1.693165989241624869e+00
1.653677253056014207e+00
1.695329517756895665e+00
1.884122645614585645e+00
1.861978610363628661e+00
1.763020536898761925e+00
1.786882749185912944e+00
1.846497912266013008e+00
1.628950018602046690e+00
1.475433167608921847e+00
1.569106475701584458e+00
1.499940077434371632e+00
1.418590069812482257e+00
1.496713726179099924e+00
1.601379172541500306e+00
1.614500922970645291e+00
1.684118662644024322e+00
1.711038079583065530e+00
1.731122480874749181e+00
1.712889309213925682e+00
1.718056796040605017e+00
1.750131085804578879e+00
1.693033143956704789e+00
1.874411034734559500e+00
1.609564508842786790e+00
1.675134288508132174e+00
1.635391812971264569e+00
1.729733947043641917e+00
1.837690514286715704e+00
1.836220793307023369e+00
1.899664294438195178e+00
1.607744090063030207e+00
1.742847669292512336e+00
1.931410929111204489e+00
1.762002084449382444e+00
1.970160752468183452e+00
1.655775700473742562e+00
1.721048273276224450e+00
1.676675523949677782e+00
1.611954602378303569e+00
1.686774174707419860e+00
1.661885928110912625e+00
1.682651150447477262e+00
1.804458107897624730e+00
1.906960874425786656e+00
1.879275791793516115e+00
1.877538824348224500e+00
1.546231914373517702e+00
1.624819465988667888e+00
1.620348832227666902e+00
1.537574237314758951e+00
1.674826284465438020e+00
1.712640283266285479e+00
1.678213039326267086e+00
1.818245062583872640e+00
1.796998787015095633e+00
1.813716232213858914e+00
1.817218204927482317e+00
