2.230780003283495905e+00
2.357990214670661278e+00
2.241006577859401272e+00
2.252303905311850762e+00
2.175718499742609779e+00
2.204725685071624142e+00
2.416554664320970769e+00
2.373700737563369856e+00
2.053192893369866656e+00
2.312186757885227983e+00
2.165218776271333301e+00
2.049503668062963690e+00
2.159785721637990097e+00
2.280361868862093910e+00
2.090880229317758854e+00
2.000948280448555217e+00
2.453436456651407749e+00
2.187750368544090662e+00
2.405075844623167480e+00
2.064309599248634441e+00
2.016470743255381670e+00
2.108921410594454926e+00
2.664144182422047091e+00
2.573173775359144599e+00
2.031549462032585573e+00
2.287187018647478531e+00
2.241668990378050896e+00
2.026334969513252204e+00
2.518107147733826157e+00
2.079984602957155815e+00
2.218006096559161033e+00
2.536993348967306439e+00
2.171378492238110081e+00
2.307146853103746231e+00
2.426843037779473633e+00
2.432083651069120389e+00
2.504496144817455860e+00
2.534426014340017463e+00
2.497963654401275324e+00
2.035172682386400478e+00
2.049055186707001930e+00
2.367914788994184949e+00
2.041093858219555912e+00
2.406429513652089014e+00
2.092525676829185777e+00
2.516673235129458064e+00
2.257214870605536827e+00
2.421331316077357965e+00
2.428236340661504844e+00
2.290290243356692290e+00
2.387158924476144861e+00
2.323185326576676868e+00
2.348444291120262317e+00
2.316882946077022165e+00
2.147074693917466082e+00
2.253510197100160095e+00
2.318389449705008598e+00
2.121755147129618546e+00
2.232573893865631653e+00
2.183336752845488338e+00
2.428691921959562627e+00
2.208212514646381130e+00
2.253292675499995124e+00
2.266004801770110433e+00
2.495653570082548622e+00
2.371821601263536472e+00
2.289928031734874914e+00
2.258667692466196364e+00
2.328771317482229097e+00
2.465620804843729363e+00
2.266702038805390895e+00
2.470579023574352551e+00
2.311870072406231102e+00
2.350541486891425613e+00
2.465619198862205597e+00
2.407329516652285673e+00
2.434777870032292846e+00
2.324012788920916339e+00
2.590798344885516524e+00
2.419792881852852684e+00
2.424005230404397526e+00
2.480372841889033175e+00
2.231765546900508657e+00
2.315803194315232627e+00
2.464611484372364991e+00
2.417598118390518636e+00
2.226626524378333638e+00
2.357275671462011335e+00
2.508350427650650971e+00
2.477485397646668641e+00
2.342100656579324980e+00
2.222022391746508507e+00
2.282296894371039109e+00
2.284036554277899533e+00
2.229966936828002844e+00
2.451043772801956511e+00
2.367557954342347948e+00
2.559319476936444016e+00
2.239790356280889405e+00
2.250340025648593034e+00
2.349981222059373209e+00
2.542222413077048326e+00
2.454619193055616932e+00
2.615654435866811678e+00
2.533493944384822338e+00
2.547886386632894240e+00
2.667978896266013145e+00
2.571871951088293695e+00
2.549176736461807646e+00
2.425205727800411104e+00
2.565658171666032494e+00
2.402198644569218278e+00
2.373249157446319035e+00
2.451989911901442554e+00
2.321140161040818217e+00
2.418646041116647272e+00
2.332174615814708307e+00
2.069179816201661026e+00
2.647164608804864372e+00
2.283508286214779304e+00
2.586651100574409057e+00
2.589120767175754789e+00
2.472820673533667080e+00
2.571875198430118470e+00
2.568895320310430552e+00
2.425677743456268409e+00
2.609298056519105291e+00
2.412139249894603932e+00
2.574580067053000576e+00
2.610141575244346868e+00
2.425428468418383332e+00
2.522883534059179755e+00
2.469911804074278017e+00
2.537694518292119117e+00
2.375275954572916515e+00
2.525048239713430398e+00
2.585509414961554953e+00
2.500948589485682660e+00
2.134660348926368467e+00
2.179380318021192142e+00
2.160724092857392087e+00
2.089495463389098528e+00
2.134932014348515317e+00
2.302623168197166503e+00
2.184909645024927904e+00
2.246910693419341687e+00
1.991868013101867563e+00
2.184039600969193362e+00
2.191560566558107492e+00
2.280250778159286451e+00
2.186156484909034692e+00
1.822886603437197772e+00
2.134005213815741708e+00
2.171873951978529060e+00
2.317305332921177463e+00
2.365866652728680908e+00
2.385676200552096837e+00
2.258881932180927699e+00
2.430095693814162239e+00
2.312791599957237043e+00
2.120197417541974882e+00
2.277327596385273711e+00
2.482058609531894167e+00
2.636918083854966177e+00
2.559991744336572950e+00
2.156557803598845524e+00
2.252879721311854766e+00
2.363116362380907720e+00
2.373592613227958115e+00
2.351255793404637640e+00
2.523060083181411173e+00
2.392556489507533524e+00
2.515549336737345598e+00
2.503424060863195244e+00
2.462195879210073990e+00
2.371932091412108701e+00
2.523767561984859853e+00
2.553643211515200129e+00
2.306130004751703932e+00
2.617435757139244146e+00
2.695090926934412767e+00
2.717665672323049897e+00
2.518073616150999339e+00
2.489526987653236212e+00
2.510172238398243660e+00
2.216234599376597281e+00
2.350267853523448469e+00
2.406316311951969489e+00
2.098991764078059763e+00
2.246366684589083285e+00
2.120392058171997274e+00
2.421354080632651673e+00
2.286388287575884970e+00
2.110525346760705467e+00
2.341566465485640514e+00
2.222935983215315492e+00
2.322487166710275108e+00
2.209380046750696547e+00
2.451335383785272271e+00
2.505910154702499781e+00
2.287306704249612466e+00
2.474393315429690876e+00
2.394775171654366375e+00
2.464254882003487079e+00
2.502358309565737127e+00
2.389108305690394563e+00
2.252377705300281807e+00
2.047682918769135441e+00
2.182461001390151090e+00
2.133321740108540254e+00
2.165895820309167608e+00
2.159385045771370137e+00
2.120055072099787719e+00
2.282265998704843479e+00
2.227987005045860336e+00
2.327389253875867592e+00
2.450278843845284715e+00
2.310624119442092894e+00
2.345729624387110857e+00
2.564343966634170968e+00
2.392255838871606866e+00
2.297035987578802896e+00
2.540647916395880390e+00
2.389184086243821614e+00
2.469255043762309754e+00
2.414265032108362519e+00
2.411516614045828177e+00
2.399206421829966907e+00
2.460519423295798536e+00
2.439411452782440204e+00
2.660325010286899605e+00
2.630807301868215209e+00
2.691609658355264667e+00
2.553740562322708740e+00
2.615939483239295704e+00
2.580172801664472271e+00
2.573416535331932486e+00
2.730630966456323083e+00
2.482568166395967335e+00
2.416083964765376013e+00
2.797797590275214130e+00
2.491375325553457198e+00
2.461049022748088788e+00
2.480769900555155782e+00
2.487968533239997448e+00
2.445237803859385384e+00
2.466808603503423569e+00
2.541102102920202110e+00
1.907983183061844557e+00
2.481262673992635115e+00
2.039774974219260351e+00
2.237296733661629844e+00
2.284177792036173660e+00
2.216267533962660519e+00
2.243095408335144647e+00
2.148481291410222038e+00
2.163380816072253410e+00
2.330204598250386727e+00
2.243421208633627817e+00
2.198780396764328238e+00
2.074333716825773610e+00
2.201777010632393505e+00
2.378821260172194751e+00
2.141526187970740125e+00
2.164443676776933057e+00
2.418015883568629842e+00
2.138556944332530296e+00
2.164428187104636692e+00
2.052788084694822768e+00
2.609566148499966154e+00
2.003749735734868143e+00
2.081189648633768208e+00
2.404750679085621901e+00
2.390456923758483399e+00
2.115830662163644238e+00
2.286183840066905226e+00
2.433590324275493266e+00
2.074824435385892674e+00
2.300260688130340458e+00
2.365494102849860614e+00
2.111984127523233834e+00
2.435309854121796125e+00
2.535761846100501149e+00
2.447271718646925276e+00
2.504134251433321801e+00
2.193930113214306754e+00
2.140910100036717889e+00
2.202661003178494781e+00
2.298231602342444280e+00
2.509735111444240108e+00
2.479574880873332443e+00
2.366655912545391427e+00
2.294573489380088649e+00
2.180751047180727209e+00
2.400336665432931227e+00
2.289814633813858968e+00
2.163219161423128867e+00
2.154418096000848770e+00
2.231897210596163639e+00
2.224781666093398780e+00
2.191612759113351405e+00
2.175366754173586603e+00
2.281738737701742625e+00
2.235584101995960804e+00
2.269401788779286111e+00
2.334703257517334318e+00
2.187747337642294010e+00
2.289628418332659621e+00
2.441362925970633313e+00
2.102326652572623633e+00
2.309254283796829732e+00
2.060428205839446747e+00
2.216966344587136373e+00
2.126071217169674288e+00
2.363063676560162030e+00
2.235482636627506903e+00
2.107766467220725470e+00
2.512938092104137322e+00
2.334361651501944301e+00
2.340735764506503003e+00
2.230802371911227322e+00
2.434272283136868609e+00
2.271847225818215410e+00
2.343551571156652358e+00
2.378221611969319582e+00
2.171920081043942297e+00
2.435813882201757430e+00
2.266795158068220850e+00
2.589893118895924662e+00
2.121820950316522847e+00
2.218538767466038841e+00
2.293575967722563558e+00
2.258164418613471280e+00
2.185753106253634392e+00
2.186115379440879192e+00
2.426938321521059372e+00
2.242952337082497305e+00
2.125472955550143261e+00
2.507786386943924306e+00
2.323527993270790848e+00
2.491869913479272558e+00
2.416915117424578874e+00
2.205366326621955864e+00
2.160137632915030359e+00
2.196781494470957607e+00
2.210632598842328544e+00
2.164036108808695680e+00
2.492017230617754375e+00
2.176104345822940989e+00
2.509030946131589612e+00
2.187230302883313104e+00
2.186692435787101374e+00
2.117081688957899388e+00
2.329769807717715135e+00
2.454742154362626660e+00
2.601192458362385995e+00
2.577333806512078773e+00
2.521473471355582419e+00
2.541868352443211077e+00
2.561493542467779161e+00
2.497271777619701982e+00
2.415739305088808297e+00
2.480927895501314318e+00
2.390410352851553011e+00
2.414676741233614532e+00
2.227053550766279866e+00
2.083545848727704541e+00
2.479159870504035190e+00
2.330572693472222401e+00
2.401588883441496236e+00
2.437326862444292530e+00
2.261963553005660543e+00
2.262717020051973726e+00
2.342558608931754716e+00
2.361004345004102056e+00
2.458859116573520964e+00
2.683243628264222025e+00
2.174808666241903943e+00
2.307659371531660675e+00
2.514760134159121918e+00
2.330732475099132728e+00
2.489288281188193341e+00
2.423844173133551827e+00
2.387199000702011187e+00
2.591599574563091313e+00
2.425190887337783430e+00
2.341334348318966807e+00
2.504832414863282342e+00
2.315723814766454947e+00
2.343339083072990547e+00
2.348664102561910383e+00
2.556063117311364152e+00
2.289910542310145125e+00
2.329321685741838177e+00
2.599980408141867816e+00
2.358116696512558619e+00
2.452101829247171683e+00
1.960202620689590391e+00
2.012205193923377156e+00
2.035139821377783598e+00
2.107411801636122739e+00
2.058609959654194022e+00
2.099090530841066116e+00
2.149050495761769763e+00
2.022765761887955094e+00
1.972844085455293328e+00
1.925149817232630456e+00
2.029900944424903209e+00
2.016991752683317873e+00
2.107276789269300288e+00
1.884937493432412348e+00
2.059111306231980798e+00
2.524968193304085506e+00
1.991609387972712808e+00
2.236671582898461352e+00
2.324745499347737887e+00
2.266497060171066558e+00
2.245717986495497254e+00
2.255173628575914524e+00
2.353463974357226540e+00
2.195846600691508499e+00
2.302442378579784510e+00
2.278886435861339432e+00
1.977681238237534611e+00
2.217711015295404042e+00
2.234861735616940237e+00
2.156199936013349916e+00
2.290370577762971482e+00
2.427767943795396288e+00
2.377763209063602279e+00
2.468572658591973390e+00
2.385031318077157181e+00
2.532359720066594377e+00
2.361358447893725732e+00
2.548978905008106199e+00
2.448577967959344903e+00
2.412086656728127387e+00
2.421997900040423257e+00
2.526511150769184866e+00
2.520820659258438567e+00
2.548152799917567268e+00
2.671241614091099059e+00
2.548829538421729879e+00
2.418903811211253085e+00
2.477586329799892351e+00
2.589951452908280327e+00
2.725921351610088639e+00
2.671729191354511812e+00
2.509140873108007597e+00
2.381717352641052887e+00
2.487383033349987560e+00
2.625965071820726582e+00
2.186603425729899186e+00
2.378413162270735626e+00
2.353636192118897075e+00
2.156122730323007719e+00
2.364854546401129021e+00
2.175427221792172627e+00
2.450732954855723733e+00
2.339210106426119040e+00
2.062459605877028590e+00
2.153978017606451800e+00
2.179245061087355939e+00
2.169733617514271184e+00
2.212895345226191246e+00
2.257371873393258177e+00
2.175440672740718728e+00
2.133397017380890937e+00
2.068431655381074208e+00
2.110503494793808610e+00
2.092649170907562084e+00
1.879144729954301818e+00
1.988596267582139143e+00
2.153404029356836169e+00
2.002917842792483416e+00
2.385975121474460892e+00
2.220128052175588618e+00
2.265041471792461625e+00
2.416188439853994119e+00
2.328878892173524395e+00
2.514261740107143872e+00
2.344714365381353360e+00
2.387804047967235110e+00
2.429101710422798099e+00
2.439676043184991094e+00
2.514885398732061628e+00
2.529148542264550326e+00
2.418374520976912301e+00
2.654204322097451385e+00
2.563544018162877247e+00
2.588097689547638858e+00
2.640563670172762389e+00
2.362391437195223709e+00
2.389799021433438586e+00
2.417605496443104407e+00
2.308405225642475411e+00
2.401825053432847579e+00
2.441219778624745373e+00
2.143025025834513819e+00
2.423122783641664668e+00
