1.780355365279727931e+00
1.808282319827265061e+00
1.921074732111249128e+00
1.762420017323827581e+00
1.734643888054613781e+00
2.219595204153062884e+00
1.783479512378854492e+00
2.007441442566834766e+00
1.737278682256584661e+00
1.886716165060580597e+00
1.928928786934510420e+00
2.068541390964386384e+00
1.997733112934642952e+00
1.945309865131254368e+00
1.878763223130868631e+00
2.139690980229388639e+00
2.211250829629629600e+00
1.968209579270689957e+00
1.923545722186386309e+00
1.999996335059149422e+00
2.207073534062423015e+00
2.119528819564943323e+00
1.825135213563539693e+00
1.812436549508834593e+00
2.033838574713343395e+00
2.055884786419123866e+00
2.003711921909512750e+00
2.057261443857029359e+00
2.108058441972389119e+00
1.967375851862439129e+00
1.838377818768113903e+00
2.111776877195153279e+00
2.220398708431575496e+00
1.892524172504708835e+00
1.889542666677181515e+00
2.015734227394966105e+00
2.248833188278495321e+00
2.172572918607167392e+00
2.313616429272176589e+00
2.135159952400663030e+00
2.142459262455735036e+00
2.149765185616441698e+00
2.128993659159581053e+00
2.129721359517512624e+00
1.976801341377082188e+00
2.119936656102451078e+00
2.230200925588178062e+00
2.104725710346615042e+00
2.121035013211095777e+00
2.116883039779767994e+00
2.096071595246362218e+00
2.277180266932228747e+00
2.115751804396820646e+00
2.158559081165687843e+00
1.635535761659555165e+00
1.730115192766761512e+00
1.517729335507122856e+00
1.689114106083211775e+00
1.596393859899984946e+00
1.802137622242637072e+00
2.144584901118115283e+00
2.228090329892848054e+00
1.935765733039619407e+00
1.866151241034286867e+00
1.712416149272105503e+00
1.888368144694458906e+00
2.132027045520812791e+00
2.133303514838738923e+00
2.270762049277314620e+00
2.225989008822847115e+00
2.294202888366405624e+00
2.398602828386342090e+00
2.204131625332824029e+00
1.749128862673214879e+00
1.806317516216687569e+00
1.856742120239469385e+00
2.011195848574412359e+00
2.019897913994084693e+00
1.939372834636942544e+00
2.151894592634960635e+00
2.050452661756249295e+00
2.205539237155402787e+00
1.832232474912611542e+00
1.968789742179603452e+00
1.827645312389166943e+00
1.967633035295488275e+00
2.154313118731156163e+00
2.141320945798117492e+00
2.137511842745461799e+00
2.268691815596984629e+00
2.147008286792347231e+00
2.148336870432153933e+00
2.220014623092789297e+00
2.087259430959806927e+00
2.182930701950692498e+00
2.313201587736545939e+00
2.236816551871936731e+00
2.179857399231093673e+00
2.233736094519061854e+00
1.739166013187797954e+00
1.740216651581874885e+00
1.697851637691276006e+00
1.802474444146902277e+00
1.715735875923477316e+00
1.858249413241774617e+00
1.795139162636536279e+00
2.082265331232638239e+00
1.827060878722293724e+00
1.738145248519757935e+00
1.935768902552216009e+00
1.997016060038231178e+00
1.932887259422552129e+00
1.816187891462149206e+00
2.128975867065228567e+00
2.159076252012077646e+00
2.088032940200422072e+00
1.923482071252787806e+00
2.038734645973568682e+00
2.189299039365110389e+00
1.878229630252135962e+00
1.852092034836464673e+00
1.936488503592231902e+00
2.096087088299978696e+00
1.764001024405490003e+00
2.096265459365528550e+00
2.027394571037279380e+00
1.717830326027698362e+00
1.952180181246344848e+00
2.092706711963254307e+00
1.884324943568807420e+00
2.091959622253495521e+00
2.022654606686947076e+00
2.112791475112639983e+00
1.832188198987566352e+00
1.867732920031283550e+00
1.976324683627335155e+00
1.917322171849474843e+00
1.991931563088853219e+00
1.875894169074029616e+00
2.207587792446378483e+00
2.168642105836228406e+00
2.185788938128701453e+00
2.315266395384843356e+00
2.169329578518790047e+00
2.087374200556366244e+00
2.124062311964006078e+00
2.158273931346104568e+00
1.918797744158472041e+00
1.904872599289104240e+00
2.123073921736525094e+00
2.103539726248737196e+00
2.005063374235589002e+00
2.183599307760437203e+00
1.973770773753452668e+00
2.182584918720674061e+00
2.182531695826873008e+00
2.153239351563506432e+00
2.174914235843157684e+00
1.866832601711649220e+00
1.892906257976214146e+00
1.980423467984495867e+00
1.673861903924116712e+00
1.646266666066971585e+00
1.536074049251357598e+00
2.216123747881626027e+00
2.071938842646758427e+00
2.229198574786682485e+00
1.921783467910353593e+00
1.964675137761137780e+00
1.953972572860462442e+00
2.048999792862107316e+00
2.046217345768356122e+00
2.119487396540197022e+00
2.043020070344437222e+00
2.020792028945211261e+00
2.179478827940398045e+00
2.283457705095360168e+00
2.337933280615843046e+00
2.323221404379095301e+00
2.231044578161812009e+00
2.164570867093658979e+00
2.111788344709920384e+00
2.034304360719787930e+00
2.157598741719497504e+00
1.886968791848705029e+00
1.957698715102486497e+00
1.749933257749809679e+00
1.828992902848513458e+00
1.780112428038436834e+00
2.102500370180491185e+00
1.763835895073044613e+00
2.217259773389973265e+00
2.251718687500135374e+00
2.133559218404731617e+00
2.073449373540397822e+00
2.080417392448516978e+00
2.120285159990956902e+00
2.340500735672773391e+00
2.330015435398931078e+00
2.248471283338454807e+00
