2.116705361537630559e+00
2.188539232308766902e+00
2.186659486813085973e+00
2.229779989223764858e+00
2.223396630629063342e+00
2.182426757588855626e+00
2.292383790408927702e+00
2.320255073493663556e+00
2.136274531215372363e+00
2.192758518076838747e+00
2.111930275940602453e+00
2.064403152696100641e+00
2.176388454675138640e+00
2.241121795005771578e+00
2.054860627564034647e+00
2.104159548288286885e+00
2.386598712536768474e+00
2.112998199510521591e+00
2.317023649236253480e+00
2.017385802593993471e+00
2.042080811030652310e+00
2.154964632822113924e+00
2.412323613355430663e+00
2.421154088976061658e+00
2.086973642501285475e+00
2.312297261701840689e+00
2.172831158823882003e+00
2.065543844805452167e+00
2.377440196949231144e+00
2.085053996745376281e+00
2.053885364241825329e+00
2.405482764469777379e+00
2.113068911029825081e+00
2.220562174176540005e+00
2.325568093979995421e+00
2.342379035925793662e+00
2.340986759466063827e+00
2.410937426905586101e+00
2.330192522597525073e+00
2.054516628191761285e+00
2.072841330818671945e+00
2.216456660053550465e+00
2.084303588104778449e+00
2.433008508518000657e+00
2.094787301514892786e+00
2.417808660821828326e+00
2.180182413892437054e+00
2.392874787880316934e+00
2.156976629724883132e+00
2.236215665176594758e+00
2.368311802883748651e+00
2.284055325623728372e+00
2.237760253546876132e+00
2.189892740602504162e+00
2.138621697255293164e+00
2.103593120447089238e+00
2.253939248640436155e+00
2.100349754194940743e+00
2.130712804485147327e+00
2.046241451191919136e+00
2.257185973563625936e+00
1.956186131643442572e+00
2.289376372129556358e+00
2.036109103080119276e+00
2.188839337262183271e+00
2.172556571238988710e+00
2.085894747759323486e+00
2.036230522132804754e+00
2.162442510563389764e+00
2.204807616394985015e+00
2.143175369376240980e+00
2.267174845429145602e+00
2.239339380666524271e+00
2.155351294950925922e+00
2.207079521125375088e+00
2.172599177434998641e+00
2.172503414797576582e+00
2.121877110366014119e+00
2.221156248265068633e+00
2.229858465808250756e+00
2.213174762596122225e+00
2.192310436717943567e+00
2.148497459702746415e+00
2.165937347129115675e+00
2.126564997860817652e+00
2.198635893034042610e+00
2.101886035974060096e+00
2.205248252609396165e+00
2.244309726273186367e+00
2.334723580088654327e+00
2.267780741141413703e+00
2.233370856364547574e+00
2.197178458613555208e+00
2.086671363522882405e+00
2.102639158910149852e+00
2.308151122408632627e+00
2.283177619962864391e+00
2.342187411315285406e+00
2.128293858004056904e+00
2.128326106438922505e+00
2.235567882541294349e+00
2.365478884171694496e+00
2.370536036833651661e+00
2.345142881462582540e+00
2.261588125626140311e+00
2.206747362659299494e+00
2.275094353075671982e+00
2.198636084214024233e+00
2.267743704861890919e+00
2.366518774437339268e+00
2.392254653526303176e+00
2.244762961534921164e+00
2.329586500828845441e+00
2.227416263008064501e+00
2.368916202997172871e+00
2.276657365205643213e+00
2.190728614422774445e+00
1.973771252530680753e+00
2.363525660840223086e+00
2.169278454747799678e+00
2.523898134476406430e+00
2.486891205776581515e+00
2.374307806895734618e+00
2.406958570300857581e+00
2.390070432996917571e+00
2.361083748431065388e+00
2.480348440933559218e+00
2.413226329493741495e+00
2.375021391457387665e+00
2.399577769455278897e+00
2.322515284314834894e+00
2.288002175870891719e+00
2.251385958825058875e+00
2.257374297676950636e+00
2.211321401026413280e+00
2.251589118288125579e+00
2.278034584893287029e+00
2.327035726701870200e+00
2.123589642247823761e+00
2.087502110294670477e+00
2.076290225443576443e+00
2.112270466656891887e+00
2.062024186599618503e+00
2.245581337136839828e+00
2.157661190569013510e+00
2.074342052994070595e+00
2.135882039395122334e+00
2.085251741805311809e+00
2.194487928380497443e+00
2.071180113793933852e+00
2.097051563477962510e+00
2.194957050373187890e+00
2.103706625554240706e+00
2.049415906086939465e+00
2.239449064881719131e+00
2.227694468594413557e+00
2.242224341646634755e+00
2.141984069560984860e+00
2.222279613610404159e+00
2.085202663793223277e+00
2.156806370008612639e+00
2.294606411630579768e+00
2.255003369461627383e+00
2.221430265080341471e+00
2.263479944418339329e+00
2.048251722248410456e+00
2.070610044340307709e+00
2.314128625461167932e+00
2.169826778687175217e+00
2.173537010935708391e+00
2.272458874847687049e+00
2.105161509050450519e+00
2.443852506152252246e+00
2.334825495107808457e+00
2.240158454295380075e+00
2.314607554200637018e+00
2.351509195842889088e+00
2.258193193373941643e+00
2.142050355521528449e+00
2.576539957030336225e+00
2.576254071470996276e+00
2.587224685907307364e+00
2.332288276193533072e+00
2.330406076173362262e+00
2.330676491881402690e+00
2.111183832724928600e+00
2.164428105228140886e+00
2.143133585958814979e+00
2.028090689865972518e+00
2.192657353791070296e+00
2.031580171904519894e+00
2.181185234610888646e+00
2.153120230654143263e+00
2.064764257757752741e+00
2.132206031841161753e+00
2.083903632476461265e+00
2.175438831413186946e+00
2.200584240444193984e+00
2.359622350769349897e+00
2.177724064865089737e+00
2.211064127842289562e+00
2.352990599046037357e+00
2.280249411965621587e+00
2.265340970207076587e+00
2.290189936223549605e+00
2.276939428780474284e+00
2.169599518479802480e+00
1.828641008813888469e+00
2.031597506705762335e+00
1.996248381322935694e+00
2.134310371683000529e+00
2.220758633674274396e+00
2.092138336863093695e+00
2.249716401167814794e+00
2.008848226149296146e+00
2.138296443426356053e+00
2.301880800436200136e+00
2.203632731006910817e+00
2.234835093907822312e+00
2.433599574617184125e+00
2.378139169621619420e+00
2.172670328388968564e+00
2.538123222136247747e+00
2.216365980100885480e+00
2.314038406924706859e+00
2.252599901224558554e+00
2.270752128584020202e+00
2.333394163719665571e+00
2.236181027354857687e+00
2.296557431492925794e+00
2.374411789716553312e+00
2.301296013642669447e+00
2.271902608832228054e+00
2.183924186733948059e+00
2.324416228857019817e+00
2.415377843517302558e+00
2.367430023404416328e+00
2.492553472833956452e+00
2.407000487265932520e+00
2.245222582696150493e+00
2.501965068138865878e+00
2.330138299652482203e+00
2.214967930577210975e+00
2.285191723045766565e+00
2.396632342076733035e+00
2.317390246561247036e+00
2.176649486900033459e+00
2.135689923400739154e+00
2.171792014583024955e+00
2.211015820006764887e+00
2.102424304632910079e+00
2.184434801609409504e+00
2.268561564620093840e+00
2.281132143880434171e+00
2.204966442520767345e+00
2.152479531212811548e+00
2.175903199894771767e+00
2.319866826744106714e+00
2.240805468194772221e+00
2.122958719747582990e+00
2.081719842743852578e+00
2.076639632726375861e+00
2.254358710071147520e+00
2.186238931838428545e+00
2.181930695246901308e+00
2.417999298232680339e+00
2.045575082570389114e+00
2.192233380254125841e+00
2.125336706265825271e+00
2.452809694324175283e+00
2.077214361606546156e+00
2.167347569031412124e+00
2.281745827840332197e+00
2.548006792061609183e+00
2.192744159417987060e+00
2.272451145259832384e+00
2.347568106769174268e+00
2.152305539116043942e+00
2.256244377526188671e+00
2.267132579266788017e+00
2.131563455761728232e+00
2.327906572866841550e+00
2.345680098804681091e+00
2.347872887956639953e+00
2.341136384920940117e+00
2.108438289405080379e+00
2.087597202470548030e+00
2.090457135990242410e+00
2.119034408588417850e+00
2.315396533210711816e+00
2.327949296866113293e+00
2.451179786258927074e+00
2.116519851294512033e+00
2.159658381576335273e+00
2.387588467754663046e+00
2.461199186014349838e+00
2.247070135050643014e+00
2.164377261397480101e+00
2.200366070848389644e+00
2.264829689396940182e+00
2.186402678289725898e+00
2.134552093154003849e+00
2.096645452207287708e+00
2.226664254185254599e+00
2.076094887449674964e+00
2.268606601438523107e+00
2.066248745273793652e+00
2.170219983425678567e+00
2.155443089836477810e+00
2.081280582310825800e+00
2.431237560020819366e+00
2.001846927964142875e+00
2.118598338605968578e+00
2.116254967707035917e+00
2.165211342316142318e+00
2.226911098602275541e+00
2.046766975865598859e+00
2.258902720190164359e+00
2.060638285291849670e+00
2.143490852477996089e+00
2.121154306319241734e+00
2.173351001762701351e+00
2.214161650854452823e+00
2.183979344788831600e+00
2.193064698347515495e+00
2.135563163474837101e+00
2.293660290209118102e+00
2.137975937931674064e+00
2.314910137599345052e+00
2.031680964314816595e+00
2.060587409779524037e+00
2.196833999967201745e+00
2.080088801059671422e+00
2.072838764548241119e+00
2.095241983358682614e+00
2.284031137756425967e+00
2.228347769871066308e+00
2.220974921447196326e+00
2.370479727754424282e+00
2.172374588212476532e+00
2.242751422625161695e+00
2.185411342806416357e+00
2.186859487787985223e+00
2.181247522248491055e+00
2.284682687183225980e+00
2.289607866597443309e+00
2.214793110190420578e+00
2.229451156018456004e+00
2.200203364160531638e+00
2.344320685991271080e+00
2.206310659641276484e+00
2.183887063175284471e+00
2.216997732531298837e+00
2.114229012857972823e+00
2.146685523298682785e+00
2.310681769199533164e+00
2.391863675608672857e+00
2.278543067121289400e+00
2.176118183287980123e+00
2.211631520636329729e+00
2.169960690136297998e+00
2.240806190194328806e+00
2.432941492224236502e+00
2.289372886804368346e+00
2.126992131530054397e+00
2.089766008133735031e+00
2.175272882033281174e+00
2.242154684379757512e+00
2.290410559350836817e+00
2.239760027383069119e+00
2.182024989365355161e+00
2.296197485894332146e+00
2.284293714709086487e+00
2.203574172633573358e+00
2.173872463181612869e+00
2.335186086798639149e+00
2.306882143573973476e+00
2.214464137990853398e+00
2.252211990252394269e+00
2.334941821004732354e+00
2.354722004450370498e+00
2.380970618177616238e+00
2.383394501031261381e+00
2.174055623023102068e+00
2.562609781186733660e+00
2.296953303105357946e+00
2.260129461624920566e+00
2.345670466806248911e+00
2.140872464807401787e+00
2.174109688870279555e+00
2.096518662733993121e+00
2.390600157049620478e+00
2.147537834702317294e+00
2.169338321198526653e+00
2.373083071042184411e+00
2.296495051197247061e+00
2.302968383030798538e+00
2.074454827009653002e+00
2.104172108012867692e+00
2.052478328227943738e+00
2.211484548988755350e+00
2.055957422746521601e+00
2.161939303165824278e+00
2.209684153638862281e+00
2.145364161309266660e+00
2.164946478486632131e+00
2.120890431072996130e+00
2.033703117127222182e+00
2.157611826207097128e+00
1.993902946356285844e+00
2.122795548473412897e+00
2.029067385727276740e+00
2.260853074908023785e+00
2.007346329060172518e+00
2.287870092189963067e+00
2.258578541335652723e+00
2.229048452122773583e+00
2.233352367959835050e+00
2.204355164892837671e+00
2.260134690343749586e+00
2.055998857050989947e+00
2.178474317411122740e+00
2.236974173511897757e+00
2.180879774943443206e+00
2.315612708319438440e+00
2.158544438509728547e+00
2.075915009190257621e+00
2.345982377155147347e+00
2.284319286785051251e+00
2.341479590359900165e+00
2.108727596378286773e+00
2.349609201948857251e+00
2.335998657196912909e+00
2.226620255137933491e+00
2.337479274945288843e+00
2.309277434044923805e+00
2.399682365446304200e+00
2.217138167630143819e+00
2.365542164046569695e+00
2.250363989170359069e+00
2.168600722309624196e+00
2.240856397383164555e+00
2.346546914882240653e+00
2.321773791968679834e+00
2.321319464920664988e+00
2.103369536936603890e+00
2.600571557636182085e+00
2.579531842117994245e+00
2.434491587916065569e+00
2.326885940084909787e+00
2.386914403007407426e+00
2.318608596154692059e+00
1.994379086413663460e+00
2.295087840771210086e+00
2.296140252194486919e+00
2.129024328456202486e+00
2.275467453595126255e+00
2.276346074353015503e+00
2.257435439604414729e+00
2.309820902939162757e+00
2.157346150608549618e+00
2.188647800821863498e+00
2.106189206457047547e+00
2.179943709208651104e+00
2.115264885237457371e+00
2.071479591881603355e+00
2.110413697039326575e+00
2.158989746428952916e+00
2.061175945337704984e+00
2.174582335067755778e+00
2.121359077750130329e+00
2.000156414207745037e+00
2.094698789191483890e+00
2.154106940867075437e+00
2.090368735970925318e+00
2.192597902456771664e+00
2.088527073833839509e+00
2.244145625733970917e+00
2.267422431172533059e+00
2.168059742182891547e+00
2.394161277084646766e+00
2.276667478764854646e+00
2.243316083019650353e+00
2.300086526067628867e+00
2.278060317178826288e+00
2.312555189648810572e+00
2.238538665352766799e+00
2.265998718307038917e+00
2.400082554705276205e+00
2.436988733813727936e+00
2.485582771789975443e+00
2.476727595381943203e+00
2.174398727739840886e+00
2.221480571030417295e+00
2.341360713981874397e+00
2.185185748052014265e+00
2.018674728853552480e+00
2.147726093252327662e+00
2.034637373520895132e+00
1.924297745791577086e+00
