1.775551028593355340e+00
1.819363643634658079e+00
1.946663235699691352e+00
1.724764242285020233e+00
1.731488848423104798e+00
2.009791916729880779e+00
1.783616408013242838e+00
1.985604458575928710e+00
1.709899391774412969e+00
1.804584599495634212e+00
1.937424819692096234e+00
1.803230849159188853e+00
1.927193967583914702e+00
1.969517337217427944e+00
1.788968286541977815e+00
1.907696017338604166e+00
2.030901316194174022e+00
1.922464206513556428e+00
1.846634626510375465e+00
1.911012121978044043e+00
1.969247160941710373e+00
2.071372323725943598e+00
1.851609706981407921e+00
1.846514388651598892e+00
2.001136675247091823e+00
2.014342057269098873e+00
1.822275001230747371e+00
2.039473424402639345e+00
2.091797666509011222e+00
1.864398671256240370e+00
1.816428104345909178e+00
1.884538420300025274e+00
2.050175477632534271e+00
1.844180642161605155e+00
1.822194082911624324e+00
1.829892984783743293e+00
2.070679654273936965e+00
2.024655430214043594e+00
2.207720642378634857e+00
2.154390740300465179e+00
1.999265968365219415e+00
2.054982418401108291e+00
2.016943330025623649e+00
1.981866585418899263e+00
1.938026676432073714e+00
1.989889612713457101e+00
2.042338553466996665e+00
1.921510731072114231e+00
2.024200933006627956e+00
2.073290014531823822e+00
1.994776856378652985e+00
2.143648401784724378e+00
2.093177662842621967e+00
2.105311825639478052e+00
1.765419963229005518e+00
1.818158714165064138e+00
1.714620150721565706e+00
1.701153747355691914e+00
1.822174675792238352e+00
1.767353954308788389e+00
1.971582968515890322e+00
1.904742218002350329e+00
1.826884927857085783e+00
1.878261834610776670e+00
1.712135054516741750e+00
1.848077941038165140e+00
1.920014856859997066e+00
1.926070826122682433e+00
2.056214377016691852e+00
2.036352342511865920e+00
2.167622875343528932e+00
2.342118940525903970e+00
2.215904719430788372e+00
1.855703836504714932e+00
1.765777704648991087e+00
1.804424162648122332e+00
1.847639130978209421e+00
1.925070151050600753e+00
1.890690541161665239e+00
2.063844180039573484e+00
1.911729041418595898e+00
2.038021694605878231e+00
1.779986970133125679e+00
1.850048165251496401e+00
1.775383112549594467e+00
1.922132950874689161e+00
2.016173517252665803e+00
1.992499179427841716e+00
1.948134884885350804e+00
2.118726934068417833e+00
1.988080214306511495e+00
2.032099956812988939e+00
2.067677542561686010e+00
1.962666506330310146e+00
2.083089656014282642e+00
2.205111718764222406e+00
2.141217509776463856e+00
2.104561297054687863e+00
2.132772555468929188e+00
1.752045726025439398e+00
1.824138068960057035e+00
1.847533757907899421e+00
1.861741454354847614e+00
1.739334975546422246e+00
1.964863975784881589e+00
1.782884492069549465e+00
2.028110523115261188e+00
1.816888488384110545e+00
1.734875569599410472e+00
1.957366007022959931e+00
2.010127707669245645e+00
1.869456379982670668e+00
1.788923456966333481e+00
1.942376694789946123e+00
2.058303304989955507e+00
1.856278942244777852e+00
1.825954656698684175e+00
1.908932401599455542e+00
1.843628119376794716e+00
1.784069560945167332e+00
1.773854039868829835e+00
1.813867289236193336e+00
2.038027636642408158e+00
1.776437501818613374e+00
1.843469334156730088e+00
2.042122599933871019e+00
1.706911521567193279e+00
1.959652597833890564e+00
1.954359117848728511e+00
1.835437907318010264e+00
2.020129903830023554e+00
1.953689945116281024e+00
2.023731566468159215e+00
1.848004240975517520e+00
1.907745107658421979e+00
1.916444354426183772e+00
1.836575018491979572e+00
1.832085016826188406e+00
1.765605373505389819e+00
2.168794948099857400e+00
1.904825575445054042e+00
2.196584981021636018e+00
2.149501927408274060e+00
2.093245049731320417e+00
1.927367758967358791e+00
2.046789462235549362e+00
1.963051357888620174e+00
1.809553577629249066e+00
1.852955222462302487e+00
1.967177339565620686e+00
1.860334181945548337e+00
1.885398282895877298e+00
1.905189966280048885e+00
1.809728259143135176e+00
1.955940190800355305e+00
2.090749871386440972e+00
2.060866234559173282e+00
2.140818399463950694e+00
1.855043832599948761e+00
1.854994898213273569e+00
1.864051770103963612e+00
1.793655013448098190e+00
1.805161808654176525e+00
1.757097177734787907e+00
2.058296730409619357e+00
1.890690362030750027e+00
2.031062925941720554e+00
1.880773698622192791e+00
1.862784885598928186e+00
1.889356285498817289e+00
1.870453392350958755e+00
1.872807385498348243e+00
1.923100261026782665e+00
1.833411943815284051e+00
1.845406497521334899e+00
1.962957481928061743e+00
2.116367031591146919e+00
2.304429155168481458e+00
2.179167235363456356e+00
2.044695486104994409e+00
2.100869219168457480e+00
2.027687287562176088e+00
1.888001543112775016e+00
1.975269761228788168e+00
1.864898680063450609e+00
1.861318116643971843e+00
1.807905147020563819e+00
1.758463211068835408e+00
1.747130376093027238e+00
1.918378525520610722e+00
1.836635394498731699e+00
1.936590901466933135e+00
1.994579566488059896e+00
1.947668709321589198e+00
1.959229177930160493e+00
1.886092179360569387e+00
1.845666662693557836e+00
2.200922658456213377e+00
2.176239816711889041e+00
2.125977847394992626e+00
