1.607526965455849721e+00
1.517997286794531719e+00
1.471861198421918759e+00
1.547755768337413906e+00
1.491310864621503418e+00
1.510447304666149293e+00
1.678442114063716240e+00
1.723683251788038495e+00
1.559103067200901416e+00
1.585612763818690318e+00
1.604049606134978490e+00
1.628341520457647018e+00
1.642316923980027488e+00
1.704410668013234265e+00
1.837983285993460392e+00
1.628844044729708562e+00
1.627836483660328959e+00
1.842867443807098216e+00
1.642846681203860237e+00
1.768368080222294081e+00
1.800978340761163476e+00
1.754944912974129911e+00
1.828427278596075567e+00
1.677912607182228344e+00
1.679012889388654228e+00
1.777423904748295147e+00
1.700802291378319175e+00
1.864074449644609777e+00
1.728497356436042409e+00
1.873301778797399120e+00
1.699242057924030602e+00
1.601145804324210609e+00
1.623995180170456187e+00
1.801575457971105854e+00
1.762039712791803270e+00
1.804886915684745130e+00
1.774718609837767636e+00
1.585260266927019490e+00
1.532682843359602698e+00
1.612004301590869382e+00
1.755937570919581470e+00
1.666731647669628780e+00
1.694810642224303665e+00
1.697663424155760215e+00
1.693273368739052431e+00
1.807042406033269488e+00
1.789017751148932689e+00
1.715247894797977235e+00
1.815070612504296799e+00
1.761484665499149171e+00
1.611118456004118293e+00
1.538722841653630269e+00
1.588016611224233543e+00
1.544025280311897008e+00
1.473710573877667684e+00
1.624165237728213640e+00
1.651364517376646690e+00
1.627646969961077161e+00
1.663213197669942245e+00
1.629843438664178468e+00
1.637135584595621252e+00
1.572773417466104551e+00
1.578644785993693400e+00
1.659578208175883418e+00
1.662150169607620853e+00
1.801750992704473475e+00
1.609972596408600687e+00
1.600212140616803502e+00
1.632731726034807762e+00
1.807667850570709778e+00
1.804012805038043954e+00
1.823626544925632365e+00
1.811337132804874406e+00
1.539078472407940712e+00
1.671346313334626021e+00
1.841396800955153124e+00
1.726336307744718246e+00
1.890780358897769409e+00
1.629538658360245140e+00
1.656388579002651795e+00
1.613322388828799525e+00
1.688713768403841353e+00
1.659299961291676118e+00
1.694931030900554747e+00
1.698318982750941064e+00
1.786224907906371229e+00
1.865594881497120827e+00
1.839822908731340911e+00
1.842143950058055202e+00
1.629440874707504650e+00
1.617142465552665165e+00
1.594630424857595763e+00
1.539065422818549633e+00
1.683897274100062180e+00
1.731924621643730733e+00
1.705148781961438820e+00
1.753759117740731011e+00
1.711244659249808286e+00
1.822576315827137083e+00
1.774977869269349640e+00
