1.539695894438378510e+00
1.488217495530830714e+00
1.492816251540793004e+00
1.596670080125058178e+00
1.535570806259453303e+00
1.535810038670088362e+00
1.693188957774183434e+00
1.683299284168081611e+00
1.571972863129937892e+00
1.608317738036995070e+00
1.557130068331399553e+00
1.603848796551032185e+00
1.730615325803594340e+00
1.735251415996505120e+00
1.825465870846355365e+00
1.578004113949431853e+00
1.594239159873478862e+00
1.729051544007337071e+00
1.608536500026072069e+00
1.826092522251527184e+00
1.765033129892004782e+00
1.826872922914139163e+00
1.818615189597542425e+00
1.611016579341117971e+00
1.664155589740289765e+00
1.733928593688865316e+00
1.741419989305314386e+00
1.875852385442876136e+00
1.905589263033167002e+00
1.765293059608476822e+00
1.729230002023195434e+00
1.549800420167118720e+00
1.514532166376170830e+00
1.708346057233427695e+00
1.739003379535118743e+00
1.722825334096048433e+00
1.892507258821084504e+00
1.563978752751667534e+00
1.543974609238355500e+00
1.597138604784307025e+00
1.725908804120377837e+00
1.681825331919826860e+00
1.728263412168887125e+00
1.755973636815328698e+00
1.688014485926666142e+00
1.760625427258237119e+00
1.791885393033938900e+00
1.760058951141823425e+00
1.730919233400843416e+00
1.799214253047643375e+00
1.418735824300730197e+00
1.506399177725852523e+00
1.539781813317234294e+00
1.561904359917372309e+00
1.506589856997027521e+00
1.571242135265939810e+00
1.614989074442562123e+00
1.634207386617618996e+00
1.485742813145830121e+00
1.597481832760433207e+00
1.567361774671516050e+00
1.589623573492737751e+00
1.657693025863539171e+00
1.660994361215323289e+00
1.664912731925185074e+00
1.830302807960359823e+00
1.591980239491962434e+00
1.594486592339546371e+00
1.647547023076445294e+00
1.726797161906753697e+00
1.822909359158545461e+00
1.792656664648831111e+00
1.753342288645981961e+00
1.487177736788876548e+00
1.550752912091251323e+00
1.726239900893177470e+00
1.785526778701131523e+00
1.786973039612994141e+00
1.601655824078862977e+00
1.485351022303821100e+00
1.554413689691456879e+00
1.676192455347618182e+00
1.625170407545658113e+00
1.643098351201616181e+00
1.664111418141490217e+00
1.698461081149789109e+00
1.825790953770487723e+00
1.773007785661250280e+00
1.779004290846716518e+00
1.559084850885481766e+00
1.550326554111121302e+00
1.475775472626793094e+00
1.460058475438152259e+00
1.600020918725870933e+00
1.678894129199902663e+00
1.735011459785930521e+00
1.694522314678886588e+00
1.677438549595932304e+00
1.766397014364775808e+00
1.765871573877456191e+00
