2.104555642849532227e+00
2.218750717281124718e+00
2.102339987837411606e+00
2.199451535327137552e+00
2.110900474081964795e+00
2.166616285619855642e+00
2.206548058582477712e+00
2.377860782204026524e+00
2.153326227697100137e+00
2.295795673976332552e+00
2.153150477382639316e+00
2.114540647289663067e+00
2.187063255534461792e+00
2.241624408437413507e+00
2.118060720079423476e+00
2.113463697122915264e+00
2.451355840789473106e+00
2.123356165983015131e+00
2.438162921655649296e+00
2.072344031934433062e+00
2.189257383834902093e+00
2.171178445096273446e+00
2.535429793826323053e+00
2.432779438761087931e+00
2.093612645729599375e+00
2.338568003022340580e+00
2.233757533278148966e+00
2.261448545114193909e+00
2.381184125188805734e+00
2.151249060539767832e+00
2.182394256352051976e+00
2.458072991797552564e+00
2.237701303766974181e+00
2.275620061839389141e+00
2.282750785211686839e+00
2.302129403425294818e+00
2.283521060995890917e+00
2.352583681046763520e+00
2.482914181133168974e+00
1.982467889737412614e+00
1.964255383623579654e+00
2.114997761683883759e+00
2.012397665370008859e+00
2.281595802771412718e+00
2.073603646118249877e+00
2.324812941448723969e+00
2.089244610754695586e+00
2.277730140378321444e+00
2.065353211607579453e+00
2.032635733450246285e+00
2.226646601060266129e+00
2.157782762002698362e+00
2.057673862272777043e+00
2.030367956134669694e+00
2.099084313213648745e+00
2.048605123006911555e+00
2.103443294858596158e+00
2.106810768173620119e+00
2.148536882979327878e+00
2.171801763449872968e+00
2.309560652545319392e+00
2.059190549747919263e+00
2.129300739092589989e+00
2.098036974971999591e+00
2.303363062849452358e+00
2.288246478578213061e+00
2.120762015388522048e+00
2.178215756177628748e+00
2.238501399284990256e+00
2.328360351562269503e+00
2.240202978345150253e+00
2.461034660923278938e+00
2.341431204696294621e+00
2.225692837319176220e+00
2.362326958689883849e+00
2.279042596297999879e+00
2.332061584914344454e+00
2.267914224726894634e+00
2.478463103019501901e+00
2.396014577070945339e+00
2.360001332155795328e+00
2.425692012656878838e+00
2.176939435013061086e+00
2.262149895799328014e+00
2.291415048637285512e+00
2.275676573922587931e+00
2.047866630085403816e+00
2.265408376060433326e+00
2.321604023524018512e+00
2.351788261369850197e+00
2.326489421267560864e+00
2.247293503428756889e+00
2.089254773737597937e+00
2.164259144259082390e+00
2.131664473610014987e+00
2.207997702382010541e+00
2.106335774290832408e+00
2.353937627961936396e+00
2.194854474426266133e+00
2.159591963705758122e+00
2.270906224666361162e+00
2.226282042241903181e+00
2.466819079191431729e+00
2.637884704342130959e+00
2.523171887618421927e+00
2.362613956165035667e+00
2.343319131976118186e+00
2.368761144280480124e+00
2.385945443915873820e+00
2.235006414513400763e+00
2.294179456328014677e+00
2.176262135891398053e+00
2.145524196348018720e+00
2.159840935710210630e+00
2.126467911478360673e+00
2.187067705873023016e+00
2.187306760915932458e+00
1.990684945395664096e+00
2.400436373529418077e+00
2.220122194006691085e+00
2.478288281314783070e+00
2.376907533856874810e+00
2.314773558080421179e+00
2.257995161167639875e+00
2.276400151371371194e+00
2.239220405061753905e+00
2.272638007130991955e+00
2.370074588390361114e+00
2.441021139548819274e+00
2.398625578253500645e+00
2.391982462204885973e+00
2.357818838687981255e+00
2.371294845919663885e+00
2.408930993342517368e+00
2.312769575924482179e+00
2.385934474226273583e+00
2.467313988969225047e+00
2.411083934226042835e+00
2.074211934337126362e+00
2.078717175422795105e+00
2.090987524260347730e+00
2.134333174210309991e+00
2.188029643911590494e+00
2.245330215620653380e+00
2.114842300865597213e+00
2.109461365804121247e+00
2.037883012042887021e+00
2.061463668407738314e+00
2.214535628192008776e+00
2.068435192652508192e+00
2.172340708160815925e+00
2.171125137902730984e+00
2.023130361940803645e+00
2.124709193063337054e+00
2.282749155374298233e+00
2.173234924717913685e+00
2.236978496848733400e+00
2.139691064095576412e+00
2.157632592395682281e+00
2.211036563573092195e+00
2.104090410765973473e+00
2.184904532517746745e+00
2.271110867989417859e+00
2.314375125545502954e+00
2.294842597334079137e+00
2.065341452919128074e+00
2.166459993118146521e+00
2.223874685019395780e+00
2.225823425838181713e+00
2.323238506678295678e+00
2.265518119652258910e+00
2.342435964470709564e+00
2.246171032890548869e+00
2.227051066813051428e+00
2.337843830496195263e+00
2.250195341553418160e+00
2.435777292889178547e+00
2.383961470970091145e+00
2.477522952973822523e+00
2.439410454132858952e+00
2.562903264707045103e+00
2.454226240220638289e+00
2.370941145679314133e+00
2.489247529948213966e+00
2.421329940702869443e+00
2.098562189701893566e+00
2.203942671701572209e+00
2.148924760359121944e+00
2.018767073253759481e+00
2.130306020655221122e+00
2.074526642034828949e+00
2.213306464099281001e+00
2.135893548396804675e+00
2.026731043625922712e+00
2.177012763225937064e+00
2.102902304866470118e+00
2.162229174246602437e+00
2.168918492147287491e+00
2.290641955505862803e+00
2.212607153899738499e+00
2.258459296790165993e+00
2.342355455559669508e+00
2.258046890333216705e+00
2.182811770700348930e+00
2.316716139814692710e+00
2.222509912440033375e+00
2.123397285377950805e+00
1.949529384919015174e+00
2.039573964145784846e+00
2.073418909129891574e+00
2.170126527576649700e+00
2.254248917748975511e+00
2.139814735053579664e+00
2.119801944501984003e+00
2.143349138812281396e+00
2.141108037087217753e+00
2.368350113300057735e+00
2.294478610162655752e+00
2.280062855950939049e+00
2.324196587211871279e+00
2.372754584007647161e+00
2.391415022662596090e+00
2.366684378144488399e+00
2.319923561673654433e+00
2.294822182803721411e+00
2.301692281230397708e+00
2.403745635752115195e+00
2.230290547529106160e+00
2.239562516686351312e+00
2.309504231386942052e+00
2.398316144466234423e+00
2.315370026449575569e+00
2.304049348915754969e+00
2.272586935308395617e+00
2.404070954885887179e+00
2.471489967686510081e+00
2.519209901639928084e+00
2.524857599045558398e+00
2.424946019578694045e+00
2.413757290239301856e+00
2.708202151347483433e+00
2.492463113339035807e+00
2.393528223164891333e+00
2.330662197832522153e+00
2.403252350135121063e+00
2.335398063483736131e+00
2.367480807454330982e+00
2.451605776636346601e+00
2.269477449372500732e+00
2.409743982053877520e+00
2.034703841131527469e+00
2.089243789779662297e+00
2.335219025862030673e+00
2.145617913205979388e+00
2.173332817188324384e+00
2.161103934306630947e+00
2.097417831626938511e+00
2.404360644362053545e+00
2.171019964311873718e+00
2.152001464969419242e+00
2.086229709734240156e+00
2.146319537380563691e+00
2.244002007037261492e+00
2.106943951717763053e+00
2.230147342675559585e+00
2.561229797203697256e+00
2.081525379497552564e+00
2.144434317559459569e+00
2.120047553032132104e+00
2.610143912336490235e+00
2.131057081455918212e+00
2.136980113015816141e+00
2.284628859423573743e+00
2.481455950569883218e+00
2.218026694588933534e+00
2.163596356180720548e+00
2.254612735351404051e+00
2.157384846514621035e+00
2.198756217703297544e+00
2.372857081272751412e+00
2.226849269311302670e+00
2.223767520105610629e+00
2.327954726319489076e+00
2.416298530287963597e+00
2.350757376243678198e+00
2.044128412129275763e+00
2.064764534751797775e+00
2.079009629406229909e+00
2.074301618999938590e+00
2.309866522969546310e+00
2.244321538880607925e+00
2.125700291216050530e+00
2.179628928354532480e+00
2.198628070623797282e+00
2.159131370653153859e+00
2.302032646027967644e+00
1.954902762539868277e+00
2.076216144478811199e+00
2.117418985370688400e+00
1.998527107885284426e+00
2.066678660034618975e+00
2.045793744221311439e+00
2.096632530271858474e+00
2.061117078989600504e+00
1.993856919106251624e+00
2.291890563979411599e+00
2.004224021994690741e+00
2.019272234165557567e+00
2.219381724195501615e+00
1.963490623620054665e+00
2.213672381232377528e+00
2.118794650796678170e+00
2.201115428503090055e+00
1.996662710733382307e+00
2.127966481658499553e+00
2.106481769546262317e+00
2.007061219549703956e+00
2.283981770517350185e+00
2.190039722396970756e+00
2.189836956580729854e+00
2.191129901515508127e+00
2.409892229512443418e+00
2.385461696600760906e+00
2.113804951829139522e+00
2.203990055293311823e+00
2.160058534702060218e+00
2.418814650449947923e+00
2.208756010506965684e+00
2.413503199962317325e+00
2.183480182431372096e+00
2.239282659316560231e+00
2.303338598227787859e+00
2.172484871974542653e+00
2.296371801644039312e+00
2.172187203883038986e+00
2.232578890522054937e+00
2.221615066128713512e+00
2.236455527301259405e+00
2.218689916378688398e+00
1.986746811644293897e+00
2.206146202609679197e+00
2.028686725640678645e+00
2.011278791182382619e+00
1.993173962816354505e+00
2.061885593598901334e+00
2.054798706242208617e+00
2.212411066959921957e+00
2.256099422044527181e+00
2.131000932741504705e+00
2.470766146165492394e+00
2.014163165848138259e+00
2.087459257091941023e+00
2.101885721571357113e+00
2.437700131816868510e+00
2.349485147630117066e+00
2.477743182219669826e+00
2.466080228897538085e+00
2.325430499422295849e+00
2.279016838043165016e+00
2.390115659607465748e+00
2.213112845360532432e+00
2.208848596730626834e+00
2.020995400606222514e+00
1.994236974507779703e+00
2.122689172189116569e+00
1.994888300903813416e+00
2.246746548182386505e+00
2.252461310144175055e+00
2.303263466600892428e+00
2.227572102324902215e+00
2.298720539987217926e+00
2.378166698872823837e+00
2.191125301928871671e+00
2.266893161200438822e+00
2.515871381362421833e+00
2.167087805605413475e+00
2.518220397610811734e+00
2.068460538563713147e+00
2.183190511665411115e+00
2.073489208561412944e+00
1.959418410725352944e+00
2.098588018349736739e+00
1.994807597728244009e+00
2.195367745544455573e+00
2.442682213323202234e+00
2.347499508269395907e+00
2.345127810756867603e+00
2.364726163774878209e+00
2.260783332726115979e+00
2.334700588624705198e+00
2.299267539853048437e+00
2.372663884623924524e+00
2.352687697970399672e+00
2.207753579281974243e+00
2.395773248229129848e+00
2.297893579817062548e+00
2.250138681458390799e+00
1.781328837735869808e+00
1.901667507957314207e+00
1.807461256718806419e+00
1.991088688734964363e+00
2.057730418857491195e+00
2.338250384192186893e+00
2.107383691905385881e+00
2.111914524890050160e+00
1.847492830294498845e+00
1.857913960059997205e+00
2.047009076750342160e+00
2.025762236733757327e+00
2.066850715188493393e+00
1.925753133542829509e+00
2.056069375179440328e+00
2.332168742836076003e+00
1.927710760342939311e+00
2.248711115496586199e+00
2.321446763165406324e+00
2.196060150063407601e+00
2.057848346634809644e+00
2.040401317341048681e+00
2.102484066695196052e+00
2.137408097209869684e+00
2.165939032369619710e+00
2.013513779716856966e+00
2.009702861496908799e+00
2.166786734466333630e+00
2.200977770666653566e+00
2.167555696224786832e+00
2.153053907931721245e+00
2.218533175499875831e+00
2.210249317793296253e+00
2.172273400094513640e+00
2.237786209723585884e+00
2.096782670214567101e+00
2.273390365732037566e+00
2.082096006136847866e+00
2.253685696184043241e+00
2.035939936439679521e+00
2.284314913981558615e+00
2.118348327744640436e+00
2.195542557833984887e+00
2.140634982159789423e+00
2.347489436812547403e+00
2.375589200501233123e+00
2.361495479651619878e+00
2.447905736418610090e+00
2.396914268516077140e+00
2.543757027189088582e+00
2.416003332779172563e+00
2.403357261233292963e+00
2.320405799713601613e+00
2.374992495801957038e+00
2.319941114518482728e+00
2.053495514043775394e+00
2.273023490044188577e+00
2.162995858655208270e+00
2.210911905218961859e+00
2.050595185204602711e+00
2.229192910415627171e+00
2.108143035387673780e+00
2.189223966882461792e+00
2.038730608226019481e+00
2.138662340987548482e+00
2.001642780247421260e+00
2.033248943890444860e+00
2.118617552419599370e+00
2.059339036582468196e+00
2.038057088299092268e+00
2.088494609980376726e+00
1.977872853798402275e+00
2.127368676711125506e+00
1.931906282950819786e+00
1.853173494512593944e+00
2.012788682577919541e+00
2.048940954850782870e+00
2.021691046001768299e+00
2.350779770796300738e+00
2.135940684562370961e+00
2.211004411251677571e+00
2.364429210238212509e+00
2.332816578840342991e+00
2.418216341110699386e+00
2.251651934153704904e+00
2.363438545264507251e+00
2.300686870768363868e+00
2.257430119556156800e+00
2.387753574288292935e+00
2.197241943081358340e+00
2.232334773976353048e+00
2.367551771957992379e+00
2.577379398904175556e+00
2.558395591318201490e+00
2.556080944142486544e+00
2.429269224399774441e+00
2.349520583313296829e+00
2.393187693611384059e+00
2.326689767112610774e+00
2.241158669340552745e+00
2.366408192042594116e+00
2.411119691367264561e+00
2.315730811801766986e+00
