1.617204954880894885e+00
1.524715530733806279e+00
1.548902194103843444e+00
1.581717899050008480e+00
1.567031263784210315e+00
1.731909697452771013e+00
1.755778537962889629e+00
1.787612081863643398e+00
1.665618408964810726e+00
1.862226794326480306e+00
1.722494216819016710e+00
1.675581023081052834e+00
1.676331213408420062e+00
1.719674506932829416e+00
1.837499103251430288e+00
1.677921009287985266e+00
1.649883164555586923e+00
1.950369413414031250e+00
1.619754401481263928e+00
1.854775736052980628e+00
1.817510906568099882e+00
1.810576769284634624e+00
1.815656347312212038e+00
1.776484908550653108e+00
1.725199726256033017e+00
1.759858765017980220e+00
1.732231156264733674e+00
1.944099672713618832e+00
1.801560392504214514e+00
1.894460767698355141e+00
1.565938619201462600e+00
1.471461107181227357e+00
1.619026101671123818e+00
1.828433116512553802e+00
1.793525615321123201e+00
1.833554804044845055e+00
1.941370381877331353e+00
1.501811469817267319e+00
1.573677707490257482e+00
1.593053407232321694e+00
1.814835367231637964e+00
1.504824922807297183e+00
1.737442964482739605e+00
1.629914992601440016e+00
1.618079608149351589e+00
1.738684639465935211e+00
1.874224448889938666e+00
1.773513599109128425e+00
1.881164933770097303e+00
1.865356989539209476e+00
1.755402665421654351e+00
1.588888180496971003e+00
1.711024176961909227e+00
1.579313025761687417e+00
1.519716213337109378e+00
1.780982391639451823e+00
1.730654478620208048e+00
1.749467438160304145e+00
1.666756312643034477e+00
1.730209556446715258e+00
1.687937321170364546e+00
1.586577405621576675e+00
1.576149770174106068e+00
1.647607667630381245e+00
1.660614286450134980e+00
1.842832289209874963e+00
1.794141721569050052e+00
1.662765870935297707e+00
1.722965571392530260e+00
1.959178263702533007e+00
1.946250165461841153e+00
1.807161378945744135e+00
1.855060337035640883e+00
1.560907357211476443e+00
1.681233208713864391e+00
1.871807637795988688e+00
1.768247503856086755e+00
1.967751358871604017e+00
1.637757110355634316e+00
1.803362786392008754e+00
1.722046463302361108e+00
1.764243635227067841e+00
1.578085441198880057e+00
1.636592154957035916e+00
1.704594648803203993e+00
1.887291978469592513e+00
1.875463213376809435e+00
1.901415819770518878e+00
1.867031278414128970e+00
1.731110149172494284e+00
1.664890037953000501e+00
1.674663848094202878e+00
1.573409636978420290e+00
1.629158339430375912e+00
1.672241658588178526e+00
1.643303729425031667e+00
1.791725451419246440e+00
1.782698684856744764e+00
1.892146321086265903e+00
1.819854020173207632e+00
