1.784897441736346568e+00
1.898077730180164124e+00
1.869290758220578663e+00
1.734656213553223081e+00
1.908961983787823335e+00
1.969059659678697560e+00
1.839987530158579521e+00
1.966409098103295117e+00
1.757534653690057125e+00
1.836748495160216876e+00
1.962389745236479133e+00
1.783226359759293889e+00
1.916578789301511598e+00
1.952514111882668324e+00
1.838388576348977343e+00
2.040473928893092204e+00
2.081920126495906409e+00
1.975345757531324908e+00
1.885134068596485246e+00
1.938947485877337895e+00
2.025716137713272857e+00
2.111766323422079594e+00
1.857575559793739783e+00
1.899296101855756813e+00
1.869349593433661028e+00
2.034587116181413080e+00
2.035466977310049774e+00
2.138336584927086115e+00
2.142586189497838856e+00
2.026846991318352664e+00
1.816848615947190382e+00
2.026977862543392295e+00
2.015416188130558783e+00
1.815037028430662946e+00
1.761330999490927640e+00
1.762646416232026114e+00
2.193889972239153163e+00
1.961395690284018167e+00
2.251974127566069850e+00
2.276458216437783566e+00
2.070274576528495558e+00
2.098331447131807526e+00
2.094034549568401626e+00
2.011373213458718556e+00
1.918064281479348265e+00
2.028340843161603235e+00
2.252473504642878321e+00
2.001479642778784651e+00
2.046763859323861734e+00
2.164912823708525114e+00
2.011784696706723441e+00
2.219136734568750047e+00
2.079696455661223187e+00
2.235241150625516759e+00
1.874244103285537255e+00
1.915668507702938284e+00
1.731849949518452503e+00
1.729521502382287412e+00
1.881938129464270304e+00
1.828556087554524812e+00
1.870542169687916978e+00
1.978579182477351539e+00
1.791426656928566175e+00
1.987759628399805800e+00
1.801479910947824781e+00
1.898552140953344125e+00
1.997484899712463013e+00
2.032012197855818769e+00
2.166415700188159210e+00
2.150112064076437957e+00
2.108567687694754778e+00
2.262124420704260785e+00
2.228003170124404964e+00
1.936451714148337278e+00
1.808548961847446401e+00
1.827149661124477076e+00
1.842955055274036358e+00
1.901492700195749119e+00
1.906981433709539875e+00
2.026795170734872364e+00
1.907201791119051082e+00
2.013775039785383747e+00
1.945886601218768108e+00
1.915595876040433909e+00
1.857408273949447297e+00
1.971103107594932347e+00
2.012419530791020428e+00
1.985949319133190949e+00
2.008609128425705492e+00
2.094582808669223528e+00
2.056098505488161976e+00
2.154738418671750200e+00
2.267405621415254480e+00
2.054832149341108583e+00
2.202877039772010548e+00
2.188960621265178652e+00
2.042560269726825251e+00
1.987506268581648028e+00
2.000783242046293875e+00
1.786756534903592986e+00
1.836365381801591257e+00
1.907298346913018250e+00
1.871530550720332808e+00
1.734956202124800839e+00
1.909142571910478425e+00
1.799955184710681833e+00
1.930147483018982868e+00
1.890062207629349178e+00
1.716257662793420735e+00
1.939261932796001675e+00
1.957409548233473684e+00
1.896011841912948581e+00
1.741969581965474356e+00
1.987906621016843456e+00
2.036780691263102128e+00
1.909594170708553307e+00
1.868773721133488053e+00
2.002100480734472221e+00
1.874299912618665021e+00
1.987995624843004405e+00
1.892357883368483762e+00
1.966586629077176740e+00
1.960894037745724461e+00
1.960401389053961996e+00
2.010742007869870118e+00
2.114238118155704615e+00
1.884556092712826647e+00
1.899434233426185781e+00
2.007634826423148500e+00
1.977954899573560965e+00
2.053039953416861074e+00
2.015985643264363247e+00
2.035256609379259007e+00
1.896733580429414312e+00
1.929643024427169617e+00
1.987585871486960976e+00
1.934149811682976727e+00
1.963475478216211156e+00
1.938195680406695542e+00
2.133875833738319461e+00
1.875334988438106976e+00
2.074309932635140186e+00
2.196249319580564130e+00
2.138351076563113740e+00
2.057317565970031126e+00
2.080062010738084055e+00
2.211403652991286606e+00
1.820284476720570144e+00
1.853938057861227673e+00
2.031330845501367222e+00
2.125665891970897281e+00
1.932142930261640856e+00
2.080111000193606952e+00
1.892252250959083337e+00
2.146897944044758422e+00
2.118288942664638075e+00
2.023717056654156021e+00
2.222269067086168004e+00
1.983096195275870999e+00
1.954145068534625995e+00
1.993656282245096500e+00
1.870841531698998139e+00
1.834906245543717729e+00
1.772215246558718205e+00
1.975391671074711697e+00
2.027103317569436403e+00
2.017340482024575277e+00
1.943361214055823627e+00
1.949777785065310409e+00
1.923995178256743488e+00
1.973002207130830410e+00
1.911424727440045546e+00
2.132616520622706791e+00
2.014610079293988942e+00
2.026718556034229568e+00
2.259066497005317586e+00
2.170921400290290126e+00
2.247906462471964240e+00
2.247118811215615963e+00
2.092386357359314442e+00
2.264494591349215380e+00
1.994534687966690312e+00
1.931264923922708654e+00
2.031468201821605479e+00
1.899818970005918484e+00
1.901567727893749282e+00
1.809354172525037052e+00
1.770934420923150787e+00
1.720846289855630928e+00
1.995484620906362583e+00
1.931597222941477066e+00
1.962898311626101622e+00
2.050846160787577865e+00
2.040895645743512343e+00
2.088999584613946858e+00
1.981444228292942977e+00
2.040511313911878233e+00
2.155725791945691583e+00
2.233476193136437971e+00
2.200117236929745701e+00
