1.827662907464397302e+00
1.856597626451237826e+00
1.890624387499523440e+00
1.810533295912674090e+00
1.693703034328778001e+00
1.947855115481723409e+00
1.812389112789375201e+00
1.953326254478126911e+00
1.698107963645345331e+00
1.879677803632734845e+00
1.896861556201770993e+00
1.828499490575665742e+00
1.912269479655947180e+00
1.917045195907734367e+00
1.723168880948190207e+00
1.856305636241429413e+00
1.951023893773001117e+00
1.871198788103173083e+00
1.782719579192449721e+00
1.846791281005167651e+00
1.976439345315959439e+00
2.071193794684272671e+00
1.762038613220325622e+00
1.810278002576199308e+00
1.960165165277093280e+00
1.969072617929963354e+00
1.911054479959602093e+00
2.018613893440857066e+00
2.078671051285609472e+00
1.931848688616629728e+00
1.905290340399498517e+00
2.030728195356676036e+00
1.962767147765891895e+00
1.787908477172094779e+00
1.863075876924052521e+00
1.825876332244179112e+00
2.072911309260707213e+00
1.925469255174333538e+00
2.166497913965371502e+00
2.089553736812966189e+00
1.977513507567751461e+00
1.987700820761149290e+00
1.945319691366488080e+00
1.882804155958937020e+00
1.806413700083350005e+00
1.978188701195611854e+00
2.043364009358341171e+00
1.851433105562299231e+00
1.921050820007325521e+00
2.003355248226796448e+00
1.917450589319560805e+00
2.141492861374405976e+00
2.074143200792283537e+00
2.109175622215720747e+00
1.768332508322302710e+00
1.827539166370004242e+00
1.748231580076293312e+00
1.770010865553098389e+00
1.835490019174123244e+00
1.731455136131517580e+00
1.939388288311462816e+00
1.893485072607686837e+00
1.805736212238419514e+00
1.952663992849410945e+00
1.703199288811980461e+00
1.794288264816368716e+00
1.918293400900601187e+00
1.884417710857010375e+00
2.040284850332170219e+00
2.089289793258853223e+00
2.116969582904420832e+00
2.200510309967068867e+00
2.079098573002335026e+00
1.838341250130838933e+00
1.836320355168460816e+00
1.796260967382389939e+00
1.825567554234984957e+00
1.876484020703605093e+00
1.894393546820350993e+00
2.005886747138781789e+00
1.865186042587266613e+00
1.951666016847654506e+00
1.850179116832064263e+00
1.813180028548539546e+00
1.764793652659742751e+00
1.895357807773095704e+00
1.874711967115815447e+00
1.913793270762012000e+00
1.898620207914808233e+00
2.040509194906403589e+00
1.945849638868476728e+00
1.958184259764904622e+00
1.974184779753187069e+00
1.928040438246772847e+00
2.113792517261761983e+00
2.192394465253996838e+00
2.083680979175271286e+00
2.032294073573289950e+00
2.064020997490988218e+00
1.823182195146100026e+00
1.827022123175690682e+00
1.894670637578075079e+00
1.822200622825954186e+00
1.766912222242323249e+00
1.887114196914255304e+00
1.732877940947230133e+00
1.947709590390680034e+00
1.737753457293426118e+00
1.735909677166243448e+00
1.878877341833996129e+00
1.945548948468045936e+00
1.834507144230380415e+00
1.738455749919263216e+00
1.965940799759785085e+00
2.036070132671951693e+00
1.759014035992947811e+00
1.767258237034307067e+00
1.928005966534117377e+00
1.812540096556400915e+00
1.839980086760875322e+00
1.814694642633619903e+00
1.878522462737331589e+00
1.976418327618104431e+00
1.798861354949120361e+00
1.872185998003154772e+00
2.023641888354051677e+00
1.767904045151441617e+00
1.838300982125675720e+00
1.964481198592200162e+00
1.859473080865296168e+00
2.031185419063629372e+00
1.990251195484875835e+00
2.028727202993434009e+00
1.900914898027657784e+00
1.966986973939204963e+00
1.950957912022642349e+00
1.871931935198804187e+00
1.851699328566806191e+00
1.775835553484632845e+00
2.093888733748833442e+00
1.820107810430224404e+00
1.999115873546472466e+00
2.115959987929186159e+00
2.029591796492730360e+00
1.998420091368370732e+00
2.017829312099785888e+00
2.031510179492244994e+00
1.829863473502241877e+00
1.803026579607249769e+00
1.921372946462379883e+00
1.981678245746108402e+00
1.854080841158388893e+00
1.911014686829302311e+00
1.836530601507886606e+00
2.010732548064716241e+00
2.028609057684766181e+00
2.059053825470970711e+00
2.136699964373012683e+00
1.837343228153550445e+00
1.845132198681402214e+00
1.856011578888322910e+00
1.804253854978599358e+00
1.815119698962191386e+00
1.746851216232338189e+00
1.991853057786268089e+00
1.887825303367598018e+00
1.921861758741307602e+00
1.932250153601266618e+00
1.896392570352928741e+00
1.839710875239987775e+00
1.867194691788566008e+00
1.909813172646470436e+00
2.050798194873877378e+00
1.936147392915708476e+00
1.915509488803067040e+00
2.104083116171479695e+00
2.112096420603159608e+00
2.185012026540734453e+00
2.142763088353940581e+00
1.940887064453462152e+00
2.053633628395219901e+00
1.997208356280802510e+00
1.866504539274650210e+00
1.926234136791221685e+00
1.851550071652138474e+00
1.889995060276300931e+00
1.792874364619034377e+00
1.760195888754674698e+00
1.726855619683560050e+00
1.936769941691699692e+00
1.841282700389448079e+00
1.837074422297153564e+00
1.885676268407012079e+00
1.927118822333194093e+00
1.982541154507430292e+00
1.936677388837001690e+00
1.981491068860254057e+00
2.119393728143081912e+00
2.110319140087793865e+00
2.089187777420512759e+00
