2.286648149293081467e+00
2.218290443818875524e+00
2.280452704247398987e+00
2.136623583222170275e+00
2.228347653022256569e+00
2.110294766499932528e+00
2.182714470460311862e+00
2.386913694717220924e+00
2.121479424331409902e+00
2.026019829842859998e+00
2.053902729741589717e+00
1.999854229803316841e+00
2.129166620856286940e+00
2.248339827107379563e+00
2.055200271436024906e+00
2.141330093755787978e+00
2.319370900015363279e+00
1.997475362733518445e+00
2.457834755905744739e+00
1.963852797449814558e+00
2.010701702989206918e+00
2.133576551957504730e+00
2.584543049887932487e+00
2.455696480192647524e+00
2.027660361722760651e+00
2.361098460978814817e+00
2.164710235316213094e+00
2.081742827856300160e+00
2.475429391455346906e+00
2.073628412921460384e+00
2.320352542260216033e+00
2.551172357939722968e+00
2.201581653587338039e+00
2.177929678279950654e+00
2.500154463814023398e+00
2.662038189674249988e+00
2.582316585551406529e+00
2.557006544493883649e+00
2.584057812330322168e+00
2.045263936097629021e+00
2.284918954465504637e+00
2.292833834056460685e+00
2.218256069944907871e+00
2.478148204655115983e+00
2.159243924939119985e+00
2.395538628702115869e+00
2.265581150330307825e+00
2.333349622452872918e+00
2.237780340167493165e+00
2.244833010609582846e+00
2.499144495672257271e+00
2.306404364922948425e+00
2.358060970412633406e+00
2.270971929335665607e+00
2.069356512821283189e+00
2.196677267702654479e+00
2.408475640721378763e+00
2.115480487999270576e+00
2.175010727795460230e+00
2.150921453774258474e+00
2.569166268866331038e+00
2.014474949774660129e+00
2.287587700609344576e+00
2.149438411268215887e+00
2.385784707979147878e+00
2.412494409680752128e+00
2.210068210030940339e+00
2.159011266878303914e+00
2.284796705012396956e+00
2.418019837422530571e+00
2.312628614082649303e+00
2.426678145128030817e+00
2.466430320243633734e+00
2.240106878878102226e+00
2.459746316897437168e+00
2.332336156098402835e+00
2.199898376743105732e+00
2.330262173877378551e+00
2.514472735260136371e+00
2.309102888906293671e+00
2.414398819975041022e+00
2.303875970158160147e+00
2.114498449076900322e+00
2.225483582420083817e+00
2.195877317219375957e+00
2.093915361730755986e+00
2.268737442438977236e+00
2.391451785166394561e+00
2.583894961852924776e+00
2.501902486769270073e+00
2.534779480935421603e+00
2.479588788596750248e+00
2.266221393677785301e+00
2.134151592614667248e+00
2.196135234713793682e+00
2.411636495636256150e+00
2.514176979116837796e+00
2.551022170018265367e+00
2.265830812007226136e+00
2.196018280598438288e+00
2.333740232731529751e+00
2.497210004110163251e+00
2.663558005930270145e+00
2.652457029521603893e+00
2.551321804797022530e+00
2.513961249827785682e+00
2.588237058258361145e+00
2.610830441996952356e+00
2.532212809408235898e+00
2.495664002552001381e+00
2.650152221397279906e+00
2.417105216740990770e+00
2.326315646817114668e+00
2.322722376197511540e+00
2.281288138236100771e+00
2.303173880484143066e+00
2.297449888961873299e+00
1.913599821208626928e+00
2.604379606444092943e+00
2.280211454155703255e+00
2.682386945044636040e+00
2.479105327065957098e+00
2.398504990426611361e+00
2.469051773956463247e+00
2.556930013108947186e+00
2.390207926266493477e+00
2.559576570336932644e+00
2.371690844836749079e+00
2.590549533469281407e+00
2.533250224758524016e+00
2.424433464344236455e+00
2.430492714239738561e+00
2.647760745144156935e+00
2.487052954150281270e+00
2.319441852206565180e+00
2.588624575762688451e+00
2.538926353260040791e+00
2.593476508705049088e+00
2.289018312618118944e+00
2.302683908146454517e+00
2.152643004480757405e+00
2.279300484514805269e+00
2.096599774711975339e+00
2.326308071379210141e+00
2.096486667887378363e+00
2.065839864729926756e+00
2.088957899746703983e+00
2.131374720280492241e+00
2.316860105244453738e+00
2.366225899241665598e+00
2.238073936018232235e+00
2.258646227652196359e+00
2.037060415095798049e+00
2.269617624857301674e+00
2.610109877156868929e+00
2.403607765572203903e+00
2.480043776168640690e+00
2.300560319391873332e+00
2.567714296039831812e+00
2.518799882244260768e+00
2.292780524352349580e+00
2.410535394662055353e+00
2.579718198580466915e+00
2.607751264027309279e+00
2.541149492720137459e+00
2.235352260058312890e+00
2.446606358590095454e+00
2.368336543001556826e+00
2.398536059806384735e+00
2.441780982152492729e+00
2.566671392505504468e+00
2.391159665988786376e+00
2.504894975419583503e+00
2.348889446346535959e+00
2.446830728143437828e+00
2.351070489362135696e+00
2.644189327090970654e+00
2.664289911059410709e+00
2.650427710621359179e+00
2.537985114129257536e+00
2.702900616815673285e+00
2.608684982019679577e+00
2.442078170953452698e+00
2.543138773551842036e+00
2.550353110090390452e+00
2.181206020166724269e+00
2.398577453527420911e+00
2.449240190793889216e+00
1.911288058614258434e+00
2.253703771895288810e+00
2.018141712729966564e+00
2.301641603164742200e+00
2.119506943232810858e+00
2.105024286706631553e+00
2.353900050663946697e+00
2.164239885927485396e+00
2.130594118139625515e+00
2.166451894384464616e+00
2.531651510679969519e+00
2.344973151547610879e+00
2.260501794166270617e+00
2.626079827692072044e+00
2.361986104499239403e+00
2.386581286016362213e+00
2.476610925104607563e+00
2.473182131849335885e+00
2.253863046279068971e+00
2.121850813432693439e+00
2.309875364551100763e+00
2.370194486779707344e+00
2.313419303764138402e+00
2.349382614026071625e+00
2.377898807705846274e+00
2.371781708603031280e+00
2.363326712270971353e+00
2.502888006434892176e+00
2.437022663554933466e+00
2.314583255362600234e+00
2.377922528542162794e+00
2.647873685885024031e+00
2.579231045107771347e+00
2.463976873255341538e+00
2.602198041400123341e+00
2.433480716248211273e+00
2.411246041024500020e+00
2.381441700483166279e+00
2.489285774343190649e+00
2.351410281623418363e+00
2.411099588315310349e+00
2.424980764114521126e+00
2.492045084879214834e+00
2.598790129679819039e+00
2.456343660656886918e+00
2.502814020429310560e+00
2.568945815061458582e+00
2.624544305264441935e+00
2.475823870523603976e+00
2.675945233752398345e+00
2.520148887465645249e+00
2.464778240401421794e+00
2.705148615049124849e+00
2.521674660687880376e+00
2.535639884226688068e+00
2.497070539326839977e+00
2.482568901776180503e+00
2.372184223572918693e+00
2.605061944741294599e+00
2.603038916570343808e+00
2.176373050710529888e+00
2.126828442531013774e+00
2.049868958793530371e+00
2.259440005009090591e+00
2.268419157567779898e+00
2.172214847156548334e+00
2.194106389981617333e+00
2.171335985379514444e+00
2.321943501323090242e+00
2.217450884274748457e+00
2.213081292205838047e+00
2.025208640981897013e+00
2.035763104669303658e+00
2.077411647783242721e+00
2.375223324132993863e+00
2.127541877406901261e+00
2.067336442150252029e+00
2.273809814369192495e+00
1.931642089049480537e+00
2.287042098546988367e+00
2.116596890958110322e+00
2.511381472006120941e+00
2.104089488487295601e+00
2.125328968094807980e+00
2.430494014269484637e+00
2.334028803677250519e+00
2.108779440921180193e+00
2.303153502479325265e+00
2.445815984347320615e+00
2.198706229575715820e+00
2.307252461398974219e+00
2.294560550082250572e+00
2.166845119185831336e+00
2.438594164908264528e+00
2.525746846028650960e+00
2.533044475029123443e+00
2.601975841836035475e+00
2.072002096266839288e+00
2.146712036497118614e+00
2.218031747105313034e+00
2.333140073058814323e+00
2.448074369449562138e+00
2.381664660505043773e+00
2.409257851547105922e+00
2.308489970218182474e+00
2.339942935033357152e+00
2.346648357575830346e+00
2.401557025324324801e+00
2.328317071843559738e+00
2.163936625469063291e+00
2.179798201176938122e+00
2.242011744776082782e+00
2.180963731303220854e+00
2.186047036833104418e+00
2.148572053534844262e+00
2.242625171745256552e+00
2.185764297289775726e+00
2.416604917948232067e+00
2.127830199831618252e+00
2.306244374212207848e+00
2.460802303820922798e+00
2.100635072720543839e+00
2.464669587578204979e+00
2.078778613892541038e+00
2.384181681324009983e+00
2.186834917422030067e+00
2.364351358710018669e+00
2.297314056642609348e+00
2.142694309148669429e+00
2.395735175696569019e+00
2.282533982314913334e+00
2.396268740221668470e+00
2.212032417978252674e+00
2.530451232100233039e+00
2.317832606685684027e+00
2.361611076519945840e+00
2.455765433614301330e+00
2.036828580879081141e+00
2.343166492964677161e+00
2.367691846453682913e+00
2.480088316706543949e+00
2.221138914532481135e+00
2.197894837347377894e+00
2.121238492131432007e+00
2.197651468632918270e+00
1.987739752729407394e+00
2.277317627137013911e+00
2.364710177377929323e+00
2.441247411806520606e+00
2.175765792336480597e+00
2.579067222853301811e+00
2.199828393252808656e+00
2.608717185177521714e+00
2.440819039622118325e+00
2.193749560879521887e+00
2.174304802665292247e+00
2.232730322437801451e+00
2.352005446026083746e+00
2.399110738780878993e+00
2.545086209628704133e+00
2.426095002930139799e+00
2.653972273549602967e+00
2.258467861590983450e+00
2.301260943327966935e+00
2.409594359452273071e+00
2.585098135475534686e+00
2.540359415131975496e+00
2.538122540437628860e+00
2.565399658117979431e+00
2.578423486542873011e+00
2.515166537450952422e+00
2.503060463211034481e+00
2.505847964932550909e+00
2.544615037459132978e+00
2.488966187827466925e+00
2.342077249623811142e+00
2.399474735347681964e+00
2.261083995671186120e+00
2.127158257128040297e+00
2.249748471296480812e+00
2.352028653366758260e+00
2.407363040671083976e+00
2.234353483331620538e+00
2.257524644020846960e+00
2.411448585952038481e+00
2.521822466448242483e+00
2.548377710044748667e+00
2.566391622057309085e+00
2.702919625525729508e+00
2.392252539152559088e+00
2.427265073527637096e+00
2.445527695423062031e+00
2.409543045414989759e+00
2.493028325213696661e+00
2.380400813450562758e+00
2.427229987893297913e+00
2.603344293859835012e+00
2.502575361806052001e+00
2.347632534227035439e+00
2.572814874272809860e+00
2.374651072441400501e+00
2.552126770900301711e+00
2.328086058408701309e+00
2.579261283598821120e+00
2.469659747054373966e+00
2.262394180797367316e+00
2.536983375570381227e+00
2.536947486370608740e+00
2.591287327484705028e+00
2.175888366822453346e+00
2.182379807991010612e+00
2.082955723148554927e+00
2.235442250754277271e+00
2.117607942125049991e+00
2.263012354975157070e+00
2.296387799234789195e+00
2.190491481349668756e+00
2.260164570683232288e+00
2.067757823571624964e+00
2.071548253422367036e+00
2.262715011182981240e+00
2.231505315219647123e+00
2.292554440793531878e+00
2.237537389837983781e+00
2.236074463615604913e+00
1.998701467075054028e+00
2.494442075093100453e+00
2.506478923966680483e+00
2.458058797955751551e+00
2.292180868816590333e+00
2.296648325630284759e+00
2.472242108204322442e+00
2.335676300522537829e+00
2.281765940020987316e+00
2.326832681616850973e+00
2.239378635695251418e+00
2.421865841499093897e+00
2.479515080822820572e+00
2.335732311790589488e+00
2.426028928142207164e+00
2.617864830605242776e+00
2.627200520391780980e+00
2.567659383263098505e+00
2.438700715703699284e+00
2.587570136520384256e+00
2.473296018162293830e+00
2.653123043303733830e+00
2.441412939482963562e+00
2.466624260941135294e+00
2.469039501735620146e+00
2.488213282442168328e+00
2.439208252966734936e+00
2.560392800480785436e+00
2.532560573597864018e+00
2.508864910751710919e+00
2.468763103531718794e+00
2.621473055464744739e+00
2.626762489439210313e+00
2.721580973618074495e+00
2.683080820067366812e+00
2.494384616947636690e+00
2.492792139270116447e+00
2.553703854756461666e+00
2.578566313088822781e+00
2.083702688293986860e+00
2.340301217746216356e+00
2.110263459175313550e+00
2.198494824594411146e+00
2.178422429281391182e+00
2.280644855106463531e+00
2.421964739805930744e+00
2.454020597254948477e+00
2.147023140857875045e+00
2.413607519535832413e+00
2.009194501410837219e+00
2.369758357478356281e+00
2.310082255351274760e+00
2.164670237331198788e+00
2.250216232871720567e+00
2.252983539210555275e+00
2.190294267315020083e+00
2.150054057402673635e+00
2.241820092208834048e+00
2.182868102252688569e+00
2.380212145244059219e+00
2.464446295569028500e+00
2.172977030515547359e+00
2.394966261237205796e+00
2.311930655738804852e+00
2.412665415386466172e+00
2.506126509900909571e+00
2.473129011633245167e+00
2.489613250755687623e+00
2.453923056037111916e+00
2.553410851604891896e+00
2.544647488729931517e+00
2.451236951285773458e+00
2.573665219892835143e+00
2.607947821479229766e+00
2.472592778876657071e+00
2.594086005848001975e+00
2.640310503535637565e+00
2.604508207723291058e+00
2.725948456328052938e+00
2.493405147091535046e+00
2.459142524078130165e+00
2.518169653448115497e+00
2.625357344640459889e+00
2.471460361281334173e+00
2.532153449374064280e+00
2.651256922657075688e+00
2.532176913843619204e+00
