1.915389657176465255e+00
1.828915724225742334e+00
1.872482537933024771e+00
1.830751587313473872e+00
1.806030785248300186e+00
2.153551891567989429e+00
1.836349625842269129e+00
2.044548215520478163e+00
1.778597347502742565e+00
1.888027925741322832e+00
1.899241787253787228e+00
1.818683713115850864e+00
1.976653073503098046e+00
1.948703526558594801e+00
1.859881489428498291e+00
1.902535106422515332e+00
2.069645348231991200e+00
2.039986935520926803e+00
1.945210052141985946e+00
1.999925514781325520e+00
2.071772560356055948e+00
2.098201020605041656e+00
1.799329717101858739e+00
1.796067598776230012e+00
1.935940953126960684e+00
2.059886598605087382e+00
1.825929268155085605e+00
2.092517559007386563e+00
2.168377854524744297e+00
1.963995953145146300e+00
1.951445521040910069e+00
2.055488946780061887e+00
2.106109803888545073e+00
1.930293373495871823e+00
1.790941529320840608e+00
1.829956412095679275e+00
2.162531451547949679e+00
1.933893205655601077e+00
2.275221846054243269e+00
2.130406252262506239e+00
2.178015243801760370e+00
2.133778994545747931e+00
2.057100651875478636e+00
1.957351889333580841e+00
1.996675706024086505e+00
1.984197311216980175e+00
2.172156243573982515e+00
1.954227855494319988e+00
2.116942860304174445e+00
2.108984060877711730e+00
2.025332647609934256e+00
2.172923045853618174e+00
2.097582572504739673e+00
2.140497117830406637e+00
1.775501070442262241e+00
1.774674935175079238e+00
1.748568628933010460e+00
1.870551384995479571e+00
1.794678531144368261e+00
1.782565084940830991e+00
2.126909508408830973e+00
2.116011696499106254e+00
1.922879798501590409e+00
1.990670369987821653e+00
1.731059285120910785e+00
1.885228372896853521e+00
1.894658997677228340e+00
2.023617131822101456e+00
1.999945506775840931e+00
2.119697560261772029e+00
2.213794869849189162e+00
2.359963157619464180e+00
2.280423675730160582e+00
1.911485098094009238e+00
1.903153298128874571e+00
1.874578212215332051e+00
1.935817371903488571e+00
1.968747616356954611e+00
1.950266173550674109e+00
2.119312138320998073e+00
1.955679544910755130e+00
2.169719747225749895e+00
1.885146997617224152e+00
1.760780840335369524e+00
1.866976786995419468e+00
1.860917567663130434e+00
1.990415799881631642e+00
1.979041588754035130e+00
1.927136553930490104e+00
2.090801130546859010e+00
2.011706962875378313e+00
2.035579200088179164e+00
2.185752319778872632e+00
2.095546941890055415e+00
2.194133782005024624e+00
2.198198708004660773e+00
2.243337427195950973e+00
2.056435582417830421e+00
2.262104813278063897e+00
2.050675176435525326e+00
1.833859317686244994e+00
2.013848033592657405e+00
1.841701794142797555e+00
1.805755290777439459e+00
1.904153485653367506e+00
1.806116819570154020e+00
2.148489271793561972e+00
1.799610284420128492e+00
1.838296705407575171e+00
1.874077155105442705e+00
1.951698212496222995e+00
1.901765512828570870e+00
1.814277782556898755e+00
2.004906735513197980e+00
2.156345217239985068e+00
1.873279196835924365e+00
1.923017787552134816e+00
2.018694029856855199e+00
1.912759300774916182e+00
2.027312056417796438e+00
1.872912283159494429e+00
1.966931424784116533e+00
1.993512621210938418e+00
1.885615519354388425e+00
1.993327317538224230e+00
2.085569477758935975e+00
1.856242865872063552e+00
1.908238403153500906e+00
2.008338463528434925e+00
1.945876812415737067e+00
2.038648282272967016e+00
1.958329039505044555e+00
2.045029536969095396e+00
1.979951124650956240e+00
1.988997243622345090e+00
2.096706206253087679e+00
1.945336586827419723e+00
1.905064929487694680e+00
1.794378292433779665e+00
2.225021878139907372e+00
1.945226519411578536e+00
2.100726037766370347e+00
2.207699443566039310e+00
2.121490803599298314e+00
2.122508022303760011e+00
2.083069807963928266e+00
2.075002042794079848e+00
1.932570702492883319e+00
1.970949744842342088e+00
2.016936398290871235e+00
2.101163091966431473e+00
1.965227483980105827e+00
2.018805627986578255e+00
1.897584962408989995e+00
2.168383268354808546e+00
2.109261394856098093e+00
2.122193822306286837e+00
2.186590885817545793e+00
1.848716048218962626e+00
1.895992804629241357e+00
1.860678534541490459e+00
1.879048659947574862e+00
1.881957073331250951e+00
1.827272394328261829e+00
2.068928648379776192e+00
2.112172444623142020e+00
2.015491215169801009e+00
2.026870605460964203e+00
1.870642968908387660e+00
1.909895026279494257e+00
1.903574822547178247e+00
1.959621644478777513e+00
1.961515055964846432e+00
2.011668656394621557e+00
2.000616961260658133e+00
2.173439148807319476e+00
2.182282857796603803e+00
2.276894565371225365e+00
2.306955506014972901e+00
2.043943378273538780e+00
2.177661467988127431e+00
2.127658682795305012e+00
2.025780092773377561e+00
2.103194845066603591e+00
1.922166340115570415e+00
2.005908643151591342e+00
1.927631961127537208e+00
1.835806919874168441e+00
1.883579899808633717e+00
2.054488572754072706e+00
1.797665306274951469e+00
1.886557069680327325e+00
2.106362084610909680e+00
2.032581607381976685e+00
2.115256025927611638e+00
1.971128289190257732e+00
2.065396393892485527e+00
2.145145062181002871e+00
2.243614527061743136e+00
2.190644196669129240e+00
