1.694499877380572173e+00
1.628779200706677699e+00
1.576843182903152174e+00
1.611203610965713073e+00
1.577867354458625027e+00
1.650219716038406004e+00
1.788102570006231851e+00
1.735581546251244500e+00
1.690695102531179606e+00
1.694575617223172959e+00
1.675037868036162836e+00
1.711272634066572484e+00
1.668991886549270998e+00
1.746281166891611392e+00
1.800367832289231806e+00
1.800481506329717263e+00
1.602032871281465987e+00
1.959669967117382727e+00
1.599019166845357054e+00
1.852917045078667169e+00
1.755972979862708616e+00
1.825974471439954838e+00
1.911851233275094986e+00
1.728808347106011167e+00
1.862294506810306949e+00
1.812423712396003861e+00
1.797739462287109680e+00
1.936273961349661565e+00
1.737836164882016865e+00
1.882759027899786330e+00
1.693831438205745776e+00
1.730363725463317515e+00
1.802717854095609695e+00
1.749749118963030314e+00
1.951046006217666662e+00
1.799160853688591688e+00
1.851691710800721813e+00
1.725192991061564429e+00
1.725459011564361322e+00
1.794974309692786596e+00
1.851289219885684290e+00
1.716637589006938747e+00
1.806463382505331339e+00
1.790926111333842385e+00
1.725475987795073163e+00
1.895793377673577584e+00
1.989579396620936524e+00
1.877102837786348122e+00
1.905381061610957438e+00
1.830147388987365620e+00
1.615663729462991638e+00
1.566910412958562038e+00
1.630469488156849334e+00
1.568394564321756057e+00
1.580994230408671042e+00
1.722579855469417387e+00
1.658332289965859685e+00
1.787043421356675932e+00
1.493880767635995976e+00
1.568012880392144925e+00
1.592120973757046087e+00
1.598931170030715387e+00
1.641970398049520385e+00
1.588136955503026693e+00
1.540272403201588647e+00
1.735983328023965377e+00
1.700819632199599196e+00
1.559167500747710378e+00
1.673108978055345419e+00
1.903491514002320084e+00
1.736479307293985697e+00
1.832027151440285939e+00
1.869775636651667350e+00
1.540688671738759119e+00
1.608845883689172807e+00
1.822907632252977583e+00
1.649385505083786452e+00
1.921539813474763880e+00
1.636902669294857393e+00
1.719218948612724951e+00
1.713898247721371559e+00
1.742175152051397724e+00
1.712565383980336531e+00
1.754082660870159627e+00
1.743943714974520942e+00
1.978873214263438429e+00
1.733989540486034597e+00
1.925718241998767066e+00
1.879692322345948741e+00
1.560353726463322710e+00
1.668315643201545573e+00
1.518839255711056380e+00
1.510098082654713014e+00
1.683292197908217602e+00
1.717858840746588012e+00
1.745631162412433657e+00
1.820658590901834017e+00
1.905897503700358264e+00
1.880111183468358371e+00
1.851173951100242077e+00
