1.772964194509179192e+00
1.819183640405078961e+00
1.949240270904816441e+00
1.711728737387990140e+00
1.810776657821900448e+00
1.884628884340797228e+00
1.806887007490097785e+00
2.026566546449494410e+00
1.796981530311843933e+00
1.828317238640237319e+00
1.981717942166711044e+00
1.800965896713212944e+00
1.962805305688156920e+00
1.968329158666321410e+00
1.884900330454801320e+00
1.911514082312311347e+00
2.124344469011307357e+00
2.038508248701862424e+00
1.910886763010946954e+00
1.961626596479440598e+00
2.091952529190923560e+00
2.107677534333362246e+00
1.920180327409191090e+00
1.889014816698074251e+00
2.074114179889864129e+00
1.977414567773236209e+00
1.916685086638332702e+00
2.070973770210205345e+00
2.144414950336762882e+00
1.911498267420794317e+00
1.944159659788460282e+00
2.001994027774635754e+00
2.083600040433764899e+00
1.895596083729991665e+00
1.918264188984498464e+00
1.991717307122812475e+00
2.208491507373793183e+00
2.125360785467649283e+00
2.289338710088818729e+00
2.158790560848654838e+00
2.137260349375637691e+00
2.158137571916464381e+00
2.057467783381999649e+00
2.001762758437212852e+00
1.910237514321204477e+00
2.009539194929537143e+00
2.093595096257313770e+00
1.932319350757478960e+00
2.044860351245692875e+00
2.185191365600134716e+00
2.102910685435054994e+00
2.131339070260751090e+00
2.127193757528407225e+00
2.196332993167274150e+00
1.740688522444250319e+00
1.865873514460258953e+00
1.773831615439461773e+00
1.785586726790532541e+00
1.735659024381584148e+00
1.734719557175740778e+00
2.033445353048044968e+00
2.152165460447056144e+00
1.953323395284054964e+00
1.932755064012867008e+00
1.721200937541621956e+00
1.940760733032314445e+00
1.986626058127559880e+00
2.153506498341939412e+00
2.254219036524892417e+00
2.166861439598665839e+00
2.262174865641477517e+00
2.336715352548582203e+00
2.233956916990837538e+00
1.866468924588871703e+00
1.889032565210129855e+00
1.812006625991282371e+00
1.904623861121821138e+00
1.926252888150186804e+00
1.933992247570922585e+00
2.151005206797380609e+00
1.960850119671496028e+00
2.118162521178388324e+00
1.856758094223693423e+00
1.904558858074617556e+00
1.824695621725769046e+00
1.932254405839979094e+00
2.095985419650349346e+00
2.064448800466244016e+00
2.055998289065049889e+00
2.116737344995323955e+00
2.136669439847892260e+00
2.165483259318921938e+00
2.207285689999958223e+00
2.091642964540417537e+00
2.296159828186718599e+00
2.194051516342641506e+00
2.292807503327752627e+00
2.093528392058155330e+00
2.248218241727775180e+00
1.777589077881510660e+00
1.776521712755072091e+00
1.858878044021085030e+00
1.845212306859704166e+00
1.766856944708040889e+00
1.860691438297661371e+00
1.810066037794284100e+00
1.932491180362650107e+00
1.816872305136681742e+00
1.809060180715361454e+00
1.888787976670398105e+00
1.928136972564143292e+00
1.855340824966360325e+00
1.861592802612968445e+00
1.986266773924622919e+00
2.090689543996931299e+00
1.850554761473354626e+00
1.919684241739194830e+00
2.029592091007677901e+00
1.851646422261821856e+00
1.912165070698423675e+00
1.896760652057309260e+00
1.919540551029942366e+00
2.049372080613145908e+00
1.854200791970230133e+00
1.977530461684593899e+00
2.084874797066164742e+00
1.857109666217983568e+00
1.950189645855088694e+00
1.961631731752770280e+00
1.885131774932217175e+00
2.133531841981792798e+00
1.979661127179795921e+00
2.041273709536080005e+00
1.842139844586499597e+00
1.910412873635871644e+00
2.034105029867311565e+00
1.944854079027630744e+00
2.009002632895708462e+00
1.859912789746412054e+00
2.210452222137975653e+00
2.045995565747590117e+00
2.205832200364443274e+00
2.148107565733482271e+00
2.155277119108291117e+00
2.106113674023389226e+00
2.170404106720341897e+00
2.121849773098508418e+00
2.014687024395065418e+00
2.062071420252145515e+00
1.979953872466080567e+00
2.106868888941283657e+00
1.882920026073782616e+00
1.906130931074571766e+00
1.943935355647019581e+00
2.117628858996788654e+00
2.140331481760184396e+00
2.076157208454025849e+00
2.182202123248463188e+00
1.910829539019315293e+00
1.918480155123182929e+00
1.909488710000032174e+00
1.802505211224065373e+00
1.769008787842184738e+00
1.754710272673053240e+00
2.158659196232882049e+00
2.076437584362163413e+00
2.214108180879242216e+00
1.947941279387013003e+00
1.951222761143987405e+00
1.947292059272482501e+00
1.967884745287688641e+00
2.166835558025666852e+00
2.101254749286309398e+00
2.106426037021940978e+00
2.094607463313499007e+00
2.219984751887227770e+00
2.092415640780040054e+00
2.328457305065160909e+00
2.283434938681513149e+00
2.046551453684455346e+00
2.183350602505262916e+00
2.136447238340800414e+00
2.102829952235865996e+00
2.209579185085153608e+00
1.843324582607644979e+00
1.928120068544483701e+00
1.857415814166449630e+00
1.882453160087293131e+00
1.788594477884256628e+00
2.066763090193077357e+00
1.913145653744640295e+00
2.004725564759238576e+00
2.053636512312776663e+00
2.074123459748484333e+00
2.140241166467445666e+00
2.137946219084628119e+00
2.158788047629503826e+00
2.187735048419948480e+00
2.331032396578480270e+00
2.266974355728954560e+00
