1.447671078206064443e+00
1.575732309252953822e+00
1.539624337508010088e+00
1.626495345740597065e+00
1.472205447371096376e+00
1.879586541853540682e+00
1.529565727852170598e+00
1.501042838571551075e+00
1.459417168785855923e+00
1.767599557004011723e+00
1.522902792903326086e+00
1.736457647989826825e+00
1.637428185913902379e+00
1.678722013051714423e+00
1.179294538451599816e+00
1.647671225147810281e+00
1.634814367743846475e+00
1.420232662037147930e+00
1.362547763365290487e+00
1.465495087579145261e+00
1.592339690726435109e+00
1.891215497363318176e+00
1.401433402110882076e+00
1.426593142643494128e+00
1.672071607264620896e+00
1.703311520304518378e+00
1.523166888379522632e+00
1.745418323532694993e+00
1.821597336268943046e+00
1.674347587711773944e+00
1.636844557294704794e+00
1.563274602254855372e+00
1.701506266747738305e+00
1.492337588189476705e+00
1.519416296825480961e+00
1.630596845467826350e+00
1.604104336497714778e+00
1.559289908344698716e+00
1.683815052069662199e+00
1.615963585200508312e+00
1.683147965897017873e+00
1.725934052255176487e+00
1.420644640978167894e+00
1.327608622323500409e+00
1.319216833075175455e+00
1.295343267988698255e+00
1.513553009928473747e+00
1.772265667961529623e+00
1.843575686468287067e+00
1.448152761784292641e+00
1.771686054001518906e+00
1.856466989346028829e+00
1.840755980094394229e+00
1.800599522259662910e+00
1.444560667316776792e+00
1.438144627134551046e+00
1.143396546897917254e+00
1.363964872014375773e+00
1.121079961510064393e+00
1.198412855163970336e+00
1.251558912251546252e+00
1.534235665713858277e+00
1.485523058696166077e+00
1.436240049333274316e+00
1.501742230741975881e+00
1.505122571208129756e+00
1.683231912205109815e+00
1.725119785288121710e+00
1.731096066599800531e+00
1.596226878424890527e+00
1.728644311280407964e+00
1.889661307833606863e+00
1.931716607567060873e+00
1.174786074981661876e+00
1.335811170240470247e+00
1.223334699248302737e+00
1.378619976434492411e+00
1.341069528191757065e+00
1.462276888926639096e+00
1.459310554798136428e+00
1.308846726528649196e+00
1.476964941211902360e+00
1.481129919565453479e+00
1.486403571083693587e+00
1.525136642930549957e+00
1.471723000761069322e+00
1.694697562381523026e+00
1.839498192354831474e+00
1.761079619509757332e+00
1.910282044342708430e+00
1.785621791361609700e+00
1.831987829636186893e+00
1.651980777005501499e+00
1.770177429944833403e+00
1.768441850169522045e+00
1.843717876267369382e+00
1.841420986736061360e+00
1.800850445280228751e+00
1.861110600133749182e+00
1.603600723665278283e+00
1.709451109998266549e+00
1.847647399358100406e+00
1.834507304843887132e+00
1.791294020083872063e+00
1.866255734566029112e+00
1.737704199055679188e+00
1.927382415937610949e+00
1.753677276512142669e+00
1.823240494880453477e+00
2.028643163231078184e+00
1.884860119652709276e+00
1.852066179325499773e+00
1.941189887359955124e+00
1.838771888645809316e+00
1.909920033395993588e+00
1.642413282431434141e+00
1.660584790106055308e+00
1.782801169879386638e+00
1.711247381676142432e+00
1.650368485202178714e+00
1.676043209092188402e+00
1.700267436743236660e+00
1.860344462950739075e+00
1.573055110156267089e+00
1.689739101386160680e+00
1.847639843915556579e+00
1.594174188250669921e+00
1.726143050326967021e+00
1.761191756516159224e+00
1.602156333237905850e+00
1.802277459785175173e+00
1.730674529310855858e+00
1.774082362927099421e+00
1.663670493614785917e+00
1.786979130747001765e+00
1.875131854611935767e+00
1.715594008846932805e+00
1.732853604242074130e+00
1.702559217935627922e+00
1.713321829613591030e+00
1.754311807456431671e+00
1.667239811471150412e+00
1.745635279609209167e+00
1.704292261367885253e+00
1.779554288882401414e+00
1.749677985872873487e+00
1.790054072320425682e+00
1.824507885253710215e+00
1.794359749940544813e+00
1.725517930066479133e+00
1.716667455893843508e+00
1.762508358055936197e+00
1.561845227220565846e+00
1.742317188319516541e+00
1.791751339463497184e+00
1.858844274875382174e+00
1.811188824994331314e+00
1.915730374770149513e+00
1.491734251107605269e+00
1.740247256627987404e+00
1.508382052485712554e+00
1.475685986252695203e+00
1.576730146633134488e+00
1.544598055751739141e+00
1.648475286996211819e+00
1.734903286211184836e+00
1.831166798446689503e+00
1.751761036353585155e+00
1.745723576994765658e+00
1.626646682414332634e+00
1.674757490317263064e+00
1.648534050385563443e+00
1.766167456536308134e+00
1.731689448145729227e+00
1.697498570849558464e+00
1.764564508409343757e+00
1.907401047883486411e+00
1.999480971106440075e+00
1.970420255090347128e+00
1.818266745984983945e+00
1.823406242224769436e+00
1.818917583811436423e+00
1.869401671282811650e+00
1.732088997833679089e+00
1.539220682753716263e+00
1.618506802741213946e+00
1.603138178607859343e+00
1.731616383449641194e+00
1.729072644000401171e+00
1.700301089424965495e+00
1.594126874241974301e+00
1.815209022709193709e+00
1.865356944328678823e+00
1.811274531546128719e+00
1.769402546142841093e+00
1.701282747032389020e+00
1.716976806009446355e+00
2.030562275666562222e+00
1.981482365069667129e+00
1.940587998002421877e+00
