1.594173149754282148e+00
1.498638107401665920e+00
1.507877354545226201e+00
1.577873428034334058e+00
1.572384980101532381e+00
1.708646400417074940e+00
1.732651336550490750e+00
1.819091413452996964e+00
1.779184128093737272e+00
1.850157687184192046e+00
1.720699609096874694e+00
1.741593297203726687e+00
1.771924124867349404e+00
1.801136794476783543e+00
1.920646757912904068e+00
1.698087025132553274e+00
1.693802237426664137e+00
1.946740466313853446e+00
1.630284301856801399e+00
1.963049589432312336e+00
1.930228343333257879e+00
1.886841937010069303e+00
1.959197198352075953e+00
1.838136911754003844e+00
1.922684298669631309e+00
1.807949800333267687e+00
1.737692417266969658e+00
1.983210043193932792e+00
1.851805367569419714e+00
1.953954211742859215e+00
1.642332747464610776e+00
1.710298417393207870e+00
1.745147961778432455e+00
1.844711188401345847e+00
1.913059010571892982e+00
1.833585304200791244e+00
1.973853978831678235e+00
1.617423134798538165e+00
1.697509854571432664e+00
1.719391953378535343e+00
1.886401572081122469e+00
1.569098000260086501e+00
1.679940218938153373e+00
1.609198167505500265e+00
1.588811062633390447e+00
1.808205260821792448e+00
1.850571652160996949e+00
1.832804421638175363e+00
1.932302850889794588e+00
1.949940221828074138e+00
1.718145715463301304e+00
1.596531379798940442e+00
1.715203806237755257e+00
1.579362178568525676e+00
1.537205521195216251e+00
1.800454268469121377e+00
1.747619367693549419e+00
1.799590057957370925e+00
1.748983629019712271e+00
1.714357299832048653e+00
1.694800689705328489e+00
1.581895930964595021e+00
1.498790398408281765e+00
1.665926524809968168e+00
1.746546052396952486e+00
1.876208462346204975e+00
1.850622632669959522e+00
1.616081888833183600e+00
1.797430367578850108e+00
2.002074180019984606e+00
2.037243583634583022e+00
1.886496485698786696e+00
2.001362699492659214e+00
1.601321222753079976e+00
1.702187282146803815e+00
1.898075409326818175e+00
1.843548363167062165e+00
2.036436485017576015e+00
1.604138395335422684e+00
1.803381165850172385e+00
1.772896174247960532e+00
1.776276186245130617e+00
1.626372779696645177e+00
1.629621209597117648e+00
1.710974587309182171e+00
1.776300904963283633e+00
1.943688392439394175e+00
1.938386460293102020e+00
1.995151311700603003e+00
1.678430656612268868e+00
1.671637487951340484e+00
1.684253819412639075e+00
1.575402602616008618e+00
1.617001485823112983e+00
1.685411414857165946e+00
1.652928493159538048e+00
1.777507175270131468e+00
1.872333573876874269e+00
1.941654950755306031e+00
1.936811324135232049e+00
