2.099976020809229738e+00
2.144941776634208708e+00
2.155789816890897548e+00
2.072182822917607137e+00
2.167813598357499760e+00
2.095581833139192440e+00
2.088397509702129451e+00
2.285209244129222661e+00
2.143100462834771402e+00
2.210325513952784870e+00
1.979400845481448679e+00
2.042311112218522240e+00
2.097922688812822400e+00
2.174313237548353595e+00
2.142759337587346380e+00
2.046607686662132330e+00
2.199373965677176912e+00
2.038910542406546789e+00
2.420210397765032884e+00
1.978700239703016450e+00
2.072876998162062723e+00
2.031340688346838341e+00
2.584522470617641066e+00
2.476434509074981083e+00
2.048366184867118633e+00
2.303100408974377622e+00
2.131730582339425251e+00
2.107100020292225206e+00
2.456698279549555775e+00
2.122547789001384189e+00
2.192756887531391641e+00
2.528226326386986855e+00
2.121051982174441797e+00
2.126420032591493037e+00
2.364572690366022911e+00
2.438311598134105918e+00
2.377096353544154272e+00
2.402832618417508836e+00
2.474472177404316575e+00
2.217728686194712306e+00
2.078606301604856377e+00
2.091791837357945827e+00
2.160289477980451345e+00
2.372519592121052234e+00
2.174136727790721313e+00
2.366480458153743083e+00
2.327665844093246506e+00
2.411293119548088448e+00
2.160508542057275605e+00
2.291911267121935492e+00
2.278840914030245024e+00
2.325897494138184474e+00
2.342960178513578740e+00
2.321432225803838900e+00
2.212455920551561483e+00
2.150979424980169696e+00
2.294631169980922980e+00
2.076073863317565937e+00
2.211222968741107575e+00
2.132253045051696105e+00
2.298464787467508152e+00
2.190260638924879988e+00
2.197765651800251518e+00
2.123836703382789182e+00
2.395794044183827243e+00
2.335227653314695395e+00
2.216202869124177077e+00
2.087595118777334502e+00
2.285705923216989621e+00
2.398199017171496639e+00
2.236958677120356231e+00
2.409490841378634673e+00
2.473615570868589408e+00
2.318374888933251388e+00
2.478993107226399317e+00
2.300621943044194762e+00
2.326007534945078170e+00
2.343850559762073793e+00
2.438247916714961772e+00
2.388736044913875034e+00
2.495238892977964085e+00
2.292045894406519846e+00
2.228758120499767514e+00
2.284396752638520045e+00
2.418151426505146251e+00
2.272651633228446766e+00
2.166284948071663941e+00
2.373505214521717477e+00
2.548247770406973700e+00
2.518162735568788335e+00
2.437986113026864743e+00
2.352192573992463842e+00
2.103976222166807908e+00
2.126843161523664261e+00
2.267502420654099460e+00
2.432851088335671985e+00
2.310581574002897653e+00
2.573326243186914386e+00
2.207620782221170863e+00
2.207341059953383589e+00
2.234200505975138640e+00
2.423655221295621942e+00
2.575786290663969691e+00
2.587236809345831556e+00
2.521438560615847813e+00
2.550704641430395991e+00
2.661745901807828218e+00
2.542726335151091810e+00
2.474887987216600749e+00
2.489673214348931296e+00
2.475488643996178961e+00
2.321638640814712495e+00
2.449560085285495514e+00
2.319001220856947043e+00
2.277116857644648551e+00
2.361972663062577471e+00
2.403303069184416607e+00
2.179830227009505350e+00
2.598263740033802005e+00
2.191087792307736759e+00
2.675576629756135194e+00
2.509522283351034222e+00
2.376349853339943863e+00
2.437029082226706667e+00
2.506630583333186113e+00
2.449120007493748474e+00
2.639813890537956897e+00
2.394550586125321345e+00
2.553899095587359724e+00
2.582866403006042422e+00
2.413958941905050892e+00
2.396676098363378582e+00
2.493828885926397287e+00
2.398892625537027978e+00
2.279666076910375594e+00
2.575238691486417597e+00
2.496063097225752259e+00
2.535243664925968421e+00
2.149479974870417642e+00
2.131126722793868833e+00
2.113884149470806939e+00
2.081440854923207073e+00
2.165249326964779453e+00
2.217758519377027948e+00
1.997632899584233179e+00
2.133756758593605696e+00
1.989675789643126080e+00
2.085361615976102367e+00
2.142485604568103330e+00
2.328158754968494559e+00
2.278443993707487181e+00
2.008648024964877266e+00
2.024623967993058216e+00
2.185784079103692434e+00
2.408736317485142830e+00
2.355739636263828540e+00
2.369533146332628348e+00
2.185447784373484748e+00
2.485028750393136310e+00
2.199043752618797143e+00
2.044045865437373433e+00
2.238254636690580668e+00
2.561477959221861944e+00
2.624788716947827449e+00
2.697394408947026978e+00
2.086979695046948358e+00
2.379658879194801901e+00
2.365817074745220072e+00
2.536383278705132582e+00
2.426027106261274380e+00
2.552488963587305815e+00
2.443603712052259791e+00
2.545437680288575422e+00
2.580373358152129537e+00
2.617894084632573115e+00
2.381992580479419530e+00
2.508635308343162063e+00
2.426193412906031188e+00
2.519431095093755513e+00
2.643777867755419120e+00
2.612192712003754025e+00
2.638557721969591263e+00
2.435677256392668522e+00
2.534054391731265898e+00
2.516324651737477325e+00
2.225967675114443711e+00
2.364575236567854066e+00
2.492856056095120731e+00
2.303899546532441445e+00
2.416824571158414869e+00
2.303334071658809545e+00
2.469316537580107607e+00
2.295422099323764176e+00
2.308535922058308376e+00
2.431884810912625206e+00
2.284794409379240943e+00
2.323783249387949557e+00
2.305493586810837048e+00
2.438322402805677136e+00
2.250794942425883516e+00
2.274837903862833244e+00
2.476337074775775804e+00
2.299308578064855002e+00
2.311149116966936035e+00
2.490970875264564732e+00
2.368233442831784608e+00
2.199048691051641580e+00
1.893574295888767578e+00
2.050755016069656822e+00
2.142729773564596485e+00
2.141070069993109115e+00
2.425652986163784774e+00
2.199982733214207453e+00
2.222645530034106809e+00
2.328304145227455546e+00
2.473676301139046352e+00
2.453080547909312070e+00
2.265694058586809945e+00
2.274037718673648012e+00
2.612879869802959387e+00
2.427746948928363846e+00
2.350612371552207147e+00
2.599589444681121186e+00
2.338611958475561359e+00
2.422834137292493750e+00
2.474865500956401565e+00
2.436652268438336932e+00
2.429015168160966187e+00
2.503326685389621886e+00
2.486558183714172365e+00
2.655881346848838920e+00
2.585091609284622560e+00
2.646061520354874741e+00
2.460711059128678269e+00
2.690675047659333963e+00
2.626268505134800257e+00
2.548570304229856198e+00
2.544210522900171689e+00
2.559146070084522329e+00
2.455969164865021703e+00
2.809109259582623253e+00
2.379813398575548078e+00
2.445559836974903423e+00
2.411630050740673603e+00
2.419348692828357628e+00
2.412485500018092921e+00
2.377597524692736108e+00
2.520320010409652589e+00
1.953304232520299832e+00
2.178933073887181493e+00
2.058800925869494591e+00
2.131753776750789253e+00
2.162146098875647571e+00
2.245857069414138873e+00
2.122138615164484765e+00
2.170223891643008773e+00
2.129320945184629998e+00
2.216131765658977404e+00
2.189594543484097322e+00
2.059412983412875597e+00
2.112502967488424144e+00
2.191067326045115671e+00
2.290310246281283657e+00
2.224848372146312592e+00
2.117880879896642199e+00
2.437064100385044618e+00
2.027224709488248955e+00
2.218337689299994420e+00
2.168102066210103818e+00
2.627429594823815773e+00
2.128452355804590912e+00
2.158160879360448980e+00
2.421397558692955254e+00
2.424550788796534295e+00
2.212127618858361178e+00
2.280944444693893125e+00
2.500389215675614452e+00
2.215445031294305700e+00
2.309251837768344195e+00
2.375244850197973268e+00
2.208933168749298570e+00
2.489334194728129113e+00
2.467014786395338000e+00
2.483014153876758279e+00
2.440206420754400529e+00
2.107844588568596134e+00
2.074197681331530596e+00
2.152223988937372212e+00
2.127415300589581282e+00
2.568354072774596819e+00
2.367467753079856685e+00
2.385940980106042275e+00
2.074162699831119561e+00
2.292860350417857518e+00
2.323754088627546288e+00
2.347084243172966378e+00
2.318344299839610212e+00
2.257118026273625233e+00
2.177926290328994874e+00
2.285920950326563172e+00
2.298933151970165234e+00
2.244109941298920496e+00
2.180303902284954187e+00
2.242275809823666144e+00
2.086601651009240666e+00
2.339671579574631455e+00
2.044610235054085567e+00
2.344601968449342433e+00
2.417580182987461690e+00
2.021978462679315580e+00
2.500183092738421653e+00
2.060699262765745221e+00
2.339573824967030813e+00
2.112021538527734776e+00
2.390161666176634281e+00
2.344663905870155496e+00
2.190210461746805226e+00
2.383396608542209805e+00
2.166905920495947324e+00
2.476825619799609690e+00
2.156352535587688468e+00
2.520448912624676741e+00
2.325057801486259734e+00
2.321314097969546353e+00
2.500150221502558612e+00
2.060500738436690682e+00
2.240294570519808293e+00
2.435936219844041517e+00
2.378048122196296799e+00
2.274910650468712880e+00
2.228985789094500181e+00
2.220485880618896513e+00
2.269568811952431986e+00
2.135360529207980473e+00
2.248541472328033919e+00
2.328813519287993294e+00
2.475466646482849420e+00
2.318581429959180706e+00
2.547364291142294235e+00
2.201850272944756437e+00
2.380643769001749455e+00
2.324257250591020174e+00
2.315817178342184590e+00
2.050981201956163513e+00
2.265842638288664279e+00
2.228863840643696914e+00
2.422151726514532033e+00
2.302724894818013901e+00
2.400248762469274766e+00
2.477402057159845850e+00
2.241424459218309018e+00
2.331066248045921885e+00
2.426953760265598614e+00
2.451776547155595232e+00
2.408347420215414925e+00
2.395428814308407262e+00
2.619316977635139487e+00
2.419691222261824315e+00
2.534738554868595450e+00
2.519177482416961933e+00
2.581349873393302907e+00
2.467753897525060580e+00
2.400919982119291696e+00
2.505531817849624865e+00
2.577595289249421384e+00
2.288743336690474806e+00
2.230336901639287106e+00
2.373913014499137830e+00
2.182638769211090235e+00
2.373391060427421539e+00
2.297049592798225515e+00
2.431231842205562099e+00
2.435625085338646301e+00
2.451667125527025259e+00
2.361285756554310389e+00
2.454655415922396777e+00
2.610804829116081915e+00
2.290459841726979029e+00
2.327139290308694264e+00
2.356501050037549394e+00
2.419045640097332139e+00
2.490293811141918834e+00
2.362795701280353100e+00
2.191998304381376883e+00
2.651063365307952058e+00
2.490916937786021190e+00
2.368335760822857239e+00
2.478031137290360952e+00
2.475166432501810121e+00
2.376368114363688999e+00
2.291945639555034830e+00
2.563481441793245441e+00
2.288898847904729195e+00
2.206543109625170196e+00
2.572998771444146016e+00
2.527728190515912576e+00
2.569560195834845739e+00
2.057721015540996845e+00
2.072669234202864530e+00
2.070838949821231623e+00
2.091441047225710115e+00
1.922167185114659116e+00
2.181856453175896604e+00
2.141114636466561638e+00
2.139066831294584414e+00
2.104167451408796019e+00
1.968062542128106829e+00
2.066599655073317887e+00
2.194531678931695318e+00
2.141230829406751912e+00
2.117081012682992647e+00
2.162217654282531765e+00
2.241683112746423401e+00
2.098532856451690964e+00
2.479952356734399288e+00
2.554502853177279320e+00
2.425224409238459167e+00
2.246032531192625026e+00
2.297422554501579395e+00
2.474608880967703151e+00
2.321440266349129811e+00
2.484690699512539513e+00
2.290012943912867804e+00
2.062683684417541574e+00
2.264413966423314939e+00
2.389416082962632526e+00
2.291749921747143759e+00
2.312362906568400600e+00
2.533283829655540664e+00
2.491195465778183848e+00
2.447215428331508846e+00
2.125770566938625983e+00
2.489455739467374418e+00
2.287674752113571408e+00
2.484263619406763990e+00
2.147591284810209000e+00
2.434163530556698873e+00
2.542354053240097222e+00
2.633508641238947234e+00
2.535082920211881419e+00
2.636382060238544156e+00
2.677710359152462694e+00
2.510806271732643147e+00
2.366793660071748295e+00
2.506203201518413692e+00
2.419245602607740686e+00
2.739082168443990994e+00
2.629164344664279618e+00
2.402924300146665804e+00
2.441461829437521658e+00
2.495870664565460029e+00
2.521383591086550080e+00
2.268772779014152974e+00
2.358157339004463893e+00
2.382325288502266325e+00
2.268865419206913536e+00
2.435146574473603831e+00
2.303151687275756920e+00
2.463534840851297592e+00
2.468062272909729682e+00
2.162230620548619697e+00
2.260442129654078869e+00
2.204936606297880353e+00
2.208377428858083302e+00
2.362968384991849913e+00
2.132901204245983173e+00
2.355937762341534736e+00
2.208811426835865177e+00
2.258971708065356854e+00
2.266457450887449543e+00
2.205503701558942264e+00
2.014100011225516518e+00
2.270121993714941055e+00
2.337482344762099817e+00
1.979602464133620288e+00
2.374244592387566133e+00
2.140969881880906645e+00
2.250906322216918998e+00
2.464631341222884409e+00
2.368858444547503606e+00
2.486778521618100868e+00
2.230346905325226281e+00
2.456593926983303255e+00
2.395422206928134123e+00
2.291150145543851213e+00
2.560607402952080225e+00
2.512768361901684955e+00
2.546105620149129223e+00
2.588702714315703979e+00
2.563044824081927686e+00
2.630314782747022129e+00
2.676596761885154052e+00
2.458590163044907850e+00
2.394743623307548752e+00
2.503985277619966698e+00
2.363157743190115845e+00
2.236514685112862999e+00
2.395058765870603956e+00
2.477552466964655142e+00
2.406224177548760057e+00
