2.102432766276250753e+00
2.139390577327127563e+00
2.172989006544189028e+00
2.143503021522038310e+00
2.172642386072044740e+00
2.125558600747617710e+00
2.219235522880013356e+00
2.304992008063762032e+00
2.279269615377757408e+00
2.007552962324810952e+00
2.057534143066934273e+00
1.979031854028014070e+00
2.342309949819244785e+00
2.284263616452371082e+00
2.054978241848978371e+00
2.276178756844467355e+00
2.258361779613025977e+00
2.036258637004064731e+00
2.357343688204011301e+00
2.022204937813979253e+00
2.074401028765891830e+00
2.239273159333670549e+00
2.456168934041919272e+00
2.372275755569437372e+00
2.230194192268192044e+00
2.274953191644204953e+00
2.051213967944285788e+00
1.970221524966513371e+00
2.486204047144059182e+00
2.072478856268932468e+00
2.188189505194773954e+00
2.487231488784469313e+00
2.043242544541494343e+00
2.043056958692603953e+00
2.358147882626938863e+00
2.491299841415048899e+00
2.344983548897222381e+00
2.347627895470974391e+00
2.517292472618055665e+00
2.204631352049659210e+00
2.250493235274704240e+00
2.519417818234747752e+00
2.226583977324020580e+00
2.703593889652056159e+00
2.161460383618005299e+00
2.607016394974103424e+00
2.236310888156340937e+00
2.601085196474441474e+00
2.214058213189193935e+00
2.335161058173260251e+00
2.494436564031270009e+00
2.366926969125070723e+00
2.361923463706527837e+00
2.248473022615029127e+00
2.242439249777463672e+00
2.261812307925871846e+00
2.347343567099222206e+00
2.160800785755474074e+00
2.303162056782460887e+00
2.237288943658890972e+00
2.353561660054987570e+00
2.238797202066507008e+00
2.189273024224966946e+00
2.310056195619600405e+00
2.420848513908271826e+00
2.432820413312752894e+00
2.377982208492281924e+00
2.220994231632768212e+00
2.348709667782984845e+00
2.411778272127040879e+00
2.286806070575659433e+00
2.495773832481581689e+00
2.585619124668116608e+00
2.364238660090333788e+00
2.459085407663232914e+00
2.557096451383791269e+00
2.406313077806566891e+00
2.526360748123207323e+00
2.664556290890971457e+00
2.585326133792313019e+00
2.508101883723061754e+00
2.564174986598633854e+00
2.197141825216708977e+00
2.251321592902433277e+00
2.310417288717966589e+00
2.332508982539811981e+00
2.121157868542547398e+00
2.256932396872328273e+00
2.582571662013114278e+00
2.457221913774564559e+00
2.403638054579937844e+00
2.279809363270486777e+00
2.309918427910045757e+00
2.256272111299284955e+00
2.158967672141616223e+00
2.396367651511458252e+00
2.427009124196750633e+00
2.613546849641262160e+00
2.353235713925597494e+00
2.334699469579256892e+00
2.402198550049714498e+00
2.551828131088798912e+00
2.672277441037106627e+00
2.614445976403386496e+00
2.743337112069967443e+00
2.488243017817852287e+00
2.507088919588911669e+00
2.445930523021801140e+00
2.570924773106202821e+00
2.620176315597575023e+00
2.631935176899130813e+00
2.527856125299123846e+00
2.584204276145643409e+00
2.466701432270619776e+00
2.315756007903526648e+00
2.565141012404374976e+00
2.361073872344574109e+00
2.175289656435817509e+00
2.505691302101558549e+00
2.296449474428038151e+00
2.693266332175876077e+00
2.568376886788307001e+00
2.334063648976523631e+00
2.417680705896264826e+00
2.550844630667782553e+00
2.487230025237567421e+00
2.628059002504009811e+00
2.406162493277979930e+00
2.597186115694692266e+00
2.518939268462691672e+00
2.339156037110922348e+00
2.366649885597760239e+00
2.674863336425113758e+00
2.390575225829703498e+00
2.356602345340588212e+00
2.683110458113566299e+00
2.504583083393958631e+00
2.599053752802103379e+00
2.313199150386357150e+00
2.228504135203571046e+00
2.292061485469779836e+00
2.278514084520126826e+00
2.283828242421575450e+00
2.375186184956575186e+00
2.165506034189221829e+00
2.194884304204077985e+00
2.083885405206433283e+00
2.072095444861894897e+00
2.275210515473129469e+00
2.264074611432935313e+00
2.349966596704414989e+00
2.190604677537725031e+00
2.031520227105712006e+00
2.313065236488967003e+00
2.443926781384919256e+00
2.402052060187082727e+00
2.307214111887331054e+00
2.235868405503987244e+00
2.492068765349430226e+00
2.249711717951170531e+00
2.148031859095076435e+00
2.275767742220688561e+00
2.538100194628997386e+00
2.692065470766049184e+00
2.596518241269987204e+00
2.316959610645226153e+00
2.423913979270425401e+00
2.410620782352169922e+00
2.444468193576597059e+00
2.469080243327569590e+00
2.593873008073299680e+00
2.524679000370484427e+00
2.514831691531849600e+00
2.575110044228759332e+00
2.508309128491306605e+00
2.395972448781464870e+00
2.600792293935826116e+00
2.536673695748647539e+00
2.420334869159050495e+00
2.679171115201649300e+00
2.681262514620498916e+00
2.628559639646578905e+00
2.516576846276731949e+00
2.641924300587606300e+00
2.694913262333419546e+00
2.262625939780185114e+00
2.352674025224575693e+00
2.397162724617069252e+00
2.272997416270191362e+00
2.307413076607144120e+00
2.178833668508223909e+00
2.376634824223474496e+00
2.217801114542272245e+00
2.189946566608242939e+00
2.353552628068818819e+00
2.216032587941761722e+00
2.147974684561442693e+00
2.202981155684013981e+00
2.445754418297851451e+00
2.316675705799075224e+00
2.275705968052868400e+00
2.526475990447410780e+00
2.441887764235190161e+00
2.304597943297783225e+00
2.510365343980327513e+00
2.369077151196909536e+00
2.282931420160345670e+00
2.096356508444593203e+00
2.193459560654801077e+00
2.270682351238695773e+00
2.279104116623053677e+00
2.317099173158724934e+00
2.214032301504216260e+00
2.377380193122172525e+00
2.306478293037370619e+00
2.304335793600281512e+00
2.401543769686684815e+00
2.351822613731109346e+00
2.371978415364707438e+00
2.520513995737448720e+00
2.405300847286548471e+00
2.343182279191822204e+00
2.515218012695111138e+00
2.393823267587076309e+00
2.327654250889207077e+00
2.388812051309936901e+00
2.459755986299985153e+00
2.372099893622884537e+00
2.383808841504520437e+00
2.466954418876598609e+00
2.724252131854111969e+00
2.614067903987128183e+00
2.524120836652290478e+00
2.421271364844082452e+00
2.533265399638395365e+00
2.704590651440333726e+00
2.433871896654580258e+00
2.625753371008762826e+00
2.471850690641923087e+00
2.490084428500061176e+00
2.695105421461822193e+00
2.465737651197482894e+00
2.439568592101277300e+00
2.388022801486964219e+00
2.489480614048062534e+00
2.425561095898565167e+00
2.431438377493702951e+00
2.477358126998620680e+00
2.020529141701589815e+00
2.057311879150085954e+00
2.065699097340394808e+00
2.246782873302120898e+00
2.338740649653947123e+00
2.221200388595553576e+00
2.234715076601683670e+00
2.134900467907484334e+00
2.113843682137078517e+00
2.153974322520280982e+00
2.302804803736908656e+00
2.106661035125027226e+00
2.015526549262545597e+00
2.077458347527035176e+00
2.311915590361560024e+00
2.341142821256978035e+00
1.960575381583355536e+00
2.210702141867349368e+00
1.984646921786238583e+00
2.376097304989583492e+00
2.132081919050315744e+00
2.443699450297112552e+00
2.011381318273946839e+00
2.276315404633677986e+00
2.423040017621108877e+00
2.280578534565446347e+00
2.044430851295622187e+00
2.334454396316815838e+00
2.389906508664419782e+00
2.179737540199543133e+00
2.245277283026973159e+00
2.125676763524918744e+00
2.068942157454271680e+00
2.457486707037964901e+00
2.378373361336282965e+00
2.241877066178914468e+00
2.542081038794419268e+00
2.230689574740994274e+00
2.146090950361988270e+00
2.160580676426672397e+00
2.362551219671289449e+00
2.637987216211416630e+00
2.516151551842658485e+00
2.408096285823116300e+00
2.293604496417230187e+00
2.318317739850793036e+00
2.331323492404359321e+00
2.343225751296705184e+00
2.361205246810326397e+00
2.277203773625379402e+00
2.230446907995935923e+00
2.318892606706706605e+00
2.297163347483759832e+00
2.334471357234670919e+00
2.239561122674104343e+00
2.240961909696651766e+00
2.224259917470846837e+00
2.345805932104532587e+00
2.198885538778531323e+00
2.202869014835322936e+00
2.417546975222133021e+00
2.299308932475020217e+00
2.437954154081681590e+00
2.147432075876824165e+00
2.367626328726056162e+00
2.242923244974221131e+00
2.413006924625475946e+00
2.350361602923591420e+00
2.196057327965660999e+00
2.382644637731013759e+00
2.254266090850897353e+00
2.406232292153141383e+00
2.275467319100063168e+00
2.462397622168901012e+00
2.353672478355566255e+00
2.264082931763014894e+00
2.385184593692297295e+00
2.165428837051693645e+00
2.423917453359402341e+00
2.329603376628351263e+00
2.542720309844830773e+00
2.206081599369376978e+00
2.169792241298457380e+00
2.176614533414094055e+00
2.210453058599592069e+00
2.138376808517117311e+00
2.209642114735382634e+00
2.287937441048073062e+00
2.417159564725226417e+00
2.219136365963830571e+00
2.553233887236112665e+00
2.432718012279655007e+00
2.404133548333025949e+00
2.504271374806502859e+00
2.397110400172302924e+00
2.237226219674940175e+00
2.293903533924881000e+00
2.337972106043774367e+00
2.257778669387290993e+00
2.432995287991758460e+00
2.386254244233561916e+00
2.516595320894152277e+00
2.351867170789474493e+00
2.242756155844852994e+00
2.238331432523753328e+00
2.541737784342391837e+00
2.443474693540482079e+00
2.481157082454443774e+00
2.611290593933477844e+00
2.498294182076957970e+00
2.475557449083196193e+00
2.522959087035748116e+00
2.471683157371889372e+00
2.404312804615091892e+00
2.522386298214173816e+00
2.545708163086712883e+00
2.584357926347683687e+00
2.217104323525763920e+00
2.094302104765688455e+00
2.268876900937870644e+00
2.272844787151250934e+00
2.254219237520325159e+00
2.322831072715989098e+00
2.553492002940532579e+00
2.488618084804866903e+00
2.430449029725780363e+00
2.445092943095101390e+00
2.495205940443236514e+00
2.744855540825749785e+00
2.308612407130018251e+00
2.432430851783253356e+00
2.406872207786610485e+00
2.497674085034117919e+00
2.624289006762785981e+00
2.535028972796869784e+00
2.410964810311180262e+00
2.627511405413588630e+00
2.553329377650368048e+00
2.342610660161167591e+00
2.512780617550780526e+00
2.324203905264989878e+00
2.355732455890168886e+00
2.322247300210866783e+00
2.643895767792721951e+00
2.313077153018434640e+00
2.351855572493126711e+00
2.721004383776324254e+00
2.605938375756183589e+00
2.602144455319669092e+00
2.219414297019210114e+00
2.256408394445103660e+00
2.218339018585784750e+00
2.352179620548420225e+00
2.225718143063380339e+00
2.237744959370963294e+00
2.355781099661745426e+00
2.063733390846426818e+00
2.088380363561007425e+00
2.039186141159450738e+00
2.021963523858407275e+00
2.221268125262684023e+00
2.176765668222187422e+00
2.243574474314452782e+00
2.105357065079842993e+00
2.226342784504088623e+00
2.179177055435963517e+00
2.283509858898418621e+00
2.436322919242478680e+00
2.444686884400995019e+00
2.341735809513135980e+00
2.260974973998739035e+00
2.464002458752512670e+00
2.262913800534236852e+00
2.339106893025820977e+00
2.391211517472267900e+00
2.323258455505672337e+00
2.420730453191070719e+00
2.385776818790438014e+00
2.249908597181432768e+00
2.436397766899445649e+00
2.480286311814931643e+00
2.321345747784173241e+00
2.341144255625494885e+00
2.343695584601650062e+00
2.461637495688761224e+00
2.483942601039848430e+00
2.567306076536527204e+00
2.377964865781263093e+00
2.432687042106352671e+00
2.514368628697780661e+00
2.638393951578883456e+00
2.436422837411846842e+00
2.609805904766963280e+00
2.698301858446136681e+00
2.690816043096475596e+00
2.436078449882812080e+00
2.687122640924931805e+00
2.675592238287504809e+00
2.714234575951863349e+00
2.681444926506727278e+00
2.503562019048591214e+00
2.514396248323170546e+00
2.652765558142803126e+00
2.681636882468992233e+00
2.243573409604607161e+00
2.259440610954111861e+00
2.190107072209306338e+00
2.228582095288646148e+00
2.257296498272136187e+00
2.291778994702086791e+00
2.523840328988847581e+00
2.506022794418759414e+00
2.182365028460353074e+00
2.257284874097258864e+00
2.227329029606780253e+00
2.207171933365761340e+00
2.282782415099831486e+00
2.183415171563606538e+00
2.224602999904992107e+00
2.141731376970502865e+00
2.169903190274131699e+00
2.134785435185211355e+00
2.302911056234353548e+00
2.182806187319429547e+00
2.370866019739684027e+00
2.321038857691288815e+00
2.185247841289681414e+00
2.247044343885541640e+00
2.283554056870157112e+00
2.361386182391122190e+00
2.414268351454861961e+00
2.405774961800324352e+00
2.480163895420465447e+00
2.410465528791443823e+00
2.519411824765080077e+00
2.463287435689646365e+00
2.401484949766551580e+00
2.623918516634829778e+00
2.538329387411419003e+00
2.469078667660807191e+00
2.709721148418543724e+00
2.569660554291207877e+00
2.573447401939057411e+00
2.643593433580554652e+00
2.559072758828978778e+00
2.578212651558341673e+00
2.479293804272689972e+00
2.410749408376584135e+00
2.453411563016878905e+00
2.553594800972549983e+00
2.493223735179144640e+00
2.475014431067414478e+00
