1.611323614684976091e+00
1.451331513498891779e+00
1.459683854988641505e+00
1.400235427223035511e+00
1.440310250476847909e+00
1.568140392479905110e+00
1.657064225738836161e+00
1.628049275103445437e+00
1.599329927729075340e+00
1.530316924534198320e+00
1.661506553157673594e+00
1.730919159185940970e+00
1.742672593357145638e+00
1.801593975651735180e+00
1.950365173530240526e+00
1.598710868610813129e+00
1.709257433276582860e+00
1.969438646088720768e+00
1.638621337240720344e+00
1.864305644817123131e+00
1.924663421205066616e+00
1.907167593175046916e+00
1.923727713954862306e+00
1.731473454209101703e+00
1.838286969845164709e+00
1.918922670256409946e+00
1.849534411271401391e+00
1.985734402840011681e+00
1.837809109353671255e+00
1.995449700362061485e+00
1.648798797544043682e+00
1.444891143078303353e+00
1.537154863266008142e+00
1.861810772090041199e+00
1.852467704731587395e+00
1.906651602534812140e+00
1.847716428133338695e+00
1.487340821003486413e+00
1.479945199491351726e+00
1.559777215216515023e+00
1.907568176683543060e+00
1.679957296755182128e+00
1.796046341166658955e+00
1.719981136702535274e+00
1.745095184305333280e+00
1.913128163171354368e+00
1.905952664348648185e+00
1.829279611458011434e+00
1.864880210211759648e+00
1.852963316376290637e+00
1.613538414844728042e+00
1.458929832532316562e+00
1.636145555451837152e+00
1.465830332579588280e+00
1.410732698667091389e+00
1.581545707949112645e+00
1.638361871550048310e+00
1.652411073286955911e+00
1.689395181621172970e+00
1.700654993191082598e+00
1.748258898620915769e+00
1.690380167635237685e+00
1.703174250960342029e+00
1.741548930614670754e+00
1.792318286854511777e+00
1.930934949522831623e+00
1.810076442458308010e+00
1.682806849052750353e+00
1.756564996047098814e+00
1.944974787030270935e+00
1.957466417320019136e+00
1.918150333652757000e+00
1.949421834829423217e+00
1.583196770045421031e+00
1.758715193451365622e+00
2.009425608596410395e+00
1.851378450932763986e+00
2.026821282191666906e+00
1.601906256076308210e+00
1.636911505209962092e+00
1.713817161992726490e+00
1.702741471143113472e+00
1.702053366828517156e+00
1.785367605816759351e+00
1.834324933714483130e+00
1.999343637059982637e+00
1.843145073116306598e+00
1.927045102875823090e+00
1.968400437146150983e+00
1.509624582569731421e+00
1.768954799821940815e+00
1.572029566594594918e+00
1.572623275905365769e+00
1.762688667455733160e+00
1.771529430867143207e+00
1.673406546695399122e+00
1.874101226243146678e+00
1.895609687610030347e+00
1.885819492733299629e+00
1.862962977498449746e+00
