1.710228965964187164e+00
1.696467952326390360e+00
1.787311447460886660e+00
1.613774309141307706e+00
1.604328777583137855e+00
1.846736937525140343e+00
1.651331816497186633e+00
1.789646157821322303e+00
1.642561744257817313e+00
1.681961656796172599e+00
1.758616807546729444e+00
1.718654959539332117e+00
1.790981906371534205e+00
1.829509915035569589e+00
1.748110495439624268e+00
1.828522896025174704e+00
1.949416477211706633e+00
1.903544704054425107e+00
1.804204838127045463e+00
1.824082140598249691e+00
1.890523822761293049e+00
1.945933882181248853e+00
1.699893103297357433e+00
1.728979586658408785e+00
1.789703584179570761e+00
1.845691789763311608e+00
1.751954488237468910e+00
1.948655031961723294e+00
2.015737449793236546e+00
1.828015160622337376e+00
1.784058211030450591e+00
1.832731734548928015e+00
1.868365833203262216e+00
1.755830774345690459e+00
1.734584303856066434e+00
1.743916142413632242e+00
1.940128960136458414e+00
1.826090649447975833e+00
1.953467783541350089e+00
1.941716018747924544e+00
1.952929814848401335e+00
1.902938033316725175e+00
1.900292468602563956e+00
1.855188455312494877e+00
1.819491028900247498e+00
1.870779118001776320e+00
2.014741904442556741e+00
1.835864936672939374e+00
1.974743241815382966e+00
1.975795542525897952e+00
1.822595289768742965e+00
2.000499050466014506e+00
1.918295502580117384e+00
2.035324447130387071e+00
1.731791376056748710e+00
1.837225098801943624e+00
1.785955196278580015e+00
1.744412869336064764e+00
1.841658063587110261e+00
1.738599995747418747e+00
1.840550425208467233e+00
1.829321533964795021e+00
1.795614572608771109e+00
1.812978769190076500e+00
1.727121186671553454e+00
1.788460098972314949e+00
1.786095971586233233e+00
1.760991093092500348e+00
1.814985077355681709e+00
1.880647723499957680e+00
2.052839954065817984e+00
2.232838818685468407e+00
2.202453213706831558e+00
1.818960056654879587e+00
1.780284679637633927e+00
1.782915560013960343e+00
1.794614973742078234e+00
1.864901001705441486e+00
1.807312360760524594e+00
1.852720752823607375e+00
1.845277192969700497e+00
1.847004435910382547e+00
1.766864909400567285e+00
1.865479974410219732e+00
1.718319594500507419e+00
1.824604273672024934e+00
1.821252374305289523e+00
1.930488888024901373e+00
1.852429329489537757e+00
1.999805091478026764e+00
1.898656658294671784e+00
1.914280683431029306e+00
1.845785735902547353e+00
1.847468203823967370e+00
2.038514396147322660e+00
2.090753153445159107e+00
1.941891938629493497e+00
1.907892627103448646e+00
1.897258710372115686e+00
1.877607533316868249e+00
1.757752427591463773e+00
1.843561805434995815e+00
1.771460699056552457e+00
1.686755214744400044e+00
1.772031781308901710e+00
1.676957901416836760e+00
1.923458822520967670e+00
1.696987766302525680e+00
1.675699406804081359e+00
1.846905900270216616e+00
1.826304476887771200e+00
1.748640342225789901e+00
1.696850481385015375e+00
1.868973999820337406e+00
1.892760755585571886e+00
1.720224355352429235e+00
1.732362666504219995e+00
1.898059406861984488e+00
1.806607468455369014e+00
1.830076659477115175e+00
1.803717106007272530e+00
1.795369803452081747e+00
1.857593889819048716e+00
1.713541005798864925e+00
1.758352451610947220e+00
1.951613606329913653e+00
1.714818896224405753e+00
1.768896061429311661e+00
1.848924506974047199e+00
1.793996500755620449e+00
1.899646077494422380e+00
1.891655753368580495e+00
1.970403407509726756e+00
1.821945215685831565e+00
1.811918883887689624e+00
1.836842335763071432e+00
1.796303248843315048e+00
1.838845583161832442e+00
1.785093293345811016e+00
2.025327391374142749e+00
1.809062208237160352e+00
1.929907205985468055e+00
1.969346432696525540e+00
1.909430663460392141e+00
1.858118504484946198e+00
1.962017162708997065e+00
1.981808417367424635e+00
1.765222935966451967e+00
1.768209274831617384e+00
1.882177274996723604e+00
1.882415510192630315e+00
1.768755205196225644e+00
1.780346105425961500e+00
1.742553285736432089e+00
1.953294321202959205e+00
1.989705800638004174e+00
1.914020231464160560e+00
2.029197513389118690e+00
1.823435440346177661e+00
1.821334196304746689e+00
1.863401767268189513e+00
1.775271592222346762e+00
1.751988860978227258e+00
1.759850999093498958e+00
1.890255749349977643e+00
1.825875365027259223e+00
1.851767242460668594e+00
1.812891679568518155e+00
1.841464207142152532e+00
1.779287204342714368e+00
1.803570819917648116e+00
1.723998705016357436e+00
1.934513303574244558e+00
1.712680554746794037e+00
1.708029702845466957e+00
1.878761297992314727e+00
1.967529781619070661e+00
2.152942796774592438e+00
2.214584946491496620e+00
1.923530365757765370e+00
2.016316220146416427e+00
1.838914833858995346e+00
1.790474293008688766e+00
1.801113493529018061e+00
1.796524239656964506e+00
1.794940029610929466e+00
1.718968632125424945e+00
1.689180805461225399e+00
1.672705212977859679e+00
1.797103052962494507e+00
1.854137936332384440e+00
1.868790097255886629e+00
1.936271364201110456e+00
1.904246565918592760e+00
1.913362705118892837e+00
1.795328840449916585e+00
1.817270167374248624e+00
2.044181384495827647e+00
2.003132359517330929e+00
1.960567351710582162e+00
