1.777442770061747224e+00
1.752965265481208901e+00
1.824305447012379400e+00
1.706044785879997638e+00
1.709227745143281796e+00
1.920058154472318757e+00
1.796583511769879404e+00
1.935712242090657620e+00
1.749624800995549956e+00
1.824665248673014162e+00
1.916977798606531280e+00
2.009706831228212920e+00
1.991152144665573998e+00
2.005560743027225090e+00
1.631638550688269351e+00
1.804850211063366849e+00
1.933611764153809975e+00
1.957424398578688773e+00
1.819749510872219256e+00
1.933559709646957669e+00
2.009601424322530416e+00
2.072718855373052449e+00
1.911214025310658426e+00
1.869447582106097405e+00
2.094832294641997272e+00
2.039627823654469818e+00
2.138138787348155656e+00
2.103257813992818193e+00
2.081679880020187223e+00
2.039881222210770062e+00
1.807843216353699267e+00
1.859945869232346061e+00
2.074187101565922564e+00
1.998662396629944382e+00
1.999328576316686590e+00
1.905956517413287532e+00
2.269784353244756581e+00
2.056622999687915510e+00
2.211126263158055938e+00
2.192828845148904637e+00
2.006602191286572801e+00
2.047361723696633717e+00
2.052416938891502340e+00
1.780341216797584725e+00
1.852433351455251564e+00
1.898174329398913063e+00
2.188369922510891019e+00
1.909550405115588045e+00
1.965162304657974035e+00
2.144763867730900220e+00
2.073451285322090776e+00
2.135650375805958845e+00
2.089301151514231680e+00
2.126071246630888645e+00
1.773768382115794795e+00
1.887921266808400889e+00
1.652710758462954344e+00
1.715432529210080714e+00
1.603948648087603290e+00
1.665568841821553514e+00
1.860587927644316908e+00
1.901445620128126901e+00
2.008542147284054558e+00
1.795464342503998445e+00
1.753874579673003975e+00
1.875654646855677177e+00
1.987995391255741540e+00
1.933522129778539878e+00
1.958277169333319190e+00
1.988734503784162611e+00
2.200146290771250790e+00
2.207397108705471123e+00
2.273899001639278605e+00
1.662554820491925600e+00
1.734838875298144956e+00
1.696808853078531465e+00
1.753290389537930594e+00
1.849010771849738166e+00
1.855267935447414196e+00
1.993136626411416090e+00
1.850610730415734428e+00
1.906729776643102170e+00
1.844903057710654215e+00
1.891729916664230293e+00
1.830719767908007611e+00
1.949688534920100969e+00
1.906636882643770292e+00
2.029443216848613396e+00
2.065412969330576498e+00
2.091721441657354852e+00
2.146613830380773802e+00
2.167434168323095989e+00
2.079194918500444356e+00
2.065281479718617863e+00
2.240551016723873801e+00
2.235894761768853378e+00
2.195058127937601800e+00
2.129199827623575292e+00
2.175911490097773182e+00
1.804122893922226245e+00
1.786446054428141972e+00
1.827220957586005889e+00
1.771999156982501766e+00
1.697531343492785672e+00
1.803052704154017638e+00
1.709962263237740698e+00
1.920685502620585794e+00
1.721116507873433843e+00
1.741575028506830325e+00
1.845881789439658416e+00
1.841136225439451657e+00
1.851565726175810722e+00
1.886922208839983295e+00
2.038827401682414386e+00
2.074842772386721990e+00
1.829416045285060077e+00
1.790426455781552351e+00
1.912440144395722186e+00
1.721866460721065639e+00
1.936758751250351240e+00
1.811884465343897022e+00
1.951903368260740512e+00
2.099206365970059718e+00
2.012034575870024433e+00
1.963030846005834995e+00
2.056717068597342823e+00
1.867673899172180629e+00
2.158132847976701463e+00
1.994428648158668826e+00
2.063161114746713487e+00
2.072720249589311781e+00
1.991823200517466752e+00
2.043039009232151759e+00
1.931030958194254410e+00
1.856707219585000956e+00
1.898513022589440435e+00
1.859558959516056209e+00
2.004159998589519986e+00
2.111735737124580403e+00
2.134756885683448235e+00
2.055455584584059192e+00
2.129794026070900070e+00
2.240741136286468649e+00
2.204795234201599730e+00
2.072911980985966185e+00
2.048731378500812550e+00
2.083179840080080503e+00
1.789125272009894463e+00
1.673082365439586772e+00
1.824307483379692840e+00
2.011451681017780935e+00
1.883621722078696159e+00
1.962524986210145483e+00
1.820671587884975073e+00
2.084797284852375476e+00
2.188205666514519532e+00
2.087800156722925404e+00
2.146143940714455578e+00
1.959888419378223778e+00
1.965043609546162307e+00
1.919761678685597994e+00
1.774438667825767979e+00
1.724543656033664218e+00
1.759483347171841849e+00
1.864257552513424177e+00
1.903070541165249097e+00
2.043297212546709929e+00
1.820796070591520044e+00
1.871373541322998602e+00
1.848879711787594360e+00
1.944710890607586951e+00
1.898429642905415715e+00
2.044500440346239234e+00
1.960333816533201823e+00
1.966927457115382305e+00
2.018800629196230378e+00
2.102962740049724388e+00
2.270335722995961980e+00
2.185220285030632148e+00
2.142023912077958059e+00
2.247355776752513190e+00
2.032047210813316518e+00
1.812991203021911080e+00
2.123388941948680220e+00
1.788442771207793491e+00
1.795281512296990956e+00
1.714421077332811238e+00
1.689954903579750756e+00
1.652592187921372968e+00
1.908332939961757901e+00
1.919064098064853230e+00
1.996118690889955305e+00
2.000464807003551559e+00
2.045102945481843459e+00
2.110087532841571356e+00
1.979305585634108411e+00
1.949439578799856188e+00
2.252976790243875094e+00
2.273067670210302982e+00
2.265736440961836351e+00
