1.569413823102879579e+00
1.386719563339915862e+00
1.416256038032230880e+00
1.365064219024792358e+00
1.353184070860201427e+00
1.502360630678638564e+00
1.645289637502860502e+00
1.623052708379203013e+00
1.579382364117373871e+00
1.693954458851879785e+00
1.706770639299873382e+00
1.658687859912674423e+00
1.672911905048501957e+00
1.744234583334875799e+00
1.905248176396690862e+00
1.610400685813613508e+00
1.670375497529314801e+00
1.813233295371625031e+00
1.643815929744596671e+00
1.927552833930627152e+00
1.837741121237606245e+00
1.771851656555999410e+00
1.749592858119118466e+00
1.831422351825995332e+00
1.769344123299640303e+00
1.794085979344333115e+00
1.718476810223661166e+00
1.898443259095522251e+00
1.825543100594874124e+00
1.937767130482179745e+00
1.650123861745970144e+00
1.594277148826607649e+00
1.551529883582724478e+00
1.738400740805263300e+00
1.640467567897884171e+00
1.814756956069860205e+00
1.935170673904158312e+00
1.553126105408826563e+00
1.439322044813701185e+00
1.552027991214508074e+00
1.728625159199157491e+00
1.707109991605352040e+00
1.688693912843294509e+00
1.726619308129893726e+00
1.728703578210762926e+00
1.877381911121957625e+00
1.682328461459046132e+00
1.729381265834593728e+00
1.897416962426082598e+00
1.900035380646205363e+00
1.713216609333962248e+00
1.490822586263249150e+00
1.650632431745634676e+00
1.500992250879747747e+00
1.469493424358915723e+00
1.593254462196977306e+00
1.623165411674505565e+00
1.663042676847009682e+00
1.598140685114391335e+00
1.692210207826420287e+00
1.731818497001630375e+00
1.683378023265983847e+00
1.654988389632680468e+00
1.717015492120910647e+00
1.726715762506109364e+00
1.900488209747901447e+00
1.646848044507715825e+00
1.701295084149831771e+00
1.738968774003772921e+00
1.815283562100080017e+00
1.909967015777928490e+00
1.806094866936249765e+00
1.870998543945754600e+00
1.593924207211498079e+00
1.718954729286947369e+00
1.870191271387371845e+00
1.826436113701667585e+00
1.926009231562762158e+00
1.581243576921064653e+00
1.698817532858400092e+00
1.744889859642322127e+00
1.633236796084959197e+00
1.682032905742114837e+00
1.700366028352576775e+00
1.739603971525904624e+00
1.879444706359875150e+00
1.921170517332967620e+00
1.936452737874333918e+00
1.895599299408387894e+00
1.655887335524821369e+00
1.664191424952590648e+00
1.584109509581209885e+00
1.497712453738285321e+00
1.730125891298220919e+00
1.724813557105684181e+00
1.663034875833255155e+00
1.821891999241522342e+00
1.749389179956238216e+00
1.876867435551706986e+00
1.813666794475279120e+00
