1.756768462919297003e+00
1.743006115487943264e+00
1.776776915267275214e+00
1.685887246455398447e+00
1.698905767413013024e+00
1.839460536984439232e+00
1.768458990660202179e+00
1.909879266973986356e+00
1.700294217992039059e+00
1.834175133150955483e+00
1.839546920341265990e+00
1.760767028318308780e+00
1.927823747392216402e+00
1.933886447861745017e+00
1.775615112676260710e+00
1.900256624688900775e+00
1.998044773187823475e+00
1.962043585778295851e+00
1.851512048551587020e+00
1.900904137309692210e+00
2.000851229597732317e+00
2.120440670254385207e+00
1.802195155754623856e+00
1.821642501984340745e+00
1.942639504619385393e+00
1.956845815671221622e+00
1.931412411458857337e+00
2.066245012590136376e+00
2.080368626079093453e+00
1.904334173587628687e+00
1.771162095137719827e+00
1.951527185795416841e+00
2.092885557023530296e+00
1.819905149172986070e+00
1.799651518538143868e+00
1.806195758959425746e+00
2.164639424570674375e+00
2.026249211467793465e+00
2.284713507196906690e+00
2.116313363485946120e+00
2.084355447224545799e+00
2.179876263183456064e+00
2.060616080608199674e+00
1.947804174416589262e+00
1.901701370523915413e+00
1.999093885537510440e+00
2.168211347739604111e+00
1.939336316097743484e+00
1.973738960034712830e+00
2.083175061608202761e+00
2.009783693988216324e+00
2.212211466274508709e+00
2.099617718784172471e+00
2.165109982581884029e+00
1.851412143174735903e+00
1.899390829889082699e+00
1.656493464607400101e+00
1.698376087610685037e+00
1.832144911447971980e+00
1.766972184812259927e+00
2.032821515568583592e+00
2.057810891289904909e+00
1.868279930307243264e+00
1.885694637816158759e+00
1.787436675692460231e+00
1.932280476623117860e+00
1.999774077763824209e+00
2.004113697474290579e+00
2.181267351032069701e+00
2.098800198164714637e+00
2.146829214369556205e+00
2.255169586246389191e+00
2.214353326363765362e+00
1.826104872882178265e+00
1.790700009644687229e+00
1.782409228031352377e+00
1.813090229101971040e+00
1.883105246589252824e+00
1.904322271250992626e+00
2.039217769260104340e+00
1.903024188634543146e+00
2.059991631774858778e+00
1.953715053814610858e+00
1.950915128390694031e+00
1.876865866451085774e+00
1.983653828473755487e+00
2.035722454428694927e+00
2.086614883473857152e+00
2.033536243918762310e+00
2.143778524914792705e+00
2.082425642455929093e+00
2.163001127483000996e+00
2.207370993894251399e+00
2.124520681994038540e+00
2.249598964737737461e+00
2.144375205386686911e+00
2.144869230998995846e+00
2.065718243375483709e+00
2.148193479712967147e+00
1.725949391367192609e+00
1.724568774910444580e+00
1.757096576412778166e+00
1.759093410785139699e+00
1.643832332663977436e+00
1.788757599312969404e+00
1.703475792225191077e+00
1.901698576624830217e+00
1.716993782786723211e+00
1.652376764412296639e+00
1.890400160430765197e+00
1.857795453548825027e+00
1.797061395140099105e+00
1.748897856601470790e+00
1.942920649445068815e+00
2.015428949239024270e+00
1.506415798466148814e+00
1.585975060876797738e+00
1.944654837499167233e+00
1.978693113558101624e+00
1.941585523282694847e+00
1.878649852734397552e+00
1.900250526605252510e+00
1.997703051411495956e+00
1.776821491872562442e+00
1.904685691543218651e+00
2.078311065447962847e+00
1.734883217503409458e+00
1.948205844582167057e+00
1.906189336146793201e+00
1.877312726318624447e+00
2.067066218966470359e+00
1.951691178114603131e+00
1.994531853189601467e+00
1.848762722418128002e+00
1.849194027539787122e+00
1.881934079866849796e+00
1.862393453720203373e+00
1.978003328965815655e+00
1.851616780386121652e+00
2.129424533106216266e+00
1.994743841007647012e+00
2.128308096561422946e+00
2.198991706315209349e+00
2.091668172363217337e+00
2.128437579527272749e+00
2.179783607795524158e+00
2.114352816737746554e+00
1.905451034178698100e+00
1.875945423375140253e+00
1.906100007038769473e+00
2.032472354823167127e+00
1.989252493841068725e+00
1.546764288057027814e+00
1.956809518916816870e+00
2.145225330898708815e+00
2.132869230996217169e+00
2.050325531186417471e+00
2.180611128215245387e+00
1.938288983027043999e+00
1.918488586574195631e+00
2.034574384508625933e+00
1.777359734777262279e+00
1.699911725547654351e+00
1.711490559841322368e+00
1.969283420428599385e+00
2.129680271731375640e+00
2.129423217772922872e+00
1.891935810202376222e+00
1.949057530557488205e+00
1.982308685356280131e+00
2.006699774723593066e+00
1.997385008899153158e+00
2.187299845479370397e+00
2.009141297730993259e+00
1.976833449020140243e+00
2.186330101138420190e+00
2.078386971538448869e+00
2.227902856825866529e+00
2.248430109490558326e+00
2.146413053131859705e+00
2.233828702656353027e+00
1.960444222348298071e+00
2.014704186986396195e+00
2.215837478610166666e+00
1.773550893975845089e+00
1.786152750123509714e+00
1.631769682299339497e+00
1.773581096505329135e+00
1.673300071941446587e+00
2.005662699850484287e+00
1.934847191459643456e+00
2.037594587760816811e+00
2.103334313722424742e+00
2.114215789707171389e+00
2.118538890312410938e+00
2.057226768383386251e+00
2.171283039029650919e+00
2.101511652117693973e+00
2.195454782795982052e+00
2.134909213319220900e+00
