2.115275635718463665e+00
2.116629574063686903e+00
2.166900955036953125e+00
2.120911545707669710e+00
2.091971137835428873e+00
2.033940152958997327e+00
2.095533121190344517e+00
2.254122660713148818e+00
1.969406535172234740e+00
2.151646673949805688e+00
1.958267225584134241e+00
1.930374504503550970e+00
2.008135517126345970e+00
2.092172849456244155e+00
2.015662731810520469e+00
2.041657609299366349e+00
2.129582439749316602e+00
1.893489830002036411e+00
2.244199970018439405e+00
1.896798204434362978e+00
2.024360387097231762e+00
2.098759277506594412e+00
2.613397980717124813e+00
2.313315318309295154e+00
2.026083706718755817e+00
2.199792877617689602e+00
1.995468120794686495e+00
1.986191952817222495e+00
2.401638229212626818e+00
2.040583275827416276e+00
2.165571457962762292e+00
2.412354317568271789e+00
2.053890397678753477e+00
2.196544198444403850e+00
2.415514644757550844e+00
2.486473987630093418e+00
2.412972719186820214e+00
2.484363395627671611e+00
2.525023990211279656e+00
1.960685593163643103e+00
2.051433072319205575e+00
2.042059824413905655e+00
2.056290005145679611e+00
2.248635805407745991e+00
2.080970871222463270e+00
2.260913751029694385e+00
2.194034273406807234e+00
2.092452812045515032e+00
2.026787907812967582e+00
2.117950318407006982e+00
2.338623718142608610e+00
2.267957958531892970e+00
2.106901037195293647e+00
2.084433524729606191e+00
2.104637250297917372e+00
2.184928003281841224e+00
2.280511888990539138e+00
2.084268574116186823e+00
2.299198329712182964e+00
2.157400813889204461e+00
2.402009758744173329e+00
2.329610086101768562e+00
2.159833298975430083e+00
2.166029698331316311e+00
2.504770510882851742e+00
2.399103926189148250e+00
2.321506042127182035e+00
2.158708050833653580e+00
2.352607641416499806e+00
2.427700313154243172e+00
2.301187738687438422e+00
2.539906024346313185e+00
2.490885642928777788e+00
2.325141622431599941e+00
2.460451004887430848e+00
2.547347306642680387e+00
2.339182751484641720e+00
2.383727962272496725e+00
2.567422238000795609e+00
2.487722246205066323e+00
2.451098074552935380e+00
2.502120136766843750e+00
2.246342065538867505e+00
2.254464840738370945e+00
2.386445127339594574e+00
2.383724499934305463e+00
2.136420548633499727e+00
2.146802183551652199e+00
2.375747333385702653e+00
2.374283419520230698e+00
2.498066914285730356e+00
2.360220933208792449e+00
2.523806487472529891e+00
2.488398524412792856e+00
2.397209623491782793e+00
2.521330261438882392e+00
2.420612328203600949e+00
2.651894439663425196e+00
2.300272139184966758e+00
2.438939202599873290e+00
2.395601761599694957e+00
2.615035666730600727e+00
2.716399090442133346e+00
2.691636810517911815e+00
2.660176653297543492e+00
2.443777983062091153e+00
2.473466859685583774e+00
2.389096911042325022e+00
2.438318589232513656e+00
2.495507342871090550e+00
2.470912342402371564e+00
2.092316232090231765e+00
2.116253495201379398e+00
2.109173677576900552e+00
2.224742829386631371e+00
2.428952669449667034e+00
2.273710761367290001e+00
1.895105126192667244e+00
2.537299794021980137e+00
2.217260103057014042e+00
2.450958916383398467e+00
2.464691505263504112e+00
2.246046573856944839e+00
2.306198705759877399e+00
2.520919247382948924e+00
2.342612808456249862e+00
2.613789771313340005e+00
2.457748477337174720e+00
2.548901224441197044e+00
2.619153293813978323e+00
2.386241261155008342e+00
2.417126597690783640e+00
2.515592249093209443e+00
2.411730313963545758e+00
2.351365388074423635e+00
2.513798435595753222e+00
2.557108189636240869e+00
2.561497655445356347e+00
2.194460354261299706e+00
2.055412785348049720e+00
2.239004937654922589e+00
2.110235695895860353e+00
2.244765756915384713e+00
2.339851105590274205e+00
1.800271231404535488e+00
2.023351206072420361e+00
1.793189550343132765e+00
1.896295045576354754e+00
2.007018282110517138e+00
2.112315751807904096e+00
2.070309968974854531e+00
2.076006787554174782e+00
1.941816980439147189e+00
2.297062932533926016e+00
2.388140611197759000e+00
2.386125361359325403e+00
2.335755667979221517e+00
2.441623243001471710e+00
2.337638367552781649e+00
2.160213012772584928e+00
2.334380688593414632e+00
2.216332248887612710e+00
2.199657417701188056e+00
2.459105314724130409e+00
2.600167710421446010e+00
2.181888104567437203e+00
2.334275031542246914e+00
2.371244802923998307e+00
2.318108087592886779e+00
2.313953041212579276e+00
2.465992213946525347e+00
2.399069357251463419e+00
2.309965923662059328e+00
2.496069178049594495e+00
2.468660195588645578e+00
2.303892819336034403e+00
2.555225432219496717e+00
2.635274433664069438e+00
2.574148813296025295e+00
2.637769661366819562e+00
2.566547513714115158e+00
2.688439188049764450e+00
2.490260911745389105e+00
2.594559666731985903e+00
2.517791689808410283e+00
1.998713709739163624e+00
2.142114275303232063e+00
2.157826955294224192e+00
1.829875500748032513e+00
2.010895830963175701e+00
1.851022634480051332e+00
2.127423295780011436e+00
2.072685566466904383e+00
2.041061887154695498e+00
2.301034923328399984e+00
2.083627415349551981e+00
2.228147983474129123e+00
2.129509171783158905e+00
2.343574592203605089e+00
2.226902661499689184e+00
2.201413751739230484e+00
2.443863950938074847e+00
2.277761447691237784e+00
2.208150144579116958e+00
2.366621051421603283e+00
2.251215907417615458e+00
2.280296005564498518e+00
1.992068737389677713e+00
2.153475702215267518e+00
2.221684900929889572e+00
2.222095599085239570e+00
2.321388372872488670e+00
2.216361410407956090e+00
2.340073157909189572e+00
2.246107709272110231e+00
2.242354964397475392e+00
2.415271633768758530e+00
2.390832272754150445e+00
2.381929644033671689e+00
2.445735450379125542e+00
2.396068990701482715e+00
2.426389738626852477e+00
2.542418811334881568e+00
2.529593020979905571e+00
2.436576693200745325e+00
2.467468328563569901e+00
2.588891925420419238e+00
2.420071957344314129e+00
2.356540918644965732e+00
2.522597823890797120e+00
2.561646443863739186e+00
2.475669424278162722e+00
2.480607377519423284e+00
2.430253398400679110e+00
2.634758600434844666e+00
2.648623736619808877e+00
2.487248147055520775e+00
2.680573504017110142e+00
2.437338134956708480e+00
2.500527446415525379e+00
2.742619138074735563e+00
2.485187363280754180e+00
2.512251185976772661e+00
2.485125453076999502e+00
2.422120292919466067e+00
2.395436198461657895e+00
2.537939871486928567e+00
2.547130667754177402e+00
2.054020688694054186e+00
2.208584586931441773e+00
2.022468158996548304e+00
2.137934227263591502e+00
2.186976626777113353e+00
2.118135951972583975e+00
2.120761428685199235e+00
2.043039637058893465e+00
1.993258290490072415e+00
2.202605653646242612e+00
2.119384813252567668e+00
2.005231346295272665e+00
1.982262588038228746e+00
2.006377692463866769e+00
2.241623710610892939e+00
2.015953822537268625e+00
1.946557161950114745e+00
2.277079763299287851e+00
1.968738845607390875e+00
2.034993051251908991e+00
2.055261754354436476e+00
2.601130537781054741e+00
2.041031237920629238e+00
2.070605092645428691e+00
2.310692921445576253e+00
2.288182028485314490e+00
2.093573636641364644e+00
2.123920859849438347e+00
2.329011815977964694e+00
2.165537371240793263e+00
2.231079247035764546e+00
2.281013472555823984e+00
2.169777977124716539e+00
2.384067372604905088e+00
2.455077389646227903e+00
2.506114548665014485e+00
2.460877119226000165e+00
2.018900406420264915e+00
2.059051772442862305e+00
2.145922727532320717e+00
2.214279309015968700e+00
2.386461300310518840e+00
2.482795121640386959e+00
2.360965719800607321e+00
2.185871665495169314e+00
2.119112382552566842e+00
2.258129542841229132e+00
2.116563485771806974e+00
2.377101497958326703e+00
2.200539139963817448e+00
2.124680244927151129e+00
2.219232894719572968e+00
2.218867639589567453e+00
2.178684342680259345e+00
2.220075023742265508e+00
2.321283595382485743e+00
2.378096368913052316e+00
2.482330182700414500e+00
2.292856609772281562e+00
2.182062989474832015e+00
2.463899787136336617e+00
2.456682572604345527e+00
2.465295650812172390e+00
2.227689963926454908e+00
2.431068348117774836e+00
2.310882468323812500e+00
2.400846166873032317e+00
2.467615077078929353e+00
2.247164485987628968e+00
2.589832269403264497e+00
2.369520102135395767e+00
2.462855486197567778e+00
2.318243611644748015e+00
2.594582401707178132e+00
2.402835902810114277e+00
2.353304122862960313e+00
2.513743756292122544e+00
2.289831174924875867e+00
2.397065819787324248e+00
2.376018679976817705e+00
2.609562028905492603e+00
2.293934386703683437e+00
2.267641271547220061e+00
2.343608917471864839e+00
2.281307638196559129e+00
2.250571082772172549e+00
2.191910461270592858e+00
2.222313918698901158e+00
2.227306431967816192e+00
2.209188592882880275e+00
2.445231555958315539e+00
2.163252100928908295e+00
2.406901489915948655e+00
2.417302807949454291e+00
2.499382442481854039e+00
2.544060506407181954e+00
2.512715104074897621e+00
2.385678433211439575e+00
2.448590074201698386e+00
2.514634801277414677e+00
2.380424601618041258e+00
2.584082591757594916e+00
2.462234324827517806e+00
2.578421789356594829e+00
2.522777365344698097e+00
2.757122909702948377e+00
2.556158125629366396e+00
2.589332698358336238e+00
2.702360183533570215e+00
2.630258707672321616e+00
2.516877466546247000e+00
2.432956178768856947e+00
2.455616876764118217e+00
2.432135716757581445e+00
2.448834159130360622e+00
2.470468012929855739e+00
2.349047396441503732e+00
2.205157033521042642e+00
2.033155283434262106e+00
2.263902614714979666e+00
2.066016948049152813e+00
2.203756171153283372e+00
2.167365313587294118e+00
2.197815975698907742e+00
2.369846238752109535e+00
2.500522732022183003e+00
2.375857537609588732e+00
2.425299958483727814e+00
2.633739862064541359e+00
2.209025450561883819e+00
2.281693610272291117e+00
2.394638086567957735e+00
2.493276940856862467e+00
2.448191467846017044e+00
2.492288545488225093e+00
2.289361798191550612e+00
2.572429278917055306e+00
2.543146284079941033e+00
2.436153318633965892e+00
2.588900700500714525e+00
2.407382585477944481e+00
2.405867701092720967e+00
2.277261982738591151e+00
2.578026346048206019e+00
2.546057591034968759e+00
2.352293610298457072e+00
2.629347022909775955e+00
2.519954190448062459e+00
2.610092515598631646e+00
2.356908877629386723e+00
2.346157350409757925e+00
2.245477729492102892e+00
2.309917884916928177e+00
2.276341979871870258e+00
2.247560758192047814e+00
2.303718936506458537e+00
2.080330277092298008e+00
2.112968971227143999e+00
1.964118409634721507e+00
1.983586001276642197e+00
2.186837977981552328e+00
2.073447736258568153e+00
2.147881805393880406e+00
2.156465738474073301e+00
2.215789959006472465e+00
1.981441120218625507e+00
2.265859926976058869e+00
2.316376043510070204e+00
2.492230547559291409e+00
2.408333484797140489e+00
2.404570554137453353e+00
2.474103909720386074e+00
2.194323131989807329e+00
2.201755855244357019e+00
2.324727115342153816e+00
2.108291066318731311e+00
2.274586584559815883e+00
2.267953197985187686e+00
2.249217663736201800e+00
2.335354087567808268e+00
2.373491295912169452e+00
2.266625125785276307e+00
2.269881448095230958e+00
2.311971309626668081e+00
2.419779645816761526e+00
2.416864277086305357e+00
2.411299100509070037e+00
2.324657529765104869e+00
2.272015478928496979e+00
2.461093234461675383e+00
2.398068121629318927e+00
2.459308251599352513e+00
2.428560034340848883e+00
2.500183518506756908e+00
2.437047656988448718e+00
2.378365659265146537e+00
2.481035601703255100e+00
2.592572899903041517e+00
2.696381851912840411e+00
2.599487760804501502e+00
2.480819258435563057e+00
2.487105862241244747e+00
2.524547910398382555e+00
2.553275786492920751e+00
2.134168949441092256e+00
2.195913333535737255e+00
2.181680073638371464e+00
2.099479197792353702e+00
2.352543361252164456e+00
2.381612961930293260e+00
2.568929164532274712e+00
2.556414150735463409e+00
2.149107799717218548e+00
2.182628834964750908e+00
2.097819645258141463e+00
2.096649400596711121e+00
2.160173380159875922e+00
2.052619643386950354e+00
2.065476577880409614e+00
2.021900882792889487e+00
2.087847494594392117e+00
2.041937893496122758e+00
2.339349755242710938e+00
2.084950855859035279e+00
2.261865630633805857e+00
2.274274555136048370e+00
2.190861837733286688e+00
2.193184593945007421e+00
2.251464428907102633e+00
2.363946561188404072e+00
2.367585472271350522e+00
2.373553574043907322e+00
2.419422514127186563e+00
2.415503352569766893e+00
2.461646292519844792e+00
2.535871157250296548e+00
2.369891028654509846e+00
2.566296167147649854e+00
2.415107489191103074e+00
2.476413228292928981e+00
2.665804135003935205e+00
2.657198314735178535e+00
2.526289270735776693e+00
2.739100746062463454e+00
2.563475505652217823e+00
2.428399839133553950e+00
2.533211033379608956e+00
2.474124274868875872e+00
2.436512304908462934e+00
2.493443474046307617e+00
2.611192768720601798e+00
2.535050637551678143e+00
