2.153798852021953092e+00
2.221787336258587153e+00
2.261593600769773893e+00
2.063308078460289963e+00
2.108149269115149771e+00
2.099938771503603085e+00
2.078875379058977568e+00
2.427097772407826870e+00
2.014128109092581109e+00
2.308977846216990315e+00
1.961708028643519564e+00
1.971791518341835081e+00
2.206141783099802023e+00
2.273539536410801531e+00
2.003666435711840776e+00
1.996256438082230078e+00
2.395731781941216720e+00
1.895358867095652711e+00
2.408822286293627268e+00
1.899751873907475019e+00
2.081908290876876233e+00
2.268402326787837708e+00
2.493929241118398643e+00
2.394332903483328057e+00
2.236600835950833588e+00
2.327076092181560085e+00
1.995782502286106430e+00
1.984560325805361236e+00
2.467982316730976233e+00
2.152023468596156786e+00
2.289356771612867547e+00
2.368875958759146361e+00
2.144024712560200552e+00
2.066534490417442083e+00
2.362332313772610881e+00
2.442863207457747432e+00
2.406207173393795085e+00
2.467765064231057348e+00
2.386193873096261964e+00
2.170214715358198543e+00
2.266035623757785000e+00
2.365435477128650099e+00
2.389894936131157444e+00
2.529264663829128512e+00
2.175040163089589917e+00
2.477794172899071778e+00
2.255034353725426044e+00
2.492990184814238841e+00
2.452297685093354662e+00
2.155004838060054162e+00
2.570515822942733841e+00
2.334365068633867946e+00
2.261820773824811948e+00
2.185872127031208478e+00
2.292732492059305294e+00
2.271454785285913491e+00
2.388970636704118355e+00
2.278922909562247412e+00
2.291910627486441587e+00
2.330732394768876947e+00
2.444906462251760448e+00
2.096228830788597453e+00
2.386423514024829107e+00
2.188480195533636152e+00
2.545005561295432983e+00
2.428007307152934224e+00
2.216629805069630255e+00
2.139814066257921255e+00
2.127895534436496927e+00
2.378184768032280960e+00
2.272365684023184063e+00
2.387707835040242532e+00
2.452739466111059308e+00
2.265756351286660752e+00
2.440991331919484697e+00
2.320549476530170629e+00
2.202270389348692792e+00
2.278258523394135704e+00
2.281297600728527275e+00
2.249189570913829872e+00
2.476436304883694373e+00
2.243337894473482308e+00
2.345446766915835646e+00
2.399244437932836149e+00
2.221467846613418118e+00
2.217987741414555458e+00
2.184952418723726808e+00
2.462625327770244343e+00
2.552010131610335186e+00
2.467085307635553892e+00
2.430041215378362374e+00
2.369485209032241801e+00
2.188236345667863514e+00
2.282332841035631166e+00
2.217550639132849000e+00
2.474496461786771739e+00
2.393005615745997350e+00
2.630488709987044871e+00
2.240201013466787572e+00
2.212231181206686603e+00
2.320486774011929487e+00
2.485818052767541975e+00
2.511762437411809934e+00
2.548768879818978039e+00
2.468521243205254123e+00
2.535358675434326692e+00
2.468322231376808951e+00
2.498786281103258844e+00
2.508823417447498372e+00
2.533697032076657862e+00
2.411993920852719242e+00
2.552083680251016951e+00
2.352008246415338011e+00
2.602285614013842618e+00
2.403651516305469915e+00
2.337913673720773300e+00
2.380542687781230793e+00
2.117435300317295432e+00
2.432565311295678434e+00
2.391500009325373988e+00
2.637010837522811624e+00
2.547445055708523309e+00
2.487543410978210190e+00
2.496995202789796142e+00
2.419491746299855528e+00
2.253519169428520819e+00
2.566135415239330975e+00
2.634805932890301072e+00
2.563612963377871701e+00
2.484008344803539270e+00
2.384297894236007576e+00
2.344534034522341326e+00
2.497496682393749445e+00
2.426413238885875234e+00
2.147717849932731404e+00
2.532725192910031176e+00
2.376600179996317674e+00
2.577773837117021127e+00
2.213056303376352396e+00
2.194549881465283292e+00
2.183797973373069468e+00
2.269987492955600761e+00
2.167824526495178539e+00
2.390245514702066476e+00
1.970366860030409839e+00
1.959345162649967165e+00
1.808405056811337897e+00
2.010154901117449988e+00
2.126637613673634242e+00
2.164247260152070140e+00
2.141725315304309873e+00
1.764512281654661230e+00
1.941454381239110738e+00
2.083676374091543604e+00
2.428255859244788262e+00
2.383365771227537344e+00
2.496743809696001737e+00
2.153897534567131178e+00
2.488164251421338680e+00
2.314596826931723861e+00
2.190397315413303847e+00
2.311974315578309458e+00
2.634791183703136586e+00
2.579370027808672639e+00
2.489762727619959204e+00
2.387264855213950376e+00
2.489117570008131164e+00
2.569635531111051918e+00
2.576476017257658402e+00
2.436973959149566493e+00
2.577195013006748248e+00
2.589623428658842208e+00
2.600976047120775014e+00
2.607594089872069976e+00
2.697670817252593167e+00
2.368871168518550174e+00
2.619310806119736323e+00
2.654456099365051447e+00
2.631721671864912793e+00
2.689541828676168311e+00
2.720086450408165657e+00
2.669332977041025234e+00
2.423472879380996314e+00
2.477333671239050350e+00
2.548725125952481463e+00
2.214087464684149076e+00
2.339395734439642105e+00
2.431667445575449893e+00
2.184364674986004395e+00
2.351879644021858784e+00
2.230764089090169655e+00
2.489672010871076591e+00
2.368535715103259776e+00
2.231370485748479293e+00
2.478732320723655569e+00
2.151739916672308350e+00
2.388803970529716381e+00
2.365342847911546809e+00
2.515205306140605668e+00
2.556538461552942287e+00
2.466823340892838168e+00
2.581400204189908010e+00
2.552101295183192509e+00
2.575154139142199483e+00
2.682400411060129386e+00
2.474779391609903456e+00
2.287660401989053405e+00
2.062713093481814308e+00
2.201526340836671647e+00
2.212771900659473268e+00
2.215295250378640279e+00
2.350767201298205489e+00
2.213586069197162498e+00
2.499496067527835486e+00
2.437440549633432596e+00
2.449704276766079492e+00
2.471744743532791055e+00
2.349180193268208150e+00
2.419710817839270334e+00
2.622508539180304243e+00
2.461716120888698178e+00
2.324468683919664880e+00
2.597959209691296678e+00
2.403010338692772585e+00
2.522612847450343310e+00
2.526166073956432001e+00
2.436835927664558810e+00
2.586604245705323102e+00
2.556433719783577807e+00
2.513683483098730687e+00
2.690293627239582985e+00
2.575310085568495833e+00
2.560323789150917850e+00
2.580452162208149325e+00
2.584279658194767570e+00
2.554828783910682688e+00
2.499764706464415287e+00
2.640523217617314344e+00
2.553445339587065988e+00
2.590970360434747377e+00
2.847621772729429068e+00
2.493392421714964335e+00
2.528942361615209578e+00
2.603319340192544740e+00
2.509864077316600106e+00
2.497737399133292069e+00
2.561699454892532923e+00
2.729700072324994231e+00
2.085295107038243057e+00
2.289131393096076827e+00
1.978188099547400380e+00
2.188043303830622843e+00
2.266817575383065275e+00
2.204526515999215341e+00
2.172223165276866208e+00
2.060418556899959341e+00
2.082560554998133195e+00
2.282841674316245406e+00
2.182618196297656077e+00
1.981920370783394336e+00
1.949862462397016216e+00
1.974284852237198962e+00
2.381619398233254969e+00
2.102821231411346581e+00
1.970724116241898471e+00
2.415768314997709609e+00
1.935460134747583938e+00
2.221207464074200999e+00
2.094599557521561906e+00
2.526305722633779727e+00
2.020948256985576119e+00
2.082786787262491224e+00
2.454948738462624291e+00
2.278257317536684035e+00
2.098972915677341788e+00
2.175895409685018489e+00
2.433180121099568716e+00
2.246310821826149162e+00
2.289234809043255936e+00
2.328752566283281311e+00
2.221122164661921250e+00
2.463707355424828549e+00
2.418771670865959234e+00
2.455033284876122490e+00
2.572880617683262372e+00
2.275747892185758126e+00
2.311265214471673435e+00
2.375283362871058568e+00
2.297870630271847237e+00
2.584128951572489452e+00
2.541274579153034896e+00
2.511696278662894244e+00
2.355566837343626041e+00
2.410207020559048008e+00
2.487883235819612349e+00
2.544282744123328222e+00
2.297346594475782044e+00
2.204337014423987995e+00
2.293036008513090973e+00
2.212772139660677428e+00
2.347982683829333617e+00
2.259394849952399476e+00
2.188014347005857729e+00
2.443644239763413495e+00
2.266739897942824822e+00
2.349048566016537887e+00
2.186602281115210822e+00
2.468437251318518655e+00
2.526647362164588628e+00
2.150329122920204838e+00
2.500230118893310927e+00
2.180471850825597357e+00
2.228730043768256674e+00
2.196144339643147259e+00
2.493267652691642855e+00
2.332020844305310536e+00
2.224345361515083663e+00
2.597433254063300279e+00
2.141581843078816050e+00
2.518910992181226494e+00
2.322049481952138894e+00
2.420766592329213651e+00
2.304784732301427219e+00
2.380885460391691577e+00
2.524682120082426984e+00
2.194241578029609396e+00
2.367962777598492163e+00
2.439446832049244840e+00
2.432125545976150160e+00
2.336693612288206712e+00
2.387663450572523605e+00
2.326624282884400152e+00
2.360716567035354263e+00
2.379587460310848890e+00
2.231534910699644936e+00
2.381820468798887092e+00
2.586227031658982600e+00
2.447452842127310291e+00
2.597908367207610425e+00
2.350604470623039344e+00
2.623804314597102394e+00
2.582748198851562371e+00
2.352807814499513483e+00
2.307596511253517058e+00
2.391770322817868166e+00
2.523387054411145414e+00
2.418252898406062723e+00
2.571090115394794928e+00
2.436295229704759091e+00
2.599360939572381568e+00
2.248647392446982529e+00
2.418423059346606951e+00
2.445162706192668622e+00
2.506259984197885426e+00
2.534536327186496241e+00
2.566718298862557202e+00
2.497698678208079670e+00
2.522761665233249406e+00
2.596619100825830362e+00
2.647605018241443009e+00
2.589459317709343456e+00
2.594314605453408973e+00
2.542798329219861042e+00
2.531341696062835656e+00
2.657915302030946947e+00
2.437399202210865035e+00
2.363293463028708352e+00
2.469997119979562061e+00
2.528727263348966581e+00
2.526428898943045009e+00
2.383787470908179884e+00
2.480391003003011186e+00
2.553472510324368283e+00
2.486969974011859374e+00
2.325850544646492324e+00
2.525415347433792146e+00
2.658580051710972114e+00
2.364262845393510393e+00
2.368045766813872799e+00
2.613174566666967902e+00
2.439996364341537660e+00
2.541487967750077459e+00
2.482728447991056075e+00
2.544891696565856787e+00
2.665627829049333375e+00
2.531834118818819590e+00
2.458803401238459418e+00
2.604361870768962639e+00
2.405053970972637511e+00
2.473143072763126948e+00
2.224986060245937036e+00
2.535046741747842614e+00
2.248242899656569094e+00
2.300037742808219932e+00
2.531242443793304986e+00
2.474692415585793004e+00
2.604962028341260449e+00
1.997364356786708983e+00
2.079230382056413529e+00
2.077304750944512168e+00
2.226359180030501594e+00
2.017864196115342068e+00
2.224586166445710056e+00
2.323634599524659006e+00
2.051198982004745375e+00
2.104535447573608220e+00
1.856327090976186867e+00
1.942359018726410813e+00
2.131699171982267771e+00
2.003088798447977492e+00
2.000118292662206976e+00
2.079881617552639561e+00
1.925915990638374264e+00
2.032982371423251777e+00
2.595416445465218214e+00
2.605520937570032114e+00
2.462900120172681895e+00
2.398498977756959416e+00
2.416891494567622978e+00
2.513273318290245140e+00
2.366583685580021079e+00
2.590161301245954562e+00
2.279116149939301561e+00
2.338572402200528533e+00
2.395609781446176978e+00
2.414260633560055602e+00
2.545959780921662308e+00
2.451111481598920783e+00
2.507541993830936455e+00
2.428557918294422802e+00
2.610975928561724224e+00
2.501265809719981803e+00
2.557655335862180745e+00
2.624838287360469202e+00
2.556271924652269600e+00
2.533673893604329042e+00
2.532771093631152937e+00
2.679877038776883769e+00
2.680236914522863945e+00
2.513537186101753473e+00
2.691067890897088422e+00
2.729022159972613437e+00
2.694062515751642017e+00
2.509803417225504152e+00
2.596098806219277577e+00
2.561810259113929789e+00
2.794426433287974465e+00
2.738430879742964397e+00
2.549834250586541007e+00
2.510086878872051397e+00
2.548579969571891812e+00
2.564377039105049327e+00
2.418405218693065351e+00
2.675855424277744810e+00
2.536698527359521282e+00
2.520475856534585279e+00
2.495219908322331204e+00
2.639035863030920304e+00
2.662127189243041592e+00
2.649692526602552611e+00
2.220137965281285375e+00
2.291105789517219993e+00
2.192094144750872164e+00
2.330595708527754439e+00
2.511821423165643274e+00
2.448192104502552535e+00
2.472503755834615902e+00
2.512711477688003292e+00
2.440741252547081075e+00
2.506729769170640942e+00
2.231033864534951228e+00
2.182109784372631367e+00
2.191481970035509264e+00
2.212317449991244356e+00
2.100634558408432717e+00
2.269360746522485872e+00
2.265739136747364046e+00
2.390881684566573018e+00
2.483467802813024150e+00
2.359217931198950513e+00
2.497819960724830590e+00
2.440169843938394756e+00
2.458378584932166433e+00
2.497334969063867760e+00
2.525994086358399837e+00
2.585973369227779983e+00
2.574604529573107037e+00
2.530108200484877834e+00
2.672900187438805641e+00
2.599293414545273073e+00
2.612376147743975530e+00
2.785402577088835763e+00
2.574454687912524520e+00
2.533552762389480684e+00
2.544433960546048201e+00
2.483788291935322690e+00
2.407137526211807987e+00
2.557922735327073038e+00
2.590092203848980201e+00
2.445158088935477370e+00
