1.579337066048385640e+00
1.458047022555584826e+00
1.496221700207581495e+00
1.501045007293025257e+00
1.518345349236656761e+00
1.539070089815532727e+00
1.596998279692595002e+00
1.714085825707329036e+00
1.677859034363193613e+00
1.489425752298473293e+00
1.495117643978650435e+00
1.634309958777494298e+00
1.734976327234349469e+00
1.819370212609492832e+00
1.879864290107278402e+00
1.564097228696007980e+00
1.720374403772807259e+00
1.946662255045016776e+00
1.785242698395153926e+00
1.880126272137942811e+00
1.887735213374108767e+00
1.850131265236750977e+00
1.844564930937745872e+00
1.606883113016007059e+00
1.713851447925481386e+00
1.714014216345036257e+00
1.781132849587688360e+00
1.912678132958133492e+00
1.811081737131177816e+00
1.888214907763820838e+00
1.694641067854152583e+00
1.474662190716107490e+00
1.507096451564251094e+00
1.698015851233380058e+00
1.723739461895303693e+00
1.872989981507741541e+00
1.919258063969886630e+00
1.506636914704321484e+00
1.475868071161594353e+00
1.531266027005464991e+00
1.688569543510136883e+00
1.683346387460168403e+00
1.715439425288406428e+00
1.814170557774928527e+00
1.752061262974299094e+00
1.946197389329045624e+00
1.763993822355975682e+00
1.763051202298260511e+00
1.888575475337716414e+00
1.925249282144447127e+00
1.581394353906383499e+00
1.491877031305731904e+00
1.572199304139151099e+00
1.498779236125079573e+00
1.507114268996936790e+00
1.585280514135289032e+00
1.612560179769029656e+00
1.691010771288292691e+00
1.567142815960021585e+00
1.615394848606350964e+00
1.638885101627044039e+00
1.662425239135943533e+00
1.713097627005589096e+00
1.784131804201322558e+00
1.850342451116118836e+00
1.865653426874653409e+00
1.636178576940516383e+00
1.795328146098065902e+00
1.818667671809484521e+00
1.887198027084900032e+00
1.971712184812844271e+00
1.805171032079838200e+00
1.853088229540912790e+00
1.490776080759503408e+00
1.602504526116667716e+00
1.826507619466497534e+00
1.841131544680273180e+00
1.932657638098309372e+00
1.756182387073478068e+00
1.660254626943032497e+00
1.563414602736392656e+00
1.818143738735905623e+00
1.721937216827506889e+00
1.682238912360337180e+00
1.751991677672366299e+00
1.749767035633116530e+00
1.891331118963873736e+00
1.915985702079795461e+00
1.916162272204095629e+00
1.500014707453088514e+00
1.571070012449402586e+00
1.476886699110415924e+00
1.465797997277489939e+00
1.679899852872375643e+00
1.685384139384280111e+00
1.740213694418541790e+00
1.892628290862034213e+00
1.780271119322381024e+00
1.884088495572853850e+00
1.887794257790634811e+00
