1.907933058834621720e+00
1.820117236815446571e+00
1.912850604322248849e+00
1.736875501878717420e+00
1.804996247854440350e+00
2.050296368329900254e+00
1.827461787044473374e+00
2.044794804123597931e+00
1.769984055579021831e+00
1.903962583794977848e+00
2.048779015988315688e+00
1.848210636406820706e+00
1.980175495261152330e+00
1.943376656231906585e+00
1.843833614649387664e+00
1.963151365477488808e+00
2.116934509020780286e+00
2.026046471644332048e+00
1.880786067681805784e+00
1.961685165355099514e+00
2.145511192255635802e+00
2.184785167424875496e+00
1.896485472790015558e+00
1.880556138598216798e+00
1.955852121144388223e+00
2.077041415664087065e+00
1.933906273791432762e+00
2.117321153005734313e+00
2.131402550410274266e+00
1.953799860470028849e+00
1.896020955312287315e+00
2.096841820528601463e+00
2.043199588305854242e+00
1.839625769114831222e+00
1.905744853678031925e+00
1.857877277426894125e+00
2.119036225628429637e+00
2.009898145855542051e+00
2.206332586641121640e+00
2.081783436481305483e+00
2.072820535223767635e+00
2.094894913280915816e+00
2.078914822678903374e+00
2.095384868620177699e+00
1.954119246264247378e+00
2.051294540160867541e+00
2.220608820877129297e+00
1.993256192156430018e+00
2.088039342267794307e+00
2.190905207016885292e+00
2.002214081752399899e+00
2.201653726548030932e+00
2.097518609581550564e+00
2.258979276084565502e+00
1.837790486970531934e+00
1.935545378958615004e+00
1.752213002302127842e+00
1.822726975301593999e+00
1.916856770798579301e+00
1.810682636730402306e+00
2.037975337676952936e+00
1.969135705951790660e+00
1.869470562137206748e+00
2.086449110199249279e+00
1.744181406070195894e+00
1.926028249334885034e+00
1.966456648875424040e+00
2.053517811859312925e+00
2.265022539330008744e+00
2.101872740511818272e+00
2.249755082466135203e+00
2.419003902387115712e+00
2.342455893932235078e+00
1.966062862313656900e+00
1.949540678388395065e+00
1.892585771066631617e+00
1.965459239255344270e+00
2.038482923506955036e+00
2.022029494072105305e+00
2.112929784787145771e+00
1.987448484050419406e+00
2.164310969149803032e+00
1.830356526810307249e+00
1.874934540221566692e+00
1.816874222095039348e+00
1.943640392350322266e+00
2.090850582330854301e+00
2.019050949237456205e+00
2.007665470785215955e+00
2.137503491807925204e+00
2.037710977777221100e+00
2.134715665592098688e+00
2.157615523234003074e+00
2.020849470726283847e+00
2.193417301354916749e+00
2.287165613546951803e+00
2.310198761390681366e+00
2.110829895977477388e+00
2.281135682711326051e+00
1.854136367689105835e+00
1.774666372082806864e+00
1.888855656300586938e+00
1.817361528793412173e+00
1.695873682913821012e+00
1.895912264095790611e+00
1.743945993577544984e+00
2.132780929431979278e+00
1.782779374250572202e+00
1.731060783725377528e+00
1.847969068948103200e+00
2.040722947813038424e+00
1.907009751649852536e+00
1.823966887392575398e+00
2.033802074594581288e+00
2.076590377061989123e+00
2.017415811211155763e+00
1.934186106264240701e+00
2.023167569946571209e+00
2.048133139905253586e+00
1.968997282792275705e+00
1.876980973911637207e+00
1.925641565672690625e+00
1.982895831105963014e+00
1.877544423140392382e+00
1.940947324046432776e+00
2.089513112746726797e+00
1.762908268135790602e+00
1.875258018161125806e+00
2.004367645447606261e+00
1.902319745055137012e+00
2.110752961153438356e+00
1.933892725418584480e+00
2.058141711157068343e+00
1.840283570836136473e+00
1.878844090444028891e+00
2.024617642327927403e+00
1.808871823662626444e+00
1.995174855124487223e+00
1.913801138041015149e+00
2.180404506273540211e+00
1.902569306873042043e+00
2.152408734015630820e+00
2.225345542746453908e+00
1.999691205594229748e+00
2.116070794480759076e+00
2.158201131325268918e+00
2.223043178656280983e+00
1.904782033158290533e+00
1.978197912164540551e+00
2.052870069008258191e+00
2.153827705393071668e+00
1.925242454796913361e+00
2.182730250157559393e+00
1.943801175590200936e+00
2.202600623448438988e+00
2.178836228290010890e+00
2.077722511701709518e+00
2.265826112627301381e+00
1.970446601743352844e+00
1.954987442294842559e+00
1.978836332626761729e+00
1.883887591860952115e+00
1.808094098071027833e+00
1.808947902918699890e+00
2.167292019900656896e+00
1.973038541553630010e+00
2.239514515567452513e+00
1.973277003733478585e+00
1.945861821775765943e+00
1.895736781947434890e+00
1.965982495980590494e+00
1.970326111330248597e+00
2.210163743023959793e+00
1.957408184107796600e+00
2.020475945918378535e+00
2.195740594821972369e+00
2.195835382406816194e+00
2.295898790157360647e+00
2.317031710749501094e+00
2.072245270273560980e+00
2.155861680537711766e+00
2.116990827985590240e+00
1.954296801506774539e+00
2.141674830165999133e+00
1.947574256492263123e+00
1.984135091370803128e+00
1.982909334101717214e+00
1.869377411889007634e+00
1.883597072319214805e+00
2.047937391329509804e+00
1.909049676268481877e+00
1.933662796506446124e+00
1.983521942706548025e+00
2.012050585492665356e+00
2.033197724986770094e+00
1.943361571796252907e+00
1.974697568703389416e+00
2.276576590518169851e+00
2.276827167591801704e+00
2.267802469058019632e+00
