1.624813216862881715e+00
1.487992471601556232e+00
1.500541886355744703e+00
1.513119444090636145e+00
1.428564979131095036e+00
1.646498418509785955e+00
1.701407118785940309e+00
1.690049049219197741e+00
1.554211549819538796e+00
1.632507424229476145e+00
1.725073827261076831e+00
1.739829653504209261e+00
1.659724561735599124e+00
1.734414884760595355e+00
1.913605530790138287e+00
1.670340064668233815e+00
1.644960039672747509e+00
1.944181130833050331e+00
1.628866448610538642e+00
1.893307522563755008e+00
1.886641700276562750e+00
1.750389904739052316e+00
1.869204641237520725e+00
1.735229227099972293e+00
1.626707113988845821e+00
1.706761412265252353e+00
1.679395112198644791e+00
1.890648744581357787e+00
1.848151048011544395e+00
1.897151970950631039e+00
1.733239571672249069e+00
1.639437151070564092e+00
1.742072553422495229e+00
1.806021136391310566e+00
1.613495722558770273e+00
1.815578741913942418e+00
1.843516754915661915e+00
1.619663803935695867e+00
1.639015276059800463e+00
1.694323736871370611e+00
1.816560200443434692e+00
1.596639503970134655e+00
1.626835742600037271e+00
1.765546729786778180e+00
1.687760423770860996e+00
1.780259437097818198e+00
1.833181445927168918e+00
1.718373618921021695e+00
1.848897833731431462e+00
1.866987481795680859e+00
1.721901246666096341e+00
1.598464889142136691e+00
1.656151544971700584e+00
1.616874548132317679e+00
1.554557618891307280e+00
1.839531620900768161e+00
1.733193346437671867e+00
1.689106845985555383e+00
1.687435915403562969e+00
1.690984115914738295e+00
1.730688444244729007e+00
1.622295679776975641e+00
1.584627426993177712e+00
1.691805666909134365e+00
1.688158103735171611e+00
1.879813023674239414e+00
1.806539368573471860e+00
1.626126255324956249e+00
1.693687902144743074e+00
1.936249485173626050e+00
1.925298934673275619e+00
1.855396914653369089e+00
1.815126696925841498e+00
1.600808292275587075e+00
1.681889703689462001e+00
1.833854087033087277e+00
1.828893366453806735e+00
1.930629667662793647e+00
1.709631046819331646e+00
1.724865842940780158e+00
1.674396918399511991e+00
1.733936964907790923e+00
1.663370986828170750e+00
1.590280195430162191e+00
1.654431574463267385e+00
1.812601029520278795e+00
1.876876031535853473e+00
1.856276319251189300e+00
1.874430402606982904e+00
1.604421490078954626e+00
1.740796701376786437e+00
1.672794964770035309e+00
1.585893009749710592e+00
1.634919558189795952e+00
1.595462243025480564e+00
1.776698800572020565e+00
1.799226768235342222e+00
1.717193227350047646e+00
1.858893187054408980e+00
1.894002918749556619e+00
