2.247050019533934240e+00
2.184326187293250232e+00
2.284306191347074577e+00
2.104792674304978295e+00
2.218219945817767602e+00
2.121401991229330264e+00
2.140716614945256779e+00
2.368814313747482192e+00
2.167148993707958216e+00
1.939160800733458423e+00
1.995524382186127488e+00
1.963829571483286296e+00
2.068917936484870435e+00
2.155059929861964374e+00
2.077737460837625338e+00
2.173405741794946611e+00
2.066798387112043667e+00
1.931129082927261376e+00
2.399102472269922348e+00
1.923324499077993632e+00
2.001879142868713046e+00
2.054139709143071535e+00
2.484485166696169145e+00
2.348378835438602152e+00
2.020284522765397828e+00
2.310930953731828996e+00
2.117829694285168873e+00
2.018212497804219741e+00
2.475288462622473151e+00
2.034955712479049605e+00
2.295916573330541333e+00
2.535632774572332604e+00
2.131649255290767986e+00
2.154155103081918821e+00
2.447816862568342078e+00
2.544066140394020348e+00
2.504962836446340102e+00
2.554071235294479880e+00
2.541547739029456299e+00
2.080775205379739923e+00
2.239168224634792814e+00
2.333371731229191948e+00
2.226314324218151786e+00
2.471815515670114038e+00
2.074439093980551707e+00
2.383193130717749852e+00
2.294495619439828271e+00
2.342825497291624259e+00
2.245354966008983322e+00
2.272474626298795819e+00
2.447659156863837282e+00
2.351780777550228407e+00
2.189972432334300834e+00
2.237609187024731217e+00
2.107585011723835944e+00
2.200257653364159793e+00
2.459809876776237747e+00
2.108876989769668420e+00
2.166152795961153732e+00
2.164121612831032326e+00
2.574312747134599899e+00
1.992006905780902670e+00
2.186412705752919905e+00
2.135180180001968520e+00
2.443665539524075392e+00
2.469607465031224969e+00
2.186766655975563189e+00
2.156834252902689819e+00
2.247868677459649689e+00
2.409357947452730908e+00
2.297391665108379666e+00
2.447602166201364504e+00
2.520381713207950902e+00
2.278556592381269841e+00
2.431212464241794269e+00
2.357321105849329079e+00
2.158664844601316357e+00
2.351715124089685638e+00
2.427951717096286988e+00
2.307687775773695549e+00
2.415243750427395586e+00
2.279957981335731798e+00
2.153585665717959063e+00
2.232414453443638092e+00
2.150257518008417801e+00
2.063749778010099067e+00
2.245574317042016599e+00
2.348935387945077835e+00
2.509686701755949656e+00
2.422360228408806826e+00
2.481384313433102395e+00
2.307877841973799082e+00
2.232129516146309278e+00
2.119223944088876710e+00
2.181155872827798881e+00
2.276732689530774234e+00
2.523760621993766939e+00
2.482087334712389737e+00
2.355782078515515909e+00
2.256692755261326067e+00
2.348001570712025199e+00
2.431248644397487446e+00
2.624447581045827871e+00
2.636628364168927874e+00
2.515583974401829792e+00
2.494928508142018941e+00
2.545693436378210883e+00
2.549812802849905413e+00
2.502065029561717058e+00
2.503275329235822522e+00
2.575229743273991900e+00
2.247983316668595855e+00
2.274348798369250524e+00
2.252788569778548577e+00
2.205488910815844417e+00
2.292251307787488201e+00
2.267471555138226069e+00
1.955453796927760113e+00
2.581264602162481214e+00
2.310056519477899251e+00
2.555384527440239140e+00
2.482359864142725137e+00
2.414819570319540532e+00
2.506577581880364836e+00
2.588928890534014204e+00
2.439916451867803815e+00
2.587614387081550671e+00
2.368792067020011327e+00
2.563999919096410895e+00
2.452597635297608214e+00
2.334386146322315003e+00
2.450272609148707037e+00
2.622604822650642209e+00
2.458007542274966983e+00
2.330723157515560029e+00
2.572186322193405594e+00
2.517520532459903038e+00
2.595527358195525380e+00
2.124499479590434614e+00
2.297832465229320054e+00
2.200452776630311025e+00
2.204457032245175530e+00
2.097783193803334889e+00
2.335005952349760161e+00
2.165630630333009510e+00
2.122511731509334698e+00
2.063343568994836286e+00
2.111144039887321355e+00
2.218078729810736949e+00
2.352086450090961289e+00
2.214553847281405030e+00
1.977046349414610438e+00
2.015373460235526881e+00
2.209821533748086875e+00
2.461368685917107335e+00
2.385727553211187235e+00
2.456456566104322281e+00
2.246761479114674387e+00
2.492126031766062955e+00
2.428362525561309049e+00
2.242532392376601624e+00
2.438019357787022834e+00
2.548162591757650919e+00
2.576331922073347158e+00
2.498222328139197757e+00
2.287686539446075695e+00
2.418564058428318120e+00
2.327074342282917652e+00
2.385413832572333526e+00
2.434458515691795277e+00
2.517157941813040090e+00
2.334131655569156916e+00
2.423386193469561967e+00
2.374641004070117578e+00
2.386254886505001060e+00
2.392597616688761697e+00
2.594539538773691145e+00
2.661331337227259120e+00
2.582648439439914512e+00
2.456676372365420136e+00
2.656886213401880248e+00
2.559113959676522221e+00
2.404046556890955699e+00
2.531939446720256282e+00
2.526244982335798195e+00
2.194168405605562810e+00
2.363708692128990929e+00
2.384021792808925788e+00
2.020338220976861887e+00
2.267838748187700482e+00
2.106154375482280017e+00
2.272103236133391935e+00
2.127728073831177458e+00
2.152259996023886846e+00
2.247129856067261233e+00
2.179475482607479364e+00
2.153609194560415663e+00
2.193392148240918438e+00
2.518848390475720844e+00
2.296921995773451464e+00
2.246786800848480592e+00
2.574713891412848898e+00
2.353382510739182809e+00
2.369065767969401826e+00
2.446950073684095894e+00
2.449345414606642901e+00
2.317064591286690955e+00
2.121592451311253846e+00
2.297768735380638638e+00
2.307933869498755008e+00
2.330129769591522404e+00
2.335364339276372103e+00
2.238644396667565761e+00
2.337723152049433484e+00
2.342710743323585199e+00
2.482714838526316914e+00
2.400674571909842570e+00
2.288327863584120436e+00
2.336083672093085095e+00
2.636558876564075504e+00
2.466862291083324887e+00
2.443145286806174710e+00
2.561062649684696435e+00
2.382321529112798153e+00
2.388677677079077188e+00
2.345450424887491447e+00
2.461308813923474670e+00
2.327738886260271034e+00
2.381801667257042343e+00
2.400154189775950631e+00
2.483689718007468628e+00
2.567452588889219012e+00
2.433766184922439457e+00
2.441774007637300681e+00
2.571937312483265181e+00
2.600111655853175385e+00
2.417893145415792144e+00
2.666963346732461382e+00
2.557408924823884266e+00
2.429671221841291029e+00
2.748536158652316264e+00
2.486296624857355919e+00
2.527904427108385477e+00
2.443271535220683077e+00
2.414786399299672315e+00
2.321271487289101820e+00
2.567228880775115130e+00
2.563858683051101206e+00
2.026069199596467918e+00
2.066340878357145527e+00
2.121743933494195211e+00
2.276781708211434996e+00
2.280214377807642467e+00
2.215418376827674507e+00
2.179162683085906327e+00
2.174488671739315482e+00
2.143599190423421508e+00
2.168234767201307811e+00
2.247033818541997352e+00
2.028787141394472471e+00
2.082637702631488619e+00
2.117515334299595153e+00
2.324656826110285568e+00
2.128199596839438712e+00
2.016513784065792514e+00
2.183864242890212637e+00
1.980023674631244957e+00
2.267185607726553975e+00
2.124904739474082760e+00
2.504149020888205346e+00
2.127510049213142018e+00
2.112382004293274829e+00
2.449655847682414400e+00
2.331114621398207465e+00
2.120322916640242639e+00
2.304119104090981640e+00
2.485750039411413148e+00
2.215080662418157598e+00
2.310696445765623608e+00
2.284885508248648112e+00
2.178562041870482524e+00
2.410885196506789452e+00
2.534515090897005329e+00
2.519655736531593693e+00
2.568743771085615357e+00
2.127083524017155725e+00
2.166165951573239212e+00
2.216057369509503605e+00
2.284785896420858720e+00
2.368807679561991009e+00
2.360292615561858209e+00
2.353673600050040005e+00
2.267020474073154102e+00
2.347425117917025794e+00
2.339802933805978924e+00
2.397574991406297151e+00
2.263916033030956232e+00
2.176706932662842320e+00
2.181354575276499119e+00
2.286085218416902265e+00
2.221680818111597233e+00
2.179545441356219637e+00
2.154531397942403004e+00
2.279365700559620844e+00
2.165147969934134498e+00
2.428013694321929705e+00
2.176270699149069454e+00
2.220819434045090190e+00
2.366442283769187860e+00
2.087614538852433643e+00
2.482659674535397265e+00
2.081600235032298407e+00
2.401726415090071232e+00
2.183162109764120284e+00
2.336680595330369758e+00
2.293346186471771020e+00
2.202065051689950703e+00
2.384265218200372516e+00
2.227440358886629834e+00
2.388302081297272839e+00
2.233519915041354942e+00
2.465334877566129013e+00
2.292345893862548944e+00
2.286398571065050511e+00
2.418911862159670356e+00
2.100962938799478597e+00
2.325048307490180211e+00
2.376626027465548852e+00
2.487114193348575419e+00
2.235906920390441588e+00
2.178611467137057556e+00
2.164357197619195095e+00
2.211250108815709492e+00
2.073995760400602517e+00
2.307886463994749615e+00
2.362840136081355791e+00
2.414601543616041734e+00
2.143871300703206195e+00
2.587899540655126174e+00
2.202567208241634766e+00
2.557868424473528801e+00
2.414558800257385229e+00
2.213024917234955424e+00
2.098557845502465380e+00
2.275335365771909757e+00
2.323053593007802231e+00
2.465805037441940684e+00
2.523334219212903573e+00
2.408735305940140403e+00
2.605086389571110050e+00
2.239798949807920714e+00
2.319198126084562883e+00
2.435203143829715255e+00
2.483973008917577996e+00
2.499878673954238018e+00
2.527769598826752340e+00
2.559552032005232292e+00
2.587957900712799741e+00
2.500124337832681398e+00
2.489315909428391649e+00
2.391055196130603910e+00
2.468880938647166179e+00
2.433082643379914867e+00
2.374120291281343942e+00
2.350033906353825142e+00
2.179865603174836242e+00
2.117968029512474981e+00
2.342947713114917452e+00
2.272934078941499791e+00
2.428725711931749576e+00
2.227750680562296637e+00
2.228049400885963927e+00
2.383781388768008824e+00
2.538321972904505675e+00
2.475829590392489621e+00
2.421026057225004635e+00
2.610046119149699972e+00
2.281039961898857715e+00
2.437270293010842526e+00
2.394156010488978303e+00
2.443252974231829633e+00
2.512781605631368542e+00
2.404661381316465452e+00
2.374555356870006406e+00
2.598173282937677353e+00
2.533228012574319621e+00
2.362528288190553827e+00
2.598131734263642301e+00
2.372813827510038998e+00
2.592674888518205378e+00
2.391206902587861283e+00
2.601716509418494638e+00
2.455764143528115895e+00
2.299757280968703022e+00
2.570063363033215698e+00
2.544315748697544066e+00
2.570077577684142689e+00
2.105410953980689115e+00
2.088269370435852146e+00
2.109933203841439564e+00
2.222994516109128682e+00
2.004435203003539723e+00
2.190014988899359416e+00
2.298853158295304677e+00
2.202726385649254492e+00
2.162395684173759491e+00
2.086137253693143290e+00
2.107797564260190271e+00
2.216680428135342940e+00
2.217592485107187983e+00
2.128544434630269322e+00
2.262135582590747873e+00
2.208685640279808737e+00
1.924038086469424647e+00
2.374982351368906563e+00
2.469961823185895078e+00
2.455172799042532716e+00
2.309559582647009890e+00
2.235009259560178929e+00
2.451912650318876175e+00
2.326989420410707332e+00
2.271341172106208894e+00
2.299814743602685230e+00
2.260932846880104208e+00
2.390527548418926340e+00
2.427889830611477784e+00
2.320581055636787404e+00
2.369588781007108125e+00
2.580596740378587661e+00
2.560808686689870939e+00
2.493051995005945543e+00
2.434898686675645241e+00
2.560094476547570164e+00
2.440318973160562788e+00
2.588145246836410340e+00
2.439951467807852659e+00
2.477613814879878529e+00
2.389469337611561883e+00
2.497728436786227135e+00
2.398526957159208717e+00
2.498999180200157877e+00
2.471935191538408461e+00
2.476632314245497124e+00
2.489671317354194890e+00
2.568058277196679118e+00
2.539637637235923062e+00
2.692045625357806227e+00
2.660334873436441594e+00
2.532062323834664674e+00
2.487403593327660811e+00
2.528276335967098554e+00
2.594100879181746588e+00
2.043157962191564092e+00
2.271124209390908533e+00
2.130895885068392115e+00
2.202829670782366023e+00
2.145590607104777003e+00
2.275680111260391936e+00
2.301663651901789898e+00
2.356173684659940815e+00
2.170971881074063248e+00
2.330285120554020928e+00
2.018387611937121573e+00
2.323101297279640765e+00
2.360692647514676779e+00
2.154889527034344887e+00
2.229348736517672069e+00
2.240465916051588291e+00
2.133888590426707754e+00
2.129510555381807002e+00
2.226960379930956524e+00
2.167073633901350771e+00
2.326987842343315016e+00
2.417796489427643358e+00
2.143130902431531037e+00
2.347972327195094522e+00
2.343581268862124922e+00
2.402414198116455513e+00
2.468133002917656249e+00
2.445084684026362254e+00
2.462809858856346512e+00
2.425901198924089286e+00
2.540484252906496376e+00
2.532031627953531761e+00
2.440482568954770670e+00
2.537194765886807257e+00
2.506757290232715096e+00
2.439346677173193534e+00
2.600445438803135279e+00
2.557698251055243510e+00
2.529719136865190343e+00
2.679399012008992997e+00
2.497064735426583137e+00
2.472507006267230523e+00
2.612445149102569975e+00
2.711833928523834647e+00
2.439422535566146966e+00
2.508627387575404821e+00
2.622731934819320543e+00
2.465132156045480638e+00
