1.593085467816691914e+00
1.480053480275387745e+00
1.468963245153467101e+00
1.453769148139825385e+00
1.467491633261507555e+00
1.578722618819072609e+00
1.637395058860374064e+00
1.674928746647953659e+00
1.563617404746157513e+00
1.505386772770138215e+00
1.668356876870194405e+00
1.703377649445141806e+00
1.772885496710325803e+00
1.811059534482297728e+00
1.942122350083010041e+00
1.598038060263389459e+00
1.713585964288102614e+00
1.935938523078110096e+00
1.636558694470113373e+00
1.806291019594310265e+00
1.961040364206595221e+00
1.943402924217801253e+00
1.912597965852036230e+00
1.709279523811605639e+00
1.785263810718348942e+00
1.906008978130814491e+00
1.840593940232820414e+00
1.991835047895694766e+00
1.820911074517277628e+00
2.008675572817761878e+00
1.598415619791334175e+00
1.446028912862090898e+00
1.621538244207623158e+00
1.825959812577009567e+00
1.855061528485664191e+00
1.804662056663420833e+00
1.817254344634434915e+00
1.446122018358299899e+00
1.509744489913348975e+00
1.528275003833960533e+00
1.866635174746989589e+00
1.668573019236277766e+00
1.784234968712009373e+00
1.663502053845187678e+00
1.705992009531206666e+00
1.933118387025313023e+00
1.926771399994999356e+00
1.832952162954297970e+00
1.900994956464640895e+00
1.865395957268382254e+00
1.628413511792646595e+00
1.495900442836262778e+00
1.645194178571361521e+00
1.519402028304392971e+00
1.447613688410297916e+00
1.542188919541240599e+00
1.642113113716055839e+00
1.746767931074649560e+00
1.697072508962434778e+00
1.725268629677517263e+00
1.767619878693261981e+00
1.710634642708531938e+00
1.770119488763652216e+00
1.776136847155544540e+00
1.808468718702901601e+00
1.932436340881042325e+00
1.801462687515324346e+00
1.723305402385767460e+00
1.775019061552638444e+00
1.940819680676765691e+00
1.956657151654064952e+00
1.949860626910278505e+00
1.958781596954342952e+00
1.558265210621920582e+00
1.761869528299373266e+00
2.030420150473422503e+00
1.883550774216601553e+00
2.028460693563574058e+00
1.619800786278797089e+00
1.650907401319118506e+00
1.740928906986550784e+00
1.712251155297314087e+00
1.716406829630828357e+00
1.794592178048390441e+00
1.846021880195991116e+00
2.002956236729237727e+00
1.841058385813984399e+00
1.987042074548760029e+00
1.938852164889854901e+00
1.521291399035343606e+00
1.796938418049250696e+00
1.583832400429554088e+00
1.552664117766690000e+00
1.798694622788895803e+00
1.795599739062558431e+00
1.679443019818915195e+00
1.924394314474592971e+00
1.915012444089689181e+00
1.944186917427767947e+00
1.837584424006336592e+00
