1.646315853041322885e+00
1.601329248853936349e+00
1.591516375109295334e+00
1.664393658980548141e+00
1.620103323563365283e+00
1.622212269479040181e+00
1.795882127349096358e+00
1.808614854553871165e+00
1.644927423147698908e+00
1.591006887024957184e+00
1.721338564964649986e+00
1.701518698334097746e+00
1.667510266986109935e+00
1.758495761530920909e+00
1.856887852889834045e+00
1.738541967321674431e+00
1.633984625572594274e+00
1.872921276327103257e+00
1.655401583802179388e+00
1.836806984295029199e+00
1.790535291695767306e+00
1.813937360510663455e+00
1.818725074299596178e+00
1.768628025531310932e+00
1.723410023023044024e+00
1.789700813955870551e+00
1.730086878418140017e+00
1.872895665745308857e+00
1.756287335943412131e+00
1.900044862298359227e+00
1.689110374533083547e+00
1.560939618044612009e+00
1.615534925514569675e+00
1.823748630557982198e+00
1.774267354299952082e+00
1.941231933623713823e+00
1.884332898318517469e+00
1.554589390334365717e+00
1.531482824218853622e+00
1.635165630739889409e+00
1.894732823760398865e+00
1.666929400577968456e+00
1.688122976856670121e+00
1.742547143734174186e+00
1.730056445784007524e+00
1.883794987786566955e+00
1.854770485513073330e+00
1.798706921505085266e+00
1.897577024268685131e+00
1.885327704064793997e+00
1.518680306590311391e+00
1.560741191393519411e+00
1.682409612962445733e+00
1.573320505819866044e+00
1.546684874544083321e+00
1.698558439037942458e+00
1.702383599234805533e+00
1.662088500314399475e+00
2.012762113056995261e+00
1.721272168267751868e+00
1.614719802902948809e+00
1.593959016353382108e+00
1.641192415246534031e+00
1.679061206959864272e+00
1.583579256749771735e+00
1.821653568220144015e+00
1.544104484119971810e+00
1.530259977321782872e+00
1.492396653283177166e+00
1.689997396608831526e+00
1.838764680785925254e+00
1.719908682626908103e+00
1.783946842027829938e+00
1.379615051477309340e+00
1.590920107108927617e+00
1.801730814341703901e+00
1.797374852352235486e+00
1.885886275153732861e+00
1.629155629781893877e+00
1.557137509660021957e+00
1.436750057336595665e+00
1.451989058040093816e+00
1.661354540351063669e+00
1.573686974441050213e+00
1.688211563656043968e+00
1.691984445485818611e+00
1.857235099256041133e+00
1.875887402779610413e+00
1.872867509710252731e+00
1.405722956117193334e+00
1.492733998397051121e+00
1.444010646987873292e+00
1.500001765236571805e+00
1.551360638683195958e+00
1.596009485968590269e+00
1.694473205408892014e+00
1.768770582427649840e+00
1.748086002317966958e+00
1.792498728039204847e+00
1.856839494766868937e+00
