2.123812731168083889e+00
2.159038671312223823e+00
2.232984924882482236e+00
2.120736615156866289e+00
2.202175331711961004e+00
2.076155000648912008e+00
1.981554373569954564e+00
2.445833986754711198e+00
2.241982858862018979e+00
2.003580746019705927e+00
1.967556118692344924e+00
1.824864261767189078e+00
2.226419552687318948e+00
2.282433482866203622e+00
2.201483355102915151e+00
2.217729261392084261e+00
2.144708058602629031e+00
1.991833336578439528e+00
2.490724184655070950e+00
1.841714109290290446e+00
2.201725776323222306e+00
2.185490931082960664e+00
2.589517009610605935e+00
2.408501059141840095e+00
2.269340905671602737e+00
2.394992156992676424e+00
2.227523183774950510e+00
2.077043241606806312e+00
2.562706696966287279e+00
2.278281535991487861e+00
2.351113345658159659e+00
2.477291386621738756e+00
2.176720373472883718e+00
2.122352801989662030e+00
2.442345067876197540e+00
2.461186261711904244e+00
2.444086408323261406e+00
2.474349241666696564e+00
2.490520455572625469e+00
2.077694596700208951e+00
2.211616784668267943e+00
2.383242086172828067e+00
2.211239077717596757e+00
2.575867709044790566e+00
2.129749316777373558e+00
2.555720111470645595e+00
2.353025666396808102e+00
2.509392844770586883e+00
2.413334454501442128e+00
2.337144607756326486e+00
2.438748092144279234e+00
2.405594558228736357e+00
2.373781876545239644e+00
2.398401762008370408e+00
2.282893066819555727e+00
2.339201628396532673e+00
2.291760713494090496e+00
2.183710730486539742e+00
2.322648253277288077e+00
2.324364668219296437e+00
2.429072134720457576e+00
2.283061297807752243e+00
2.432625171619867022e+00
2.348754806573585707e+00
2.582381581685015082e+00
2.506991852840019686e+00
2.415466547620749083e+00
2.239400387932314551e+00
2.268420457137384272e+00
2.446527427056572002e+00
2.286265068933317046e+00
2.658997960515205428e+00
2.598199056246717653e+00
2.321686971504524077e+00
2.461087008739794246e+00
2.407574030219842509e+00
2.360516167532372922e+00
2.396150682670290966e+00
2.528678859368160836e+00
2.454732271263557752e+00
2.451092103866744587e+00
2.470978293588859120e+00
2.228233737212180543e+00
2.277637060503817423e+00
2.385941100702719364e+00
2.418441780472877500e+00
2.168216273706278230e+00
2.623189028241090792e+00
2.554041063858830896e+00
2.505450808816853669e+00
2.408188212606095835e+00
2.670824322649807847e+00
2.538909779530607924e+00
2.482588752747572070e+00
2.585022051471988824e+00
2.626291844503935824e+00
2.680030474726503797e+00
2.729297574851466290e+00
2.573748947929100694e+00
2.550420571811220061e+00
2.698321198431157697e+00
2.772435273509159082e+00
2.759882609616549409e+00
2.634676868136618388e+00
2.661495754165450478e+00
2.667706402311919689e+00
2.681917667765832736e+00
2.527044261148221338e+00
2.548606835614827926e+00
2.534664095309017817e+00
2.577655179509699579e+00
2.498082726729485614e+00
2.324681856324266604e+00
2.521165692536111447e+00
2.365434363191376121e+00
2.524132433136385245e+00
2.369320831205191435e+00
2.019330492824961354e+00
2.548558038519729507e+00
2.265425253852744625e+00
2.751806860948871503e+00
2.571411796484677215e+00
2.348547631505808919e+00
2.496262757309964719e+00
2.599136173640235636e+00
2.546647670721713830e+00
2.710676870922690274e+00
2.581759577067496814e+00
2.543662239115377144e+00
2.500409378363225077e+00
2.468308581959058667e+00
2.467227265996755126e+00
2.583926798845190831e+00
2.529214462677135344e+00
2.337633044980946817e+00
2.628390164546647867e+00
2.536427575284169400e+00
2.547146353880104019e+00
2.188548406279126279e+00
2.059722130594900946e+00
2.175047386591084209e+00
2.147904009064880881e+00
2.152837849319428010e+00
2.326305125645796057e+00
1.892208327058654715e+00
2.130191837643821806e+00
1.793502871236548390e+00
2.032276934869168716e+00
2.010319278241610164e+00
2.352329714969326524e+00
2.127117540209014113e+00
1.761854296814768128e+00
1.822869843402757262e+00
2.072298653052241146e+00
2.643700660125525737e+00
2.622647855291548424e+00
2.667005337441942014e+00
2.439812668356104108e+00
2.645710410717445171e+00
2.520268017672850469e+00
2.412844884348465335e+00
2.518672449451651918e+00
2.528922987570621395e+00
2.703339346859791714e+00
2.738743916478496576e+00
2.117575588617624849e+00
2.480962100858771890e+00
2.361787168516248148e+00
2.608812591964229988e+00
2.578643170299266263e+00
2.751975430626310892e+00
2.601821372789427045e+00
2.613547157595927484e+00
2.747703602183738880e+00
2.553639050324829185e+00
2.401202944849338383e+00
2.699408900363845287e+00
2.798034963698344590e+00
2.676983086773307097e+00
2.640450630972266399e+00
2.813084198735818831e+00
2.667882883398929206e+00
2.567228252634157215e+00
2.627635731023767018e+00
2.621965999753291143e+00
2.249478157123924849e+00
2.437137067189122153e+00
2.532137400838690322e+00
2.063296961768704030e+00
2.170506374112195935e+00
2.037857445738930906e+00
2.389202858952230724e+00
2.208506961813528235e+00
2.129484116084642498e+00
2.374537444051049384e+00
2.206448404589261170e+00
2.240633754632912034e+00
2.187544872501830717e+00
2.561685178071161140e+00
2.432469953576449129e+00
2.341899165211270173e+00
2.606907362357786972e+00
2.451838487579002468e+00
2.473106099793941137e+00
2.654807766692288684e+00
2.671241217889081643e+00
2.218006047052623941e+00
1.960568733441699907e+00
2.159390222881973909e+00
2.200998216194992807e+00
2.242986111875862942e+00
2.288323538531905843e+00
2.174499081713325843e+00
2.328972235132388935e+00
2.276219997529564498e+00
2.371716513555123917e+00
2.521629739698445061e+00
2.371632305167951760e+00
2.384756365496372155e+00
2.680204329696835863e+00
2.480198599708085094e+00
2.457544439868602382e+00
2.550509645983495055e+00
2.454814288875866168e+00
2.424839799449605593e+00
2.517691765168293294e+00
2.605212491032519395e+00
2.495188866582224385e+00
2.388927070408519260e+00
2.565573201925705593e+00
2.773831179269738101e+00
2.681032578503738328e+00
2.552391956216568225e+00
2.523194667696641247e+00
2.712729126657446255e+00
2.713011414165339197e+00
2.519503091094248859e+00
2.696909245880914963e+00
2.630882782858180224e+00
2.692743764891000868e+00
2.822013316751540657e+00
2.614297382291471905e+00
2.696223566018644213e+00
2.576297258454338213e+00
2.532385963459850675e+00
2.424538452983512116e+00
2.729857621181707827e+00
2.765623925735539501e+00
1.835157094780012210e+00
1.975585737818075671e+00
1.925997512674521905e+00
2.158031890416621135e+00
2.302238685446217126e+00
2.257250608502573197e+00
2.213395154554198996e+00
2.203540768332536537e+00
2.207560944132596514e+00
2.205521292548377144e+00
2.308783665730499202e+00
2.145542593285732824e+00
2.138254641847130433e+00
2.297354851784742635e+00
2.344914514279213602e+00
2.216980747286015241e+00
2.127182073059898482e+00
2.378041757177381754e+00
2.034429430575108722e+00
2.169444817234456035e+00
2.181668211959164161e+00
2.607717728313243111e+00
2.185182142024462593e+00
2.145231558404017136e+00
2.460628322753500630e+00
2.363145999954584298e+00
2.229448949547357284e+00
2.225363298457454508e+00
2.484617128494569727e+00
2.164887370640353748e+00
2.363700911247855085e+00
2.303991699090182088e+00
2.269954502372772520e+00
2.450725335004809935e+00
2.464630671480687596e+00
2.452224899265548430e+00
2.592908310143005490e+00
2.130676092958399437e+00
2.209625087406081434e+00
2.297557248026664389e+00
2.327688145047178914e+00
2.601479565791218640e+00
2.523781053321515699e+00
2.453624485749803075e+00
2.344411243613175433e+00
2.476532815401258247e+00
2.394553973370054489e+00
2.290356787303065467e+00
2.224590432372154591e+00
2.237490492602549175e+00
2.101808913382912092e+00
2.292905371300038464e+00
2.288091674756414839e+00
2.283393463283707181e+00
2.168777345771951470e+00
2.244809586107490595e+00
2.317298946508855373e+00
2.447964263280267172e+00
2.295114441165107433e+00
2.175755080828707388e+00
2.172799456328910583e+00
2.329548928219040693e+00
2.543184846076622652e+00
2.191624501481551857e+00
2.407685285148951859e+00
2.363864851079371387e+00
2.356469548044804796e+00
2.434879006102814714e+00
2.318263524179052126e+00
2.461561400058387417e+00
2.257451002757133729e+00
2.471537683728308288e+00
2.234481641213469150e+00
2.538778671972614642e+00
2.411273133985378792e+00
2.324427980155715279e+00
2.624700900343843735e+00
2.163045176387728752e+00
2.501618821279696370e+00
2.461316126592146603e+00
2.652561075483016673e+00
2.267492752310540816e+00
2.274988309421326349e+00
2.351647133114989963e+00
2.296933896068226844e+00
2.345868779447580543e+00
2.285262348299927027e+00
2.416666661792340243e+00
2.533944912776536107e+00
2.501119360133291725e+00
2.599139215790676527e+00
2.452307831018304185e+00
2.534099384313096337e+00
2.690833605463243128e+00
2.404402850682949566e+00
2.280621196439592158e+00
2.238281639138881562e+00
2.267634606390603658e+00
2.270730695958858014e+00
2.620428828785352326e+00
2.418501756830594651e+00
2.720983953228535590e+00
2.360940637163802869e+00
2.256676991662459386e+00
2.325783461395663387e+00
2.614700201531567014e+00
2.497324168718515480e+00
2.535684264808546473e+00
2.718279577576924400e+00
2.533347952297661632e+00
2.329579534068191293e+00
2.667966050316995741e+00
2.603029315306329305e+00
2.602362479738804080e+00
2.507998398067013301e+00
2.352888435738640371e+00
2.444679138132142882e+00
2.441192144942632591e+00
2.300485880628614588e+00
2.492094569511398738e+00
2.278270625004298555e+00
2.546920005794910402e+00
2.231320428867660244e+00
2.584912663864554538e+00
2.597206439749778717e+00
2.267497212262306938e+00
2.409729631619980328e+00
2.526768417879716289e+00
2.518099850994937050e+00
2.342637950109734746e+00
2.420607111830947566e+00
2.485268912378830741e+00
2.316120599563085136e+00
2.533073293087956479e+00
2.294112245641264369e+00
2.477633781077289044e+00
2.695073202294518300e+00
2.447385794024983685e+00
2.457284716902974786e+00
2.553922688866234747e+00
2.465518357041522002e+00
2.479663617606623127e+00
2.353817738021556139e+00
2.644876515211531665e+00
2.473024867137935789e+00
2.343882509202085185e+00
2.729682961405896613e+00
2.543235104256933443e+00
2.709996912694244919e+00
2.021953675126064276e+00
2.154125415059063187e+00
2.215692524415855846e+00
2.255852737068079872e+00
2.048419883463747038e+00
2.187634671078608761e+00
2.319442977116806581e+00
1.925222963014514788e+00
1.926264005799634083e+00
1.971560506265074064e+00
1.814622917971607574e+00
2.097184350052259560e+00
1.983849638571409946e+00
2.019267564517292612e+00
2.008106281259933734e+00
2.457886018550703433e+00
2.179215365353861511e+00
2.706256006466947195e+00
2.570592425650104040e+00
2.607727867108706299e+00
2.270936735412519170e+00
2.312418205271925320e+00
2.546064940504948471e+00
2.043328144348323328e+00
2.621580158496022772e+00
2.481078755232090316e+00
2.163924496492289684e+00
2.348609758463036101e+00
2.530168681480474024e+00
2.421165025516387015e+00
2.492566607555024127e+00
2.572989737547050293e+00
2.565158019755771512e+00
2.661673937772868204e+00
2.589166470585801072e+00
2.589698635250521797e+00
2.580395521943706694e+00
2.628621158390037849e+00
2.508490182287905323e+00
2.559885432578656417e+00
2.603899328674855074e+00
2.689322017622423289e+00
2.451282825436310819e+00
2.581472173393377201e+00
2.712365496889189487e+00
2.645870317504221525e+00
2.479369504746925745e+00
2.684113852367081776e+00
2.713906316280970898e+00
2.870146446519023176e+00
2.673954521521165528e+00
2.597855497119319512e+00
2.424497704617262883e+00
2.558973880051913508e+00
2.627918661877160389e+00
2.471672167341620430e+00
2.377491011746355021e+00
2.447047143883748888e+00
2.452361405667179639e+00
2.436122393514784434e+00
2.709732542995241467e+00
2.712998232217844308e+00
2.680395317765256191e+00
2.104886470471566629e+00
2.304058487191001259e+00
2.173624929473970901e+00
2.328982791720455747e+00
2.442442965499241225e+00
2.172388891595878224e+00
2.492235837656310959e+00
2.308546666082849974e+00
2.436591164257760678e+00
2.267569947338690994e+00
2.362291240593039188e+00
2.115867559152452948e+00
2.386905463736682886e+00
2.446141706820416761e+00
2.143950999705554583e+00
2.328674583805140141e+00
2.231694164369288025e+00
2.381891109974026310e+00
2.403083393945569579e+00
2.402470400328870159e+00
2.544940604676559470e+00
2.497430173906109552e+00
2.512140105632160392e+00
2.532399784541123466e+00
2.502443382409989425e+00
2.538152192995636547e+00
2.659015106014701590e+00
2.495980706769573398e+00
2.596061354284902034e+00
2.697064762430543716e+00
2.657327399972009285e+00
2.708424252880076821e+00
2.677901245596542079e+00
2.606988221968387531e+00
2.587975949537187237e+00
2.669565233640580626e+00
2.642917412159119905e+00
2.682184798060921249e+00
2.536834217077486464e+00
2.630767751496144946e+00
