1.876181430108146087e+00
1.848832136889982269e+00
1.929869283314051609e+00
1.782183573374094054e+00
1.803639448716656934e+00
2.111789661612013091e+00
1.781344525119347155e+00
2.049979153087122974e+00
1.758424213500674682e+00
1.890373949573794787e+00
2.016885687693793283e+00
2.004712824332022691e+00
2.005746463019276060e+00
1.995321292392883361e+00
1.793186629138954213e+00
1.892416307713349788e+00
2.085164314998098511e+00
1.992564186649667501e+00
1.919060623783238384e+00
1.943100528170830898e+00
2.126067468480365541e+00
2.062494117922664572e+00
1.858556884280416321e+00
1.938145282923965373e+00
1.910500163013965524e+00
2.076349630246661082e+00
1.985345543544331459e+00
2.111507103921243633e+00
2.148948121703683878e+00
1.989515101972446409e+00
1.934992409063595709e+00
2.078695394846567179e+00
1.976747373765306515e+00
1.879233979975636126e+00
1.798508513561393629e+00
1.781267637589345032e+00
2.147491825896366446e+00
1.981574383749716617e+00
2.166537535100832912e+00
2.176594917618420499e+00
2.187543493358185209e+00
2.232063774381090937e+00
2.072507021446543973e+00
2.075295177056433626e+00
1.920260358862854844e+00
1.909373628776272369e+00
2.304087430643619427e+00
2.051340375311932362e+00
2.168068717427093617e+00
2.181425036522045779e+00
2.080176961313605855e+00
2.221276330124591247e+00
2.093085433671148188e+00
2.120720090902231902e+00
1.783872486359296072e+00
1.807677438307217166e+00
1.812803766105457237e+00
1.815398037812982590e+00
1.855763685699707954e+00
1.750751912765573959e+00
1.940743375286324346e+00
2.062973244243623050e+00
1.792611785776719646e+00
1.997000763834519743e+00
1.728657425748694187e+00
1.838044598961408038e+00
1.965305782331484341e+00
1.990568686358367589e+00
2.102143717483562213e+00
2.214384729205955527e+00
2.224891209009407955e+00
2.380430890006148825e+00
2.295693129129438237e+00
1.868563220079897835e+00
1.840169584987827678e+00
1.766329616653619317e+00
1.935621901332220229e+00
1.975468963472248429e+00
1.930480840831321210e+00
2.078471809544241378e+00
1.992559738852223150e+00
2.029301736202126616e+00
1.846120550417581940e+00
1.762168953308891117e+00
1.760672833223168920e+00
1.939263130108749289e+00
2.080213641695573656e+00
2.069956779222945631e+00
1.999605699466000530e+00
2.149691854567427729e+00
2.102428005552815726e+00
2.136482185969006409e+00
2.241775890060611953e+00
2.171147348614841377e+00
2.232811783438444664e+00
2.284492777808239783e+00
2.077883785790743065e+00
2.018850320646322416e+00
2.108164545208311313e+00
1.971629883635967140e+00
1.817677287578437495e+00
1.939621443744928175e+00
1.843537281340233980e+00
1.760413763443888779e+00
1.916400738237432400e+00
1.743116324876673007e+00
2.133216337937311025e+00
1.782448644628226386e+00
1.751194932397380999e+00
1.916963475655896421e+00
2.030994855034792046e+00
1.824580787164774343e+00
1.909177564984943398e+00
2.006460194521285878e+00
2.167894408994752276e+00
1.945580590970625412e+00
1.884941911847338725e+00
2.014347955381756261e+00
1.789794544671697851e+00
1.821572733002038591e+00
1.800873282634061656e+00
1.874311620579679927e+00
1.962527214148690025e+00
1.796024127042841201e+00
1.900951419486647920e+00
1.930664410752329418e+00
1.799688176020170172e+00
1.984505449962633339e+00
1.976658119763334831e+00
1.923438401452640223e+00
2.023508628117988373e+00
1.974904533181508492e+00
2.018870721426656800e+00
1.855380849031312840e+00
1.946555485018806930e+00
1.919184501169454604e+00
1.883970240299884358e+00
1.864008851658456312e+00
1.752208520730146546e+00
2.105850444432341817e+00
1.757892960842877272e+00
2.158200818943432076e+00
2.172412271042293508e+00
2.172527338320223489e+00
2.142109526053788127e+00
2.205150348172137509e+00
2.123140979638709958e+00
1.778128407277519640e+00
1.729370288513761622e+00
1.909159459441724715e+00
2.023154763160181169e+00
1.840027307260133194e+00
2.185555986212126989e+00
1.762021971572100387e+00
2.134275273057488764e+00
2.089936587386403311e+00
2.034466942603878614e+00
2.094090214425684771e+00
1.768098325090457834e+00
1.723099614504376653e+00
1.826932194195547199e+00
1.757536244828299621e+00
1.747735119324657527e+00
1.780465125309073082e+00
1.884446179447965219e+00
1.827765828700224526e+00
2.012701319067936812e+00
1.822327508923305972e+00
1.828054587166609624e+00
1.783984538403524889e+00
1.885768082751356101e+00
1.906932478803793796e+00
2.168074909941229755e+00
2.009388650963490175e+00
2.046489593427719633e+00
2.201998305031628522e+00
2.108927140651552623e+00
2.283785160713272422e+00
2.301947978193858990e+00
2.050600947057892753e+00
2.232409064608816607e+00
2.115103556071476376e+00
1.883720704254659317e+00
1.935632811486284410e+00
1.821176333542768200e+00
1.797452126857581600e+00
1.791860591110362666e+00
1.682197501153668284e+00
1.653435788451663724e+00
1.889539219500882217e+00
1.860279866680642824e+00
2.036347357951544534e+00
2.131461882976388722e+00
2.020454365542382114e+00
2.111129679471969833e+00
2.109945408726597194e+00
2.094194079550852461e+00
2.213547036362247589e+00
2.176578036112180037e+00
2.105529195577871437e+00
