1.813049487128508552e+00
1.831482729263824716e+00
1.871338066738055694e+00
1.726520225339325920e+00
1.732455375121590979e+00
1.883039309555803564e+00
1.755443737506776403e+00
1.967534189272491352e+00
1.709629199618779349e+00
1.755551841545978542e+00
1.845972391996536954e+00
1.704447843824391517e+00
1.865564134710558486e+00
1.838193786814633857e+00
1.789873355602197291e+00
1.871579379099331142e+00
1.962134268777611545e+00
1.951500133066236486e+00
1.837700473647201793e+00
1.874302751076123652e+00
1.993030782839866344e+00
1.923980815873894912e+00
1.810448493020130334e+00
1.771390436875935670e+00
2.025162587665782610e+00
2.002424579472631638e+00
1.908800511798110833e+00
1.992198785405687511e+00
1.963474472759963785e+00
1.895100296949964402e+00
1.896082082423877768e+00
1.901944774689293238e+00
1.938883481345472948e+00
1.814845038268095623e+00
1.867623021973657149e+00
1.938163332581873677e+00
2.032076574215721187e+00
2.036681931207299012e+00
2.026561088719563752e+00
2.030910391838964379e+00
2.027197771028224071e+00
2.014024504757154332e+00
1.935039040214353800e+00
1.903468789117864324e+00
1.884036448350472570e+00
1.944098840482988422e+00
2.075713770871704167e+00
1.949319456046178178e+00
2.021413521514548339e+00
2.005434496045847670e+00
1.932134768629007793e+00
1.966402394529990438e+00
1.940468913215564362e+00
1.951393214070217041e+00
1.820656567797230174e+00
1.857557553960653474e+00
1.880291326404327723e+00
1.839576719253964487e+00
1.919609711439623334e+00
1.750706633367925091e+00
1.936775204602513512e+00
1.972204335560692634e+00
1.852938079209692557e+00
1.923826811811550241e+00
1.786771817350932379e+00
1.810566466791903029e+00
1.886282762762372389e+00
1.873609183607329642e+00
1.900786350193706786e+00
1.975256421829130860e+00
2.037420540562029814e+00
2.080672024056026803e+00
2.015493270093044131e+00
1.863090839286362099e+00
1.924444893828296088e+00
1.851179802268883012e+00
1.889480147277030841e+00
1.910021859919786236e+00
1.917387709125215167e+00
2.001874919568353839e+00
1.923973578448794797e+00
1.998329760235244112e+00
1.884351086643464512e+00
1.916093774216162782e+00
1.809376453349569092e+00
1.899237594191237388e+00
1.860967998298169501e+00
1.862001380478004897e+00
1.864286244105439749e+00
1.930133487333453912e+00
1.946822250598348791e+00
1.874979408458494090e+00
2.031400228648604589e+00
2.039121694583724942e+00
2.037169529315200567e+00
2.138589870834732842e+00
2.000262104808602448e+00
1.908079235440738319e+00
1.920730885192264425e+00
1.872246342404807473e+00
1.764268364641370157e+00
1.711240992960897378e+00
1.746986990300424702e+00
1.629425016143625893e+00
1.777727502552360894e+00
1.674001237765207595e+00
1.862776589059551791e+00
1.709780330350812338e+00
1.650058088232730702e+00
1.675424258631259988e+00
1.803616292818460032e+00
1.728860821586973850e+00
1.625770017782708576e+00
1.836845514231028487e+00
1.870374751493879550e+00
1.827019729407712179e+00
1.751755094268900415e+00
1.845389237283652450e+00
1.762424929982141286e+00
1.743892641390404341e+00
1.703615660816270916e+00
1.773585863073568358e+00
1.952820116781028847e+00
1.795007762023502762e+00
1.821460819602863213e+00
1.985984579606762335e+00
1.742233948567088797e+00
1.903018256938864283e+00
1.889808937908916020e+00
1.867614733735389887e+00
1.952795361502485116e+00
1.926840715918669789e+00
1.967674805675565519e+00
1.840999502698940749e+00
1.818478183911638402e+00
1.863971685757338070e+00
1.729458609226466104e+00
1.787980494927248865e+00
1.804043569854405504e+00
1.941023654595839032e+00
1.793077391672611709e+00
1.921001663240383017e+00
1.899397811928187130e+00
2.006429863042519468e+00
1.824784808800349989e+00
1.842425037151620870e+00
1.898569731323120013e+00
1.742505088334821872e+00
1.773803039200075649e+00
1.774665545391524546e+00
1.847749093097990292e+00
1.822691967032911142e+00
1.828348007223264071e+00
1.774464420552084754e+00
1.935726584591407784e+00
2.057263576447906139e+00
1.939977230986075885e+00
2.092195938766146845e+00
1.850136455261975899e+00
1.883055288687821127e+00
1.853798451056354546e+00
1.835930104835972410e+00
1.801217331313661463e+00
1.747026686466940149e+00
1.911241625261175248e+00
1.787332259474244678e+00
1.774745212300498975e+00
1.876542063331173127e+00
1.833437800223535419e+00
1.824581729737013713e+00
1.864187231638122277e+00
1.791998392344148705e+00
1.847286406798666292e+00
1.826702994638263355e+00
1.769046251631975819e+00
1.868560003041786155e+00
1.876205216385681052e+00
2.191022542948920737e+00
2.113110606780919554e+00
2.016687410056809959e+00
2.103789904125278554e+00
1.824853127038863487e+00
1.769807310687876889e+00
1.749023657550416333e+00
1.779909809281830180e+00
1.899659761807034775e+00
1.731069780791489654e+00
1.770415144615311354e+00
1.674557495976215948e+00
1.839477441168213545e+00
1.874398120238830900e+00
1.939005068656657338e+00
2.019446343596282389e+00
1.937333052860225280e+00
1.863028024625505763e+00
1.820517707829058418e+00
1.834447417262337510e+00
1.960084203307860262e+00
1.961221801800682840e+00
1.905224170627220603e+00
