1.766590684725324101e+00
1.735931184600524535e+00
1.823063413609812056e+00
1.692065335700782214e+00
1.709377797503062624e+00
1.865259720579685476e+00
1.773031570304151483e+00
1.919828098332061916e+00
1.761290099041788348e+00
1.824570336125739933e+00
1.890684194816352637e+00
1.939437769866501515e+00
1.981904328829118045e+00
1.969070326432670104e+00
1.577099999901829364e+00
1.814932110369327889e+00
1.859113644046839875e+00
1.915389658019638786e+00
1.766861383242124939e+00
1.917784640887138847e+00
2.030676420082532463e+00
2.099278309981279733e+00
1.899434096059860355e+00
1.868878195448277824e+00
2.099596413227969638e+00
2.053391105872414357e+00
2.134897602739094236e+00
2.105574547982757228e+00
2.090815737647770067e+00
2.068382010153760664e+00
1.813117556852302581e+00
1.869551210961864829e+00
2.103808514942516084e+00
1.994891591276521936e+00
1.982720051186634969e+00
1.848619157070438890e+00
2.324305602726867370e+00
2.066856511958726550e+00
2.216198651334507108e+00
2.232683264656541766e+00
2.042079494515403493e+00
2.093271974482409981e+00
2.066900568557901607e+00
1.708154267055732589e+00
1.817229235278456034e+00
1.849025382559085218e+00
2.187016480588400924e+00
1.930909293545563843e+00
1.944599764967851252e+00
2.186218638236258727e+00
2.104379179073752937e+00
2.191326227540105087e+00
2.089224564695680630e+00
2.143043080494677621e+00
1.758271394708587065e+00
1.901876420749951668e+00
1.638664303407101785e+00
1.718707461592811736e+00
1.562516707507487945e+00
1.854300831016563178e+00
1.859977518006098229e+00
1.849666107277164073e+00
2.019308203770778132e+00
1.771022292452702374e+00
1.750059922112577437e+00
1.893705377399765188e+00
1.992803955616895717e+00
1.961975530850079252e+00
1.958262822038187245e+00
2.000985324750288008e+00
2.217429211475282269e+00
2.236794827018177667e+00
2.285586882524798469e+00
1.622226110363576224e+00
1.718097182061737227e+00
1.676017983756063146e+00
1.712709688859975543e+00
1.816747260897517480e+00
1.840911909308846850e+00
2.005272206306718985e+00
1.817143894994850850e+00
1.897173121699318399e+00
1.872995794852059248e+00
1.890331805078252492e+00
1.868175549782865152e+00
1.959595185034094689e+00
1.959847463929660139e+00
2.036034724179805799e+00
2.087088642185588760e+00
2.110842048182250075e+00
2.162841104639146916e+00
2.212054885374397539e+00
2.110457049077155922e+00
2.089474704474126199e+00
2.267085874225804432e+00
2.231492453440081292e+00
2.201890966052809429e+00
2.127266061046890311e+00
2.175108094288919158e+00
1.774574969592840779e+00
1.797371774950233592e+00
1.832129875680175157e+00
1.763317760201051909e+00
1.702376814482513767e+00
1.826191680199606981e+00
1.717739115579637543e+00
1.871359453007285234e+00
1.727890203030762573e+00
1.742205790314126812e+00
1.839523014302236525e+00
1.841692765385101405e+00
1.865110069032710483e+00
1.857875122101791732e+00
2.019162660454117297e+00
2.090223485922962254e+00
1.786719305727858309e+00
1.764682555906245343e+00
1.931525009023830064e+00
1.686110900629328224e+00
1.946558956481471592e+00
1.832958695969854501e+00
1.977477106049379429e+00
2.111594462241388026e+00
2.097250995062888368e+00
2.006001938959287578e+00
2.069495325718405887e+00
1.902171686971648290e+00
2.163233161937262228e+00
2.019215169973783031e+00
2.064517857462298878e+00
2.091885694705789778e+00
2.001993694910500832e+00
2.057031610777817932e+00
1.917482843953956406e+00
1.865088079198393034e+00
1.908939918385782475e+00
1.899019838176881469e+00
2.041336739942569700e+00
2.168980518987847272e+00
2.147343927588955648e+00
2.070660735221759641e+00
2.166849313069853178e+00
2.304893888179209593e+00
2.227058140071338954e+00
2.122283256446829913e+00
2.097937475390805773e+00
2.124874587333756004e+00
1.777504302875589248e+00
1.676926351439980367e+00
1.836430899781307469e+00
2.053038251894562016e+00
1.902282849414282717e+00
2.023396445281201217e+00
1.873063994818417344e+00
2.117593002330757646e+00
2.228786050525950468e+00
2.085073701126931134e+00
2.193335251720871959e+00
1.969382998276998142e+00
1.993431043832729621e+00
1.931919468556119179e+00
1.904868305296246511e+00
1.763569942030293936e+00
1.789904954357779854e+00
1.849073377422253417e+00
1.924442570716951240e+00
2.023096069518929063e+00
1.829594134323263566e+00
1.889863630213501233e+00
1.876277890565243744e+00
1.943438834601837639e+00
1.937059689362611081e+00
1.963347189923077218e+00
1.982589921186796333e+00
2.035398010131578506e+00
2.068658326841469552e+00
2.126483748779421923e+00
2.298962350139077238e+00
2.231821670599227758e+00
2.157376472928150157e+00
2.258093208934403240e+00
2.047017689574048394e+00
1.809709037153174771e+00
2.131234641271758878e+00
1.836712812245009818e+00
1.786600080246103284e+00
1.717829154127379354e+00
1.685252913749125225e+00
1.657644366692869298e+00
1.961783824556623035e+00
1.943429786971922368e+00
2.002564067285910632e+00
2.021835643586297859e+00
2.043272441776577075e+00
2.120033625745652905e+00
2.014812713774586594e+00
1.982315783180903734e+00
2.244676287205481735e+00
2.263092220772344287e+00
2.271216503065954129e+00
