2.161946309978966418e+00
2.109737212996394273e+00
2.227072828766061718e+00
2.179177507092363797e+00
2.253496360622092798e+00
2.209286637982549095e+00
2.145249269450748564e+00
2.351252327425701782e+00
2.234704151014993645e+00
2.164468356182787545e+00
2.084644481932772297e+00
2.081903544390999894e+00
2.166743024902039849e+00
2.229826144866903448e+00
2.222633219852449660e+00
2.080924386803082005e+00
2.482139089576861579e+00
2.024571776973236314e+00
2.502412109869392332e+00
2.044862446216128671e+00
2.160402107231607527e+00
2.119413649421066470e+00
2.495856782193518253e+00
2.490905391228133148e+00
2.112630018546535204e+00
2.350538035162979433e+00
2.223887720733034090e+00
2.140598339515480841e+00
2.515196447488784681e+00
2.246861873067520055e+00
2.351115729245355723e+00
2.466345853854143400e+00
2.235752948043024269e+00
2.181336383131167178e+00
2.460878726617953038e+00
2.480458405164502889e+00
2.418000204694941591e+00
2.491950469614443442e+00
2.566611545162132302e+00
2.118355968202791040e+00
2.162653065632536897e+00
2.324093956509101222e+00
2.128926352846110870e+00
2.392090403380231045e+00
2.109193429643382078e+00
2.424334681148403892e+00
2.415781284420302821e+00
2.382136925130753813e+00
2.277037893335763563e+00
2.276258504199990540e+00
2.266054546113947410e+00
2.324749932273489250e+00
2.368563237646788444e+00
2.307317401091233400e+00
2.182391524903308788e+00
2.172557633558101831e+00
2.265787857801596417e+00
2.035474067047405189e+00
2.112995946344583320e+00
2.147076665082962688e+00
2.310882266085716452e+00
2.113799541687282346e+00
2.322154079845418551e+00
2.121781148868413958e+00
2.385517360137107357e+00
2.206576578731390459e+00
2.164053061642557729e+00
2.087760211250622611e+00
2.144855179134178780e+00
2.375362945595837605e+00
2.166981524229118161e+00
2.431040357406955010e+00
2.434727100079838724e+00
2.173872393295489758e+00
2.504787164982430259e+00
2.227330485146543637e+00
2.372707877138529486e+00
2.258811679967775099e+00
2.489825790791520888e+00
2.291738944095242481e+00
2.445653368217643564e+00
2.249343337640226981e+00
2.203790681053571898e+00
2.218400820272180329e+00
2.311403636310455756e+00
2.229576394184994648e+00
2.379359668968993979e+00
2.421414733949458054e+00
2.561007735819095466e+00
2.572552323991269319e+00
2.556654074686462330e+00
2.473150771138945103e+00
2.141995659715427269e+00
2.150769223659586338e+00
2.221744152905469338e+00
2.513054812765446400e+00
2.438591235477948871e+00
2.618925187914188601e+00
2.189877506743756808e+00
2.137585268952163720e+00
2.344022498114575637e+00
2.538515802052769832e+00
2.468516975226444199e+00
2.655822756492409731e+00
2.535407516298580521e+00
2.576768029291829354e+00
2.751469210978790159e+00
2.621954035895150081e+00
2.532137145687831215e+00
2.450178613354252022e+00
2.533674854324608816e+00
2.405463597813526366e+00
2.354811337230281687e+00
2.325505051606728379e+00
2.250401319600729977e+00
2.278105334859366504e+00
2.500881482766449171e+00
2.108537279663067032e+00
2.603502138272001609e+00
2.215070096056320548e+00
2.689780469923740203e+00
2.527090638244369636e+00
2.313380567708915869e+00
2.465786995647536006e+00
2.494776392011055943e+00
2.427289961444730970e+00
2.638621055535996351e+00
2.486398472026492001e+00
2.550585412544650765e+00
2.641741645156115315e+00
2.453273488452158979e+00
2.374867410063084439e+00
2.483448660022699706e+00
2.457761606380834518e+00
2.272541068151851196e+00
2.543485275043390281e+00
2.514679680694807740e+00
2.526413477433987698e+00
2.028266507109498296e+00
2.049073200628193092e+00
2.083286221651977854e+00
2.059180491121308521e+00
2.108286361596126035e+00
2.274929902772665269e+00
1.981173566453354296e+00
2.194414237634989551e+00
1.850849072644142446e+00
2.129335001849461229e+00
2.086938607789919686e+00
2.217209216363889457e+00
2.308925249078262354e+00
2.045052192685242520e+00
1.970581475655242443e+00
2.149480145982191281e+00
2.582033428435006162e+00
2.369403253246055829e+00
2.368444941125235736e+00
2.085951942813586868e+00
2.499884949291049985e+00
2.239302222805921172e+00
2.005621544417090174e+00
2.208832634146722373e+00
2.619084187678197839e+00
2.684687928874886165e+00
2.708576549993049642e+00
2.155049216783846422e+00
2.500017983381390696e+00
2.418527174213618736e+00
2.600365581691847172e+00
2.540388238239494445e+00
2.586840553149238886e+00
2.531511057998774739e+00
2.565317132362798791e+00
2.622138803277522356e+00
2.658771066456995236e+00
2.342414308254555433e+00
2.553361803032256017e+00
2.499994886751275569e+00
2.528229361069820325e+00
2.686787687444570860e+00
2.528479979873624828e+00
2.585422988697012148e+00
2.445299120572695273e+00
2.534029026918283911e+00
2.528809737056310514e+00
2.175318497578341503e+00
2.357365150781336904e+00
2.508628508175500649e+00
2.135175398191064389e+00
2.451218680006840955e+00
2.306595037710063689e+00
2.531937651117162957e+00
2.347319869373918788e+00
2.293250993239873914e+00
2.400119896079099480e+00
2.321302884495054730e+00
2.412204893160231123e+00
2.314164181554656086e+00
2.519286490568361625e+00
2.348943388799265897e+00
2.352855283179216883e+00
2.561913106254488426e+00
2.404486914423624722e+00
2.436753214665520861e+00
2.513749914340677183e+00
2.427719986419783371e+00
2.147026066491756424e+00
1.941037573965808338e+00
2.029206989330295308e+00
2.179403119455888937e+00
2.189777748566334559e+00
2.466335909016701855e+00
2.209440442620594247e+00
2.374706298469796639e+00
2.441623036953284753e+00
2.527582248953968769e+00
2.494576797922013256e+00
2.333874369588976538e+00
2.331627188193357014e+00
2.626719766207978424e+00
2.499658905123330666e+00
2.343142010630350214e+00
2.627361806556931967e+00
2.388798116661024817e+00
2.437221376345536150e+00
2.524259474074536769e+00
2.439855173654535303e+00
2.485215318807695528e+00
2.539510747896939868e+00
2.500084357184531036e+00
2.719803230253080795e+00
2.641303956265180553e+00
2.646638768482439286e+00
2.533686797314818495e+00
2.695426457379536345e+00
2.607151522849641356e+00
2.502009648012633480e+00
2.574801600190045558e+00
2.539811939091315196e+00
2.400583238038707989e+00
2.785842196677630778e+00
2.332788722582940011e+00
2.357319598184087539e+00
2.406113934137655619e+00
2.417993739966056932e+00
2.401282932909110990e+00
2.360299976608825290e+00
2.396641919543577526e+00
1.897351756372395393e+00
2.182821626775202528e+00
2.018576610107525315e+00
2.097603916454522821e+00
2.216739775042408489e+00
2.265522352704253617e+00
2.206836129108508793e+00
2.176228293337810094e+00
2.156816356529331458e+00
2.238362583172261999e+00
2.222659496273858615e+00
2.090121244861687266e+00
2.114482686254163024e+00
2.269013131214610457e+00
2.304608929314925447e+00
2.251944112561961919e+00
2.061458709598686045e+00
2.426582084478970724e+00
2.044699104367913467e+00
2.245775241247116583e+00
2.135850068228394960e+00
2.662446940345966073e+00
2.160714287294701830e+00
2.149245716336602996e+00
2.472773788699941022e+00
2.412078859541328502e+00
2.215039992631345545e+00
2.292823919394919141e+00
2.545283864161006271e+00
2.197723867374040019e+00
2.330886694890768052e+00
2.357097334737679351e+00
2.230906134630306958e+00
2.554792322033573981e+00
2.484429314729832861e+00
2.566645585010678410e+00
2.483433741839401687e+00
2.159551606773842725e+00
2.079719914207070364e+00
2.201403040868759486e+00
2.135299380345172082e+00
2.554657162487933508e+00
2.368084512505383987e+00
2.379165264282060210e+00
2.050565885524363807e+00
2.337768619242230450e+00
2.281182001390224645e+00
2.181874887449565925e+00
2.211258928429168158e+00
2.168873766781998835e+00
2.064110772443386477e+00
2.232390154621720857e+00
2.258988672065539660e+00
2.175609023551896115e+00
2.076759986392547219e+00
2.256405371748275268e+00
2.020970536222030045e+00
2.310087483155208954e+00
1.962735767424396149e+00
2.185741992126714717e+00
2.457708156233074703e+00
2.039038484574529519e+00
2.522428736514491732e+00
2.045386357358729867e+00
2.345921980403744111e+00
2.084257527803961452e+00
2.388653768237993358e+00
2.211406494355890651e+00
2.066849385556848606e+00
2.311618360746464429e+00
2.133850617270895089e+00
2.509883177325721970e+00
2.138403861898513725e+00
2.540003188902896447e+00
2.247727866057231960e+00
2.266924882437996835e+00
2.530428936998510459e+00
2.168972510085614314e+00
2.221363681737452911e+00
2.379320242284414633e+00
2.355739241178587129e+00
2.195822348752594078e+00
2.142655225708975930e+00
2.246030438282090813e+00
2.227558071477305113e+00
2.173458038130492209e+00
2.258162575123305427e+00
2.317017963890930954e+00
2.487912367493638310e+00
2.210160326059049218e+00
2.575737918831216167e+00
2.182290408185704411e+00
2.460041663302643844e+00
2.369979226420055429e+00
2.247371478682078649e+00
2.025974369201127168e+00
2.266530841821725595e+00
2.158276065499985297e+00
2.412847667581268229e+00
2.312386394225829811e+00
2.489457213198218888e+00
2.456667616310549640e+00
2.099045648759586324e+00
2.244678567874803132e+00
2.373515889724667094e+00
2.497247431903747650e+00
2.481421813480049643e+00
2.476955062105374861e+00
2.610556473905029762e+00
2.435329047322761564e+00
2.568461746666255596e+00
2.601611618664680936e+00
2.589117977961899353e+00
2.526599693157976390e+00
2.429813867164385854e+00
2.503721851615012817e+00
2.605868291580791585e+00
2.254900208960944674e+00
2.194338676071883931e+00
2.423237401560986104e+00
2.236015544496978702e+00
2.367072343741308149e+00
2.272160104533986758e+00
2.485023585105716748e+00
2.382407474659895552e+00
2.487080677683364716e+00
2.306038710147972903e+00
2.512266903543852514e+00
2.661325238884717059e+00
2.248609687122595790e+00
2.313502850238704944e+00
2.422565967696185929e+00
2.411727924358392006e+00
2.470577570242055376e+00
2.450085984475214751e+00
2.252541137338161192e+00
2.621419965289837339e+00
2.527383321154625939e+00
2.351228202184328264e+00
2.485101939281583405e+00
2.352713617675313618e+00
2.406219702966498009e+00
2.233979998618498719e+00
2.588638857173554797e+00
2.306991889632147075e+00
2.169839256458848009e+00
2.594938026978946599e+00
2.544632070517458544e+00
2.589552585182262945e+00
1.856856376920663187e+00
2.030723826228340467e+00
2.034817280126846484e+00
2.017018126270832212e+00
1.854082355936477633e+00
2.302422739042922384e+00
2.118313365591868003e+00
2.056443790592410892e+00
1.973966198266550620e+00
1.833615127580289217e+00
2.049607183924259335e+00
2.238254837824117605e+00
2.056197996634800074e+00
2.111026895674398496e+00
2.160933377399635980e+00
2.366699271937632520e+00
2.065055287547556073e+00
2.538483700139282373e+00
2.548516091863749722e+00
2.497847075316708576e+00
2.199642211194602570e+00
2.306432127859370684e+00
2.481976298638433054e+00
2.312760054875288684e+00
2.466642228454682506e+00
2.212683676367855234e+00
2.052148222709742953e+00
2.269954113482906877e+00
2.412645820402146590e+00
2.306015540587201151e+00
2.341582366756290501e+00
2.500929490310168646e+00
2.525946047696480790e+00
2.460447070167287364e+00
2.213160241433344222e+00
2.444860982303628028e+00
2.285930576940328418e+00
2.565999039184141406e+00
2.174645058817948673e+00
2.402721818276440047e+00
2.585329399265395178e+00
2.652261490555711809e+00
2.488893548686416324e+00
2.675971758838941117e+00
2.729425643092626697e+00
2.504734254308026653e+00
2.507456192877504986e+00
2.624363641175774031e+00
2.507263198739587029e+00
2.605290257359303752e+00
2.639573541257510314e+00
2.298625384258147886e+00
2.469214052712786156e+00
2.540985697314939173e+00
2.536770538473605896e+00
2.214235434848993656e+00
2.246581091193597501e+00
2.440199511571589763e+00
2.259853939519848254e+00
2.479949219412366457e+00
2.317345614814275923e+00
2.467985372413984191e+00
2.524492929280220732e+00
2.184182883883136750e+00
2.310279077245102286e+00
2.262752669460293742e+00
2.229800219221961921e+00
2.408674707418135608e+00
2.147734905609412603e+00
2.304659089163900720e+00
2.206571386990221484e+00
2.171773894744998934e+00
2.251431070606957796e+00
2.159721873251907454e+00
1.982358842218395090e+00
2.241762676869723414e+00
2.258092452880188006e+00
1.956950664184139432e+00
2.331557871416114480e+00
2.154849780123453851e+00
2.261622680067704838e+00
2.518976725449193932e+00
2.383324507296155748e+00
2.484746956951733754e+00
2.286724572196154437e+00
2.458425609422687064e+00
2.429203793030936254e+00
2.261699823527959285e+00
2.583304866874183148e+00
2.569871190960102414e+00
2.557907817178275423e+00
2.588171434833633988e+00
2.594644494913877608e+00
2.605709659736588080e+00
2.688669330266155288e+00
2.494962561960891279e+00
2.459358588439787052e+00
2.407867935568912099e+00
2.423374654778092996e+00
2.326410628612426201e+00
2.512913230353190919e+00
2.503120644909936132e+00
2.421505889818566626e+00
