2.179206716455257986e+00
2.293140643478114526e+00
2.114488079334782888e+00
2.235912934537330976e+00
2.189500513302002460e+00
2.219424527794503721e+00
2.249612822546275481e+00
2.460724594212662542e+00
2.131835755351127126e+00
2.265999061753080301e+00
2.162133571388315190e+00
2.158517299476211626e+00
2.186942114224026845e+00
2.248495661957950364e+00
2.096331557583521743e+00
2.094977434225532509e+00
2.536059932230353642e+00
2.140060171660937982e+00
2.520342500013885267e+00
2.155778219113065219e+00
2.207412779948093817e+00
2.194198696568109952e+00
2.577525517718344705e+00
2.611982016178671984e+00
2.160621119901623643e+00
2.376061471603186259e+00
2.261836725516567004e+00
2.222789907543670562e+00
2.446369895780701853e+00
2.177941250829428466e+00
2.234763896431379848e+00
2.525031271720707071e+00
2.265233073137205011e+00
2.296780198541628515e+00
2.331020776760138080e+00
2.340207876551839927e+00
2.358337938901054809e+00
2.402177824613081825e+00
2.533742521369636957e+00
2.081052065866705103e+00
2.068506065086384460e+00
2.372216756829331086e+00
2.100069563925397453e+00
2.363288085865564270e+00
2.161594085187287462e+00
2.358097183063520674e+00
2.254126298332532308e+00
2.357274849994168697e+00
2.287547615936682988e+00
2.177993370961599506e+00
2.423627048621805447e+00
2.256478111771973882e+00
2.264711729394454753e+00
2.105950740700023083e+00
2.161186716464625679e+00
2.125105393745063243e+00
2.202312574967821401e+00
2.135555309994420448e+00
2.123222216473582780e+00
2.088184086370824311e+00
2.305468403626109719e+00
2.099022924874070384e+00
2.195264742219816601e+00
2.087950572730445931e+00
2.348075646068565892e+00
2.266091885746999157e+00
2.159894365392768023e+00
2.128522769865261566e+00
2.202354248295694816e+00
2.337920000010475174e+00
2.233764813898637680e+00
2.543229888211705703e+00
2.330729284028977499e+00
2.238964114395946225e+00
2.321079478618450320e+00
2.425829983747467278e+00
2.348959937043826329e+00
2.323373305143349832e+00
2.453054493017000848e+00
2.448842613691928349e+00
2.368285475140558649e+00
2.496830097760898592e+00
2.195336065726682495e+00
2.273446325755080100e+00
2.360620816255511123e+00
2.292499046424024023e+00
2.128828598811023820e+00
2.405275110844636188e+00
2.334130583651516044e+00
2.347314340318495951e+00
2.391692265792424887e+00
2.248670660810657029e+00
2.234494218318611836e+00
2.227310015506854590e+00
2.310759011684782482e+00
2.214388172332864890e+00
2.132193958646924958e+00
2.366239796840481802e+00
2.286131254794504297e+00
2.260601184330063074e+00
2.461766637497603938e+00
2.274003477532169804e+00
2.465754037481197258e+00
2.684689005076422497e+00
2.583947282491345199e+00
2.349200305907429343e+00
2.302799342139167482e+00
2.369610403480266747e+00
2.319292113905061736e+00
2.289924647051417406e+00
2.364528674736577241e+00
2.275685395666977140e+00
2.492573581539224925e+00
2.340154908763863340e+00
2.185618089906362638e+00
2.426249065638147240e+00
2.216118003772188150e+00
1.960820741018248992e+00
2.369734034645709642e+00
2.194051288406952960e+00
2.660618770656780541e+00
2.401642681698476611e+00
2.325825385160223302e+00
2.321275468649033336e+00
2.331413223018814040e+00
2.345786120981254275e+00
2.419506371907448994e+00
2.407100403227614649e+00
2.444611551140067451e+00
2.415117672856864850e+00
2.416103740846111236e+00
2.403476975688401573e+00
2.367155748458612763e+00
2.407091477781935218e+00
2.246221618842475287e+00
2.375113720944697970e+00
2.517159695274786557e+00
2.407583213271388800e+00
2.038815909520999448e+00
2.091286439461875535e+00
2.106384158909285542e+00
2.151215348471058775e+00
2.141467311059002565e+00
2.228617510744481223e+00
2.159787462962865501e+00
2.151426309224063083e+00
2.025172852852574312e+00
2.168181278035836268e+00
2.182219495529367670e+00
2.136653049298563811e+00
2.226001729960144893e+00
2.209795495448448666e+00
2.052358363420158760e+00
2.114594760113265082e+00
2.292748397470862898e+00
2.395757137289635352e+00
2.367544624670772091e+00
2.347477092281158306e+00
2.170419199362528584e+00
2.264251765319979182e+00
2.275836129671271468e+00
2.227266410231072413e+00
2.330880299013784462e+00
2.310203071656497631e+00
2.335368484981613424e+00
2.127905535609426302e+00
2.152960125145031434e+00
2.222713301451825441e+00
2.239240787994005721e+00
2.296440341254523343e+00
2.285514572537214129e+00
2.394490063284712811e+00
2.296788708693819014e+00
2.251567338105400218e+00
2.378656813249694579e+00
2.230864712844810693e+00
2.528176095501522003e+00
2.454717411128166216e+00
2.612340619757674620e+00
2.449705137284242440e+00
2.620342179592169529e+00
2.484413589645344533e+00
2.402112034664301898e+00
2.440908598811467378e+00
2.370216012228275382e+00
2.154013222369567160e+00
2.325124000488737686e+00
2.286958454039222488e+00
1.990300694376759383e+00
2.255992842538421250e+00
2.194285166916787322e+00
2.277529530753910514e+00
2.276235363339734974e+00
2.144340776619481304e+00
2.229141710761830542e+00
2.244263500799335453e+00
2.239893992552404178e+00
2.210993061197387810e+00
2.300784781318471861e+00
2.341809621236485395e+00
2.300238604036016987e+00
2.384651174575439736e+00
2.298510845455005391e+00
2.287990554407620447e+00
2.341437498286849106e+00
2.308948243842803727e+00
2.145160410465263290e+00
1.965089066974462950e+00
2.050526953453914114e+00
2.127842514297200616e+00
2.162701244288117941e+00
2.193009016833578961e+00
2.146600834082981191e+00
2.130626142134585788e+00
2.160878398474503470e+00
2.196325198176881877e+00
2.384369424659579906e+00
2.239206631466984732e+00
2.254929069445706702e+00
2.360966058838918524e+00
2.376487381539611032e+00
2.401124575776900638e+00
2.432470370614923105e+00
2.306567027340807652e+00
2.316106597429393954e+00
2.283342914810225999e+00
2.389140723094502761e+00
2.185904265832153914e+00
2.228049965625101603e+00
2.296267005580597154e+00
2.402380861230887010e+00
2.341161398747641620e+00
2.264661697704515753e+00
2.215170764119346103e+00
2.399366158860053666e+00
2.422321532476302330e+00
2.535302954348064741e+00
2.607177628883329490e+00
2.475187567958632595e+00
2.478305641206367760e+00
2.757355403778134928e+00
2.557772547549685971e+00
2.482755307871007844e+00
2.392216505223936363e+00
2.442600793356883848e+00
2.377187893048122724e+00
2.452311473359752636e+00
2.511394488627574084e+00
2.324897184741532730e+00
2.461112799006169638e+00
2.040940418136584000e+00
2.091136558580306559e+00
2.304607277797777076e+00
2.164666159188835426e+00
2.333270741450882202e+00
2.167698009726261255e+00
2.097448489893223744e+00
2.416831832550489167e+00
2.236968777151665311e+00
2.259820175325527813e+00
2.145116179555595526e+00
2.140130259106178379e+00
2.268227905867789218e+00
2.120787783464136655e+00
2.311415320836556209e+00
2.584510860971470425e+00
2.180146096176737380e+00
2.196933235728398159e+00
2.135345998394766021e+00
2.647365425375744596e+00
2.147612500293406335e+00
2.136641608018313487e+00
2.281103307735143915e+00
2.522641694545569191e+00
2.255641783860681038e+00
2.251570838774118233e+00
2.297705890155889552e+00
2.197994478310106192e+00
2.249493142603415929e+00
2.470314291432327725e+00
2.325045894338891639e+00
2.247838890747625218e+00
2.382758326255446146e+00
2.480058937360984928e+00
2.341611524781634479e+00
2.205444565371712073e+00
2.192265971886689702e+00
2.226096010792744551e+00
2.197177286967299636e+00
2.252813903086544389e+00
2.241354334791640479e+00
2.273228785685976749e+00
2.336600098599864062e+00
2.231408468687621660e+00
2.176467411501862514e+00
2.441005706088965610e+00
2.017991936209774906e+00
2.062961401803129480e+00
2.229332638635790342e+00
2.045155859415329402e+00
2.080632129713481326e+00
2.076570523671731561e+00
2.041751676603125176e+00
2.004465075943675512e+00
1.980998915178361575e+00
2.356563619709501900e+00
2.116838267133162255e+00
2.022160483210348580e+00
2.078501409796109201e+00
1.991388178811793752e+00
2.229635711161958245e+00
2.066240540780991175e+00
2.206467885135513729e+00
2.013792608525100558e+00
2.158834893660788623e+00
2.117251814855828140e+00
2.034185953915037981e+00
2.278288042173330918e+00
2.236340043732750527e+00
2.082593083036286874e+00
2.194660412521662884e+00
2.414964562067269505e+00
2.332585973711019722e+00
2.242711294792171905e+00
2.117474032760383817e+00
2.160246716666664568e+00
2.418622768726612637e+00
2.231551294294142451e+00
2.441675078175574054e+00
2.201371744574993183e+00
2.217750657212571586e+00
2.356746102606819271e+00
2.261327021787884917e+00
2.381256824607415279e+00
2.169767968530658564e+00
2.208351905229484657e+00
2.134538860765383017e+00
2.163928881074703714e+00
2.214544525893994642e+00
2.072812937824585422e+00
2.211517214419061794e+00
2.004632602118708640e+00
1.998099829031980690e+00
1.944425730674669728e+00
2.023604717823171750e+00
2.060163968431618642e+00
2.181250330325552600e+00
2.258812929223521060e+00
2.190237930126810451e+00
2.568585272619785087e+00
2.055061246993533874e+00
2.035603995695791202e+00
2.075558888924875944e+00
2.498943056587203504e+00
2.284446904958534308e+00
2.533763750309655727e+00
2.471754869221417295e+00
2.311361494757112833e+00
2.192375861076496513e+00
2.143375950769510929e+00
2.090899077095050185e+00
2.076060423628145912e+00
1.966728687780352036e+00
1.920124921331897383e+00
1.991498783789901417e+00
2.013869483673763838e+00
2.239748027626326188e+00
2.284048498929483806e+00
2.312332412352906985e+00
2.262944503019030495e+00
2.378196479372087335e+00
2.375644051217725483e+00
2.243708581448230710e+00
2.063357778227059125e+00
2.532344031367298687e+00
2.173728368022526780e+00
2.525822872456205737e+00
2.074643698937889802e+00
1.996510983946081508e+00
1.907313123177077685e+00
1.955610336404449923e+00
2.083593955416129795e+00
1.947586647879108401e+00
2.283998679172640323e+00
2.512456491438291195e+00
2.368200487712216695e+00
2.313504073024842178e+00
2.417991507349490643e+00
2.351799332650044150e+00
2.384871443870521190e+00
2.287578737980169308e+00
2.413293455874700122e+00
2.391380535850139211e+00
2.223126275604597968e+00
2.365823318026892608e+00
2.296710837827400820e+00
2.247394245835170334e+00
1.806897999312463865e+00
1.977051001392853502e+00
1.863484006183396380e+00
1.989694988519507435e+00
2.166310767326889319e+00
2.268014586032586433e+00
2.150776713933719275e+00
2.106066422348943590e+00
1.981656693254140844e+00
1.944521846387144315e+00
2.029687721080521534e+00
2.092839098852089297e+00
2.017326150240367433e+00
2.019087612411244237e+00
2.047076008220910293e+00
2.406526407431077264e+00
1.945741749070135862e+00
2.275872458235974616e+00
2.309974559219638568e+00
2.239799125802385049e+00
2.028924560221958995e+00
2.071094331741807792e+00
2.078253267819752281e+00
2.131744779498673470e+00
2.134000214514967908e+00
1.981274507719593014e+00
2.038596326447188023e+00
2.187490636627568819e+00
2.195522267819754347e+00
2.110088513032950530e+00
2.156670420209469086e+00
2.203937131049718001e+00
2.212717128215646145e+00
2.213590475781070932e+00
2.231863349758340664e+00
2.157180331713704380e+00
2.325088832075096423e+00
2.096801992669071524e+00
2.265534221534180492e+00
1.996888932938551742e+00
2.302059169145071138e+00
2.045123731841510306e+00
2.137738785116172213e+00
2.016488582785479267e+00
2.074370515632324441e+00
2.224126775373665765e+00
2.381714612163969846e+00
2.505640938454249067e+00
2.466139390363212502e+00
2.552034442947299198e+00
2.436214765571150132e+00
2.278618951047592489e+00
2.299740090054635644e+00
2.365260682712122975e+00
2.378370502465867009e+00
2.075356971350963420e+00
2.290272438118986731e+00
2.179433361221125853e+00
2.219353100473445473e+00
2.024727664715375131e+00
2.252609494015538782e+00
2.077719462808229611e+00
2.206117638394836433e+00
2.053724408942868784e+00
2.131307355376178325e+00
2.034280886807438460e+00
2.008746367862394688e+00
2.099561275422566098e+00
2.129618637396200498e+00
2.025774547059062236e+00
2.084250143658659127e+00
1.997778427153014569e+00
2.100127911075265530e+00
1.936786996374570968e+00
1.879024744446498696e+00
1.986827279638669674e+00
2.050257381145672575e+00
2.096046720954164222e+00
2.337629843237565286e+00
2.193377303295966474e+00
2.223380970573435533e+00
2.350274764847373632e+00
2.311853545008172084e+00
2.432834830705597362e+00
2.253810439055558223e+00
2.372044798546717015e+00
2.312220747345993921e+00
2.243832167035856529e+00
2.386065669528605770e+00
2.109855257671255924e+00
2.156842412085267835e+00
2.467204973777640920e+00
2.679359478255737947e+00
2.633511004489156093e+00
2.594425610142906180e+00
2.509226474087412395e+00
2.381062955119925384e+00
2.436410634885477933e+00
2.404836390345137076e+00
2.285707310681026616e+00
2.400002125308093426e+00
2.529912728589575721e+00
2.404185870054069252e+00
