2.124555014309899459e+00
2.315589508510818018e+00
2.481100100757260840e+00
2.232322397271862435e+00
2.272042085153584967e+00
2.247115469651602027e+00
2.087668430465955627e+00
2.408795290799534250e+00
2.186881656045254196e+00
1.979241860506621320e+00
1.958876260823459114e+00
2.005712346005531277e+00
2.178913523455232593e+00
2.263451620584128410e+00
2.170700367125254715e+00
2.166976290260293592e+00
2.224161916671128392e+00
1.920019311566619091e+00
2.340742419619639580e+00
1.902412351132800605e+00
2.146344757044563956e+00
2.116023829113001575e+00
2.612461967862494738e+00
2.186110158611290100e+00
2.123410119664538964e+00
2.279686178675585762e+00
2.082176170717131125e+00
2.005344247224627896e+00
2.530227918456097846e+00
2.208997597969097448e+00
2.213545476766734854e+00
2.414710863008414421e+00
2.143748202930744640e+00
2.350878220672241170e+00
2.284888367593599146e+00
2.586312488284624678e+00
2.456653387603693783e+00
2.489818674997859027e+00
2.311388380056650593e+00
2.286179706068595774e+00
2.368895418759970006e+00
2.499780392330218870e+00
2.438292049178423238e+00
2.580032119840761418e+00
2.391470743566681101e+00
2.523202287790760501e+00
2.543052559264602941e+00
2.525707243731061702e+00
2.470166104447423461e+00
2.214487389742738621e+00
2.621060309259115151e+00
2.363001949278329406e+00
2.409363669909397654e+00
2.306202380078241188e+00
2.247060791222887932e+00
2.297950200027726542e+00
2.275886132333421408e+00
2.034933794839388188e+00
2.274487314621934875e+00
2.124917733285141441e+00
2.625894368597344375e+00
2.089135851584729142e+00
2.478042674271478507e+00
2.340815135907879707e+00
2.581676939375517676e+00
2.416417143419317348e+00
2.306222872293914872e+00
2.179997586218630712e+00
2.078200094549186527e+00
2.482959088788339930e+00
2.302101911079222685e+00
2.655752588182363816e+00
2.524741142671326877e+00
2.335205141859868050e+00
2.485028996363411569e+00
2.458092765336832741e+00
2.189997087345898041e+00
2.457945627828402646e+00
2.518895186055155833e+00
2.379960984849781358e+00
2.460680410023649234e+00
2.444723358509106603e+00
2.109287496198693823e+00
2.361047191277752422e+00
2.290984578818289208e+00
2.273528386464776840e+00
2.299992627067677375e+00
2.435570745580368346e+00
2.497344192757091630e+00
2.458290473729963121e+00
2.267886863338412606e+00
2.142866870656761513e+00
2.319553456773014055e+00
2.198965036104553405e+00
2.297432049529470444e+00
2.228760474428947091e+00
2.200485504771753753e+00
2.209947017897408550e+00
2.257373558285230786e+00
2.361864313973564666e+00
2.356313223658831113e+00
2.461141872291281896e+00
2.639791667860924562e+00
2.781519352410570356e+00
2.692189058126875700e+00
2.655265532332393708e+00
2.506914913744371809e+00
2.501623901946346429e+00
2.472367199867064436e+00
2.579719932460025511e+00
2.635893773530920026e+00
2.602180655710295110e+00
2.484480130088106975e+00
2.425408704559058659e+00
2.342143038249669740e+00
2.448412410045726073e+00
2.315104528884139867e+00
2.015324369614373001e+00
2.713729067273870310e+00
2.294502674015436394e+00
2.749846162862099597e+00
2.595906080743791478e+00
2.543381583967452730e+00
2.608899425949636086e+00
2.656412403517210308e+00
2.496631743856322139e+00
2.694963464876655390e+00
2.472891990179140187e+00
2.662449303898925645e+00
2.483499902871078024e+00
2.390700078070353118e+00
2.341484090756280612e+00
2.450908776979018988e+00
2.565796702773706528e+00
2.156256646588252668e+00
2.584675275728156585e+00
2.715812063993944925e+00
2.549037768731977849e+00
2.311520218500902502e+00
2.305848954555527630e+00
2.295402150179926881e+00
2.346632140361913699e+00
2.379062213672348491e+00
2.370533085501399295e+00
2.152473092064777216e+00
2.188121481579673677e+00
1.944517155740818737e+00
2.020021379079442347e+00
2.225610820611749752e+00
2.293237577181742815e+00
2.199849791013153144e+00
1.946292948730091066e+00
1.942612843189727601e+00
2.153954503788471531e+00
2.182504840628518572e+00
2.449353938694473154e+00
2.484629977940327361e+00
2.217561952005609793e+00
2.360691055782849102e+00
2.284728446046071504e+00
2.169657679218453428e+00
2.207832978838564664e+00
2.433063897646334350e+00
2.647735377574456095e+00
2.646704803529357442e+00
2.308726854318055910e+00
2.356395106023430497e+00
2.496845990759594347e+00
2.672463319997919307e+00
2.406055526129269317e+00
2.699837971829724736e+00
2.569829799180885832e+00
2.608970427454583518e+00
2.625113969382379953e+00
2.517357121503043693e+00
2.493063055809696227e+00
2.486912496152049901e+00
2.604261930594239605e+00
2.666213088452729529e+00
2.706761153034136669e+00
2.786602457909639785e+00
2.613707189016564847e+00
2.606512508342810452e+00
2.664940974852915367e+00
2.579729894656694444e+00
2.153988839155542401e+00
2.268343562823761150e+00
2.347979208866626255e+00
2.126258474695038370e+00
2.213360709813987359e+00
2.141146314585747668e+00
2.325441656298265602e+00
2.276717294702044647e+00
2.202426694335378077e+00
2.397470999224707633e+00
2.368660527139808014e+00
2.294561310160401657e+00
2.242202551899373564e+00
2.519739926363906424e+00
2.450263736342204179e+00
2.267798952991739725e+00
2.605394957929090261e+00
2.447054722001865468e+00
2.331380842863105318e+00
2.515460552380375692e+00
2.415441461000804590e+00
2.405721602433023243e+00
2.224530077264092132e+00
2.450160895559378993e+00
2.341450601652949270e+00
2.309406246788244133e+00
2.430047586926315173e+00
2.417654581971372618e+00
2.266072847834298187e+00
2.542162832751897472e+00
2.557461038515929985e+00
2.583182812784853954e+00
2.337537701858828143e+00
2.434412283023766665e+00
2.726289531446490333e+00
2.538278777156808275e+00
2.499253584403241746e+00
2.671428219349703426e+00
2.485577238904931985e+00
2.430898021364609196e+00
2.473129653230370817e+00
2.597833538136830711e+00
2.351531918974377522e+00
2.458057775236099030e+00
2.453375928589576205e+00
2.660911472053555826e+00
2.731572280573540290e+00
2.505415863591224923e+00
2.534349137881722225e+00
2.696536252904982778e+00
2.718810676878490540e+00
2.469561466190406396e+00
2.823006743641403915e+00
2.457973606461813176e+00
2.544914445961151905e+00
2.870476561183892272e+00
2.387929934781247265e+00
2.600214634258433133e+00
2.541264294298006376e+00
2.459547974471961496e+00
2.412435430860071062e+00
2.569927938079277219e+00
2.732118483980548351e+00
2.247579706776075437e+00
2.029926203947647334e+00
1.970290307571478161e+00
2.300748627682178693e+00
2.272503943648140456e+00
2.331719978257433823e+00
2.163067528928961814e+00
2.195759737504565212e+00
2.161051343990824769e+00
2.356592394260756063e+00
2.256247712162891439e+00
2.074874239952322341e+00
2.029265526359137706e+00
2.076354461854145850e+00
2.445210819504215927e+00
2.292180009813472363e+00
1.893859076905707095e+00
2.557408190992485508e+00
2.002104887633483710e+00
2.264242354809828051e+00
2.117872090648687422e+00
2.674881073027471245e+00
2.064812450158560075e+00
2.098841041240978811e+00
2.502927245340975215e+00
2.256149437387842571e+00
2.013616334549038545e+00
2.285646772699085894e+00
2.447761569897781264e+00
2.154761286692354449e+00
2.235590178505724612e+00
2.331847406090928665e+00
2.112565529600494596e+00
2.406694533852564266e+00
2.385786720589188281e+00
2.463348379522904086e+00
2.432154636695071037e+00
2.205249540873445824e+00
2.236873172423727851e+00
2.249241409135569025e+00
2.511512166362847243e+00
2.636048404212314011e+00
2.556785356310216528e+00
2.478600778181792030e+00
2.436354391083126458e+00
2.387056290133227510e+00
2.437635361444146387e+00
2.596502821862368027e+00
2.402715111717254715e+00
2.254716121915227856e+00
2.266639619409008599e+00
2.331547462740458432e+00
2.266501178950909523e+00
2.277148838852872004e+00
2.171103654699010121e+00
2.263978846200970452e+00
2.165013675618305822e+00
2.417714769412294906e+00
2.243235720020549273e+00
2.412446637267864347e+00
2.419722483145320790e+00
2.355834202108144648e+00
2.551857829807905542e+00
2.147642693505251721e+00
2.219042703909763325e+00
2.317169472582455647e+00
2.453314133445221756e+00
2.427202857206424369e+00
2.150231112452143378e+00
2.501211872275989734e+00
2.095668520375618016e+00
2.490520210365610332e+00
2.190722869862598454e+00
2.434202180874414090e+00
2.317798599784391289e+00
2.320988483491187804e+00
2.504774384809610233e+00
2.037367632988624777e+00
2.483767739804596530e+00
2.385841401037670728e+00
2.453266189577940626e+00
2.200414315285666778e+00
2.233788562811155565e+00
2.245650930307272919e+00
2.263282918723158676e+00
2.132757978474208116e+00
2.347156462782081121e+00
2.378461443127190655e+00
2.661775111832880736e+00
2.510553118429174280e+00
2.590555727717285261e+00
2.423133312613620749e+00
2.392545708920269298e+00
2.466728730532370850e+00
2.447233641770199863e+00
2.240899582091000042e+00
2.355718750916184767e+00
2.636081570607692548e+00
2.305574020246963673e+00
2.353010060250627866e+00
2.305960060391422317e+00
2.472139790186175912e+00
2.207974299192210221e+00
2.147743863813666110e+00
2.420968212205750536e+00
2.724910982110234858e+00
2.179024583635551959e+00
2.500125158040396034e+00
2.525484598344711173e+00
2.475151306399065110e+00
2.584610376329681269e+00
2.617571671822361168e+00
2.592448761001187929e+00
2.508393644895127395e+00
2.498913806798950699e+00
2.577522849428921514e+00
2.573375448564752421e+00
2.529118579896334484e+00
2.286795542775037049e+00
2.601794524316072277e+00
2.754650891133986867e+00
2.449784421314374239e+00
2.441688436132345430e+00
2.646694225105053810e+00
2.576113677923847600e+00
2.574969391636572347e+00
2.609580876845987163e+00
2.623332074159385296e+00
2.716142878987148013e+00
2.407715403794399300e+00
2.585623562258002384e+00
2.627726106854128219e+00
2.591583325569830620e+00
2.681068585105053970e+00
2.490727506285587367e+00
2.512452709385232019e+00
2.748684959708204367e+00
2.484346195228998244e+00
2.551222998668789987e+00
2.611873191172020992e+00
2.345845923517571485e+00
2.394087132710918553e+00
2.161774253314066030e+00
2.607668997944257772e+00
2.308859130584071551e+00
2.051926135147228436e+00
2.675822706181004040e+00
2.614658901555590109e+00
2.667230041302681709e+00
2.252388477793173305e+00
2.332670724838721732e+00
2.277373607979129577e+00
2.393986101177260295e+00
2.248375475944856206e+00
2.496431083854322441e+00
2.361535702485681565e+00
2.151235306862744334e+00
2.078694980256945435e+00
1.936249149620907106e+00
2.055666650705453069e+00
2.118967588471945440e+00
2.009968862666746237e+00
2.046077708369471448e+00
2.105826243214526272e+00
2.713507763227748004e+00
2.200702961565529581e+00
2.698833637962096077e+00
2.587171031581266156e+00
2.589388094979453214e+00
2.599807789303531180e+00
2.401200408477186521e+00
2.327835251852916176e+00
2.221053093911069531e+00
2.636590406517210106e+00
2.532672576490379246e+00
2.390461456053057709e+00
2.586716414167375522e+00
2.422573639441064408e+00
2.463309308166659051e+00
2.500457983060716316e+00
2.738366543751043825e+00
2.559464958417467795e+00
2.495500115100286909e+00
2.411102705707092397e+00
2.700280563502256648e+00
2.469730090776941722e+00
2.710469738733094491e+00
2.585110377973799167e+00
2.555284270362269794e+00
2.641743325992788716e+00
2.723952733606016086e+00
2.656221868588385604e+00
2.686850745512298300e+00
2.780920541521201717e+00
2.656049254824633721e+00
2.384629764761488691e+00
2.492134848578838824e+00
2.527450378471853831e+00
2.849032171727853946e+00
2.788134431745755926e+00
2.644676798170676690e+00
2.525146391368641385e+00
2.552322140220476765e+00
2.614104051906299464e+00
2.447959581249203431e+00
2.377125319327565656e+00
2.521904117633444464e+00
2.344125782555201098e+00
2.573359930389107930e+00
2.604343484603540482e+00
2.560599488028889148e+00
2.611680058915061053e+00
2.124016915619604262e+00
2.361100276946309418e+00
2.173820812755701493e+00
2.360672357397381127e+00
2.435876778762061434e+00
2.270641241686634615e+00
2.274962177074309366e+00
2.221171422616817104e+00
2.242217853409085304e+00
2.243902882370901075e+00
2.492080576685177462e+00
2.353456728921919705e+00
2.522754165552423711e+00
2.501158238756565844e+00
2.307305681030316524e+00
2.359253991083114954e+00
2.355897475385550610e+00
2.451802984286524101e+00
2.490651834121573316e+00
2.338847729438580991e+00
2.518310563829278870e+00
2.544108542782415494e+00
2.540954240841699630e+00
2.572122254693240517e+00
2.536052010828570680e+00
2.585434206913743260e+00
2.616527696680754467e+00
2.514383197853759633e+00
2.740246811521257708e+00
2.790661281081640688e+00
2.643436673828509331e+00
2.799090300334835302e+00
2.597125462328387702e+00
2.511493717237451406e+00
2.628371002682368562e+00
2.494617918106562637e+00
2.322288715657515379e+00
2.584922804806557117e+00
2.712989959148263797e+00
2.373870468104265719e+00
