1.714682945694729899e+00
1.517136430371114342e+00
1.534771407348892280e+00
1.532988879920877734e+00
1.504197795170333807e+00
1.589663566357558899e+00
1.647210508185973366e+00
1.652876818457140740e+00
1.564450395373823577e+00
1.761942149684503356e+00
1.577888116059948276e+00
1.656004470505415771e+00
1.688720360606611681e+00
1.925314900845389809e+00
1.908202335087384682e+00
1.696262008475340588e+00
1.684210757721269935e+00
1.813878850684804922e+00
1.740433464161267763e+00
1.960017500716015437e+00
1.835873523001417151e+00
1.802219773081403575e+00
1.890593562650277892e+00
1.681313800459321772e+00
1.779469667696870427e+00
1.787431223258769908e+00
1.598911399405365863e+00
1.869425052571843437e+00
1.866519616333099263e+00
1.854938100638615861e+00
1.749210858125372914e+00
1.693660527524567305e+00
1.702969778652553279e+00
1.706940474964298904e+00
1.620746029946064093e+00
1.912071880355612041e+00
1.863260758819493157e+00
1.689473462942477022e+00
1.647266606615393147e+00
1.667471729870082520e+00
1.748287776074098909e+00
1.674548349641278300e+00
1.746893690489156326e+00
1.718864937894174716e+00
1.672459489496071150e+00
1.721904306177036936e+00
1.657544498681548628e+00
1.776725794918019519e+00
1.777960767528501851e+00
1.874085869591928466e+00
1.678947394707944296e+00
1.562908419220210732e+00
1.654415835688263003e+00
1.563841678124031631e+00
1.575449578015824192e+00
1.691037654798384748e+00
1.745902247921625516e+00
1.680434572315422814e+00
1.734154159581518639e+00
1.730041255947814438e+00
1.752705009884514720e+00
1.682599661769359711e+00
1.609687290852003461e+00
1.650665882521779038e+00
1.700371686595923304e+00
1.851987853337615508e+00
1.777669842073797302e+00
1.626031141126382362e+00
1.721327560015413205e+00
1.974840482151437371e+00
1.922588869775763154e+00
1.876443262700263404e+00
1.792373193994220903e+00
1.688128427014195632e+00
1.752735478160946991e+00
1.840814489827998779e+00
1.813322302114217299e+00
1.918127337612263394e+00
1.719343603290224287e+00
1.727094672765863370e+00
1.763294987897897625e+00
1.857921281775311684e+00
1.720225686045694369e+00
1.704772641131654831e+00
1.702411877250954664e+00
1.795021826214957095e+00
1.902641759436652258e+00
1.862551759223129766e+00
1.990093892887363713e+00
1.740328059112321579e+00
1.792771383340336255e+00
1.687701817840985719e+00
1.677240215930881684e+00
1.705782304517664771e+00
1.743949530879174814e+00
1.702536691141542269e+00
1.796384725549279082e+00
1.777518887816159854e+00
1.869516661664119006e+00
1.876759161855861002e+00
