2.260820829209259752e+00
2.249298012321661933e+00
2.244092123059359345e+00
2.274691784414405227e+00
2.167226623061652369e+00
2.236084533891216530e+00
2.039056294601545360e+00
2.303324906306485342e+00
2.084795902711265470e+00
2.034750468697338999e+00
2.083165437892440242e+00
2.090381577608978692e+00
2.066366450262582255e+00
2.205974110239754538e+00
2.038508957185859227e+00
2.021631774398294112e+00
2.279558078013323996e+00
2.031169560519156647e+00
2.300679361026022995e+00
1.994021682758478908e+00
2.001282664469510753e+00
2.048960876646579443e+00
2.465944442325836317e+00
2.503505401031282940e+00
1.931619635792632739e+00
2.185897435268466804e+00
2.141854859440593728e+00
1.961833592222062661e+00
2.397118597321128863e+00
1.980745545148350217e+00
2.113348632876760114e+00
2.521553932140926158e+00
1.996734346007356775e+00
2.075476521532151786e+00
2.277076325847761762e+00
2.392993281290574537e+00
2.354535842486998654e+00
2.401078289802107690e+00
2.402295959153949667e+00
2.089485625125566681e+00
2.127040456816780001e+00
2.219835921864523609e+00
2.071401589205843052e+00
2.489690509502723970e+00
2.174291264382119948e+00
2.420199957624090459e+00
2.309759748640952015e+00
2.323813935794551533e+00
2.165122749287293313e+00
2.280933393361538108e+00
2.220611145566013800e+00
2.467934729931219096e+00
2.317956262237682807e+00
2.352343081634912902e+00
2.139758610226772273e+00
1.975007616179792480e+00
2.479600161706239536e+00
2.009631063606109436e+00
2.294953083664472704e+00
1.952243594916697855e+00
2.505323740716296932e+00
2.252506763165091019e+00
2.271177906447630956e+00
2.010024714909492971e+00
2.449143731028305293e+00
2.135098933849528979e+00
2.179653658183254628e+00
2.051925673726041399e+00
2.227618303809238753e+00
2.454060221586536361e+00
2.185850507252736552e+00
2.553080995077976034e+00
2.201875049872468182e+00
2.217033402369518402e+00
2.430741425893228946e+00
2.386847453676840036e+00
2.192627612166053730e+00
2.453838793439529375e+00
2.436729835145500012e+00
2.357363659421277013e+00
2.380574524191077401e+00
2.409320915672750640e+00
2.124369793719769639e+00
2.153364541508725694e+00
2.341428729341682669e+00
2.161413298537611105e+00
2.292225558609811920e+00
2.461279620696228854e+00
2.392545524905072440e+00
2.406409893491359586e+00
2.367300993299772838e+00
2.505665802576613643e+00
2.192543623131188557e+00
2.241031304873451813e+00
2.384591598406641477e+00
2.415789177380798236e+00
2.429552061939051377e+00
2.504777291587098720e+00
2.422424022250267317e+00
2.453190127829504519e+00
2.539946611037245727e+00
2.587253791101852052e+00
2.591624358305093523e+00
2.405012310140398846e+00
2.544888165394030288e+00
2.573011972087456467e+00
2.458460299104900049e+00
2.509605636517430405e+00
2.357581486575385465e+00
2.418684379837050091e+00
2.384656255091938348e+00
2.284958874499842363e+00
2.357434479193592836e+00
2.450737288403485259e+00
2.207132597375086380e+00
2.348993717574119344e+00
2.293280489561270397e+00
1.979289222177976759e+00
2.564714399777564324e+00
2.304510103217201067e+00
2.640808358004699041e+00
2.521934465826531468e+00
2.539307122117526294e+00
2.508641691981504884e+00
2.494554594229207112e+00
2.514669313816670471e+00
2.538268192875632767e+00
2.331486139383012635e+00
2.337275232295826122e+00
2.328404513534707121e+00
2.339045732844811987e+00
2.315824676660228842e+00
2.229465520235511811e+00
2.357973725235784190e+00
2.285931337675974451e+00
2.284502475742821836e+00
2.221861899215996861e+00
2.342632969661280207e+00
2.254214386848913954e+00
2.199428531572585221e+00
2.227094661966887656e+00
2.145923957535878834e+00
2.237947783748380104e+00
2.277036825432262379e+00
2.286234016681400583e+00
2.150450084959429464e+00
2.272806912632866716e+00
2.258442336107476134e+00
2.290464325115382671e+00
2.438618447620153784e+00
2.140755838775860287e+00
2.095818158144469034e+00
2.180115036799692430e+00
2.102529161209404585e+00
2.411688976443343790e+00
2.406772933798910330e+00
2.373909064689669446e+00
2.348737788162519102e+00
2.411332107127184265e+00
2.214207903693535151e+00
2.349998792059031505e+00
2.341024090711757655e+00
2.426110517897328567e+00
2.564369545040662945e+00
2.437839557132205126e+00
2.205154917997787845e+00
2.228941207294578231e+00
2.263711361971269209e+00
2.230568121707436013e+00
2.301416122873257919e+00
2.356384444956588275e+00
2.446130633941125954e+00
2.500365205209222896e+00
2.507874339612546688e+00
2.325927821533815720e+00
2.338826532151017989e+00
2.387975136552675792e+00
2.496296724228641128e+00
2.424205409811825085e+00
2.431337868214324960e+00
2.491729969081389218e+00
2.404504102105157859e+00
2.313530733396283789e+00
2.289656697067599112e+00
2.374454740385067097e+00
2.199826324682278234e+00
2.302525036123176605e+00
2.451851630072287236e+00
2.019569705428633455e+00
2.239779296195794966e+00
2.209044314439101875e+00
2.308486162674382225e+00
2.279535017709267475e+00
2.226585139733457730e+00
2.334807303187744321e+00
2.263524976751068341e+00
2.330489945756612169e+00
2.365842716895425912e+00
2.333784739157301225e+00
2.366274943896574445e+00
2.387514481289510826e+00
2.489632231902095150e+00
2.377618857611963676e+00
2.440066708183153299e+00
2.473169376289340526e+00
2.376036922925730543e+00
2.331864595243249738e+00
2.139394991112460342e+00
2.181824742926690597e+00
2.126220184022453719e+00
2.225168063960337950e+00
2.329891347050820016e+00
2.307983495889533998e+00
2.266994553046905114e+00
2.136513625903192715e+00
2.325248232713161833e+00
2.242107572509637770e+00
2.128658522952688426e+00
2.248439895879069006e+00
2.288312425029327191e+00
2.273314458170124563e+00
2.117511454318150577e+00
2.423475737645906847e+00
2.159077738407456870e+00
2.326735250507292019e+00
2.385405161082412295e+00
2.238837239244886756e+00
2.325349791421944534e+00
2.349691299295118885e+00
2.468826722036820520e+00
2.569564516870169957e+00
2.561972118093692075e+00
2.522824229469476265e+00
2.475274268099428188e+00
2.450417739623134139e+00
2.432040996685819856e+00
2.548422722896592774e+00
2.678763937677304252e+00
2.554529041252953991e+00
2.290445025104438148e+00
2.705898549888588356e+00
2.432294090117738783e+00
2.374013051230400517e+00
2.312008421376900991e+00
2.308367966055735909e+00
2.303705898984575118e+00
2.422172220877388593e+00
2.269519899567480348e+00
2.129692815868570843e+00
2.230545036768267320e+00
2.006286315867786829e+00
2.127991797599127821e+00
2.167492752486590124e+00
2.093046699506151409e+00
2.025178916117331251e+00
2.001744681763630851e+00
2.006079214572737968e+00
2.106392616061085743e+00
2.154735074410942364e+00
1.923234759420041629e+00
1.876492206497090143e+00
1.889651732280374974e+00
2.271851221946743049e+00
2.045441480821520663e+00
1.849403270974978808e+00
2.279501519293365863e+00
1.812412213620229418e+00
2.152584000704156342e+00
1.990880901256568469e+00
2.437591515362930394e+00
1.943174292391338875e+00
2.064321492827023707e+00
2.439217630627449118e+00
2.234559520466915306e+00
1.950964888519457707e+00
2.145841562621006116e+00
2.285194969482241767e+00
2.006740945828324740e+00
2.250288997524972245e+00
2.006120712291361130e+00
1.954121311101897351e+00
2.292103255972266940e+00
2.442734738581819887e+00
2.240529129382081042e+00
2.399714048712575654e+00
2.140217030613364102e+00
1.994337477423668847e+00
2.042396558695539710e+00
2.463083344842757594e+00
2.615680578490784836e+00
2.432306579937695279e+00
2.489502014789367834e+00
2.415477015872538935e+00
2.278392462476026559e+00
2.211586123889322408e+00
2.381198418845610565e+00
2.095883284104115063e+00
2.057781579082849532e+00
2.149246555689523497e+00
2.073545280718373185e+00
2.197804753665665078e+00
2.080785482197445191e+00
2.215863982569677759e+00
2.131400399764025178e+00
2.142998002803586211e+00
2.396970096422146312e+00
2.254092068640907165e+00
2.234736468785837982e+00
2.212572774387893126e+00
2.259577178748497506e+00
2.556212516919859734e+00
2.150381490262578410e+00
2.442472424191697300e+00
2.354803656646585974e+00
2.298239859852886813e+00
2.373524949482816115e+00
2.185791836093096130e+00
2.589562519171172195e+00
2.360645979029596830e+00
2.304264047991264164e+00
2.357931216810531083e+00
2.043602640266863890e+00
2.305771341753872772e+00
2.409273570544788079e+00
2.387752029369734075e+00
2.298579302798162693e+00
2.342919602236737120e+00
2.277317742431389735e+00
2.497795023860235997e+00
2.308096303040534369e+00
2.399878893413010417e+00
2.308376279380198515e+00
2.471462055520481371e+00
2.189473424870457929e+00
2.140806136331911969e+00
2.213317468103418673e+00
2.267713125474696945e+00
2.226459235330982445e+00
2.289467864452203294e+00
1.946365807279117899e+00
2.364836097472744925e+00
2.156826252417236134e+00
2.307058001244983725e+00
2.286692024787118527e+00
2.334015410661415491e+00
2.215835355468623646e+00
2.224829124096538546e+00
2.427363435447023932e+00
2.177261210908396194e+00
2.447531905281118192e+00
2.358111293355676708e+00
2.306628937774212851e+00
2.307139580512973964e+00
2.080717334614992531e+00
2.505752792154372077e+00
2.416431492691711203e+00
2.287231101099079122e+00
2.556652268325159572e+00
2.272116878169891940e+00
2.265536208764919568e+00
2.279770217394100129e+00
2.385790558797754812e+00
2.232935835215055675e+00
2.230889015660472818e+00
2.205833730400510007e+00
2.327519222589238268e+00
2.230449343830049447e+00
2.359757633694410828e+00
2.209021040486823129e+00
2.331763634446980316e+00
1.995677916513954431e+00
2.303780780097032910e+00
2.360108376236467631e+00
2.283891734800342022e+00
2.351587119484416011e+00
2.396087157834719150e+00
2.539102945940657996e+00
2.212062263662951445e+00
2.197257577552428121e+00
2.269708936881481787e+00
2.198494686374254492e+00
2.366163040108780535e+00
2.264414969980706793e+00
2.167520897741241903e+00
2.545879757757102180e+00
2.500020188339770133e+00
2.314560003406205269e+00
2.567025358358885789e+00
2.258867512575248870e+00
2.257616331345766891e+00
2.368588116926092724e+00
2.639216961707155473e+00
2.060360457076473750e+00
2.417678273178246240e+00
2.596542053743945644e+00
2.521732891463398296e+00
2.491981800792455903e+00
2.158585445898283606e+00
2.147259642429515836e+00
2.148625027584990299e+00
2.226608312885962171e+00
2.054563032570163372e+00
2.217276391586104012e+00
2.287705440845346772e+00
2.309606542662883122e+00
2.076710794373662683e+00
2.298403361964681313e+00
2.057946042839369216e+00
2.112859676808066300e+00
2.164809267671890414e+00
2.009963630884116004e+00
1.947225113404358998e+00
2.475448993531569997e+00
2.137571126549480116e+00
2.490963372654496411e+00
2.332604076806240823e+00
2.206455105952762619e+00
2.200713805383115673e+00
2.214393407094209731e+00
2.176360219903265225e+00
2.311543831053877618e+00
2.360816465722004764e+00
2.235364375137343984e+00
2.101207913157918217e+00
2.225487884543510209e+00
2.201923397724150799e+00
2.231182468715823930e+00
2.357274923222084428e+00
2.319600402495583413e+00
2.248378564264359003e+00
2.194501225083269613e+00
2.194721505980866905e+00
2.304034337025989032e+00
2.107318639899690371e+00
2.181086662858913616e+00
2.360247737132460166e+00
2.276168448508931963e+00
2.202544351980701087e+00
2.201699193913084773e+00
2.265639943158098024e+00
2.330297557742865955e+00
2.258329734974390490e+00
2.459879197878199086e+00
2.295324588074212357e+00
2.299684176202411390e+00
2.163229495307174233e+00
2.621877539613001851e+00
2.554124053325923072e+00
2.425615180520591441e+00
2.506344547792107580e+00
2.637663220060132208e+00
2.647019400902536290e+00
2.188672252907418514e+00
2.420249184841817502e+00
2.167410138098746941e+00
2.142718968017309322e+00
2.241666330716896027e+00
2.219576038207802249e+00
2.302018793646805950e+00
2.185822115681126832e+00
2.153997526313621513e+00
2.457256437102028901e+00
2.038575222082803062e+00
2.289668683113008196e+00
2.412233840782513461e+00
2.064078303412424820e+00
2.446498407934587505e+00
2.223848506081360643e+00
2.425169979594028025e+00
2.230094131148024683e+00
2.210745322825990122e+00
2.056134145505750688e+00
2.179379333114907613e+00
2.165224615921013118e+00
2.174427787301869586e+00
2.275994772309926528e+00
2.258374304179292746e+00
2.296919202980255204e+00
2.410893295656576285e+00
2.354902507759001562e+00
2.509949846125183903e+00
2.221269282780168997e+00
2.450813530435651977e+00
2.316331502971481271e+00
2.382712162382670584e+00
2.348688215140659619e+00
2.322565051247727386e+00
2.188943432749675733e+00
2.535409867805518580e+00
2.423572287056322772e+00
2.357746491479827622e+00
2.633603953217789506e+00
2.241701888642187335e+00
2.129964417117033548e+00
2.344334885247859379e+00
2.235598573934510114e+00
2.029119452536479074e+00
2.207973527921668122e+00
2.236892686744987202e+00
2.274084027861035029e+00
