1.787961181039394720e+00
1.711622994543018361e+00
1.675623809227902994e+00
1.655828149586288545e+00
1.656704584193237517e+00
1.725229712281914907e+00
1.739024214114693656e+00
1.763298284909567970e+00
1.689346300634738229e+00
1.788329362851156956e+00
1.807692892791522121e+00
1.780724412792271005e+00
1.821981756767538263e+00
1.905407528401023898e+00
1.932001870736315130e+00
1.865656921898949827e+00
1.728962194443093292e+00
1.849128807679798481e+00
1.738203441059257504e+00
1.847167004852164007e+00
1.871528954457043037e+00
1.859546331422673893e+00
1.950887936035558212e+00
1.807889980651985473e+00
1.920015883423208392e+00
1.872028125520228237e+00
1.764179745216938988e+00
1.889533250760026428e+00
1.801473302525570919e+00
1.954482647381229787e+00
1.797536212453664906e+00
1.816258721562471701e+00
1.929712023705319801e+00
1.789911617164013258e+00
1.842599101352765834e+00
1.885802520210579702e+00
1.858549822962922704e+00
1.759062191392621877e+00
1.681184275229565150e+00
1.795652936146611811e+00
1.952552235137315684e+00
1.787066205339574720e+00
1.763651337500584670e+00
1.722735331879893250e+00
1.720040294245284596e+00
1.861604276604421626e+00
1.934430021856017534e+00
1.911945394307879020e+00
1.880408656456349137e+00
1.845389628258804482e+00
1.709268418470877737e+00
1.609023225034280857e+00
1.704448302549164351e+00
1.630661671969562576e+00
1.596713799597336170e+00
1.703243188154973886e+00
1.656622080156392229e+00
1.678496372494999500e+00
1.633826898157837659e+00
1.615092136053349448e+00
1.598950485208098904e+00
1.635502534805304498e+00
1.736247494527651813e+00
1.760956882197479256e+00
1.692905948882414524e+00
1.857481214936891112e+00
1.661281371063799694e+00
1.589821440244003847e+00
1.621561360225667325e+00
1.825044637866332975e+00
1.809711435443573491e+00
1.794961142819519129e+00
1.855417890775642675e+00
1.589286833416785338e+00
1.526577702151388216e+00
1.863058449136033357e+00
1.764751876048370693e+00
1.890365894364150590e+00
1.726856223035171167e+00
1.785849516363486211e+00
1.598986946276117926e+00
1.776547456902951572e+00
1.757326992316282643e+00
1.679199958672465964e+00
1.729865180441427341e+00
1.856508878565945153e+00
1.843835051502016098e+00
1.873398443026215832e+00
1.827879389536293031e+00
1.589905479239626773e+00
1.795168730204597329e+00
1.562099500524587015e+00
1.550999379406877932e+00
1.710487632944243996e+00
1.704557069880493492e+00
1.696438390981647171e+00
1.804507492367470878e+00
1.861176601011456322e+00
1.834587994066549932e+00
1.700442240687908280e+00
