1.642570686325150131e+00
1.547072142941823492e+00
1.510128915396186766e+00
1.524777038615470426e+00
1.514962925114438974e+00
1.542104811121962848e+00
1.627065299701330625e+00
1.703933177335911875e+00
1.616108217928196700e+00
1.502965256131799876e+00
1.581432813580496699e+00
1.553486345200819185e+00
1.612975721648685301e+00
1.670708947858537297e+00
1.600733510440891072e+00
1.643628290243011714e+00
1.609899863424208766e+00
1.792611960672746418e+00
1.618275552295795894e+00
1.577401804569210197e+00
1.650849239316244610e+00
1.657551303221888261e+00
1.670501168296990580e+00
1.629107898995763026e+00
1.618626103475608868e+00
1.599099435553375192e+00
1.539286122400612911e+00
1.778887656148722796e+00
1.594689347296329052e+00
1.608967457246592847e+00
1.735150469629173742e+00
1.621654879471193134e+00
1.564306037424344709e+00
1.711440454344612894e+00
1.531261809453205114e+00
1.625833824615732670e+00
1.661152564109727336e+00
1.477541373349168019e+00
1.453139864670432324e+00
1.590175260316548655e+00
1.763556977968504524e+00
1.619850564893328793e+00
1.568757773455596860e+00
1.721748071906201272e+00
1.597747199801993201e+00
1.673030118482081274e+00
1.595527518392140243e+00
1.551604325160964137e+00
1.720026703726251105e+00
1.592936268026494684e+00
1.412245711467915221e+00
1.356062998152328669e+00
1.449962118489985796e+00
1.363764932352037995e+00
1.343377998492535141e+00
1.439413535275071876e+00
1.516061614121208434e+00
1.506584832823078868e+00
1.404808567575246192e+00
1.477998156016184561e+00
1.475368206104689106e+00
1.434881962058021987e+00
1.432313847083275693e+00
1.512808775675890560e+00
1.596638730480850699e+00
1.636838517235935653e+00
1.453148773880071021e+00
1.494681222606832893e+00
1.602862544886784812e+00
1.724330478306968839e+00
1.646009732013146820e+00
1.553775919518301407e+00
1.622052056527548913e+00
1.255720336936651416e+00
1.414218719786849432e+00
1.581376271379015819e+00
1.660070385363500600e+00
1.726252267772823812e+00
1.597846285522898091e+00
1.597983238448213550e+00
1.448338021582136648e+00
1.406646283060467795e+00
1.530998209216583472e+00
1.410977581903563927e+00
1.448683513853452176e+00
1.497611019769393259e+00
1.753239563178186078e+00
1.751855081799493785e+00
1.641543517153320364e+00
1.240802334542787433e+00
1.292185252990090349e+00
1.156603863336373994e+00
1.244335484130906666e+00
1.456305693145993674e+00
1.406417299517315422e+00
1.751802014322678902e+00
1.559414243168805392e+00
1.492636875069198288e+00
1.720351031599289593e+00
1.591206837784941097e+00
