1.821380766911131488e+00
1.820275423656408043e+00
1.935894164247548233e+00
1.706568494110990208e+00
1.774092242563649169e+00
2.014893497476345274e+00
1.778202332178505207e+00
1.977172575115790920e+00
1.714474210656038888e+00
1.737633634817848494e+00
1.969340160089178449e+00
1.941847288841175301e+00
1.938304306418196621e+00
2.012349582661647762e+00
1.983923547938348131e+00
2.110933846128879132e+00
2.177384625620113479e+00
2.025228264969805902e+00
2.007946713947089457e+00
1.996625121178659201e+00
2.240930971501275515e+00
2.153603930063138439e+00
1.941918661463728712e+00
1.916956188298562180e+00
2.053590427443562572e+00
2.024398479517231397e+00
2.027018232129326858e+00
2.106315058227739456e+00
2.128726225888132539e+00
2.000608644769934941e+00
1.937681456387001733e+00
2.047237034379162157e+00
1.920883475764183057e+00
1.903931225633244351e+00
1.836707555183989982e+00
1.820671430780520739e+00
2.043008971446632405e+00
1.971362043344850878e+00
2.304080245463968168e+00
2.249847595580321880e+00
2.196672118958534980e+00
2.187194989718181493e+00
2.154135843674032103e+00
2.120156230962856547e+00
2.012314042937604963e+00
2.019283959592415023e+00
2.307453888592207125e+00
2.076397969475720195e+00
2.141518061533355333e+00
2.189686528867325954e+00
2.047044697162392790e+00
2.227972366014308925e+00
2.088220549084935929e+00
2.156649658739922870e+00
1.863021868694907379e+00
1.952176181793964460e+00
1.828166452996505820e+00
1.747893949784508072e+00
1.916204056744076567e+00
1.794407494602520581e+00
2.007932756865282720e+00
1.970523709333147577e+00
1.864788744686743716e+00
1.917201442522481925e+00
1.877232961271172007e+00
1.962517820577995620e+00
1.993255954461255364e+00
2.123411731511625433e+00
2.326410195174685391e+00
2.277136796756986659e+00
2.141548207323361375e+00
2.393942851421842377e+00
2.328537614011115586e+00
1.852148433545084405e+00
1.783021075671208155e+00
1.822649573912626275e+00
1.861162225244749724e+00
2.065293892099813178e+00
1.960130964458167702e+00
2.212103693963329398e+00
1.956802232437613975e+00
2.176401521591658117e+00
2.033621192280484546e+00
1.969714510193502521e+00
2.021124179552810762e+00
2.006360072588444954e+00
2.231187843604098830e+00
2.138128851525603391e+00
2.072577890877426388e+00
2.196959237567068790e+00
2.123921982909249717e+00
2.229700450615692109e+00
2.288228080992458668e+00
2.113058450794279342e+00
2.319106937837758231e+00
2.215211729018810249e+00
2.264784329001453322e+00
2.119429465558076764e+00
2.305476110536967660e+00
1.802263445185350088e+00
1.805842192988961870e+00
1.887467507075282880e+00
1.841942142557141171e+00
1.707940075415273151e+00
1.955784775602677827e+00
1.750080168466832564e+00
2.007989649510044217e+00
1.821991332681527354e+00
1.668500071419618536e+00
1.823368650434702420e+00
1.972681835449002774e+00
1.801279476937181823e+00
1.776140107546937186e+00
1.971276791465996325e+00
2.035110952329060474e+00
1.989285335556279177e+00
1.905456700589549524e+00
2.064126928490706003e+00
2.090614470654650781e+00
2.058308149055863900e+00
1.964757916834056761e+00
1.988883582485792001e+00
1.970443671759762871e+00
2.024701167854618511e+00
2.031844617112764873e+00
2.104038763931860512e+00
1.852209669763426270e+00
1.970744625203102451e+00
2.061469773107050596e+00
1.979590316776174364e+00
2.124464127119614520e+00
1.941920433871787033e+00
2.013610502438866412e+00
1.820167750533957296e+00
1.944724716046171586e+00
1.974723608490809745e+00
1.996388191599270723e+00
2.063913129545175806e+00
1.904106675102290813e+00
2.091323627958847631e+00
1.952778627615059381e+00
1.967568677398936039e+00
2.194854510886788734e+00
2.088129927426946253e+00
2.187331468279023916e+00
2.225044887979454877e+00
2.257908000252513148e+00
1.934920653301977156e+00
2.005236332014086464e+00
2.243317010786813448e+00
2.199006553302914391e+00
1.998284051778735249e+00
2.214096428336695954e+00
1.964736737868565841e+00
2.232092491908197474e+00
2.220501697096490812e+00
2.047813013682896699e+00
2.255384618766078653e+00
1.973849214272674901e+00
1.939311717694147896e+00
2.025966381828128160e+00
1.778958674468939183e+00
1.709431639762307054e+00
1.705970245308595201e+00
2.157463550912235739e+00
2.188273334067905918e+00
1.986436402794402811e+00
2.067073108582640817e+00
2.019602378230795026e+00
1.996981860857607094e+00
2.040738439198883203e+00
2.014935720410469422e+00
2.289579783787504486e+00
2.058600235480016138e+00
2.206265499137868069e+00
2.322684580006947552e+00
2.078393784257049237e+00
2.386899517133345139e+00
2.351242774613502728e+00
2.147619899984615000e+00
2.254537410199302094e+00
2.156540173225454549e+00
2.053909866664445527e+00
2.148682581317178375e+00
1.851319349111775425e+00
1.986886311380288594e+00
1.858708543420555914e+00
1.837351580109522153e+00
1.783383621862410617e+00
2.156863635494160825e+00
2.070401247432904768e+00
2.100325290578012538e+00
2.137171488198939873e+00
2.092653157124145125e+00
2.152615535803640956e+00
2.172505321835031200e+00
2.133775374026847249e+00
2.254256291874869866e+00
2.285379459643191780e+00
2.269918725044089314e+00
