1.767367667425111977e+00
1.760712402972946622e+00
1.781845547183442902e+00
1.710730754786808028e+00
1.724404279949519836e+00
1.870553633955035266e+00
1.747584951982522838e+00
1.827218959154690126e+00
1.707110301706110000e+00
1.833338382633978636e+00
1.840930692146733660e+00
1.825950471774116179e+00
1.837372391633705249e+00
1.842471506475853005e+00
1.640827134832336887e+00
1.665350631482779287e+00
1.755482370399564784e+00
1.720781679778904838e+00
1.643682480354953235e+00
1.701836781054511638e+00
1.719020576383875731e+00
1.868114022044559341e+00
1.609741118494200762e+00
1.645032019607713725e+00
1.680755568549701984e+00
1.759971828498099189e+00
1.674910329912833395e+00
1.801891804318843660e+00
1.820963917457539605e+00
1.691934197353346825e+00
1.732618976971497471e+00
1.744731271878951828e+00
1.806305556087459907e+00
1.654296137859126326e+00
1.620761074707125049e+00
1.659194593780935145e+00
1.899396096346744667e+00
1.767179553093216615e+00
1.803296664116059267e+00
1.800068175686884819e+00
1.779224229809467150e+00
1.774874564980059244e+00
1.749509696569147232e+00
1.697428880438583310e+00
1.697465036198613664e+00
1.722893163552905005e+00
1.937657989054159646e+00
1.725838917642340542e+00
1.831425505914219709e+00
1.830097994379093818e+00
1.719306577144151804e+00
1.895261466430377295e+00
1.805870359340975950e+00
1.908697180862546805e+00
1.793598093148401684e+00
1.901851620084025418e+00
1.714903455105733165e+00
1.737897622071436166e+00
1.812153391476582387e+00
1.757341081942159766e+00
1.766354434327733314e+00
1.795617425279528057e+00
1.649101641634536985e+00
1.699869411562833665e+00
1.727300121430895397e+00
1.727994154656924630e+00
1.805290589226264952e+00
1.692967571904874013e+00
1.796781695741983764e+00
1.787875115675626736e+00
1.918941686364834087e+00
2.024157547330691642e+00
1.824653945467617611e+00
1.829969804620817708e+00
1.747765035111466414e+00
1.757537898321920311e+00
1.731233676684132972e+00
1.767143827699835912e+00
1.766516282541654048e+00
1.845093574786753843e+00
1.730891859126506338e+00
1.824842546725353731e+00
1.780813592479261409e+00
1.866217110247007538e+00
1.691767232490760664e+00
1.882917196868981957e+00
1.707964599986494303e+00
1.874778596439226952e+00
1.841011921786761318e+00
1.917624464105745385e+00
1.783628770141382658e+00
1.843372452814176832e+00
1.831899917097286501e+00
1.726398837186176927e+00
1.849389856222028561e+00
2.077439686294376031e+00
1.902723681475691153e+00
1.786928675506008535e+00
1.873247801132160717e+00
1.764102882918507254e+00
1.760614436076021860e+00
1.861149504404905564e+00
1.845595508501834514e+00
1.860292643106659094e+00
1.863319127446169565e+00
1.819602644210689402e+00
1.882079049010432437e+00
1.816657674904179176e+00
1.853576786031928769e+00
1.934043913206767273e+00
1.933506914164397239e+00
1.884457762106898082e+00
1.850429951438244736e+00
1.929557931439988883e+00
1.960704230074375998e+00
1.564572553630957152e+00
1.571768697499927203e+00
1.752073214482238184e+00
1.604310149130747876e+00
1.716247244675593864e+00
1.658877472333901704e+00
1.697681217171868928e+00
1.728988504693655726e+00
1.613722077058735049e+00
1.706874271679623245e+00
1.838645054486742980e+00
1.575881614094617467e+00
1.623609538597461599e+00
1.698642081383946900e+00
1.622634018453052995e+00
1.751155071376494732e+00
1.644079692483226829e+00
1.687178035442224111e+00
1.598558163793188269e+00
1.958701516747978211e+00
1.854104676744390945e+00
1.657981004442305117e+00
1.646018244990970381e+00
1.592633072543411688e+00
1.947396550511503621e+00
1.703728157060763415e+00
1.817154748869606706e+00
1.821005512569111140e+00
1.714973962552556630e+00
1.733917402446846889e+00
1.758875749015861523e+00
1.862300433703130809e+00
1.751955692593902159e+00
1.644211111259295865e+00
1.673411868229114807e+00
1.753949862762493872e+00
1.808422735813195459e+00
1.744828019208618963e+00
1.727717835249985789e+00
1.855822407134162022e+00
1.836342143946101402e+00
1.808288098064849247e+00
1.903360017065115706e+00
1.885523835150782368e+00
1.836306375646195699e+00
1.871498488901774060e+00
1.760064392546994982e+00
1.739658042013244366e+00
1.775089281434920174e+00
1.710781317312280114e+00
1.736741842437737215e+00
1.858657081247303555e+00
1.836269917606695001e+00
1.801216857660414394e+00
1.798264392827106262e+00
1.819765844473932415e+00
1.737166401440457975e+00
1.820582468230400153e+00
1.727175085082248707e+00
1.677255136175457517e+00
1.869099005121047208e+00
1.987716794004519727e+00
1.908264199876309908e+00
1.861388994058131185e+00
1.852097054258397435e+00
1.892099358657325148e+00
1.894593299051528179e+00
1.791668192146198990e+00
1.831581026253741307e+00
1.784995112032297548e+00
1.790890469743954494e+00
1.680718970722400840e+00
1.720307897462347135e+00
1.650053160600606361e+00
1.784874985611126563e+00
1.881327471173226185e+00
1.837255755334264107e+00
1.852905208231979239e+00
1.879033467769084309e+00
1.838095596598573245e+00
1.684651434652369995e+00
1.700356541587020320e+00
2.066666261102751090e+00
1.979207569619082951e+00
1.882032580208841344e+00
