1.601273569672993169e+00
1.417850936948836127e+00
1.463806696744816449e+00
1.417262986015235704e+00
1.377530101343722890e+00
1.588921922222349625e+00
1.630428308920927272e+00
1.665780035179331708e+00
1.627055876189970274e+00
1.576594147637262466e+00
1.700124346347353876e+00
1.692643121916087123e+00
1.692385946446470779e+00
1.741533969779194946e+00
1.901573602494049942e+00
1.623007537483220464e+00
1.677118340301147814e+00
1.881211479945059217e+00
1.644486128540893599e+00
1.895268300833915287e+00
1.839535225779958649e+00
1.785407918585269815e+00
1.707391150551501813e+00
1.830915168762713874e+00
1.755304066267199037e+00
1.746306864066576647e+00
1.709337336024627119e+00
1.900409825614312043e+00
1.817060858578600779e+00
1.935518881074896003e+00
1.658956084376661089e+00
1.615546141459393681e+00
1.570833823197986812e+00
1.764154635405639437e+00
1.615454271901012095e+00
1.816312854778650232e+00
1.927778408650897779e+00
1.571886816116415231e+00
1.466430129916034719e+00
1.562772775158785654e+00
1.746889331497942566e+00
1.674511486809989735e+00
1.673305195688531199e+00
1.766705212420609739e+00
1.727635498637989819e+00
1.866679975090936416e+00
1.662395440214114339e+00
1.705458359618780007e+00
1.877144590386578882e+00
1.863633049140033693e+00
1.692485251512939604e+00
1.506202168017727328e+00
1.656644134713520344e+00
1.526455279082171046e+00
1.489818763162354953e+00
1.613555977791455875e+00
1.614525847060839903e+00
1.674688665457084280e+00
1.628747939525831079e+00
1.717368768238453303e+00
1.745104055159396816e+00
1.677096782228179261e+00
1.623416399036790025e+00
1.700158777077066530e+00
1.707383553753179184e+00
1.910562262517814691e+00
1.622602371440554414e+00
1.691738445424550763e+00
1.721176757697331139e+00
1.775766515241705923e+00
1.883756277435996385e+00
1.810427653146504667e+00
1.858378467366336606e+00
1.595011664833114073e+00
1.762664932412873364e+00
1.870605390152711989e+00
1.828291070960417652e+00
1.947978961981641888e+00
1.652757425551335979e+00
1.755681699106205418e+00
1.786524595001582671e+00
1.704230286009036588e+00
1.723303049895759553e+00
1.705061947513776044e+00
1.710066505018208893e+00
1.878656968102637492e+00
1.944099406559385290e+00
1.904210556271368482e+00
1.905694073764199636e+00
1.557194416107025914e+00
1.683076557917162930e+00
1.611224375032055622e+00
1.534658284118190830e+00
1.735105498064951846e+00
1.735201988852735244e+00
1.675536349572685380e+00
1.803250723786639309e+00
1.750237228343970219e+00
1.891196271932964912e+00
1.824871376361337783e+00
