1.806809038701858938e+00
1.794358346461194964e+00
1.880271421340381277e+00
1.737580555947167094e+00
1.767750034093634293e+00
1.941990871104330330e+00
1.797611010797187436e+00
1.937628953669045417e+00
1.776876869146017723e+00
1.847756379852115050e+00
1.929453978106902445e+00
1.873718375788915980e+00
1.929176475389458467e+00
1.986125065191270300e+00
1.578806656924768737e+00
1.625016255570717716e+00
1.717852499753059980e+00
1.708050152333900007e+00
1.630798917653457414e+00
1.709138121827912471e+00
1.851321977680368214e+00
2.011658091714670249e+00
1.636557344559316896e+00
1.599936092009747401e+00
1.863773181038694826e+00
1.759696695738832695e+00
1.739325240586560906e+00
1.963501915743184778e+00
2.005158490725117648e+00
1.840703469436604456e+00
1.798200482644398690e+00
1.871546686052307784e+00
2.026190126186861562e+00
1.694224814349698294e+00
1.636582316214702848e+00
1.754340578331799128e+00
2.141947519205568806e+00
1.978627143473556282e+00
2.151478139060950756e+00
2.051424289311188698e+00
1.950140762099203506e+00
2.001080473458140219e+00
1.816769165876741976e+00
1.715664223883862416e+00
1.703537885892934867e+00
1.815822347076591736e+00
1.966710003540161900e+00
1.830557408081153747e+00
1.729430895706363991e+00
1.783167196182930070e+00
1.970651514675113125e+00
2.125855362566500872e+00
2.013012062160624449e+00
2.066802776549063303e+00
1.750191485552499371e+00
1.796068169057578157e+00
1.718874949007236363e+00
1.760673224504600398e+00
1.751329605012186486e+00
1.656539187213233788e+00
1.943263568123704710e+00
1.987369413738070190e+00
1.774649197286429114e+00
1.768956179042918464e+00
1.702339594827867897e+00
1.829946020347573254e+00
1.920804777867603175e+00
1.858667130381978172e+00
1.852859083747936841e+00
1.896636149306184960e+00
2.195443371283869016e+00
2.130138423850835405e+00
2.142183675841947021e+00
1.673440610211936797e+00
1.740160625742908751e+00
1.675665729352623146e+00
1.729882825738456642e+00
1.745480652546044675e+00
1.794349208928209594e+00
2.003990532008967929e+00
1.813061402569583480e+00
2.026466374366515222e+00
1.791532686923031692e+00
1.822044986692241020e+00
1.722620951914015652e+00
1.892298138947884345e+00
1.883385020935990806e+00
1.949702626725845267e+00
1.925675537855215280e+00
2.012985762254206001e+00
1.978030488077467730e+00
2.085641300435502554e+00
2.053769670690070548e+00
1.971661035276370599e+00
2.139987677547152245e+00
2.188143147740623018e+00
2.080192003621767149e+00
1.985063128839590796e+00
2.065424279355976278e+00
1.856296677556677377e+00
1.808081824911939695e+00
1.892651011447217479e+00
1.845320942523768215e+00
1.737568218674201637e+00
1.889926654238235360e+00
1.767680873202572833e+00
1.963751210667857849e+00
1.797028104334994492e+00
1.762745972056737775e+00
1.913759568050678039e+00
1.968316493069320661e+00
1.884375433719783333e+00
1.839621268959105160e+00
1.905688736040045628e+00
2.047513660060835239e+00
1.812195536061904200e+00
1.749444621521486942e+00
1.913744845309958142e+00
1.791046892729163842e+00
1.879757598891344639e+00
1.768243418174459070e+00
1.839159199756641661e+00
1.964762951525512724e+00
1.746494992472724439e+00
1.857480791077801729e+00
2.036056510698381228e+00
1.728914624495610397e+00
1.818831500525195377e+00
1.890115917910728083e+00
1.865381901249405061e+00
1.998780152139013611e+00
1.900068791686524206e+00
1.977505242349068881e+00
1.859870992505162857e+00
1.882301067063118616e+00
1.953000081389530962e+00
1.826330388018172934e+00
1.831260019642736880e+00
1.732991400581080255e+00
2.162301442968033616e+00
1.820582008455117862e+00
2.063252687355627835e+00
2.161782643480900212e+00
2.056702362640828508e+00
2.004578752689504917e+00
2.063849578591153033e+00
2.033933529025787390e+00
1.778007625440005679e+00
1.801111450026138927e+00
1.946955908957018089e+00
1.935754415019634411e+00
1.864903382921374808e+00
1.885569719737324901e+00
1.859913131754055593e+00
2.044444908529779337e+00
2.111260011590993191e+00
2.009382567807252773e+00
2.142395636775851653e+00
1.894672444378491472e+00
1.906396433125773004e+00
1.888738400077077051e+00
1.879648385253930298e+00
1.828523808455616795e+00
1.868032395262864798e+00
2.011136474154733289e+00
1.935820123637792101e+00
2.036919188254230129e+00
1.844669614374330857e+00
1.920973312729366222e+00
1.849751163470099602e+00
1.888090162124434146e+00
1.857936494307955932e+00
1.945867806797023869e+00
1.934327986503108665e+00
1.874464201909843641e+00
2.042591049918059731e+00
2.140628668273560908e+00
2.253863400660029992e+00
2.143081776842477471e+00
2.030298226063036005e+00
2.176406177283082055e+00
1.977920148989123383e+00
1.844195086750647361e+00
2.059797878813766303e+00
1.816084904661148247e+00
1.826448539590984410e+00
1.691423884960549628e+00
1.737129747905223454e+00
1.653828486660765096e+00
1.968253544903463048e+00
1.856803856050782020e+00
1.903623304201164990e+00
2.042123258229331384e+00
1.974007654542414114e+00
2.048927436334102570e+00
1.978864716889819464e+00
1.962614624750416148e+00
2.136768134905348671e+00
2.147240670120164285e+00
2.085044472467184828e+00
