1.997829146292412039e+00
1.534600768486796385e+00
1.565734586695951780e+00
1.730483547262937183e+00
1.506731260093251201e+00
2.023550547872959182e+00
1.560070294170991190e+00
1.747071454538423607e+00
1.530003973061707656e+00
1.870853975766570532e+00
1.615952793419565658e+00
1.817997033474641366e+00
1.754072870445364529e+00
1.728505565425638268e+00
1.802595073041667106e+00
2.051874066580252176e+00
2.057449642465987161e+00
1.471873908566554867e+00
1.371557468100317312e+00
1.513544346691056752e+00
1.752137792745580125e+00
2.056765818013277958e+00
1.572043762584172111e+00
1.643331089769790143e+00
1.732105865258575017e+00
1.886281281488182193e+00
1.867267509448774954e+00
2.029155541320956324e+00
2.058819907514735981e+00
1.906878590601513102e+00
1.492432521208031160e+00
1.495207075879930958e+00
1.854807393999873710e+00
1.539150231682375525e+00
1.636212948745247031e+00
1.607815671892474541e+00
2.018347604906919113e+00
1.820106614986330751e+00
2.197577930623505260e+00
2.100630903867382937e+00
1.873738696381219704e+00
2.123859100302233127e+00
1.602248235476720684e+00
1.533937638706394990e+00
1.526646682286017409e+00
1.599934699255270765e+00
1.815896644310689423e+00
1.921331377168081778e+00
2.114434834268741348e+00
1.735512575597954577e+00
1.936183973506570011e+00
2.089777978000414649e+00
2.073850218330251849e+00
2.144784287935213030e+00
1.646680432230926749e+00
1.808445604589756783e+00
1.291082458877996109e+00
1.229565899444884147e+00
1.416387866618124658e+00
1.349095343509544964e+00
1.478103083059152834e+00
1.595408665517567659e+00
1.571898206599039227e+00
1.211161349896135109e+00
1.646494957454045949e+00
1.760751481352665238e+00
1.840085676889903654e+00
1.816470792445952664e+00
1.854538806793882166e+00
1.836212924900554988e+00
2.087225441822195826e+00
2.121783121408630013e+00
2.189701834432570049e+00
1.388127404166769274e+00
1.180826955235108722e+00
1.206011172052314784e+00
1.655188465348023996e+00
2.082146802065957925e+00
1.574664933573422410e+00
1.559891425168676848e+00
1.494085632929217589e+00
1.620083902826110700e+00
1.657828803295662290e+00
1.892837476597498014e+00
1.714215960313522968e+00
1.884975261290922965e+00
1.807857929767399785e+00
2.019784061796301877e+00
1.901207153991451682e+00
2.039486906362540264e+00
1.913187109700776656e+00
2.037334872264468189e+00
1.939824687230755851e+00
1.992291643875340634e+00
2.180456289927962921e+00
2.133924203114546891e+00
2.057162697563063691e+00
2.035444802361276118e+00
2.106442362622364062e+00
1.737082879622316556e+00
1.820769724182350391e+00
1.986934906675896784e+00
1.847764489442177194e+00
1.815707581912636037e+00
1.881252296045106798e+00
1.795364692705474718e+00
2.090087678681330718e+00
1.821312265428208343e+00
1.809988618071051381e+00
1.954853409977587830e+00
1.974746172908394826e+00
1.873260863814607102e+00
1.865063791938739612e+00
2.006036729527943763e+00
2.049428627245998058e+00
1.798959478556509284e+00
1.767068161820475991e+00
2.001686451530602096e+00
1.902412261122929271e+00
1.928231436219029371e+00
1.871635688310436363e+00
1.908438439849363455e+00
2.007410684641796728e+00
1.836838942088886872e+00
1.914956950889175502e+00
2.048287234517945699e+00
1.798089747317259457e+00
1.929445084597423588e+00
1.960206321203905810e+00
1.962487387919818138e+00
2.035619178968234966e+00
2.024063375613797344e+00
2.054875398551338606e+00
1.917290673919970656e+00
1.928271709252408206e+00
1.945452404214540243e+00
1.879507753229389788e+00
1.922921646973524634e+00
1.885277531687480135e+00
2.185694272000880289e+00
1.911931438627399338e+00
2.088052263164275502e+00
2.118321219470566508e+00
2.105848000641298068e+00
2.010430117193236388e+00
2.090839673244753616e+00
2.034650923851061943e+00
1.949786618706994323e+00
1.846440019104674812e+00
1.979270358501957539e+00
2.049081962893447351e+00
1.863948762778002255e+00
1.969131749065654136e+00
1.870330224727494661e+00
2.093611786146420517e+00
2.116444536721982850e+00
2.043874496793147255e+00
2.190431062067681900e+00
1.959403928682108997e+00
1.961633340834614714e+00
1.956374702597864168e+00
1.794543770046502562e+00
1.800325288867600237e+00
1.745164933491432313e+00
1.992912067182502245e+00
1.940744530251080846e+00
1.992393722465978012e+00
1.915124809512357862e+00
1.979385543200380848e+00
1.882849184057263869e+00
1.866087167790618340e+00
1.884586296400734051e+00
2.027176536748362956e+00
1.877253652999314903e+00
1.912998187115065862e+00
2.188280407356205437e+00
2.123847536332112540e+00
2.229225813191976879e+00
2.230063551251737941e+00
2.066820748307554911e+00
2.184249266822115843e+00
2.000232561297435652e+00
1.966298991071019797e+00
2.060291009466414636e+00
1.900493317523690440e+00
1.960222223568626410e+00
1.815272525207218601e+00
1.836828572078617494e+00
1.790228749996791935e+00
1.942583532920505451e+00
1.917388329769019295e+00
1.941541927875617413e+00
2.079146083360943198e+00
1.967680015166603846e+00
1.956248033682497223e+00
1.915342060900328436e+00
1.961714983616355212e+00
2.176962081967729556e+00
2.150858968305902064e+00
2.090673355451552418e+00
