1.665152572455397717e+00
1.783317602360656062e+00
1.900455293150037139e+00
1.706404306235428381e+00
1.783819128363339557e+00
2.107130594931325707e+00
1.819474202566289112e+00
2.038651061433761846e+00
1.825342194167582477e+00
2.008959665165737540e+00
2.071929445435794381e+00
1.968220390032618061e+00
2.047898850858200337e+00
2.121327609684358517e+00
1.850788053825514368e+00
2.167331956951921601e+00
2.111655008088433316e+00
2.007412198257082725e+00
1.925869614869652580e+00
1.961559683573635082e+00
2.176214289426945836e+00
2.193460524658542354e+00
1.847427384303502951e+00
1.963093295234059621e+00
2.098442661339773530e+00
2.032883145581562356e+00
1.887887619106987991e+00
2.138311453004268170e+00
2.145144687567674957e+00
1.936944656507379792e+00
1.874112028714861156e+00
2.208075775646583416e+00
2.144080497189824186e+00
1.906210344796732015e+00
1.883205776680645593e+00
2.048360023031645216e+00
2.218443866939173059e+00
2.277333683726292080e+00
2.344924133091119689e+00
2.254542916837854793e+00
2.286239287507483731e+00
2.185297226832863426e+00
2.127888703402244897e+00
2.089425021218412670e+00
1.942326297993000273e+00
2.032920407244940719e+00
2.264514783526113018e+00
1.948720530596953715e+00
2.079431251117334067e+00
2.149727159682277566e+00
2.047510806108669534e+00
2.260558696400872591e+00
2.171511030238483908e+00
2.196816952430600711e+00
1.575025237962661917e+00
1.698246520843697649e+00
1.596374062889530432e+00
1.721404448604899606e+00
1.786496362726613718e+00
1.778109491956161747e+00
2.014897238512322719e+00
2.169338844924991072e+00
2.078137666696576957e+00
2.058181177151950703e+00
1.623406696223253176e+00
1.812282762053815333e+00
1.866904141020724328e+00
2.170840727547335813e+00
2.198925328788755351e+00
2.271089571750935399e+00
2.213471630196044870e+00
2.376170890725710194e+00
2.323065110276633760e+00
1.909868149976922780e+00
1.910446258891768556e+00
1.876328526679478248e+00
2.037211945319379325e+00
2.059879555398441031e+00
2.038381339147526283e+00
2.186852798728530889e+00
2.033911575733997168e+00
2.113022604245335501e+00
1.794102117702121468e+00
1.748975628725594644e+00
1.747572048397537881e+00
1.737521107357410388e+00
2.146695287690131959e+00
1.795369585093962383e+00
1.910094544528311511e+00
2.195227033432006092e+00
2.054467823805821602e+00
2.103293616803843857e+00
2.140677151227533770e+00
2.195790985357835012e+00
2.196093646986343018e+00
2.319806948035785688e+00
2.266488820920409708e+00
2.084020300619996657e+00
2.264610001816221185e+00
1.675399767879386825e+00
1.893333628697067672e+00
1.974429596381036323e+00
1.915535604508120437e+00
1.792737410950432819e+00
2.001315895519597987e+00
1.821263214953236842e+00
2.131563070423430961e+00
1.892635940105357850e+00
1.812248558521700303e+00
1.928194809733690285e+00
2.109985933665515123e+00
1.918726381733873554e+00
1.932540024999079176e+00
2.128387783945664857e+00
2.291877178941812421e+00
2.059104953274205396e+00
2.006180923805363836e+00
2.033094820825088966e+00
1.986809521671964118e+00
1.928924336294519426e+00
1.912956721339006183e+00
1.996033703016054428e+00
2.088314363182307787e+00
1.844691554165690972e+00
1.944274824079983421e+00
2.142111150624695259e+00
1.882465321955932414e+00
2.150021686839401536e+00
2.001885674984165586e+00
1.917969152039352698e+00
2.146241367052901694e+00
2.039853795174707773e+00
2.085478374225189224e+00
1.977603058418341497e+00
1.973644458117315814e+00
2.140622671170981040e+00
1.931654604977260048e+00
2.103647755072832748e+00
1.906327533299532417e+00
2.281883825553213896e+00
2.161326092669667354e+00
2.280582174060791889e+00
2.377523977712184156e+00
2.296016936944812681e+00
2.250115224138652170e+00
2.339189756129852249e+00
2.122602459171846867e+00
1.890791129121239145e+00
2.051909950129080951e+00
2.089459034778962998e+00
2.157034168554953446e+00
1.914927524219484090e+00
2.240867708611640197e+00
1.840559518175051146e+00
2.146329185712567700e+00
2.182709988438320536e+00
2.089388172842916003e+00
2.250576650555353719e+00
1.873804433107327805e+00
1.830162021184176924e+00
1.746395593324612028e+00
1.814996191953642812e+00
1.811439583670984010e+00
1.811463144158408367e+00
2.154614093481042492e+00
2.243994272992968941e+00
2.230128422566542756e+00
1.993545557368067600e+00
1.846569016426125920e+00
1.744351881031169338e+00
1.764589159409689190e+00
1.943247442584159268e+00
2.112209422930535929e+00
1.984976517186453293e+00
2.032840543742786998e+00
2.167092947930562730e+00
2.193203078207278001e+00
2.381475783927489154e+00
2.306278548492703973e+00
2.107725516242880293e+00
2.166779009309510950e+00
2.218085276864418365e+00
1.994833522655447666e+00
2.167014568181798051e+00
1.880780438577172031e+00
1.910123578981156811e+00
1.982885949261426806e+00
1.856585812035272953e+00
1.822296301277152919e+00
1.999479503850482454e+00
1.793341843487985310e+00
1.940375680728563701e+00
2.027940068196675938e+00
1.961537468754135149e+00
2.053405982606411939e+00
2.108921674078815478e+00
2.127292507416989054e+00
2.291759588057450170e+00
2.297594946518596970e+00
2.334911507990336865e+00
