1.589689005284325773e+00
1.510032308437674331e+00
1.470935025860702572e+00
1.492273651152608460e+00
1.483304572911339880e+00
1.594144781248524101e+00
1.676501896049615414e+00
1.663888276246776821e+00
1.610103394731860371e+00
1.749316509426224631e+00
1.747135995250301388e+00
1.720939492887501698e+00
1.694102703533700849e+00
1.773455496646605845e+00
1.879512423739486238e+00
1.604243421391975621e+00
1.682681106993478837e+00
1.853726353671767191e+00
1.647951255289437755e+00
1.812347177591410174e+00
1.809528125916425534e+00
1.838340771724815470e+00
1.916146886144930228e+00
1.717264370696377940e+00
1.892590202790525256e+00
1.813017985115894737e+00
1.768501154352438709e+00
1.908175472890807578e+00
1.780146019005798497e+00
1.972060497583236982e+00
1.677394394374127407e+00
1.547123766875106110e+00
1.603320734923116220e+00
1.731337519666472202e+00
1.726064412387406488e+00
1.877878566655185377e+00
1.845443218182180711e+00
1.640399528925935213e+00
1.606695150698139729e+00
1.705858735453595010e+00
1.771630087054424374e+00
1.692918773437556812e+00
1.714377804619034107e+00
1.742886843235515792e+00
1.709273454926753644e+00
1.839767234238772753e+00
1.853782460888992345e+00
1.858831465136655758e+00
1.851913025911999133e+00
1.824545486381602188e+00
1.609685658686767828e+00
1.495602977907682929e+00
1.587350126195248734e+00
1.499937615432290983e+00
1.485627982427159433e+00
1.590593907054501210e+00
1.599276574972743781e+00
1.691983135362244095e+00
1.641386715192959311e+00
1.573013553632137240e+00
1.542274732993276665e+00
1.515571449424067740e+00
1.602871381476221657e+00
1.650884221864208579e+00
1.671385159412853039e+00
1.798661337294106710e+00
1.628293696296931659e+00
1.537405507738346833e+00
1.619876930359846812e+00
1.905656150733303633e+00
1.831319872831538520e+00
1.832716538192792566e+00
1.865358761281148858e+00
1.600586844629085848e+00
1.591010462634397937e+00
1.762547379347975784e+00
1.729293643700104965e+00
1.954401941949764243e+00
1.689981445144753236e+00
1.710819236794427711e+00
1.628181016416178295e+00
1.757012822058820367e+00
1.712529008857782475e+00
1.695567204663357641e+00
1.765511109992490724e+00
1.834332313076470600e+00
1.779938304325601406e+00
1.903906000557140654e+00
1.800734992076491237e+00
1.612758652576400165e+00
1.612672033800166771e+00
1.569792571147332616e+00
1.550739696551830304e+00
1.670250529471758005e+00
1.668888110812636105e+00
1.665710136941985109e+00
1.844729389969968603e+00
1.841024309962038918e+00
1.890650246533599255e+00
1.769759878401082842e+00
