1.676911355009289784e+00
1.709672838526561600e+00
1.763829650946924232e+00
1.667815225265515622e+00
1.649747449247169540e+00
1.874924339467990864e+00
1.700816332142897735e+00
1.904100403023042620e+00
1.709407085210133292e+00
1.738911823925977984e+00
1.838417330673613792e+00
1.822126324165182609e+00
1.784484279498578907e+00
1.834668683188627192e+00
1.693036777189117270e+00
1.758793073786644179e+00
1.847334241416783929e+00
1.799272784570266293e+00
1.747842169164828041e+00
1.809082237657829939e+00
1.815594315074361420e+00
1.892974532239458885e+00
1.686431189494286498e+00
1.709037285993324939e+00
1.727220338665033328e+00
1.791202137223966595e+00
1.731031085011863535e+00
1.825294873256247064e+00
1.854871071126850124e+00
1.724319513963382677e+00
1.851373910906383147e+00
1.808903538564771596e+00
1.848617870459852153e+00
1.739168815468969065e+00
1.734552436039715984e+00
1.736668568745642904e+00
1.912804432634638951e+00
1.791552419537654206e+00
1.962410151510230794e+00
1.851353614080884835e+00
1.834289833593818919e+00
1.902463000979008223e+00
1.852277316292262332e+00
1.864993534432722866e+00
1.819800282854842077e+00
1.827100042526442314e+00
1.889331243481073619e+00
1.794006101466806502e+00
1.786578449030503668e+00
1.848877587620652019e+00
1.811549376184432569e+00
1.889604277167474811e+00
1.880080368758083598e+00
1.952106005461497373e+00
1.705155713582162669e+00
1.803316893737594073e+00
1.656925940329786906e+00
1.676283553635655288e+00
1.755064652721741281e+00
1.649543361000997743e+00
1.857515651174599824e+00
1.843387525319676756e+00
1.723870743402587724e+00
1.818162134223075821e+00
1.685179754752645254e+00
1.801244833783750110e+00
1.853729707171794416e+00
1.808290491463852900e+00
1.829819253492869224e+00
1.874386738439567379e+00
1.919036921401452878e+00
2.118853622568169115e+00
1.859820342621916200e+00
1.713863451606349342e+00
1.765981845230974789e+00
1.731681833633661238e+00
1.749571697773200984e+00
1.821987006912180629e+00
1.814059828333813407e+00
1.905072798092732445e+00
1.787727692285239867e+00
1.876119132975433201e+00
1.767592921195956457e+00
1.840232335585868517e+00
1.718703742293272496e+00
1.857861038453779701e+00
1.816173215673553498e+00
1.901726754617499848e+00
1.864203088548415987e+00
1.875908598520240833e+00
1.830709676059209423e+00
1.855507809668299757e+00
1.821759701316786995e+00
1.803872794659089118e+00
1.945557745043964504e+00
2.074856966889071064e+00
1.874153548403875602e+00
1.866629012880476335e+00
1.829762928459736315e+00
1.865312064458457320e+00
1.799496745204600456e+00
1.811213650306657152e+00
1.792605387327584010e+00
1.672254916557362581e+00
1.819381043047895385e+00
1.702052170226121097e+00
1.823557940614475958e+00
1.712654116016344430e+00
1.701158193629348281e+00
1.990937747170836714e+00
1.901372823821169789e+00
1.767106438954189285e+00
1.752131408444602911e+00
1.895166026519456759e+00
1.925506905411249692e+00
1.674775212697410476e+00
1.669979467163946962e+00
1.824876979859776593e+00
1.728998540594685940e+00
1.771454509762765639e+00
1.717660851733199490e+00
1.725224379135864572e+00
1.845491464421565642e+00
1.669361187205668617e+00
1.738419360345722309e+00
1.852139379657524287e+00
1.668891098484656110e+00
1.674677560049188774e+00
1.744008685296033256e+00
1.706482049508151189e+00
1.791475371337771794e+00
1.732345104890952170e+00
1.764271003132391602e+00
1.676236733929950429e+00
1.834285451731114236e+00
1.892806960955949247e+00
1.745273838884342288e+00
1.769241729849441169e+00
1.678835596545345421e+00
1.923616928575117457e+00
1.749596014770385510e+00
1.904454741220315883e+00
1.890193968087258591e+00
1.849766710558002902e+00
1.778338413978027610e+00
1.800783755597173519e+00
1.860911468898844179e+00
1.786071930959134191e+00
1.727993197724693619e+00
1.754189207701061681e+00
1.795940503076596251e+00
1.840954199737262709e+00
1.803205506736257346e+00
1.728128745633068286e+00
1.937804075362157041e+00
1.935819806206731997e+00
1.852434647130229539e+00
1.958117673805537029e+00
1.878726585769280089e+00
1.862095273606557022e+00
1.851068814439642551e+00
1.783734582695688964e+00
1.754388537901665268e+00
1.767968689292708673e+00
1.814977134967999506e+00
1.763414653924854081e+00
1.866333188594825110e+00
1.843459362364741727e+00
1.813833157422865217e+00
1.782457499541061141e+00
1.723507293260972295e+00
1.725158618662152143e+00
1.795497628781890453e+00
1.738256875714915939e+00
1.708747043962532075e+00
1.787837996828775866e+00
1.914879529219696064e+00
2.068286649524807785e+00
2.094376061036448355e+00
1.902124509399017116e+00
1.936895444263633692e+00
1.935382983572490279e+00
1.825181068741965174e+00
1.835120779203396335e+00
1.822789616025685122e+00
1.870397196559965947e+00
1.709713997627503979e+00
1.756940849417017114e+00
1.692150463322390497e+00
1.793223919264106403e+00
1.850259226509443300e+00
1.920032470082876586e+00
1.934967784624192388e+00
1.914276681110604228e+00
1.875675619817251283e+00
1.755598852523122755e+00
1.761457340976371855e+00
2.128204130568986052e+00
1.988632686600489530e+00
1.863089232869902245e+00
