1.589085675893333605e+00
1.531798215224209558e+00
1.451119995844201593e+00
1.475555365211784098e+00
1.463320076617109278e+00
1.481164667743324781e+00
1.633375849797799262e+00
1.666823512772925620e+00
1.511009537561140537e+00
1.601702508602845798e+00
1.668270651050137054e+00
1.717325999060030028e+00
1.701431368024456825e+00
1.812073931148092676e+00
1.910815677502718968e+00
1.613960804995789644e+00
1.672816168573693307e+00
1.871980139900432549e+00
1.663189944157120514e+00
1.815580105674361899e+00
1.929314411864052836e+00
1.895385352290309244e+00
1.882381196472526996e+00
1.717727710334424174e+00
1.810260618224901252e+00
1.860176978815842430e+00
1.706795917127157391e+00
1.922432527044528827e+00
1.794058055452969036e+00
1.922813575772995387e+00
1.675705153305217188e+00
1.435986803054584371e+00
1.535738364468153261e+00
1.723662749860935817e+00
1.822201524073438383e+00
1.809547352176350543e+00
1.809728186570478181e+00
1.527579983694438370e+00
1.487281907235624923e+00
1.681607864377330452e+00
1.685684960812075417e+00
1.582240872020373557e+00
1.698570067722994903e+00
1.632911330797822247e+00
1.665926221826231179e+00
1.803023761580630380e+00
1.827160748296058346e+00
1.815630140743610177e+00
1.782594644599069023e+00
1.777148739844848002e+00
1.576019535227699775e+00
1.523241814104882685e+00
1.619444347931253247e+00
1.500557947630245081e+00
1.452699231978538785e+00
1.619900421930803525e+00
1.565823852129659688e+00
1.586999470840460225e+00
1.597466608803573163e+00
1.712887898651333396e+00
1.738975760918721969e+00
1.636218268538045084e+00
1.652600256848133498e+00
1.789278973664815364e+00
1.842425708218884184e+00
1.929419417191211350e+00
1.593389287199899584e+00
1.648686954399082083e+00
1.657691277996706347e+00
1.917469259782481616e+00
1.927335851428081615e+00
1.940931245645418191e+00
1.896870586258281755e+00
1.546144780671160568e+00
1.637061669632754013e+00
1.929849901806528933e+00
1.822582545982552871e+00
1.992024237977518153e+00
1.708818744629003961e+00
1.709053515019704150e+00
1.648681026604816635e+00
1.681366281386151851e+00
1.674753590995216701e+00
1.731435353765107044e+00
1.708349979171689403e+00
1.862373209074913882e+00
1.784826697687101227e+00
1.875538508731521503e+00
1.811221291987108684e+00
1.646429634047193780e+00
1.606417043973592751e+00
1.586072751133601244e+00
1.500014223002256619e+00
1.621983854289577698e+00
1.728893488985526972e+00
1.680667889731196629e+00
1.835054455058176659e+00
1.760134165209105594e+00
1.771311629815198296e+00
1.714813921111881356e+00
