2.077293231144990315e+00
2.205001734502684219e+00
2.058612296432198452e+00
2.030639735836919257e+00
1.962617105258338990e+00
1.948577851398683780e+00
2.067753480974213520e+00
2.181183141549364546e+00
1.900927053114747300e+00
2.096431217705252870e+00
1.941053322826705507e+00
1.909412020922443887e+00
1.906436820922622122e+00
2.024229005131850556e+00
1.898394472031183167e+00
1.895649070868195230e+00
2.270048656497182016e+00
1.912455346417485380e+00
2.115466768663107011e+00
1.888256843823144404e+00
1.920317995499322583e+00
1.944714655329711439e+00
2.384756277951788128e+00
2.422622571741872566e+00
1.934256557620845918e+00
2.056310674238964076e+00
2.048801616196309627e+00
1.947234228019647739e+00
2.142502831507830496e+00
1.922584712299145293e+00
2.026713767690808243e+00
2.401749755284403154e+00
2.029104606013203860e+00
2.126051483519218355e+00
2.214823681008366574e+00
2.111874926086925619e+00
2.184813414466151738e+00
2.310849591664729363e+00
2.274234849690431659e+00
2.024656339889816969e+00
1.989218526144442389e+00
2.121815978318546847e+00
2.127632834633530035e+00
2.278247017020256227e+00
2.024433916245615528e+00
2.347399092312200342e+00
2.266233511541592360e+00
2.330308394883385148e+00
2.150590349801754897e+00
2.163569379575581486e+00
2.217077840799094535e+00
2.302619806888539511e+00
2.176710560603873912e+00
2.173999395813259294e+00
2.178793693362518269e+00
2.149401987173089612e+00
2.191006405891677389e+00
2.063397101103984888e+00
2.104752184915431812e+00
2.001168782761865383e+00
2.247351883285072738e+00
1.930690313445103889e+00
2.081114679152111346e+00
2.027299205313518371e+00
2.179871796877939083e+00
2.353598860388657954e+00
2.044761390896644215e+00
2.056203917034591377e+00
2.192284091369252064e+00
2.190226124785116468e+00
2.233141197473967221e+00
2.225698915090051244e+00
2.395733571896923930e+00
2.111940281453798196e+00
2.260709973997270694e+00
2.155537251217857442e+00
2.195974478862440904e+00
2.223814566459985986e+00
2.233368608270161371e+00
2.221706852929392184e+00
2.297779921347729015e+00
2.187001078313785207e+00
2.131250713584789569e+00
2.205910161163692873e+00
2.245472646867581190e+00
2.176108202051822094e+00
2.143266078351321990e+00
2.157796509954499786e+00
2.281196760092812248e+00
2.148166210330655357e+00
2.174931953822073272e+00
2.118224845342865148e+00
2.118770453992019576e+00
2.136271954565447828e+00
2.209626448933757370e+00
2.190567473001889365e+00
2.157005099260360659e+00
2.330065895372802398e+00
2.122129127472670351e+00
2.111766145976170517e+00
2.148031732077896994e+00
2.222937621153460608e+00
2.362370810533771959e+00
2.277209359172877701e+00
2.350993234137035426e+00
2.375931094168262536e+00
2.163786459437242904e+00
2.313334256779216336e+00
2.297798490735451615e+00
2.317734817430652239e+00
2.236739200644231040e+00
2.188455183456269548e+00
2.201911724932025916e+00
2.314884867551048497e+00
2.150019024312049165e+00
2.182228062934596924e+00
2.153066782585484340e+00
2.028251240323128091e+00
2.360376078385956422e+00
2.121933846241052191e+00
2.472967500755570480e+00
2.408495432134961423e+00
2.270066658254110692e+00
2.396529381398355252e+00
2.322588829452846504e+00
2.285806162446882173e+00
2.439535938788615965e+00
2.112439720489649009e+00
2.326259566392627320e+00
2.388898295073872635e+00
2.227754730297489161e+00
2.241048687466002054e+00
2.477043283074864988e+00
2.253030410611080558e+00
2.220804152468432324e+00
2.489310029229812038e+00
2.256659528570718720e+00
2.394649514970967452e+00
2.146871950156493902e+00
2.072671956829902573e+00
2.172196324932367695e+00
2.132521487689847284e+00
2.163618890936529482e+00
2.159510513492590711e+00
2.101659336284766866e+00
2.188654184930276081e+00
2.035908801209181718e+00
2.042321842741989801e+00
2.152677598742946063e+00
2.138837264076461686e+00
2.155639660478279929e+00
2.090542232239068543e+00
1.953343923040922636e+00
2.113482069508237249e+00
2.084817772045064910e+00
2.262969430528178894e+00
2.214044580156684372e+00
2.107926561425517153e+00
2.191235025446131246e+00
2.144203394156845466e+00
2.100077743625081261e+00
2.170254708734443483e+00
2.262482741804616282e+00
2.391612383590697277e+00
2.233820633937070976e+00
2.128282876701760973e+00
2.104270640435476292e+00
2.063233648649890561e+00
2.043492463482408983e+00
2.025930669701753839e+00
2.173404559307893447e+00
2.070529936307453411e+00
2.282330636015780456e+00
2.164167545200184506e+00
2.119610438183475054e+00
2.189009559684231832e+00
2.405852007192109010e+00
2.393525497841681116e+00
2.303073755823487279e+00
2.583746932503424798e+00
2.636547570798998041e+00
2.599044874100789659e+00
2.287246632892889320e+00
2.300974757338238863e+00
2.343758486670381114e+00
2.146290708891385624e+00
2.207074095406928560e+00
2.180337005694811481e+00
2.076280109043258548e+00
2.167501826309198520e+00
2.089120340088065131e+00
2.221086470873204988e+00
2.200149694070662409e+00
2.078894703351286566e+00
2.213749416902604850e+00
2.127279899370216665e+00
2.196321074569114629e+00
2.164934875858234520e+00
2.128038513929730868e+00
2.212001412337950335e+00
2.165793416533873916e+00
2.162734319725126308e+00
2.116251742942333980e+00
2.323336582422216079e+00
2.156962624908871806e+00
2.207810272505160487e+00
2.129400361195875835e+00
1.969317596454271513e+00
2.008374409478012712e+00
2.057002957279966182e+00
2.182961433053769440e+00
2.316545838063595486e+00
2.032071410511155030e+00
2.050917278090894413e+00
2.084492746111381578e+00
2.147050018137477423e+00
2.308112571372470612e+00
2.167347317562975384e+00
2.149428788327218953e+00
2.231144031949662931e+00
2.408950788175312496e+00
2.201643317447704362e+00
2.479488634719597240e+00
2.232459125884393991e+00
2.146003901525885826e+00
2.204477826287268183e+00
2.269362792939706885e+00
2.178292386638648992e+00
2.133449714968425504e+00
2.195533727824091841e+00
2.216540968080259244e+00
2.352532119387475529e+00
2.131758065833815774e+00
2.156738403852917596e+00
2.280700702510834343e+00
2.465532225125160348e+00
2.332734651059939157e+00
2.399079576216436305e+00
2.358363431106247798e+00
2.297253915366230359e+00
2.657885652698489309e+00
2.302687823895370745e+00
2.281435717057333612e+00
2.243785888861971056e+00
2.369072003305887630e+00
2.270527134936369151e+00
2.292221292825813439e+00
2.234131468968135970e+00
2.066549497890351361e+00
2.227479105190528497e+00
1.991457730193062492e+00
2.147767721389916229e+00
2.185229897445083669e+00
2.050954535228982856e+00
2.078095469251140415e+00
2.074274180257458244e+00
1.983316695895755322e+00
2.132143869895105404e+00
2.076927445352457102e+00
1.999135663472444424e+00
1.963090224124681260e+00
1.999393408515802939e+00
2.109067836305169141e+00
1.990229917257046344e+00
1.968636060300256840e+00
2.296858162277053417e+00
1.972453425452082687e+00
2.079285440999405488e+00
1.988853182316351331e+00
2.381840314982725193e+00
1.987163830914784990e+00
2.000058976660007204e+00
2.132493065135181443e+00
2.413893396682364578e+00
2.032066669137563064e+00
2.093500484134021900e+00
2.214789297766491583e+00
2.036419235023175123e+00
2.089849882342959653e+00
2.094288762499046275e+00
2.047281770915805321e+00
2.198174317142266965e+00
2.191279800478442397e+00
2.307933558675318686e+00
2.348896186640174299e+00
2.084793996084935319e+00
2.054752956834682287e+00
2.040225143229814186e+00
2.111676177083185557e+00
2.329067239512254250e+00
2.333373133580518122e+00
2.349125268042195902e+00
2.093615231236567009e+00
2.113839788458515834e+00
2.293443954716591016e+00
2.315336953779900231e+00
2.224088037985310962e+00
2.192860837010529806e+00
2.185753037479823746e+00
2.168149904316482690e+00
2.114697570190636089e+00
2.074960408109252530e+00
2.021828834668164099e+00
2.105390817048987451e+00
1.971552229800731082e+00
2.187845622661886313e+00
1.979209855374643778e+00
2.046140234781266276e+00
2.072472097033046801e+00
1.996456673089185729e+00
2.294119473780009688e+00
1.978817647862644691e+00
2.263271461453487898e+00
2.077244437656934117e+00
2.167025830863699820e+00
2.104795963862446495e+00
2.138503534683406482e+00
2.184501534320872462e+00
2.128958225997381160e+00
2.217137208720363795e+00
2.189182471676928810e+00
2.292732533351923507e+00
2.240140467192554219e+00
2.200392918320447588e+00
2.354272097385726958e+00
2.118476920405123920e+00
2.253024762960187388e+00
2.227902497589439257e+00
2.278063569489590101e+00
2.210518412020062495e+00
2.170710557343174418e+00
2.222892722250935815e+00
2.217811327079450390e+00
2.262823173427880086e+00
2.094306963056743687e+00
2.096044442625150772e+00
2.187354628010039548e+00
2.131045802632605568e+00
2.164201732170121684e+00
2.131503536011893463e+00
2.239263763679123276e+00
2.199172649723333262e+00
2.053248891195182946e+00
2.081349915866123279e+00
2.109531221300796844e+00
2.182634054275556679e+00
2.150261388786302241e+00
2.359044056297418646e+00
2.121030234345183452e+00
2.450270530777989730e+00
2.059036280598910196e+00
2.167036771722591570e+00
2.199494035827815441e+00
2.274040852539568114e+00
2.195217842273522901e+00
2.383087967813470875e+00
2.344840416408870087e+00
2.289513038423390601e+00
2.252495551332880375e+00
2.307041771440790701e+00
2.341498353150148315e+00
2.386620773097849479e+00
2.232886993515564633e+00
2.224137638857142552e+00
2.165125903841961019e+00
2.063371672953148828e+00
2.108156313846735408e+00
2.187775765878356538e+00
2.266281540896713409e+00
2.175723340382212267e+00
2.211204771964256910e+00
2.244491479855681870e+00
2.178757668507507184e+00
2.221426555597474817e+00
2.170321023492482571e+00
2.349169261409669751e+00
2.381719951086737286e+00
2.172446588719185723e+00
2.142623098126605008e+00
2.319851101524852854e+00
2.262139363808287840e+00
2.330001067837256024e+00
2.245456152914020009e+00
2.070292109542164916e+00
2.487205249244124783e+00
2.299473671291155874e+00
2.238762320488046687e+00
2.359702648447735918e+00
2.216499951585722883e+00
2.203435251445590382e+00
2.253528290342550644e+00
2.360995060020702585e+00
2.287097085769035587e+00
2.204292582968705005e+00
2.389424821248497643e+00
2.367978644098643226e+00
2.459946285044731784e+00
2.018404365950062118e+00
2.005993574294727466e+00
1.968450144038822680e+00
2.053293935919839441e+00
2.016892560927654898e+00
2.094510616879021736e+00
2.194501922115866144e+00
2.090504960916057531e+00
2.095034623058308121e+00
2.010319118241628900e+00
1.973646894741975633e+00
2.128384646581330752e+00
2.112521732908312799e+00
2.069339834895871810e+00
2.034735436831939914e+00
2.084437771406298712e+00
2.010712525119123573e+00
2.307220416206068325e+00
2.198581464151745823e+00
2.205916353199103508e+00
2.161489165841131044e+00
2.170466806725346309e+00
2.195015971511200092e+00
2.134762208187605648e+00
2.206699756776832722e+00
2.211301199033945952e+00
2.001791430682376305e+00
2.165873702981116811e+00
2.100277815644936208e+00
2.034525460753370485e+00
2.148524070767782401e+00
2.229406033194723413e+00
2.062790878514374260e+00
2.042737153887172141e+00
2.031762592905680176e+00
2.387281708155421622e+00
2.061709090960548885e+00
2.174492336782881896e+00
2.196575347085574226e+00
2.313784399916634538e+00
2.088720108365060391e+00
2.165694759637311062e+00
2.140984009970656743e+00
2.283908669079075970e+00
2.348986553767196117e+00
2.344175000974439094e+00
2.327979250423385604e+00
2.356867182596344534e+00
2.432529469613690321e+00
2.629244230327403287e+00
2.626006422844912258e+00
2.377839370053384638e+00
2.282098153301044263e+00
2.305670459958212515e+00
2.387849458087004439e+00
2.032163951347975672e+00
2.129543115974525058e+00
2.055004038559549162e+00
2.198685968600320173e+00
2.061509954851732829e+00
2.136311164278946961e+00
2.112509656972612060e+00
2.122677769270980175e+00
2.113364074943608450e+00
2.128934400637775060e+00
2.071017294701291256e+00
2.087655165808085744e+00
2.122934975197441787e+00
2.109850082596187004e+00
2.086837771976242539e+00
2.100713410402931469e+00
2.089692428096788568e+00
2.131893652565116426e+00
2.032620545654113098e+00
1.942001315626264546e+00
2.065625114553689912e+00
2.136380025170638408e+00
2.032365861665881734e+00
2.234377952688618940e+00
2.103276216090183670e+00
2.184487987154488664e+00
2.225392456886909454e+00
2.184391831286825347e+00
2.310833013722125351e+00
2.253818331133609743e+00
2.256753656679097553e+00
2.278863487042806835e+00
2.172685915701171311e+00
2.329831905418998428e+00
2.173695311961320265e+00
2.194985942168930837e+00
2.395966737259573431e+00
2.407764154340095164e+00
2.396680747010663914e+00
2.576359658438467815e+00
2.257694498995054921e+00
2.243716703232578435e+00
2.337642928629124039e+00
2.204247684086469317e+00
2.204149133305787878e+00
2.216979498158865525e+00
2.308412264860065122e+00
2.233316904603985353e+00
