1.785117866451877422e+00
1.749939858300191275e+00
1.779925187816805643e+00
1.610479529046667357e+00
1.385454505063262953e+00
1.954946632805290907e+00
1.380693044763706023e+00
2.107803117092752920e+00
1.646061884247305818e+00
1.789981471384712863e+00
2.201720873275951007e+00
1.675179954892671352e+00
1.878074140456708285e+00
1.901867437084991730e+00
1.733941713880605251e+00
1.950983439531637886e+00
2.099005666728738007e+00
2.049380718304612881e+00
1.899990795384580045e+00
1.970852409890028412e+00
2.061943104107650360e+00
2.164584790832891237e+00
1.893685171738443085e+00
1.939382692744548331e+00
1.994953367912648101e+00
2.127517787937720062e+00
2.104535418592201612e+00
2.155488234745475573e+00
2.162559286048423512e+00
2.067930497388172917e+00
1.744194472540900431e+00
1.970523726805538223e+00
2.065374223451151625e+00
1.906320512763808095e+00
1.894033379264771666e+00
1.952945303664687327e+00
2.198314418437651074e+00
2.110108714500852134e+00
2.366639763525777873e+00
2.181300234775582325e+00
2.201433608196792679e+00
2.220062909637253945e+00
2.179553648133760291e+00
1.966725987335188108e+00
1.969167100376792767e+00
2.000703989964535801e+00
2.301599738216282720e+00
2.032853187308406362e+00
2.150641236105687248e+00
2.204047283030571514e+00
2.165987788177518691e+00
2.292866224832406541e+00
2.136576823916845225e+00
2.216389141114819772e+00
1.835282999097985757e+00
1.841815546358899880e+00
1.648536675674230345e+00
1.654993094031941725e+00
1.621995922794393863e+00
1.656473216679064109e+00
2.082966641048278778e+00
2.118566412958527767e+00
1.981687595724688888e+00
1.866980332060658387e+00
1.719656669101462754e+00
1.952477051580201239e+00
2.033780667691962307e+00
2.086586795264925964e+00
2.201138606134085407e+00
2.288237704943318906e+00
2.260912256250469987e+00
2.250245263956705433e+00
2.249843427754723901e+00
1.792406843792183180e+00
1.874235316304530441e+00
1.879480485335111473e+00
1.875249811146035173e+00
1.854583512886435859e+00
1.947648515473984210e+00
2.092497189519362255e+00
1.894600441695349469e+00
2.144326194394489793e+00
1.991891180215772161e+00
1.883289830500665563e+00
1.824904576321025429e+00
1.965612063715722391e+00
2.140648183171268926e+00
2.065600843776814077e+00
2.053053704749409736e+00
2.141505444016468918e+00
2.115488473851916407e+00
2.165446585944247548e+00
2.309380575250564949e+00
2.190188000799873080e+00
2.240428246747764085e+00
2.210766996541949858e+00
2.161283292357579544e+00
2.119252789709688223e+00
2.203755137534121555e+00
1.739848811214021573e+00
1.818298768835667545e+00
1.840333191428931370e+00
1.812754412949124871e+00
1.735938888603641095e+00
1.796449143583955577e+00
1.832930702792644695e+00
2.033904445546048212e+00
1.849345987904533972e+00
1.733478000192973489e+00
1.951662525946919802e+00
1.934002560573083063e+00
1.890977498510777233e+00
1.821312507526644087e+00
1.996064863210384566e+00
2.103746235707107726e+00
1.987460161106262779e+00
1.976161864910387145e+00
2.107460279759723054e+00
1.944440027287393402e+00
1.956895741293659619e+00
1.923328045172922218e+00
2.005599833939924359e+00
2.103335717027897900e+00
1.985614844440347193e+00
2.125533237587091229e+00
2.131014536935562642e+00
1.930618182882051226e+00
2.055719373448812171e+00
2.107699152496151918e+00
2.051845225111258220e+00
2.134065949088029157e+00
2.079965555605907568e+00
2.129099232397100749e+00
1.990075149656202358e+00
1.884012800841265323e+00
2.006580652979987001e+00
1.950914540067493652e+00
2.055372635250594104e+00
1.932165420153426627e+00
2.269888471698007670e+00
2.051155977739277603e+00
2.237480268112075343e+00
2.318187687303071343e+00
2.230737285348033616e+00
2.184661887279795600e+00
2.195565733998185998e+00
2.283925323964894449e+00
1.944003607559197322e+00
1.916614354746267068e+00
2.119952495796110892e+00
2.157655714126987867e+00
1.904598725424563321e+00
2.096450726872905346e+00
1.934886834629727437e+00
2.257782599691173786e+00
2.226327479171812396e+00
2.161132379267695303e+00
2.253533804931394435e+00
1.908445932910486587e+00
1.946939348220730004e+00
1.944542597597362477e+00
1.789256068817243417e+00
1.835769546731457647e+00
1.751359730004874660e+00
2.176017708041966259e+00
2.129026172778389903e+00
2.205565982142048576e+00
2.041723449330465012e+00
1.988205585686900978e+00
1.888893456087468836e+00
2.019976581473380772e+00
2.050940273285150273e+00
2.230241329195826516e+00
2.084709938228538562e+00
2.100826553453778445e+00
2.307044543331059572e+00
2.161637670646974208e+00
2.300852660903241809e+00
2.361346782264005295e+00
2.155977192937080122e+00
2.256189901540938791e+00
2.114197573671415142e+00
2.029551446891231681e+00
2.236226398307002317e+00
1.868929673377577094e+00
1.982810594110173685e+00
1.829878487902371731e+00
1.863476584729953034e+00
1.813107984754180224e+00
2.099877786725739881e+00
1.889725738984779468e+00
1.993797941539694918e+00
2.054531003181798710e+00
2.086221411898908862e+00
2.186209061633600292e+00
2.149539744372598982e+00
2.162040798060444136e+00
2.194441902948482070e+00
2.324341412545675833e+00
2.226095822012607250e+00
