1.639675893212794833e+00
1.562062761340984540e+00
1.496674230837858888e+00
1.564111864791300377e+00
1.504169976359710503e+00
1.528184471291584190e+00
1.622868207290104836e+00
1.773147899177308862e+00
1.740488271141437115e+00
1.779163030982059635e+00
1.622974023908167363e+00
1.667448692168217228e+00
1.815844017910370312e+00
1.842054814044442379e+00
1.933973592395787922e+00
1.662569961834951204e+00
1.630035153626490541e+00
1.922713391338717104e+00
1.555742564275539586e+00
1.908644297122501499e+00
1.759640296963532524e+00
2.106523937556751935e+00
1.972586591266471956e+00
1.618989449829302263e+00
2.014354051325122796e+00
1.951227433227726404e+00
1.916099864130679897e+00
2.088983045491750179e+00
1.699771184936809787e+00
2.081476521068613472e+00
1.752340835651533979e+00
1.745123690704785346e+00
1.793148320194070777e+00
1.707542297218361371e+00
2.017523285282321943e+00
1.868000159236924196e+00
1.960267635075858994e+00
1.475415461815167362e+00
1.443059547157541367e+00
1.524784899409535877e+00
1.771852148240808500e+00
1.728952762533704890e+00
1.911047111156984668e+00
1.739610519837974767e+00
1.817646961783551562e+00
2.040896487610008414e+00
2.011025698253765093e+00
2.040330495804926869e+00
1.801319210196719478e+00
1.730402272675694464e+00
1.808928363543886864e+00
1.507400720757233969e+00
1.670810218223295784e+00
1.488637983827971079e+00
1.471730038127179840e+00
1.650799205644106316e+00
1.683619749930231890e+00
1.612017942168173512e+00
1.637785474788334694e+00
1.605740136823372799e+00
1.663469903279652273e+00
1.636875799371964035e+00
1.774799740118066183e+00
1.777236115260638405e+00
1.713835560338543784e+00
1.914569010264705717e+00
1.734849355600178944e+00
1.594343075198026982e+00
1.750753393871010477e+00
1.921719707745150219e+00
1.981668255115351052e+00
2.022266838813543188e+00
2.005511835991639735e+00
1.437810911967498440e+00
1.539917543625116680e+00
2.038831012361439488e+00
1.801504270019438358e+00
2.072487156343552961e+00
1.857391051178133523e+00
1.737894085800469002e+00
1.700383491059079155e+00
1.836641035042403614e+00
1.778245479745481195e+00
1.809963476277874905e+00
1.868130845245227878e+00
2.052608231772138581e+00
1.887305044656790276e+00
2.070966311287696815e+00
2.004036175998894276e+00
1.587052328840237170e+00
1.682176995748407622e+00
1.645362364195711358e+00
1.462577508403843263e+00
1.713860949151020163e+00
1.708425219382111448e+00
1.812679302823118288e+00
2.011290068092889793e+00
1.992977130250873197e+00
1.776603870355752068e+00
1.790101197517246279e+00
