2.124752904354383354e+00
2.080531844562659050e+00
2.179369709270477795e+00
2.077831973144083744e+00
2.137350439055197615e+00
2.057521817774060846e+00
2.108851158972879336e+00
2.316854514811750754e+00
1.969230375708149960e+00
2.137770397894082297e+00
2.028080450728679374e+00
1.954791690539544158e+00
2.055274723801759684e+00
2.173939057238010175e+00
1.987461637780423507e+00
2.052544507464810319e+00
2.130850825294694939e+00
1.973197103660974561e+00
2.313155716316544819e+00
1.935051890871780422e+00
2.086774874418279246e+00
2.132480947930305515e+00
2.566743443493933796e+00
2.341214132545267557e+00
2.115109246979320012e+00
2.278337407629863254e+00
2.130154037911065057e+00
2.091144466575969307e+00
2.449881743597033257e+00
2.129387640182610397e+00
2.316596218452946498e+00
2.437344060399754042e+00
2.221018241929006987e+00
2.284804771728947248e+00
2.409716359526012042e+00
2.419141783982514227e+00
2.486742838360322061e+00
2.490897299837092849e+00
2.390704687305563070e+00
2.067841550145104179e+00
2.118562568609587693e+00
2.231216387593330186e+00
2.157092874831910922e+00
2.307853059748696811e+00
2.049380009892288079e+00
2.406538023774829504e+00
2.355961692388734097e+00
2.238589891638992579e+00
2.280890719734327998e+00
2.196742331120139280e+00
2.267262021112073089e+00
2.272571750742925722e+00
2.196811695561577960e+00
2.192234466452126274e+00
2.232676407163113996e+00
2.214073243000229674e+00
2.236406814535768284e+00
2.161574287131554417e+00
2.162772189783328525e+00
2.116191394009850679e+00
2.310331779690355081e+00
2.020725416234468330e+00
2.326202018704423669e+00
2.097991995139309118e+00
2.364952980661356730e+00
2.412490927842452670e+00
2.148604659362685965e+00
2.119377501086969762e+00
2.284169229425700554e+00
2.430172625659377417e+00
2.344925447535870511e+00
2.338519616803256262e+00
2.541875357646016909e+00
2.201766544242403700e+00
2.405957192267067057e+00
2.253966276973585980e+00
2.269086545566751489e+00
2.332737065103224428e+00
2.488661602665089845e+00
2.229027694552833783e+00
2.404156406730368012e+00
2.303435296794447140e+00
2.258077941272918832e+00
2.325966500023415762e+00
2.261510865423863592e+00
2.224696841140552550e+00
2.160458100969454343e+00
2.213758301107679127e+00
2.426656090807008503e+00
2.425541699117933714e+00
2.250171732715746220e+00
2.279566477857073004e+00
2.315691173206922748e+00
2.186265346523332376e+00
2.269558442879091587e+00
2.223360125672220189e+00
2.330024752163340374e+00
2.341137913960679828e+00
2.367935670473372944e+00
2.199525194838939157e+00
2.408689058876501754e+00
2.382512451560603317e+00
2.484317082060817139e+00
2.603527700738335504e+00
2.548124257662300884e+00
2.447931429952785898e+00
2.438252032670732206e+00
2.431539626363306006e+00
2.343307697055128092e+00
2.484509767839462313e+00
2.463924298302570648e+00
2.278596530779443796e+00
2.303281535877314656e+00
2.311261900022363314e+00
2.273170272887635512e+00
2.373375754513045610e+00
2.278721018125800857e+00
2.047148535648821710e+00
2.491780933104748019e+00
2.299361337689335372e+00
2.586009093606051135e+00
2.480735334147429416e+00
2.358453041471126443e+00
2.382110029792386285e+00
2.479171146759781674e+00
2.378667654490024486e+00
2.594767127821373531e+00
2.245410507753718310e+00
2.537870213337174885e+00
2.485265890757250240e+00
2.310730595279180122e+00
2.442361318778709656e+00
2.514883015759314500e+00
2.363942639253991285e+00
2.336659964447515225e+00
2.515697391285071749e+00
2.505302374960212131e+00
2.517070156796190172e+00
2.191826590627877991e+00
2.218206002944008493e+00
2.154550066386342166e+00
2.134575958553364572e+00
2.079084389526464349e+00
2.237881660949833318e+00
2.040733995015477475e+00
2.145507472795596282e+00
1.986328465161706580e+00
1.990849150018368929e+00
2.175357563763429258e+00
2.216358982198806782e+00
2.217907107778290143e+00
2.010289160189862034e+00
1.999485909696824493e+00
2.141983857356035692e+00
2.358390051601443105e+00
2.512812485459219758e+00
2.497644119024793774e+00
2.356445151759120282e+00
2.320806094244409312e+00
2.224990748889373648e+00
2.361518874763388620e+00
2.287557896287977677e+00
2.288017903226638339e+00
2.533016192408829692e+00
2.521860696747598496e+00
2.192864027761068257e+00
2.252696841831059782e+00
2.287308596947821293e+00
2.408406898010920116e+00
2.319208099338266216e+00
2.581659767544548068e+00
2.338972158928060985e+00
2.441702156247346878e+00
2.488785885242330576e+00
2.351116935400348940e+00
2.374721505828545354e+00
2.481657128252064748e+00
2.488378475187446703e+00
2.443088696405227189e+00
2.656505973096741524e+00
2.607798511993910218e+00
2.623038898206997427e+00
2.480260941220808313e+00
2.519243730779137991e+00
2.541548966232709983e+00
2.252638434952369373e+00
2.337407351445548898e+00
2.256198607663901790e+00
2.058606243138699554e+00
2.259379109296067778e+00
2.044662103096635875e+00
2.310624136609269019e+00
2.249429192359669649e+00
2.129627060974376818e+00
2.368546952225917490e+00
2.262349606615094100e+00
2.383219029225591701e+00
2.298237530483481450e+00
2.410260737990621127e+00
2.394020602833385247e+00
2.333169572020738602e+00
2.504763527100353215e+00
2.362560884222978608e+00
2.401441517224260913e+00
2.428306049391694366e+00
2.430395815213993949e+00
2.289581338647533659e+00
2.068359789281323025e+00
2.213641065876140512e+00
2.190747340126009135e+00
2.138878788353741900e+00
2.181302115871031511e+00
2.231452834224279869e+00
2.197741599072834617e+00
2.233526253410211826e+00
2.350498420942354727e+00
2.379612905021899927e+00
2.214367572445172350e+00
2.278837361440297471e+00
2.553207657452803314e+00
2.384061011061569424e+00
2.259407566873318896e+00
2.538954267033361134e+00
2.272222675690033888e+00
2.240132344791863073e+00
2.325433347016124586e+00
2.432417725137526077e+00
2.295979343412523299e+00
2.322651336672222566e+00
2.367060607308719700e+00
2.550226481648188770e+00
2.497703353483486044e+00
2.423495311440911237e+00
2.338879376221926876e+00
2.498731621124609337e+00
2.608864593052552028e+00
2.438649046645236851e+00
2.615024591355257666e+00
2.432149748458875216e+00
2.469378076997306604e+00
2.672860149831608467e+00
2.407145119522368759e+00
2.429677004574022803e+00
2.370168682964596041e+00
2.397024075479195826e+00
2.454636410677179637e+00
2.459148437145397548e+00
2.393898124716895559e+00
2.063718309507279525e+00
2.123440581744776789e+00
1.961955514156907832e+00
2.150944552967328782e+00
2.078231498566024182e+00
2.156818330278743812e+00
2.054688665598135344e+00
2.030729533498159878e+00
2.054089444157851219e+00
2.024208807872899474e+00
2.170030106878056753e+00
2.026954765465662334e+00
1.955842952082695874e+00
1.962749305790819632e+00
2.266544415397204748e+00
2.059204350132445072e+00
1.967910739278120102e+00
2.180603602120213313e+00
1.959862509634723082e+00
2.144649083311970461e+00
2.050559920530233615e+00
2.676702856399084229e+00
2.089873718542242020e+00
2.097809769571598704e+00
2.394884041076553505e+00
2.283906540310573607e+00
2.098536764462875848e+00
2.216858688383182674e+00
2.426205743275934967e+00
2.118438728797965354e+00
2.281401880423524986e+00
2.213600934174936974e+00
2.200954360241761609e+00
2.390206126510667328e+00
2.414823278415689778e+00
2.457323939401111268e+00
2.390653957605302082e+00
2.256770156029465735e+00
2.209022284357320842e+00
2.195130403084115223e+00
2.310434909825588967e+00
2.458117808663996762e+00
2.435984090236258837e+00
2.339902246767971317e+00
2.120320080545236241e+00
2.318150551316123131e+00
2.303575473594125178e+00
2.338257192733597112e+00
2.231903025782829175e+00
2.232446607695640406e+00
2.249214505853992740e+00
2.244234404546948447e+00
2.245797421658954462e+00
2.171423307920732793e+00
2.080152977789681668e+00
2.163433803460532712e+00
2.184831823603333056e+00
2.367504609229790447e+00
2.088694086303418906e+00
2.133985140635887845e+00
2.276583411946323299e+00
2.063110815033796008e+00
2.482395014923281629e+00
2.079086466834044966e+00
2.410606027653774408e+00
2.161151578605864376e+00
2.314131090220032494e+00
2.288553427580052535e+00
2.056424923628890955e+00
2.347611058865203937e+00
2.283251744391565641e+00
2.353941597147703568e+00
2.314462890904420256e+00
2.532255806765476347e+00
2.279754150836751592e+00
2.281430335452287128e+00
2.419759591192669035e+00
2.165350639419770129e+00
2.218613719508009119e+00
2.333389642293495658e+00
2.456560389304760061e+00
2.299247323913647278e+00
2.282966041480877006e+00
2.232764305300544372e+00
2.230310137248866287e+00
2.129231382124829430e+00
2.170509698534685672e+00
2.231762250616633914e+00
2.427923247652340688e+00
2.241169295689970031e+00
2.505156288562949918e+00
2.342947580244699068e+00
2.287044046933435215e+00
2.343832676057941544e+00
2.266296737048047572e+00
2.105517489954551902e+00
2.156991776358532675e+00
2.242940934446975287e+00
2.172932327326043467e+00
2.342412758445344689e+00
2.340068589268400334e+00
2.508090517954597143e+00
2.150717468564414148e+00
2.260009414602187849e+00
2.354391125435540300e+00
2.516041529951507982e+00
2.524915600107293656e+00
2.491694731947911468e+00
2.610832243733601121e+00
2.443292688380519717e+00
2.430447844889689346e+00
2.362020763409238278e+00
2.391408521120176989e+00
2.341301435235787931e+00
2.369787538479734224e+00
2.310243399935845598e+00
2.275840317890512665e+00
2.225185285913086286e+00
2.212821314315306598e+00
2.268537054178982437e+00
2.387608458007990819e+00
2.444166304346217622e+00
2.362152056269172462e+00
2.497812777350262969e+00
2.476339148102689069e+00
2.344904523153882092e+00
2.297098905082024523e+00
2.389248780207485989e+00
2.620646375151131302e+00
2.270030841326209359e+00
2.364973762140164748e+00
2.447617666223332655e+00
2.442684416834389083e+00
2.536307725611012476e+00
2.377297302737692686e+00
2.342040881100195815e+00
2.629995573237783546e+00
2.449391607837341667e+00
2.421426389673486224e+00
2.545210270651851570e+00
2.318064250771045387e+00
2.372655669670864498e+00
2.348110806771168679e+00
2.485221447872614675e+00
2.449208468924750637e+00
2.342775897845816413e+00
2.572754749956508213e+00
2.570720981909444092e+00
2.501334011300590632e+00
2.079798939411673153e+00
2.119097913651515785e+00
2.091711118964167504e+00
2.186144330939635338e+00
2.031378048483790444e+00
2.234092441872302715e+00
2.195507143437977593e+00
2.175350821185558114e+00
2.001528594551765572e+00
1.855071372484010439e+00
1.968552799043501889e+00
2.130944363457354829e+00
2.174333969639186126e+00
2.072413814760714956e+00
2.095436313384898330e+00
1.992794563600682745e+00
2.018258405857324966e+00
2.413585931753479574e+00
2.325758598027249047e+00
2.400608134808535077e+00
2.251447649602906775e+00
2.167307453290307162e+00
2.417341429217591209e+00
2.303185414258197561e+00
2.304582129084211672e+00
2.320886138028556811e+00
2.129113509914609015e+00
2.296333189614278680e+00
2.276967146680934473e+00
2.309893678156671459e+00
2.272623372606574321e+00
2.495500833194373325e+00
2.515097697632323381e+00
2.321829620929046545e+00
2.218889682733732105e+00
2.477573391526456170e+00
2.277974959578447312e+00
2.611735507775954090e+00
2.253026713767738443e+00
2.381208591828484877e+00
2.450538665593886112e+00
2.518153623012722164e+00
2.361458436023635699e+00
2.438948934587069406e+00
2.558088652851543632e+00
2.431642598717599135e+00
2.529097442462113321e+00
2.521525235431939738e+00
2.544519313499439939e+00
2.651962776222414497e+00
2.693088816099205030e+00
2.487203655341860831e+00
2.462687670057314371e+00
2.468659077219880427e+00
2.536049374637554088e+00
2.128060855619311464e+00
2.350516275165893898e+00
2.183529784721294220e+00
2.206304659805552237e+00
2.254954608771142954e+00
2.281520487819537646e+00
2.418483511811485798e+00
2.439455091588620839e+00
2.186325566714622415e+00
2.257756045865586536e+00
2.075573198511988959e+00
2.176378860294883477e+00
2.276300935752978205e+00
2.204808811056221618e+00
2.208412941121856488e+00
2.259425196407506942e+00
2.123084072839109826e+00
2.184006333562301894e+00
2.170119726796479576e+00
2.087150509608415305e+00
2.239716206198873127e+00
2.379363151181895564e+00
2.078296831228870545e+00
2.210997186609650722e+00
2.145503950505033508e+00
2.225400030141550634e+00
2.292933010978431607e+00
2.197262095577175334e+00
2.442356930051837960e+00
2.287303023990343132e+00
2.387592113091040247e+00
2.347802507251021797e+00
2.264927267387394139e+00
2.461154908191526047e+00
2.401859573831281569e+00
2.338094513537452457e+00
2.595014320137863262e+00
2.684863717042141218e+00
2.638272699085677075e+00
2.607348882523951250e+00
2.454836229042307583e+00
2.512155525844614434e+00
2.457059750838899159e+00
2.328229165436177528e+00
2.354063024695330686e+00
2.470353364039719501e+00
2.462793438180736594e+00
2.422846958404229589e+00
