2.069017866900578095e+00
2.027972665258453766e+00
2.106822271337227104e+00
2.117590834647268938e+00
2.099559709210477187e+00
2.086222405686106729e+00
2.033058160584759744e+00
2.424890106448055249e+00
1.990376571497391778e+00
1.927216854363719811e+00
2.046658302576140454e+00
2.020573132827184093e+00
2.056760309188499836e+00
2.176308322939593420e+00
2.038617916864411406e+00
1.993996247627691787e+00
2.355987939114528640e+00
2.099211708521482755e+00
2.498105632271953702e+00
2.029871301165559583e+00
2.079187102301826684e+00
2.155244179054660147e+00
2.523974505891457554e+00
2.579548394615976736e+00
2.101935696411429522e+00
2.381999423955505346e+00
2.240473733373824050e+00
2.124340115447286070e+00
2.504326754297149460e+00
2.149192133329882015e+00
2.330949698317672514e+00
2.487325114794491476e+00
2.168028724951858610e+00
2.249592591568761346e+00
2.374898991329457587e+00
2.418457492141729670e+00
2.476448543096777311e+00
2.533735341228341209e+00
2.486815857875171787e+00
2.046077420656572166e+00
1.987303371421146325e+00
2.457898797616445474e+00
2.114832232895319297e+00
2.514827662416430520e+00
2.012294731204512299e+00
2.415599168493546500e+00
2.226749971902053815e+00
2.420238411617928964e+00
2.298883035438452627e+00
2.200355267767841294e+00
2.338472049904074979e+00
2.301678771293915293e+00
2.332298237827101772e+00
2.169528975690770967e+00
2.193788426022453830e+00
2.206904152902328331e+00
2.273644816572227612e+00
2.097669610349254921e+00
2.160076384897655632e+00
2.167322677344308612e+00
2.439655748608650754e+00
2.063810924291407112e+00
2.175207950542398017e+00
2.133911154525126808e+00
2.271041574477610236e+00
2.381741101468889177e+00
2.195050485044311550e+00
2.048834796186325580e+00
2.067983365884823677e+00
2.258749437741668586e+00
2.220308424710596196e+00
2.347348540592160138e+00
2.391003675528114769e+00
2.224358414842515952e+00
2.236967651486353237e+00
2.275738431521143301e+00
2.130196469146579119e+00
2.273547470504189150e+00
2.387850898020398738e+00
2.330897342072444367e+00
2.326520253107496217e+00
2.356627776027369059e+00
2.056243263254871945e+00
2.305288777672942047e+00
2.311485509712475572e+00
2.197111837711197779e+00
2.183582065350611057e+00
2.329908825767653013e+00
2.602749108015789403e+00
2.541085602988442105e+00
2.410141110255348718e+00
2.331730773298711146e+00
2.213320476299375450e+00
2.170919549663742121e+00
2.146160286759144942e+00
2.425461920845324304e+00
2.384860728843102962e+00
2.611498347100771333e+00
2.197161080881210982e+00
2.205512775836545369e+00
2.326254929136358118e+00
2.431887364107863547e+00
2.495344373284936967e+00
2.500178900369319113e+00
2.405856576889307874e+00
2.341605009651804625e+00
2.362917822630490328e+00
2.253056536389519859e+00
2.351099646387013298e+00
2.428571233941495322e+00
2.451084089045035164e+00
2.321722478087326458e+00
2.416723837771982630e+00
2.354588936173611202e+00
2.297482225418217006e+00
2.375850307996984601e+00
2.364700822817329406e+00
2.014332237129463632e+00
2.464925868672668496e+00
2.214143249361299581e+00
2.754384866108455565e+00
2.524867661825099585e+00
2.312530912689414908e+00
2.353537316733705698e+00
2.311815587446100828e+00
2.356148783716547346e+00
2.524828801973708181e+00
2.495403824711249996e+00
2.501464149360583811e+00
2.497147104844053889e+00
2.306496892226374218e+00
2.427835436427170812e+00
2.519200001944018386e+00
2.326056484791341639e+00
2.142960391182840318e+00
2.398898150634139803e+00
2.349058314140520132e+00
2.452040938973893081e+00
2.109272280411843781e+00
2.135735842983518484e+00
2.035173468387712070e+00
2.013689151127874943e+00
2.276889629585885810e+00
2.153675562218203776e+00
1.998638783466468283e+00
1.995977159941811685e+00
1.921455500433662422e+00
2.092365784019401431e+00
2.147434901747043323e+00
2.238680667919153766e+00
2.167920128369700272e+00
1.810492792465385525e+00
1.937407189969896804e+00
2.129748404849591381e+00
2.428920096551915098e+00
2.375726269244409661e+00
2.438215734412593427e+00
2.219372365549424408e+00
2.432456580669112078e+00
2.273072229371419173e+00
2.230974523276390453e+00
2.260872735888015406e+00
2.616222965632622355e+00
2.471524532391387474e+00
2.413452428026788610e+00
2.090936432588478500e+00
2.363488950099934982e+00
2.362403258566584618e+00
2.359836046138555243e+00
2.403182564396147747e+00
2.558494687479043517e+00
2.354341870149916360e+00
2.449056645308436142e+00
2.459211823005421405e+00
2.305220490698864921e+00
2.293150647807345344e+00
2.563620037887492931e+00
2.614590286645916084e+00
2.468336495193828917e+00
2.571398854008706270e+00
2.671911077094854203e+00
2.580450591444451103e+00
2.232133993169793662e+00
2.334232217517796748e+00
2.383678923795491844e+00
2.184690494387162119e+00
2.412968108238809695e+00
2.470114677929291513e+00
2.058859164573374922e+00
2.314396293592886344e+00
2.032220032345336769e+00
2.466237286970954568e+00
2.340728551975285843e+00
2.098838309683104697e+00
2.352630555871234819e+00
2.127658229357894726e+00
2.233988977709807422e+00
2.227546712720079203e+00
2.416006854160119399e+00
2.330728491502938926e+00
2.388938555879452252e+00
2.506691993189030132e+00
2.367499283784185060e+00
2.398878922131717051e+00
2.484067695999854664e+00
2.467032471080720768e+00
2.282570733121167539e+00
1.969831331276250985e+00
2.201295605259453669e+00
2.004856349633822088e+00
2.080919232577824296e+00
2.260374389918864413e+00
2.216498102534491643e+00
2.162445710827675338e+00
2.340790979419322682e+00
2.378784064483569605e+00
2.349203128762427095e+00
2.162406085073276252e+00
2.182962507813364983e+00
2.480689191250797343e+00
2.436417367334061002e+00
2.189749851236173495e+00
2.514270823672263511e+00
2.202254446263134380e+00
2.286717619406373192e+00
2.316398139826632896e+00
2.221455135036928041e+00
2.352752184630371612e+00
2.398340570626010582e+00
2.289941202081234195e+00
2.505587590730253389e+00
2.530976815844124594e+00
2.404105048466663508e+00
2.278016283908529616e+00
2.363304323353247582e+00
2.490770104597728185e+00
2.564657437467242396e+00
2.691020211435549925e+00
2.545488177634409599e+00
2.492942317361855675e+00
2.784284384396301881e+00
2.494088424074246912e+00
2.459791864827356900e+00
2.377932237717220953e+00
2.422876192066143020e+00
2.352043869695110700e+00
2.487618577177832968e+00
2.393014351945197848e+00
1.736112009520976995e+00
2.211533292170239751e+00
1.899036192133833456e+00
2.110518001748858730e+00
2.080652169000107854e+00
2.220622341346475626e+00
2.059052883697962244e+00
2.117183831480631273e+00
2.117914679597832972e+00
2.076659361046373942e+00
2.204509857807856577e+00
2.034042492459080087e+00
2.078200180585989543e+00
2.070397979351462414e+00
2.324228426984547013e+00
2.122534986804331503e+00
2.012734079800313935e+00
2.243921279599327523e+00
2.030880664534029822e+00
2.203814985741998189e+00
2.114184125597361685e+00
2.688818834666253377e+00
2.118654304298114521e+00
2.171898506218813196e+00
2.376899800589960865e+00
2.366695824522304203e+00
2.158195763261158362e+00
2.244497995924980227e+00
2.437247560872042751e+00
2.200993582258598202e+00
2.313742191890551414e+00
2.278313760361861728e+00
2.265307123198210704e+00
2.478098050549634834e+00
2.500433206666200281e+00
2.485101562650004148e+00
2.511650745771738524e+00
2.194361764828026917e+00
2.090894622788338264e+00
2.167972154952159780e+00
2.266019447997097203e+00
2.584690333767920123e+00
2.412047988475305438e+00
2.422808843989202821e+00
2.304623714490668274e+00
2.263149592200268678e+00
2.317153349819720543e+00
2.288074895781277096e+00
2.245030810755212158e+00
2.190840584456698270e+00
2.190132685540930435e+00
2.191700643716868679e+00
2.227628411561452637e+00
2.153603261763093801e+00
2.061884058397196018e+00
2.179469352938308457e+00
2.120312038731506199e+00
2.408223561979800031e+00
2.134691215208492032e+00
2.160940981820031137e+00
2.327643370248814403e+00
2.110831156013436516e+00
2.447211205047008065e+00
2.034516504987705865e+00
2.273259191484486408e+00
2.159157238621127739e+00
2.230401164577531681e+00
2.236264030384399693e+00
2.031968200340451780e+00
2.318404645802840669e+00
2.066424076056609493e+00
2.305638348957170791e+00
2.234545167398115595e+00
2.260628034660911556e+00
2.155403329016341907e+00
2.222429756900619946e+00
2.341372927355941602e+00
2.111174144209984505e+00
2.143573391332881606e+00
2.248600247010334563e+00
2.399264553750907858e+00
2.273731646130277007e+00
2.181757111639090141e+00
2.171196741948781206e+00
2.222889081193456740e+00
2.063161684941236196e+00
2.210481338075610758e+00
2.376524019050687553e+00
2.399949347238714559e+00
2.453873022351787725e+00
2.529022619460534749e+00
2.207971610777232030e+00
2.433835241012010986e+00
2.495348984657115743e+00
2.199588802984671965e+00
2.110134909573694983e+00
2.173843168931331338e+00
2.282434088596576149e+00
2.268504100356664832e+00
2.354592636897083757e+00
2.408728824465163676e+00
2.441125658463346060e+00
2.237306427062191627e+00
2.245135082922313341e+00
2.373478211913928160e+00
2.485817991125848003e+00
2.374397218903046891e+00
2.356598976125979572e+00
2.498929383367335166e+00
2.397312833812837329e+00
2.412576660660683103e+00
2.429992419339706888e+00
2.376460172830630935e+00
2.419045658329325832e+00
2.318779645822926838e+00
2.321331675175063225e+00
2.401607169138209930e+00
2.315845708703827555e+00
2.230127545736804162e+00
2.375292719326305590e+00
2.321991332739737679e+00
2.301501912659514648e+00
2.254890278499577683e+00
2.373847894699702810e+00
2.404987857005410845e+00
2.410132219868542869e+00
2.314141060366051050e+00
2.394084413418901214e+00
2.544912668885050078e+00
2.225087466934133396e+00
2.201035245350997815e+00
2.456903008938480237e+00
2.377056872217785166e+00
2.439938839679526517e+00
2.336767742567086525e+00
2.297436193517062630e+00
2.617080054261037070e+00
2.460944527690598349e+00
2.409583048659955651e+00
2.565404911206756289e+00
2.271336014836392359e+00
2.357916355342236425e+00
2.279260093095274886e+00
2.507419360161467381e+00
2.308769016910217076e+00
2.302410776958292882e+00
2.433505096494734676e+00
2.443187707342139081e+00
2.531916034076219457e+00
1.970328827622317203e+00
1.976886560053179753e+00
1.959416570236051536e+00
2.100974526834807232e+00
1.987843411240431513e+00
2.005670230395003362e+00
2.000582714002841822e+00
2.010955027529857997e+00
1.954308698328970806e+00
1.801613906578665159e+00
2.010329007606994178e+00
2.119589832922938566e+00
2.114875123879522700e+00
1.937432509644786416e+00
2.116055001121540435e+00
1.758125306312031455e+00
2.088884521641259706e+00
2.353135486012776223e+00
2.412505530746935190e+00
2.442963406211636102e+00
2.260168716494094010e+00
2.268895196193186692e+00
2.492439723340117208e+00
2.331405787061575197e+00
2.410061254623534044e+00
2.240043741235551167e+00
1.978869234558401580e+00
2.075374650564179912e+00
2.081052433658677092e+00
2.132015723362834514e+00
2.213778932153918966e+00
2.325333813756022661e+00
2.329694262331519106e+00
2.325827502126708524e+00
2.291101840625729746e+00
2.484303031453951149e+00
2.427904347475921654e+00
2.472774823006260725e+00
2.211937304883000444e+00
2.356119263515616069e+00
2.498557223394427318e+00
2.481012105394981848e+00
2.337246482953108107e+00
2.535396223836532847e+00
2.546826561629555563e+00
2.457704911441907392e+00
2.503300063578924650e+00
2.608097422011188105e+00
2.550904833796364013e+00
2.824317648864753227e+00
2.557658391499028738e+00
2.534788119569644227e+00
2.440226360775653802e+00
2.428002008310138127e+00
2.516451177007875462e+00
2.349139944265758562e+00
2.424342502854876624e+00
2.365881693142316333e+00
2.230680429040218460e+00
2.466615987312863911e+00
2.424836424945332247e+00
2.560794881758600816e+00
2.541031471542440912e+00
2.187927003889019506e+00
2.225460307104525803e+00
2.160423558949084999e+00
2.147143286183265332e+00
2.288349576689709064e+00
2.137938365956938203e+00
2.243470848088303882e+00
2.252638760667798223e+00
2.357714925933813266e+00
2.320475046616432557e+00
2.111703331742226020e+00
1.959811056539107810e+00
2.114856719009882813e+00
2.225762865085438413e+00
1.973572190724441899e+00
2.112642179337791859e+00
2.034221880586454922e+00
2.095194298923416465e+00
2.385258807716472251e+00
2.195862082685309247e+00
2.544148891441975202e+00
2.283144509150627943e+00
2.378247766093179116e+00
2.235771303545295297e+00
2.174885424082318330e+00
2.415144658650862031e+00
2.438409796369931826e+00
2.291571089988710508e+00
2.547360516056743407e+00
2.710293924416389277e+00
2.614560143076988030e+00
2.762830177198207338e+00
2.516174200472080180e+00
2.433855009974779549e+00
2.556633310696211581e+00
2.329762099034288436e+00
2.386282981087127553e+00
2.490115067271052141e+00
2.517708352714544962e+00
2.492771230172561747e+00
