1.613562943433637153e+00
1.517115616534446154e+00
1.545218718444371087e+00
1.562279681378196505e+00
1.508126157164270342e+00
1.622523014785746787e+00
1.713484619495215133e+00
1.886091296267830009e+00
1.614641371635726852e+00
1.636465721877170321e+00
1.691524435878842825e+00
1.750311947731411966e+00
1.797826067708836462e+00
1.829428746767731706e+00
1.918936483974575946e+00
1.730651805981274993e+00
1.738777797449610807e+00
1.875924540739781765e+00
1.689037050091751313e+00
1.842318544688176685e+00
1.791019788235521881e+00
1.893073540500938901e+00
1.924103296222121173e+00
1.791641015549420679e+00
1.819900951295017943e+00
1.882899805189710341e+00
1.804171673540329035e+00
1.921664903048940776e+00
1.807315016795249862e+00
1.936394369041984698e+00
1.658232883318530693e+00
1.478390671089520270e+00
1.603473622546799371e+00
1.802050187577706408e+00
1.833203105895984786e+00
1.813807788636323304e+00
1.891480986458017544e+00
1.532627978629159449e+00
1.575109969443978297e+00
1.625630555130353594e+00
1.814203072077507972e+00
1.637003856161689308e+00
1.749702357667670016e+00
1.689869302775777404e+00
1.697594422051955432e+00
1.868459933547054641e+00
1.911182456514962658e+00
1.899583603938195031e+00
1.789416393152178930e+00
1.841663170784970882e+00
1.608250338774982469e+00
1.538464060592376503e+00
1.689907797568567904e+00
1.583435402843457185e+00
1.520952323376767445e+00
1.682002107525050416e+00
1.675628564669806364e+00
1.687894057610032084e+00
1.686716014719359169e+00
1.715314823946204159e+00
1.745690947074746591e+00
1.692090046985688101e+00
1.764573240715776814e+00
1.765380509782291885e+00
1.756299202499826739e+00
1.873489437983646422e+00
1.904326457451377186e+00
1.682185240210814614e+00
1.747488310598837025e+00
1.882612698809673413e+00
1.870530593508092476e+00
1.907435648262738814e+00
1.957265468693202504e+00
1.703708198209462399e+00
1.709273862091199137e+00
1.937314600495115169e+00
1.784912004149854070e+00
1.977261431525139113e+00
1.665946088944311398e+00
1.614877927151188386e+00
1.775790672048636054e+00
1.861323418699811327e+00
1.687619330791614303e+00
1.851722205429308321e+00
1.848102100440020434e+00
1.975722926487579967e+00
1.868986623641314404e+00
1.905296036090623257e+00
1.845289585706001656e+00
1.806643537193459492e+00
1.825010089668538837e+00
1.619836376260021638e+00
1.637066435896210370e+00
1.690997358729075639e+00
1.766448570917901195e+00
1.694707252875193415e+00
1.842638154882185075e+00
1.874679376640831618e+00
1.892630433651786293e+00
1.841697654772308290e+00
