1.675792082397031590e+00
1.516641780412486984e+00
1.464166589888464376e+00
1.501184189158657034e+00
1.489941846207640586e+00
1.467150747755621154e+00
1.673936207781090646e+00
1.733616993143479057e+00
1.549268152290291134e+00
1.831139633324376126e+00
1.747669508395850002e+00
1.701312859509401587e+00
1.678414638019626093e+00
1.850254207986659072e+00
1.922514555143536308e+00
1.682719864084059713e+00
1.627823380812125853e+00
1.780899151665545244e+00
1.623573445477429100e+00
1.948741205510197583e+00
1.860494096122605079e+00
1.896203424685136252e+00
1.881832400348227408e+00
1.804380068126262282e+00
1.892907218781529677e+00
1.872964890209122713e+00
1.784100857747145996e+00
1.947514511156106742e+00
1.797768164799783186e+00
1.956166466751440458e+00
1.808084570922047218e+00
1.739624073336400789e+00
1.613654328488145939e+00
1.657480065625991372e+00
1.839645347144238441e+00
1.711724051501517740e+00
1.946435799344422568e+00
1.571594111141950467e+00
1.573595678767799599e+00
1.645679451752058986e+00
1.849320283822072586e+00
1.781965705423810942e+00
1.846576519812165973e+00
1.804904128653339379e+00
1.805873101658403979e+00
1.914736916100790332e+00
1.873533488321175833e+00
1.782485782857909484e+00
1.819419078603260909e+00
1.949486957681372257e+00
1.732600100711875646e+00
1.538725152348722425e+00
1.708531119683075472e+00
1.520409427655948331e+00
1.421408099828350258e+00
1.556275009249609820e+00
1.618054529024171018e+00
1.628750375702118669e+00
1.741581141038213154e+00
1.730602689153811991e+00
1.749289898809922139e+00
1.557215728557565404e+00
1.647786575653103158e+00
1.736881215880506701e+00
1.654932071871155319e+00
1.827332785494318212e+00
1.697459287783127158e+00
1.658752184721489442e+00
1.721150487179235800e+00
1.822074483899176700e+00
1.802306655842523586e+00
1.962918413722662514e+00
1.877349787712445206e+00
1.538434120195744326e+00
1.764628154517680514e+00
1.954261332412870811e+00
1.717781846101983589e+00
1.995563940921737833e+00
1.860966447249088107e+00
1.737579103737849406e+00
1.809450269468069417e+00
1.795260667253828046e+00
1.781973450858624242e+00
1.785897285830307046e+00
1.787990108316412696e+00
1.981329292895464889e+00
1.989899661889948046e+00
2.004118372649671187e+00
1.924748494370756013e+00
1.683992967604714286e+00
1.741678020115446035e+00
1.603331448223260569e+00
1.530843532926316364e+00
1.804604895043010915e+00
1.794220255090364535e+00
1.849228507625211293e+00
1.899198180598957730e+00
1.902122025809726891e+00
1.809613919980261221e+00
1.885203474020822112e+00
