1.758032111969172862e+00
1.767533425071139197e+00
1.858847032978276692e+00
1.702253576778767208e+00
1.755732593446289291e+00
1.911435119550818573e+00
1.736123304359633801e+00
1.952250863705180528e+00
1.745252447755812009e+00
1.842755740215201499e+00
1.887159718367242611e+00
1.863197093966191265e+00
2.010567323585155552e+00
2.013207122654331993e+00
1.828650075900084992e+00
2.028749972308526495e+00
2.094959311279858571e+00
2.008633541568475067e+00
1.912136784632391784e+00
1.935896051622526537e+00
2.016323583137815678e+00
2.107300287237968028e+00
1.810184355264165657e+00
1.796190920604156416e+00
2.052347612221806283e+00
2.016910989688886158e+00
1.885025252344240787e+00
2.129396848837831424e+00
2.151783167378729100e+00
1.956757980150713117e+00
1.865102369178113895e+00
2.065925743701511497e+00
2.065619231084472762e+00
1.810021669505533559e+00
1.816547065994808863e+00
1.944787888241567675e+00
2.190037990405633739e+00
2.068605444500295487e+00
2.303469723262098867e+00
2.195258284894896050e+00
2.145185024566906407e+00
2.206769552665981848e+00
2.072882929878662406e+00
2.030626652763786844e+00
1.944526497651403396e+00
1.968769748581337353e+00
2.175027873845360116e+00
1.999009689186468597e+00
2.076646647319556394e+00
2.161326905313361468e+00
2.048545783234378526e+00
2.216410896617359683e+00
2.136850150253758684e+00
2.193068927908602639e+00
1.861954537720039493e+00
1.902023372122635392e+00
1.721282397212098081e+00
1.774202548023135151e+00
1.797778712140570390e+00
1.694756184141205768e+00
1.995445547146918353e+00
1.912555014402394837e+00
1.880165451700209100e+00
1.899398400483053084e+00
1.810681177524341878e+00
1.905913632676576874e+00
1.957922175058172343e+00
2.014633023144170476e+00
2.175588207141553987e+00
2.150673521892846107e+00
2.194200328008358625e+00
2.288401891617079187e+00
2.269905141238215407e+00
1.854302713879557807e+00
1.885937769171195155e+00
1.851112008705973588e+00
1.829935626700434970e+00
1.948215857173411836e+00
2.000987760443792229e+00
2.054799169782261181e+00
1.948512694008734281e+00
1.999519441952412935e+00
1.899543463611312877e+00
1.943614616554748986e+00
1.834672497461529828e+00
1.944367630210112941e+00
2.088795910802236033e+00
2.046832809895351435e+00
2.007730034873375313e+00
2.146290489821109038e+00
2.128768358983885722e+00
2.167308448084911632e+00
2.185345751999290265e+00
2.148497571963628339e+00
2.256129629082694432e+00
2.240023777237312608e+00
2.169450146772663235e+00
2.140057361598793229e+00
2.195651785067972206e+00
1.869681302278658475e+00
1.662338930000215154e+00
1.718690879473997679e+00
1.780498869557452624e+00
1.672626739165278265e+00
1.808241477843326006e+00
1.676164862214400086e+00
1.981719189110597856e+00
1.671073150278393760e+00
1.608575406123331497e+00
1.759700822460902980e+00
1.965536866971944630e+00
1.775473425559108698e+00
1.716180105271225775e+00
2.017698051946004600e+00
2.024331265345140185e+00
1.913752005171295290e+00
1.857228873151287596e+00
2.015135481422057229e+00
1.894185542458383997e+00
1.930544730871292414e+00
1.881535200478792191e+00
1.918023834908439529e+00
1.995734614767168180e+00
1.762482468575605310e+00
1.953368632464306698e+00
2.050835916401146708e+00
1.761877369715705299e+00
1.985773080421326275e+00
1.955678442417928320e+00
1.898786433635460735e+00
2.109255881439067615e+00
2.042291607944944243e+00
2.079056468179030670e+00
1.954742593701860320e+00
1.911638055533869007e+00
1.951437351693216415e+00
1.871300828499303348e+00
1.909928115415168826e+00
1.820753391401926713e+00
2.167200074494409989e+00
1.943612951509977371e+00
2.135646418011768688e+00
2.225793710363117128e+00
2.187549442199269834e+00
2.123477541948660008e+00
2.226620541826629829e+00
2.184686554641527056e+00
1.859734008662052185e+00
1.898444109019912451e+00
2.007788417615636867e+00
2.144706969142120112e+00
1.817337814530775031e+00
2.029070270596060599e+00
1.939746468493400711e+00
2.186630757169417461e+00
2.236991108538917139e+00
2.077130079639414539e+00
2.226970532599540586e+00
1.911552826330779054e+00
1.897914781149246055e+00
1.933051742644553039e+00
1.558003250338245049e+00
1.637856861973442157e+00
1.414674938538246884e+00
2.061815319389681989e+00
1.901667080041346214e+00
2.031897575650922771e+00
1.895424956694155894e+00
1.929451917321602261e+00
1.964612894131562815e+00
1.985440873863261180e+00
1.990958328307946612e+00
2.142904954184676747e+00
1.991133889899094678e+00
1.975725115095715356e+00
2.168530354486643663e+00
2.170415420447130650e+00
2.216215808628204886e+00
2.226473515341963250e+00
2.118831482793050114e+00
2.261097389599914020e+00
2.042400783471905790e+00
1.980737910790826062e+00
1.994352242042441103e+00
1.766614268913487162e+00
1.836202333296612421e+00
1.806711314775030219e+00
1.738933061690728810e+00
1.713604679139083986e+00
2.064261969415134068e+00
1.922845888095945144e+00
1.987134257020563899e+00
2.045465703159301096e+00
2.032300554563663209e+00
2.159318658733627938e+00
2.057484689358503260e+00
2.172008314496015391e+00
2.168303280357874119e+00
2.222637109750147388e+00
2.179142526310226646e+00
