1.646001475366304589e+00
1.550036417609026218e+00
1.528406653279262395e+00
1.607718124629057943e+00
1.553046376676195939e+00
1.650463262097834116e+00
1.628469579491755415e+00
1.784166992770186644e+00
1.677069645706385392e+00
1.485412551192677455e+00
1.515446372507509576e+00
1.594465808141925400e+00
1.609986231125344558e+00
1.640994768333227327e+00
1.829339191626674577e+00
1.622126917921960398e+00
1.625239847753704669e+00
1.873153625815369150e+00
1.562516748668954847e+00
1.816761240207647843e+00
1.801585845554668941e+00
1.655884407613869680e+00
1.806759777508035292e+00
1.637039297437031804e+00
1.558700566601009196e+00
1.714084950669934493e+00
1.686450774774288730e+00
1.816960253043025997e+00
1.764634792382494988e+00
1.860864984722196080e+00
1.710805247240851923e+00
1.578070788323503226e+00
1.538090083757196025e+00
1.752604878478112083e+00
1.628712240467130368e+00
1.889846854631116901e+00
1.815204726623675491e+00
1.472693349002485386e+00
1.479287332925188991e+00
1.528545273384576353e+00
1.753739420601510890e+00
1.586844971031381446e+00
1.607549450327294016e+00
1.704823793958748279e+00
1.660445436257583340e+00
1.784356800750344085e+00
1.678510633559631149e+00
1.698634857908096762e+00
1.848862283913506044e+00
1.863196405079312612e+00
1.661908126652611450e+00
1.618822790156250191e+00
1.663890684863952529e+00
1.631342761387311269e+00
1.599865341632611626e+00
1.739282883039169558e+00
1.727991775712165667e+00
1.689063566920086634e+00
1.545503486029669471e+00
1.568048689124134532e+00
1.614628470652704761e+00
1.586715189075233567e+00
1.617197698923354299e+00
1.667982157081180139e+00
1.668628126203530293e+00
1.828542586929530867e+00
1.691039266371440863e+00
1.583799270050494590e+00
1.660927740321021417e+00
1.842957962757596491e+00
1.898842342916329029e+00
1.765676255463140443e+00
1.834743479246729203e+00
1.555068977768593985e+00
1.636869096002897761e+00
1.802089129075639562e+00
1.814480542032324895e+00
1.889738644516730570e+00
1.665397404095048550e+00
1.725457217479649641e+00
1.700177612380345149e+00
1.809736853929164946e+00
1.659315425963042712e+00
1.645115796190895097e+00
1.686071657772586052e+00
1.748358986915587998e+00
1.840091661903503928e+00
1.840256781690187804e+00
1.918920186352697677e+00
1.602583591288082587e+00
1.648445248046380263e+00
1.563171421439132125e+00
1.514404693952262404e+00
1.691127720690262404e+00
1.713680030124334452e+00
1.654051355426729319e+00
1.835563017339945091e+00
1.784978730608871800e+00
1.867313988870819008e+00
1.843717495915649707e+00
