1.748592905648847839e+00
1.775084416154708800e+00
1.950800892944072329e+00
1.739719997230611437e+00
1.739748407645204109e+00
1.881014017918028136e+00
1.779115894335951076e+00
2.065926835214340507e+00
1.824019566967312267e+00
1.870366017498809263e+00
2.026576035149461052e+00
1.918059508819031755e+00
2.011362687302785446e+00
1.992536991548517822e+00
1.815085807260469863e+00
1.865794868174986965e+00
1.959529872033926257e+00
1.930508477848324800e+00
1.857969733349464692e+00
1.893683100003046293e+00
2.029794842179345693e+00
2.057323102298523665e+00
1.799365578700261592e+00
1.778412445853435164e+00
1.857006873751951836e+00
1.912340729400214823e+00
1.833990816091012999e+00
1.972376612206484969e+00
2.127773885338489546e+00
1.877483478569586861e+00
1.864065110006994486e+00
2.146106236249171406e+00
2.039713568677632871e+00
1.823522170628353756e+00
1.781262680372943219e+00
1.820922024550963636e+00
2.151755569049709660e+00
1.940560596910447577e+00
2.094360448796361407e+00
2.043929887163099757e+00
2.003176149946538143e+00
2.042291622623072289e+00
2.085146859454283685e+00
1.954174449546523640e+00
1.909794645886989883e+00
1.968034602394863608e+00
2.169935758499921263e+00
1.904171250744423061e+00
1.981772690029137030e+00
2.088727276936144239e+00
1.968902860610713956e+00
2.168288518807714116e+00
1.987662172900521940e+00
2.083704666824866880e+00
1.753602614516683200e+00
1.692846904222288229e+00
1.773776324898373558e+00
1.793567240072132751e+00
1.739705914272564824e+00
1.702764396521974977e+00
2.062402816434834474e+00
2.028502147672994749e+00
1.873558484897581478e+00
1.954741736866145496e+00
1.698150978611778328e+00
1.831495433489621849e+00
1.914791472854430188e+00
1.979765482199351112e+00
2.126769776534779499e+00
2.073867129603770287e+00
2.214867778515322794e+00
2.335696904816484398e+00
2.156552998618988415e+00
1.786581906605347436e+00
1.930091911277234562e+00
1.889163393160114834e+00
1.974817447585908159e+00
1.984507165288019959e+00
2.015305375637816088e+00
2.082120418103633686e+00
1.931297516252276969e+00
2.123406394542183051e+00
1.880016181368216133e+00
1.706149553405267083e+00
1.736917319012440286e+00
1.800475745130519556e+00
2.022501264684703148e+00
1.810086132341957477e+00
1.878441308443771440e+00
2.033546851627053176e+00
1.974140974216127109e+00
1.992988447492944015e+00
2.123194922264912687e+00
1.996302248376998767e+00
2.132904429455059425e+00
2.236661522574592276e+00
2.127064965720611323e+00
1.995439831216721860e+00
2.084658355289819021e+00
1.774618475833461995e+00
1.807773874291395799e+00
1.704811380529611897e+00
1.808964530175692698e+00
1.728831932662245663e+00
1.845067537208205044e+00
1.759176256350176049e+00
1.983855172132919620e+00
1.779708048769945483e+00
1.756559625522290391e+00
1.889502278390609913e+00
1.969842693387544807e+00
1.927509399459680806e+00
1.830527167494431229e+00
2.052477750097817299e+00
2.034124448450265188e+00
1.852057179852962143e+00
1.883868259916632981e+00
1.970980961233297579e+00
1.855932445627499705e+00
1.904728802062603643e+00
1.858388145124450164e+00
1.900159667602337343e+00
2.008662713436005998e+00
1.864811201594267942e+00
1.958466992883212576e+00
2.067611550360067163e+00
1.850545135384553230e+00
1.914837662684646391e+00
1.936334709906023077e+00
1.916636828675724047e+00
1.999310023463067409e+00
1.938432361460457276e+00
2.020700968487523230e+00
1.841401388286106222e+00
1.974235534893356681e+00
2.022359805407178968e+00
1.885851103141460205e+00
1.914480060053248334e+00
1.860958331721456638e+00
2.088373281222781763e+00
1.967438302600631683e+00
1.991870700736294131e+00
2.083291901168165428e+00
2.020665680835870948e+00
2.024752605284579676e+00
2.033915749513684812e+00
2.083236170135232435e+00
2.028627144191837317e+00
1.911568324425941157e+00
1.968853213543465541e+00
2.048236534378622409e+00
1.850306281545069043e+00
2.026469471640263809e+00
1.864206271983984475e+00
2.071779262895939500e+00
2.175394274053854549e+00
2.003909722532792426e+00
2.081749807045865097e+00
1.819596380568470284e+00
1.832122063710007076e+00
1.792529839484901633e+00
1.845805899559829211e+00
1.838164585582222621e+00
1.714321792794969879e+00
1.998590592686977585e+00
1.994588935399681739e+00
2.077458304118799948e+00
1.956907082520148888e+00
1.889199294842712540e+00
1.768505959755454215e+00
1.835736460561821382e+00
1.892115353007600920e+00
2.091451939739438437e+00
1.924169971000843971e+00
2.058604888929361110e+00
2.157637854628224439e+00
2.189327382838719860e+00
2.309493144185224001e+00
2.260237383429041902e+00
2.082662987764233975e+00
2.123140299906908446e+00
2.056866720633887091e+00
2.061630681263591836e+00
2.144264549017062205e+00
1.865216450910347268e+00
1.872619601712976811e+00
1.857072099549406996e+00
1.882103114652015963e+00
1.834499620172443057e+00
1.901321373188108454e+00
1.792312372984582236e+00
1.834162955760811009e+00
2.164242012628752043e+00
1.891766329260156754e+00
1.993891770017603093e+00
1.974504564785595440e+00
1.963464632717577318e+00
2.251949549289288477e+00
2.209248235597218279e+00
2.171378873546130794e+00
