1.694591936417721101e+00
1.619164682786317089e+00
1.651426842754921465e+00
1.608794901791845033e+00
1.625512624836839004e+00
1.655350735830935394e+00
1.759982252825007976e+00
1.768865522720705741e+00
1.736088424059182067e+00
1.684390392810200865e+00
1.785535794875206417e+00
1.790890459119856448e+00
1.767905795430411375e+00
1.797362883188226901e+00
1.921706263236031775e+00
1.757150213762390889e+00
1.767360390701802952e+00
1.933608080874642754e+00
1.736446741467519539e+00
1.929247112724403523e+00
1.867657227925083152e+00
1.818401772234474745e+00
1.844093897729468745e+00
1.792721496795562031e+00
1.778422259853512433e+00
1.756354194782328904e+00
1.754822698089390620e+00
1.853273345280852968e+00
1.813544127416366170e+00
1.908536289484323856e+00
1.718587754250521460e+00
1.744643383774498346e+00
1.697818966845627386e+00
1.827545774931684353e+00
1.728284902715909732e+00
1.938242471145616763e+00
1.892893291183742832e+00
1.691379069184223871e+00
1.660828545687979885e+00
1.741621504348855654e+00
1.891330587313675426e+00
1.691199775031734687e+00
1.699497917146955972e+00
1.768556471198934110e+00
1.732222949204027751e+00
1.840173023401738162e+00
1.780667252106248988e+00
1.768660764506378769e+00
1.974783761446518904e+00
1.953544019312810853e+00
1.382380028732905330e+00
1.354948754812304035e+00
1.363984570412123620e+00
1.314907789890152667e+00
1.363882441648524901e+00
1.442538325684855405e+00
1.489685302323433769e+00
1.581989565980047585e+00
1.764495309623391739e+00
1.424918304407338798e+00
1.440276869618124733e+00
1.488952420138146771e+00
1.524241863592201041e+00
1.594784930579156823e+00
1.614802019693265978e+00
1.813699423521555554e+00
1.609239474682395699e+00
1.573104363998409028e+00
1.638337812100844282e+00
1.809151662200336519e+00
1.815038107904976217e+00
1.578879906272758316e+00
1.743231354661566757e+00
1.687862106029942355e+00
1.522561990997597592e+00
1.545599586639211154e+00
1.762611338683748086e+00
1.870377598600504898e+00
1.545485487479360653e+00
1.243291846790213429e+00
1.646267402515476208e+00
1.684891641680656305e+00
1.616808477675758970e+00
1.600957408909333912e+00
1.660043867866536349e+00
1.612401967629243371e+00
1.921249192574030706e+00
1.852329656351883624e+00
1.858904824671450795e+00
1.579413256696844847e+00
1.369598443476684801e+00
1.299930824571344568e+00
1.783875680957251353e+00
1.489882694056008594e+00
1.562351413382051080e+00
1.685500673958866713e+00
1.774971869438114913e+00
1.638617048202046123e+00
1.766267215046285921e+00
1.852693425971005503e+00
