1.738507724289983347e+00
1.773181003010117163e+00
1.855883210952354645e+00
1.731455829435636584e+00
1.738586902522968103e+00
1.897342495534497520e+00
1.768702882609188176e+00
1.936337650560820300e+00
1.702570253198159689e+00
1.846770211373549797e+00
1.818664837979895310e+00
1.807162285164875648e+00
1.881232120144268771e+00
1.866006342239194815e+00
1.832087956300056719e+00
1.918268878284310697e+00
2.063269403335716845e+00
1.978671937389158808e+00
1.910515964382897502e+00
1.910807278998593040e+00
1.969586216367320342e+00
1.992229081023800585e+00
1.854327117119393353e+00
1.870962334629122426e+00
1.930773227142101645e+00
1.933999136973306499e+00
1.886992178359458983e+00
1.974433793695318462e+00
2.022405932212084423e+00
1.899256873801353551e+00
1.846876975905360929e+00
1.895145391144005043e+00
1.952512452545888788e+00
1.852492329836718854e+00
1.841140682040282028e+00
1.819719526484508743e+00
2.048499188108374280e+00
1.915062868740784685e+00
2.056039885540379863e+00
1.998665885105019857e+00
2.028724513257336159e+00
2.079764164759752898e+00
2.060965194522284438e+00
1.990487497803170358e+00
1.968369236641377418e+00
1.918936157037262058e+00
2.173061396794673694e+00
2.037449975780457834e+00
2.045824552457313317e+00
2.116299681144504508e+00
2.079643510743771628e+00
2.141281506628924358e+00
1.996499827466286403e+00
2.056575657173992600e+00
1.778689070615242951e+00
1.871557593551076204e+00
1.792026499200886080e+00
1.773167400405381233e+00
1.857937066396201153e+00
1.773557135644826088e+00
1.904808220585156420e+00
1.916481142111038372e+00
1.822882315853742830e+00
1.864648767960278564e+00
1.785028283686451500e+00
1.931117786119636026e+00
2.027589333475785960e+00
2.031211823890015644e+00
2.060758730037731912e+00
2.031033432275773265e+00
2.016186013426267021e+00
2.188375367793214288e+00
2.278560215241743681e+00
1.878750291176077170e+00
1.853678421053046588e+00
1.861935848031954333e+00
1.860528164940703277e+00
1.926070981052575570e+00
1.886164743570274416e+00
1.985859858645727227e+00
1.900335510770525982e+00
1.979971906656079694e+00
1.932980131140995983e+00
1.831314462896319828e+00
1.862275753801530653e+00
1.977858934100433563e+00
2.074791373756158297e+00
2.065713166832811698e+00
2.004914930299780185e+00
2.171355892515586472e+00
2.029692100841735236e+00
2.100741320678932933e+00
2.121972195355773749e+00
2.087844795061287062e+00
2.137673354129113523e+00
2.034321040699253125e+00
1.941562800838473990e+00
1.937213729891297698e+00
1.894196474879678904e+00
1.894914074749406652e+00
1.392210852602905335e+00
1.353812819167885761e+00
1.346614393772800344e+00
1.320075213451137319e+00
1.429498342078423967e+00
1.197208230667735185e+00
1.786737247458113353e+00
1.225956053648196820e+00
1.436994036621698001e+00
1.589348470914911049e+00
1.443274973420330065e+00
1.460490803947131155e+00
1.471651278305353916e+00
1.387137570098103678e+00
1.429513010952571994e+00
1.663808721724720607e+00
1.641210489782064297e+00
1.920727607213404076e+00
1.795486425964568422e+00
1.910152505667639389e+00
1.840602719698548606e+00
1.841274819024235843e+00
1.789543369523810545e+00
1.738776236697147759e+00
1.809168708331643005e+00
1.955109047771048214e+00
1.758030921606780650e+00
1.751272529348835816e+00
1.855363260494569122e+00
1.798315933731922334e+00
1.939696657937427293e+00
1.829103371854188920e+00
1.940402263454080067e+00
1.795672547153998710e+00
1.503095271748007056e+00
1.567333569328635212e+00
1.785458701084761790e+00
1.754041042520278371e+00
1.721954846866348809e+00
1.625229431320285078e+00
1.678604950825524300e+00
1.715725218718856304e+00
1.799250707897499524e+00
1.856061111346728465e+00
1.928054103491755988e+00
2.058441151626667409e+00
2.109504157316516526e+00
1.614463344316162452e+00
1.678949123097975837e+00
1.862583066200550697e+00
1.967193546284057071e+00
1.768537096574347212e+00
1.801042975722421557e+00
1.921657708485573934e+00
2.084945308795346453e+00
1.980963703525186359e+00
1.810871214814388175e+00
2.080817435302868113e+00
1.917522559197304188e+00
1.916097737374195198e+00
1.962999094476867379e+00
1.512696499891502233e+00
1.505455892915002591e+00
1.308833318672424584e+00
1.797000790477035093e+00
1.682626689083657867e+00
1.618614499905141502e+00
1.655554903783707843e+00
1.935803889080799145e+00
1.915508389081596041e+00
2.016960373158742659e+00
2.005938042377783948e+00
2.006968699420405233e+00
2.004759195674284733e+00
2.053861569833213441e+00
2.114349524840214656e+00
1.482981865040743807e+00
1.821096636273101366e+00
2.265729095164698670e+00
1.946127932727862886e+00
2.047728418169578291e+00
1.507525935966226971e+00
1.654287037335405719e+00
1.535534874808655026e+00
1.783460176777063033e+00
1.687609031529276660e+00
1.668087166638398511e+00
1.634461277371636045e+00
1.622182075222695641e+00
2.013898482051038386e+00
1.933742368844270754e+00
1.987359138924712054e+00
2.090331296737019340e+00
2.002640103343141575e+00
2.028441232430115981e+00
2.044898969489103990e+00
1.992808034827572738e+00
1.980023766395826890e+00
1.735846482315603900e+00
1.655386563904389874e+00
