1.744487370426819117e+00
1.719835008466702675e+00
1.933008401853255620e+00
1.696429612139932930e+00
1.674511389902622271e+00
1.753440186012626079e+00
1.671254118106877185e+00
1.984966606062732453e+00
1.711333782960578809e+00
1.903032818211925381e+00
1.914358661673498441e+00
2.027275206703937016e+00
1.936372908161770656e+00
1.870292483897590063e+00
1.741525377808774477e+00
1.888920648025013804e+00
2.002172156104284007e+00
1.866906851499299691e+00
1.817028327477890892e+00
1.882850835065609685e+00
1.969220689606164143e+00
2.156742916961603029e+00
1.797779707043175135e+00
1.817555933262802625e+00
1.900955404886378819e+00
1.945311122650123181e+00
1.899527994804342645e+00
2.085056123575613984e+00
2.079864349096130383e+00
1.914172514451115692e+00
1.886049211457278885e+00
1.892633911985944994e+00
1.964581472740579482e+00
1.839089850779649371e+00
1.772459666248874743e+00
1.914290420713370855e+00
2.124835715439592487e+00
1.991803347514287337e+00
2.205080717570350402e+00
2.111822407704140314e+00
1.946264832508552312e+00
2.014271236671963727e+00
2.010567562634816063e+00
2.131540102116632696e+00
1.928940816894244348e+00
2.144490974340923728e+00
2.187589114524022715e+00
1.900214264516732809e+00
1.974271364676601914e+00
2.038450578436296734e+00
2.000890000501290178e+00
2.216521539525829532e+00
2.077759914242509165e+00
2.215347394715224905e+00
1.765854135777719547e+00
1.833178677496010378e+00
1.795302809985719561e+00
1.796979084804531945e+00
1.908134112180728037e+00
1.744995927603085750e+00
1.947198044926723437e+00
1.900621045911394580e+00
1.949326424556541815e+00
1.835233126844966423e+00
1.659476188315690992e+00
1.781433402869080362e+00
1.961716176390861710e+00
1.814887518926410204e+00
1.949493666302035688e+00
2.066908475248908861e+00
2.128183336661766401e+00
2.335587192071195251e+00
2.302485792993856251e+00
1.818162151471255594e+00
1.831675298421066689e+00
1.782985981580220702e+00
1.746874726028532887e+00
1.855608064117333811e+00
1.788050163929450154e+00
2.002478492156813950e+00
1.843186606498567581e+00
1.955106005371916700e+00
1.890003939736377925e+00
1.863940220542037673e+00
1.756366498746367411e+00
1.935489255432660594e+00
1.875586092450365561e+00
2.014210664156058872e+00
2.035767248550027553e+00
2.075874784238497028e+00
2.082235702392881471e+00
2.192276702966464708e+00
2.014625384715035938e+00
2.083725673939432088e+00
2.262234978596327384e+00
2.281310839873310847e+00
2.189946713172950421e+00
2.161254375809438688e+00
2.182193601123035176e+00
2.058044676368682602e+00
1.858544487135303847e+00
1.861618173865361436e+00
1.802046814575465339e+00
1.681667327388740141e+00
1.985348305552848691e+00
1.728352983175925894e+00
1.866787113674007959e+00
1.770624719207547715e+00
1.701237391201942062e+00
1.700952994267689311e+00
1.879219271471741948e+00
1.852574210888654704e+00
1.809771321825469848e+00
2.009868989873110579e+00
1.924746007261147085e+00
1.886863314872837094e+00
1.749517894580750355e+00
1.978428691024220587e+00
1.918194700244029605e+00
1.988771732918893642e+00
1.936202619812961823e+00
1.957498415593479590e+00
2.069653483975389729e+00
1.868689938904934733e+00
1.900260949585120818e+00
2.164345096299971072e+00
1.848823072457085104e+00
1.901711178274516634e+00
2.018909531412030223e+00
1.851126434630710138e+00
2.101300766403350284e+00
1.958562555496123458e+00
2.114334294959517635e+00
1.795734216394627936e+00
1.895688267170238195e+00
2.028359321428419015e+00
1.959977277565972731e+00
1.990644977329610654e+00
1.870524825330220020e+00
2.102039919049957906e+00
1.859826255805091977e+00
1.988912063554762799e+00
2.195707713442765385e+00
2.106182333560453479e+00
2.090861266161516685e+00
2.080249432696581469e+00
2.083274129916166117e+00
1.923096230980798627e+00
1.927396556550547091e+00
2.090479063097655299e+00
2.068416692180279792e+00
1.820337545588653239e+00
2.020256015515552228e+00
1.879022696890088051e+00
2.125903523002053763e+00
2.168373736041459221e+00
2.076733586834772272e+00
2.246471115137200325e+00
1.849851058046570795e+00
1.868587791459598746e+00
1.861401406502724010e+00
1.904821501857813626e+00
1.853852529437106211e+00
1.864464619254628364e+00
2.126742203368597206e+00
2.103055741288291980e+00
1.957174027386425985e+00
1.897662156697172975e+00
1.850363981817989556e+00
1.862295000007280432e+00
1.853361374824623597e+00
1.921602711166960686e+00
2.145840431365472867e+00
1.962727900180615492e+00
2.023810795308623067e+00
2.227869997086214138e+00
2.207134907532901202e+00
2.354205598836571767e+00
2.268338530762067595e+00
2.133138951772830971e+00
2.202870320342880106e+00
1.913945163522400073e+00
1.971802519218924576e+00
1.886978525105512894e+00
1.854389565461234568e+00
1.877735413552434895e+00
1.733788730411520040e+00
1.760738891295099418e+00
1.724248902317149001e+00
1.993195317447727266e+00
1.847531922884158462e+00
1.958741239353286812e+00
2.040449294007021130e+00
1.960459746712647444e+00
2.026912173885689672e+00
1.938716842286517528e+00
1.961684287994376552e+00
2.248647579018404841e+00
2.236494829549744434e+00
2.188593051009396273e+00
