1.862851887257075401e+00
1.906896292888700106e+00
1.964925315896821401e+00
1.803444108576564675e+00
1.826510138720259135e+00
2.032289185065855097e+00
1.851844653548305963e+00
2.019066106940038630e+00
1.785751207572489951e+00
1.834792477723463211e+00
1.920659207637033239e+00
1.928292169146856860e+00
1.950395069247904623e+00
1.919691285799555835e+00
1.952977365080182270e+00
2.076621295123455280e+00
2.138263980482089988e+00
2.118734851423554222e+00
2.009889421229153150e+00
2.016100900362441717e+00
2.142268847114690455e+00
2.118653117172526912e+00
1.871969899363765899e+00
1.807719506232395634e+00
2.205717501742082920e+00
2.026433247840131013e+00
2.012420219358475926e+00
2.153386612780365805e+00
2.209310872711895524e+00
2.019634568992306090e+00
2.015010230211881748e+00
2.046152483954854606e+00
2.091230295072988188e+00
1.844720343856762534e+00
1.848046237779897849e+00
1.865049413813508750e+00
2.310402099264526665e+00
1.998240196701299709e+00
2.454898485849335454e+00
2.316877976974930142e+00
2.148379396112443107e+00
2.219632258001264624e+00
2.207522016138807164e+00
2.145449460171758638e+00
2.043511454834810337e+00
2.128393095991409911e+00
2.374870197701318908e+00
2.086626081008375433e+00
2.158855184475735101e+00
2.224924227664249798e+00
2.071108861728256034e+00
2.235370624372869486e+00
2.178148317715468352e+00
2.221252278347968012e+00
1.879572608762613894e+00
1.934021899089748864e+00
1.812708718922046103e+00
1.776716445138183609e+00
1.912789197932474039e+00
1.912075795441633641e+00
2.094867831173838901e+00
1.886431362836067160e+00
1.928551811349312972e+00
2.118877009816425794e+00
1.869182170924675646e+00
1.975890024844207948e+00
2.031438112110846905e+00
2.158265437848047696e+00
2.315437618570184597e+00
2.129453544268932852e+00
2.300930807129955902e+00
2.389981570040973669e+00
2.302154317393443339e+00
1.944855046969643730e+00
1.959755294970022099e+00
1.932818605819480728e+00
1.942945971914373793e+00
1.992656286609735261e+00
1.893032610110045422e+00
2.063660820744900981e+00
2.047346298460943625e+00
2.028413035975636269e+00
2.058406960477954684e+00
1.936409549987187395e+00
2.023358631219310144e+00
1.999403547115837121e+00
2.216793604307562671e+00
2.023816894771884645e+00
2.098024683295615755e+00
2.171584576835411173e+00
2.179745048080802050e+00
2.197557940930078946e+00
2.221740058608242308e+00
2.196744272001751597e+00
2.285671194623966951e+00
2.221057726316177927e+00
2.250485081277998400e+00
2.116525489558149342e+00
2.234193567191722352e+00
1.902369365701264581e+00
1.863259161754804882e+00
1.911164786507666857e+00
1.875565658412293057e+00
1.798558074114416039e+00
1.962521054715481217e+00
1.820163205889363978e+00
1.950136428283176571e+00
1.852532601631466491e+00
1.802078882011434624e+00
1.918783340385288749e+00
1.999948077844417416e+00
1.935348273931193797e+00
1.874881613420137150e+00
2.109729274348106642e+00
2.192843460846574555e+00
2.129616280775896708e+00
1.954125907959140429e+00
2.092773906132574080e+00
1.939593375633920980e+00
2.074334856115565007e+00
1.912536363848968746e+00
2.006126822902764673e+00
2.055041023043501003e+00
1.818498012392434804e+00
2.021605474395773427e+00
2.087327478099751943e+00
1.769518081982727642e+00
1.949935839790328362e+00
2.019421286825993977e+00
1.960035018866549406e+00
2.168312485615278895e+00
2.070421608070589947e+00
2.141536690904168427e+00
2.035897630538517245e+00
1.962453042228102795e+00
1.887403037010690010e+00
2.003708891751325716e+00
1.996934784438250121e+00
1.840609530893847712e+00
2.185262369233800683e+00
2.084507689267518060e+00
2.147010726674068781e+00
2.392556334086545888e+00
2.241178017209322082e+00
2.117717156604653983e+00
2.136431477883760977e+00
2.217451645601276944e+00
1.880513931550789941e+00
2.085542563859298149e+00
2.064181302912345917e+00
2.190200474475106684e+00
2.019237594334796437e+00
2.250589161167790841e+00
1.941628591419414462e+00
2.202270576126108548e+00
2.198960150232176503e+00
2.144552395937638689e+00
2.307582790252888039e+00
1.946802866393430032e+00
2.010218476216877992e+00
1.988071540222475564e+00
1.901922970384521738e+00
1.954603337808002328e+00
1.778360705571776279e+00
2.179224761426343360e+00
2.216613751156429668e+00
2.006262459595875125e+00
1.987953385712457166e+00
1.999288446180206513e+00
1.970960660139905007e+00
1.998939379620941370e+00
2.020837374282645538e+00
2.289727261440149597e+00
1.970521783085061429e+00
2.028961138246611728e+00
2.182540924133677063e+00
2.151416302770014610e+00
2.275747686586300222e+00
2.262630122749059058e+00
2.136472630514337112e+00
2.278807416383829665e+00
2.118860352403772129e+00
2.026797344608578300e+00
2.191619379673768186e+00
1.953550178729122289e+00
1.980884646785554981e+00
1.924585653259577755e+00
1.771841724096488990e+00
1.858031952420881039e+00
2.116782121525440985e+00
1.960602219001858826e+00
2.056082942796283231e+00
2.143856090649210788e+00
2.113565090930234369e+00
2.130883768074883111e+00
2.022551172693617172e+00
2.089304083246504185e+00
2.216486740746734352e+00
2.252934892129533129e+00
2.279283848670292656e+00
