1.781643052597233323e+00
1.785282245631433007e+00
1.927386880699651250e+00
1.705492969838416917e+00
1.846591274169573582e+00
2.084719785737311426e+00
1.797574841866596662e+00
1.993294797337897384e+00
1.848822406493929149e+00
1.833008849514882854e+00
2.001682445354011186e+00
1.815400329886188047e+00
2.004351454360905560e+00
1.986462493026375897e+00
1.835882561104726918e+00
2.004442902574540497e+00
2.078949736326465736e+00
1.939678144824589889e+00
1.885927602694741356e+00
1.969491549124469998e+00
2.090316007868064485e+00
2.090074431852010139e+00
1.810129583630764483e+00
1.855047831285345117e+00
1.944991876429882582e+00
1.998272440995498611e+00
1.844782136568344333e+00
2.046566119454976906e+00
2.100238204942612263e+00
1.870380760913280982e+00
1.884569259015585585e+00
2.025859380482985195e+00
2.001774739554557314e+00
1.843030238871251836e+00
1.798404964174811882e+00
1.875188281219231312e+00
2.111004852059633841e+00
1.974249256084988247e+00
2.163954006431572541e+00
2.036059118890689135e+00
2.062040261574392019e+00
2.081856275008732826e+00
2.119572062742861807e+00
2.056070444514951578e+00
1.929892158680637237e+00
1.928256555048405652e+00
2.189028740506426374e+00
2.063462670173774605e+00
2.050906514473997966e+00
2.083273508840518762e+00
2.132348424837018364e+00
2.150858294391984948e+00
2.029257010897485003e+00
2.138169221267072651e+00
1.851504722218116017e+00
1.895288370279632373e+00
1.746559468933656545e+00
1.747301077041650608e+00
1.858919534706250154e+00
1.794733083074709246e+00
2.056525158061693226e+00
2.005197384625130308e+00
1.891404945343339250e+00
1.948490769392751565e+00
1.789842298053583969e+00
1.916916956178239317e+00
1.990489926382621011e+00
2.036151463985254484e+00
2.149794075097581469e+00
2.100009805988682032e+00
2.129971121402158385e+00
2.336859490105135606e+00
2.282594225342111205e+00
1.889753998724305495e+00
1.854619152840771834e+00
1.837366558760895607e+00
1.888022029275093105e+00
1.964479503268748317e+00
1.969674761975327204e+00
2.102516971026791026e+00
1.952922966292404805e+00
2.090030079746455716e+00
1.980344676553419392e+00
1.929672045952980586e+00
1.887888051708559223e+00
1.941238218233463986e+00
2.130592697386832324e+00
2.002209180619471507e+00
2.010170922874470190e+00
2.155170221181264445e+00
2.082497648558234715e+00
2.099269926750396920e+00
2.257177774640115597e+00
2.161596865053810212e+00
2.157581449463999768e+00
2.160203193719691939e+00
2.147169841074770602e+00
2.049595250467051599e+00
2.141377785176020510e+00
1.824641695137101394e+00
1.793417562050243719e+00
1.910676372330792239e+00
1.817710638489277608e+00
1.748949549861059660e+00
1.885768092816607622e+00
1.794736328104103995e+00
2.048053981700936887e+00
1.816992262441149419e+00
1.746547241788494853e+00
1.850733541841793617e+00
1.900492680180777549e+00
1.887226564306924148e+00
1.834185011038497404e+00
2.015490935731419242e+00
2.055334494402690559e+00
1.875887534514250055e+00
1.877264291990327072e+00
2.004843943576715137e+00
1.897989565919216082e+00
1.915022840438036944e+00
1.874373402390329790e+00
1.979824926647682615e+00
1.991213917722658433e+00
1.862659185833471343e+00
2.059040351522404944e+00
1.971772898706223076e+00
1.815036187749673458e+00
1.921259283449262556e+00
2.037358548287214077e+00
1.897242331363717893e+00
2.081779571730028700e+00
1.987505402339055705e+00
2.047209338231159581e+00
1.771956613469552133e+00
1.954232603324815187e+00
2.047673371203105663e+00
1.891706341789515911e+00
1.905207807943811282e+00
1.837158200857397006e+00
2.165232571691237951e+00
1.912558140151226604e+00
2.044476941161914141e+00
2.173124219726608519e+00
2.052882158265809220e+00
2.083822556968677908e+00
2.086598555669623156e+00
2.170174416840482401e+00
1.931411259176957440e+00
1.871670725546116243e+00
2.038863877178780815e+00
2.062026406607506246e+00
1.913999138574669079e+00
2.040635139473379489e+00
1.960870811297450222e+00
2.153760630039116997e+00
2.181423871177440077e+00
2.009875162924247061e+00
2.099497040336469222e+00
1.937224822633276888e+00
1.945054316437688113e+00
1.941599380344564363e+00
1.875864075234233042e+00
1.812711808740963049e+00
1.823291554417945104e+00
2.081481684309078428e+00
2.028771431988161567e+00
2.013794778253311879e+00
1.967892260938949756e+00
2.008806713157327284e+00
1.910261906953897748e+00
1.938542439602321199e+00
2.035316825485961267e+00
2.105966867878099169e+00
2.048951174265118524e+00
2.081080897856003364e+00
2.222389714570630392e+00
2.122303100446274460e+00
2.298076198223668598e+00
2.319092423817248338e+00
2.125113262744366072e+00
2.175863724391019272e+00
2.028308847591083985e+00
2.044092822825336331e+00
2.051733054095217224e+00
1.907379814642647942e+00
1.927155383163900559e+00
1.848201293774864196e+00
1.815485647024838389e+00
1.790381909952540651e+00
2.048624988628436228e+00
1.921683192160269060e+00
1.978951217352205028e+00
2.100651008384081475e+00
2.029542592110352484e+00
2.096563030394822391e+00
2.068183582329758963e+00
2.054129153021738041e+00
2.207263911154896174e+00
2.223451801996947363e+00
2.121095410648078605e+00
