1.799774993101097564e+00
1.536152901904524803e+00
1.411706955632004323e+00
1.530877512325795164e+00
1.460620759655007372e+00
1.450629782564424319e+00
1.765318339190161456e+00
1.900357399916974499e+00
1.551727019092105975e+00
1.760319257204342902e+00
1.692234812232944030e+00
1.726363330938485596e+00
1.772243633924221573e+00
1.890122978871237702e+00
1.959320124627069504e+00
1.898802978638691741e+00
1.771158670984646299e+00
2.036210021649707436e+00
1.703178639668202266e+00
1.924101616839882567e+00
1.984300518472360775e+00
2.029155474121262070e+00
1.994322117833048802e+00
1.831206416250689806e+00
1.982087842778514242e+00
1.920319191516364654e+00
1.913763517122520907e+00
2.036415896245836965e+00
1.852978750821673293e+00
2.075029908510155341e+00
1.745171007797087448e+00
1.693515113023826846e+00
1.951185636416335578e+00
1.902895570298414052e+00
2.007247309505054922e+00
1.797982914667315857e+00
1.962084593810713429e+00
1.706667927815168628e+00
1.650511306415556989e+00
1.750249038306780802e+00
1.890786171665548077e+00
1.734554937634491312e+00
1.911727028649727433e+00
1.898787195004484341e+00
1.804627945842185222e+00
2.018768106926212003e+00
2.056285926650446516e+00
1.945612425018669045e+00
1.935637549993060702e+00
1.974069732228483254e+00
1.750369901696646302e+00
1.543583596389796586e+00
1.756105498768046447e+00
1.530087217800259136e+00
1.481363604951726032e+00
1.532082219020289848e+00
1.763308496586230678e+00
1.720881540253333064e+00
1.504647941634378761e+00
1.541506850405088613e+00
1.669819507372786838e+00
1.664865440558017884e+00
1.666082767715284518e+00
1.712504474277728672e+00
1.868999005814441672e+00
1.977449435811128753e+00
1.864085042436977036e+00
1.594270865990605301e+00
1.565175344626428267e+00
1.966911089006922131e+00
2.025576217393069811e+00
1.973682924134313899e+00
2.043332126628763401e+00
1.676038638591354157e+00
1.654328767402376776e+00
1.980270756355415163e+00
1.856784824308960635e+00
2.090158919623419376e+00
1.776050520361153406e+00
1.822791025123255748e+00
1.854883230913435987e+00
1.778632379729232715e+00
1.860638574466064288e+00
1.947234319529756563e+00
1.968176115270347859e+00
2.011356997755208376e+00
1.826384729242671590e+00
2.017827975476550684e+00
1.909667624125740204e+00
1.890106285713330836e+00
1.862697588214276889e+00
1.570497038299262682e+00
1.420434040228540251e+00
1.793986492042577208e+00
1.893044660983845828e+00
1.757853701782471356e+00
2.013528836972490410e+00
2.027913157707466052e+00
1.895294504680580694e+00
1.850023056043492709e+00
