1.686835641186777757e+00
1.576515333891686410e+00
1.516785886432430175e+00
1.590473501698495440e+00
1.530147568621479381e+00
1.485695102638346032e+00
1.671944897408841557e+00
1.742375301613922733e+00
1.551230834842929340e+00
1.731702905293156958e+00
1.792454740678225189e+00
1.784165904867665908e+00
1.805527548577024799e+00
1.887917017927124075e+00
1.948462299765997274e+00
1.682502242089750188e+00
1.668925578715646951e+00
1.957823103023946576e+00
1.729554992370277988e+00
1.991979075701048929e+00
1.900625491531481748e+00
1.949592894056161319e+00
1.956065380859687730e+00
1.770639567795804226e+00
1.845120915845977150e+00
1.906330111200818189e+00
1.782431370872008314e+00
1.929425501592308079e+00
1.818338480735667062e+00
1.988835580970266026e+00
1.770338088995797809e+00
1.705057325741711649e+00
1.661750769557044372e+00
1.838446736640779955e+00
1.789064312518428235e+00
1.796053397357073145e+00
1.851309284270301170e+00
1.679218562338420595e+00
1.589878019114550733e+00
1.626326664977731262e+00
1.871530041587714743e+00
1.704214413407146633e+00
1.787168445188514143e+00
1.790406039905708013e+00
1.743754687476432030e+00
1.902128256788795380e+00
1.949736626129791262e+00
1.835321352212367696e+00
1.910445941877123133e+00
1.793997047534904521e+00
1.673954911508950705e+00
1.571291639020617525e+00
1.629885791755914193e+00
1.548861074374213942e+00
1.512998054427294958e+00
1.760508316156913056e+00
1.647576798258584496e+00
1.636523681777000583e+00
1.642642783632362935e+00
1.727913329883574933e+00
1.727235873300931202e+00
1.679394550196506408e+00
1.749734329813673828e+00
1.739205511043671493e+00
1.753170276956579565e+00
1.842392695700153515e+00
1.686848227130032019e+00
1.723045077399772529e+00
1.770436505655911041e+00
1.890130960340050681e+00
1.920908441840012193e+00
1.955065566937832955e+00
1.913417956295766276e+00
1.551780108977729888e+00
1.648947721887176421e+00
1.961490155638622612e+00
1.755980131426064350e+00
1.937437405480754826e+00
1.749342038491860540e+00
1.755433937873939865e+00
1.808964961249485359e+00
1.779524125005961910e+00
1.749823571641565545e+00
1.730004142904432829e+00
1.803753542708492530e+00
1.967787896465925224e+00
1.798636391413095392e+00
1.937162360240406223e+00
1.846559527649355603e+00
1.704364717660765471e+00
1.673481467956079882e+00
1.628711493931504828e+00
1.519692212231736894e+00
1.722233301560061713e+00
1.751978538275737352e+00
1.750069874822305804e+00
1.907416136499816783e+00
1.853325066663597642e+00
1.855986779847931700e+00
1.735785833045195181e+00
