1.669186689792246714e+00
1.455760334041558579e+00
1.468916342977956813e+00
1.457634898377954569e+00
1.365414030380502242e+00
1.636762738856913257e+00
1.810586598341218156e+00
1.730448287519860573e+00
1.636488577856126669e+00
1.763317544839349660e+00
1.773587806002501432e+00
1.743937813899292477e+00
1.744665576021353193e+00
1.847609133829436701e+00
1.929834347034379505e+00
1.627879417372310789e+00
1.725115300380725580e+00
1.942707569572970749e+00
1.677209685736745115e+00
1.991832370871716051e+00
1.818347001350499204e+00
1.963779629165098850e+00
1.967791280998951065e+00
1.898116031589461405e+00
1.832404492233097537e+00
1.967971280092732922e+00
1.893804222213239408e+00
2.039265653251618460e+00
1.872846587800825358e+00
2.056130287118177247e+00
1.758134397304025320e+00
1.698669534801393377e+00
1.682410768110073285e+00
1.816075901359479383e+00
1.907469749694873817e+00
1.942073595663512675e+00
2.012324341433068486e+00
1.613324304924250718e+00
1.550745772886931384e+00
1.607717954670514926e+00
1.992384350592977027e+00
1.785113919183319853e+00
1.841060252464979285e+00
1.748210990240927742e+00
1.744480963650438587e+00
1.972373835664149144e+00
2.087791683225253880e+00
1.966985017814107728e+00
1.863129003436166498e+00
1.945152716334862086e+00
1.674290526313408911e+00
1.439029037450759496e+00
1.651960888459618415e+00
1.432605387734809721e+00
1.395281319100840856e+00
1.698332042218839932e+00
1.678159329595002580e+00
1.608573996809375739e+00
1.786331988537745552e+00
1.741517467280686571e+00
1.794239379143218516e+00
1.685439834785918967e+00
1.742348566539307253e+00
1.698741347533903934e+00
1.597488265610804925e+00
1.915906411504171736e+00
1.842876890082056240e+00
1.670791228556140151e+00
1.816921871463363924e+00
2.057338343560991767e+00
1.966640675997415100e+00
2.041441393623241396e+00
1.989965503349431231e+00
1.516310036315263288e+00
1.851131515946333517e+00
2.005025386460148162e+00
1.860049460318203396e+00
2.074107874962830778e+00
1.694432670390042750e+00
1.734515391064966883e+00
1.739243730196563753e+00
1.928025476204506816e+00
1.803661561170188055e+00
1.855525144376408475e+00
1.896930696448684506e+00
2.076583975896246326e+00
2.042205826280054204e+00
2.002610827689168094e+00
1.991603672124816482e+00
1.764138132848603879e+00
1.754089622317668073e+00
1.562005648174707773e+00
1.507080968554072253e+00
1.674377359683342892e+00
1.652782769751243830e+00
1.764702011197376796e+00
2.007552744138389134e+00
2.077338806703963758e+00
1.908881921360325862e+00
1.928718875782264419e+00
