1.622846892334658397e+00
1.538192195728918188e+00
1.481736813749724657e+00
1.519036788486792355e+00
1.523907463153964637e+00
1.555834167907361287e+00
1.628940771209457461e+00
1.661404811055854358e+00
1.640143877238222636e+00
1.606787717983294561e+00
1.660023130266244040e+00
1.615541029090031611e+00
1.606914238342658230e+00
1.639055001986268190e+00
1.690847879757893191e+00
1.645910810241750344e+00
1.618213283569830185e+00
1.719300610728365042e+00
1.573582799836852120e+00
1.595093043368662533e+00
1.618686156084346628e+00
1.711355358944043337e+00
1.712124110705526725e+00
1.686682975711259358e+00
1.729859758341696807e+00
1.776368990509914925e+00
1.599881496056235086e+00
1.755887142017783509e+00
1.613385708456567702e+00
1.789271385231722133e+00
1.724519056380475313e+00
1.613525742057883683e+00
1.585576752231033781e+00
1.700421770025766000e+00
1.617998806769951781e+00
1.681622787653574536e+00
1.677450316107469197e+00
1.599995829574023087e+00
1.542385450338230601e+00
1.630123041972911579e+00
1.763480280173307824e+00
1.670841175991895522e+00
1.682531066489945326e+00
1.725248357615419170e+00
1.700051831798055302e+00
1.736126320502102915e+00
1.656238526347853623e+00
1.647658997630838007e+00
1.783118469597870792e+00
1.678433340489823733e+00
1.536246978362740156e+00
1.475890035447474657e+00
1.472333619938630100e+00
1.412799725766363812e+00
1.478964023441847964e+00
1.650506945597477237e+00
1.517981978664740161e+00
1.663681394081231169e+00
1.475551236159600821e+00
1.394107696593901879e+00
1.543705140413759391e+00
1.493180258323881571e+00
1.463332402258770149e+00
1.446090226685272651e+00
1.428633215225283859e+00
1.525412327415710978e+00
1.513796842393571485e+00
1.480647190083959508e+00
1.473924438742108212e+00
1.571236563089166038e+00
1.487141220389907037e+00
1.600580422090500887e+00
1.568282862891568818e+00
1.360499226475918144e+00
1.444126326579863173e+00
1.642759518186840628e+00
1.486614314918049073e+00
1.700163009751619381e+00
1.591373236315281270e+00
1.498168915757981390e+00
1.357820724244455324e+00
1.350030367877869786e+00
1.681373261609252712e+00
1.540716559654355278e+00
1.543795874212485986e+00
1.546429914454583887e+00
1.813376227085055525e+00
1.846474850020144665e+00
1.593652491063486165e+00
1.316634760856396413e+00
1.503946874722142502e+00
1.506809055176711709e+00
1.422718605125296243e+00
1.508454533580775969e+00
1.500773011857255312e+00
1.706239441537388268e+00
1.720431453097871488e+00
1.547836139209739059e+00
1.809934208236584574e+00
1.696605565638442892e+00
