2.349804732859722023e+00
2.225107685383848732e+00
2.185411960911507023e+00
2.132187965400891283e+00
2.177409239960542919e+00
2.120466047579494973e+00
2.100756331662090748e+00
2.347900696680406352e+00
2.183438961550776547e+00
2.063727543940518050e+00
2.054505523002163603e+00
1.967126859058889510e+00
2.226480201709752915e+00
2.253026541830611684e+00
2.028282710745817230e+00
2.122974145249139077e+00
2.283368336706904866e+00
1.973987238157467461e+00
2.334219234927792819e+00
1.988289319699616309e+00
2.047455933986142451e+00
2.235805548590057423e+00
2.508296370784093732e+00
2.431836123705573005e+00
2.208658757160803177e+00
2.279741231159749582e+00
2.115162281324054483e+00
1.957412884734216707e+00
2.288426633390530984e+00
2.154631124928411356e+00
2.305940460069996867e+00
2.376678448698388291e+00
2.022120310064319249e+00
2.089013567903627688e+00
2.329744868629039178e+00
2.358284762864529149e+00
2.426999129463491833e+00
2.526709011824359141e+00
2.587016827042471157e+00
2.028500698163975713e+00
2.031804418873771390e+00
2.240863668833953160e+00
2.083620524916584671e+00
2.428808028550603737e+00
2.040786071123755541e+00
2.466302118503260754e+00
2.191522962970173793e+00
2.316109925743761622e+00
2.159748756736751041e+00
2.240212013623410936e+00
2.242147100223114808e+00
2.336950755869541485e+00
2.244015726746919182e+00
2.237194386073041663e+00
2.383086133534226825e+00
2.291522936304367875e+00
2.375122368026719055e+00
2.217723297124490678e+00
2.239650534997993159e+00
2.190966513838394469e+00
2.464147675593066911e+00
2.198252142492056471e+00
2.251826016210136672e+00
2.308770808040942146e+00
2.412140166300256183e+00
2.519331754967441661e+00
2.317172173278416292e+00
2.266135476586146780e+00
2.295959861492815168e+00
2.410637359379808498e+00
2.412645739776167808e+00
2.382015999056545486e+00
2.649730708920897015e+00
2.368957631692979682e+00
2.477866410113111595e+00
2.351750773598859645e+00
2.246375050266040230e+00
2.408380462073571593e+00
2.608556593599182793e+00
2.353875970141494633e+00
2.522257009489083046e+00
2.396190094975754192e+00
2.348743671357397478e+00
2.452621307810550100e+00
2.404910406908534526e+00
2.295796662560638524e+00
2.293220194543353685e+00
2.363234176106745021e+00
2.430574428155909406e+00
2.367921476820447957e+00
2.349136666207727320e+00
2.328346041732007432e+00
2.210441872466346602e+00
2.194553644694111849e+00
2.051984544957045742e+00
2.581111839838258870e+00
2.357630632638472168e+00
2.714994059102394441e+00
2.157154690070111513e+00
2.214300444134459145e+00
2.331160166052673954e+00
2.597564214278210937e+00
2.739634917240612477e+00
2.701235328784943324e+00
2.645291248947523322e+00
2.521352850369784182e+00
2.621933474551950471e+00
2.538237338465690662e+00
2.602803046239495988e+00
2.560788354147345736e+00
2.659869798027784782e+00
2.388592159728877728e+00
2.403814443809898727e+00
2.341459746981936263e+00
2.300462945087788036e+00
2.425792642192240667e+00
2.300283697543239025e+00
2.017394546294594360e+00
2.535857825138534860e+00
2.231972865178838639e+00
2.715436681190893431e+00
2.582629854139723236e+00
2.449963349854385797e+00
2.516564426540590205e+00
2.574710468197065616e+00
2.410841555218917964e+00
2.579210555686282103e+00
2.337560653862223337e+00
2.581588458753024451e+00
2.650034176291168997e+00
2.429271361740850121e+00
2.482438643028539893e+00
2.538415815825474375e+00
2.475045068764375689e+00
2.385292340714958215e+00
2.567836503170527251e+00
2.501720780540249933e+00
2.708312486409453879e+00
2.153638397367553026e+00
2.101475786738546514e+00
2.164049822829235303e+00
2.104608903650905916e+00
2.209311469377337023e+00
2.307129212928475503e+00
2.077619597562344822e+00
2.174528431068596390e+00
1.978505539678862668e+00
2.550889491848651325e+00
2.251154186482911435e+00
2.441123530418845888e+00
2.255577816644322109e+00
1.992929086608581812e+00
2.426416645164649832e+00
2.169449241839679576e+00
2.246586738854345455e+00
2.411484891398449459e+00
2.336736800310450501e+00
2.178859859057740156e+00
2.434454419917547074e+00
2.165333656416296382e+00
2.088616984581213920e+00
2.172212259357628739e+00
2.395286180881963656e+00
2.628411488538878071e+00
2.693899618806546936e+00
2.136749715839450392e+00
2.388737768203386125e+00
2.289414889458598612e+00
2.418207278725174270e+00
2.408095422558430343e+00
2.454053604886566653e+00
2.450902665121644564e+00
2.498960476969787958e+00
2.488508299101378718e+00
2.431982908155968737e+00
2.316549796872465983e+00
2.586913592289080022e+00
2.695377526544648905e+00
2.721563552675902109e+00
2.579274038921456569e+00
2.616390308423211852e+00
2.674080779433782418e+00
2.500633627943802395e+00
2.569201310529070970e+00
2.550594960406546541e+00
2.339223963724788913e+00
2.277063481868976336e+00
2.452003400524047638e+00
2.119355842454754058e+00
2.263400529999997079e+00
2.090140086566924182e+00
2.353230333655332185e+00
2.270700959032728505e+00
2.128679831367842112e+00
2.341560447384704258e+00
2.143960474261028981e+00
2.129059251603410807e+00
2.110685866911967690e+00
2.232578682032253514e+00
2.335820776617757666e+00
2.265979855835938750e+00
2.316612754093295923e+00
2.245346147348850963e+00
2.269682460289639270e+00
2.484295650535498723e+00
2.423164789702179078e+00
2.141070542863160675e+00
1.984520963132392568e+00
2.180903317540356934e+00
2.180288058080463998e+00
2.214927620684022269e+00
2.344101301619484712e+00
2.233754761968047120e+00
2.278976910895231356e+00
2.372272780015582505e+00
2.441777326039920926e+00
2.439356981840060001e+00
2.316456377698548508e+00
2.328561860095843539e+00
2.547708469548547239e+00
2.446013809412788564e+00
2.434405469768703867e+00
2.531738736677605850e+00
2.424113813802939887e+00
2.291693549438172717e+00
2.406397021550794157e+00
2.524588144033624637e+00
2.355203036172693665e+00
2.347523466929244851e+00
2.466073976065594309e+00
2.661285086202354044e+00
2.647043672210636522e+00
2.552604017861103802e+00
2.406063240301429040e+00
2.655915564140774787e+00
2.660276004532062810e+00
2.425034261699531513e+00
2.625064481904210822e+00
2.397377400367676437e+00
2.420656780417912213e+00
2.818289761585684783e+00
2.428369382291386991e+00
2.443254940137793429e+00
2.451977282259852231e+00
2.357756667199540690e+00
2.450435579275024978e+00
2.486435268451016256e+00
2.537550771182885079e+00
2.550604882559615039e+00
2.206745192894693730e+00
2.239236415680657455e+00
2.330841340827343178e+00
2.368661728996054983e+00
2.254386774225346723e+00
2.341325113717289241e+00
2.279218625005075882e+00
2.183863131840555027e+00
2.337721673449810744e+00
2.330509323119844822e+00
2.132464614789622015e+00
2.094716050859243062e+00
2.137528213942161415e+00
2.513945175709384472e+00
2.233626725705093019e+00
2.076147929811144710e+00
2.360535175342627578e+00
2.104143951562801540e+00
2.341073097633207034e+00
2.180479300108820517e+00
2.554621762465834944e+00
2.106474289933903954e+00
2.218599517136194521e+00
2.463133283680095875e+00
2.495941068323817902e+00
2.125106918131550948e+00
2.356334508633641356e+00
2.611243265130419378e+00
2.302878655332222024e+00
2.345620700886187127e+00
2.211321997581250809e+00
2.213365694759046320e+00
2.603158653909166897e+00
2.508813015214004682e+00
2.549889935306143940e+00
2.544526240559628949e+00
2.037316120902154637e+00
2.136771695450301767e+00
2.199830444385175277e+00
2.212055127183093717e+00
2.419295067305561098e+00
2.464718774009231783e+00
2.344327918438469993e+00
2.182692524016990099e+00
2.360094950118085677e+00
2.370509540960689332e+00
2.259757172206594777e+00
2.303769098127889325e+00
2.227199979162075127e+00
2.099283802781158670e+00
2.289892846256812664e+00
2.253253806752346211e+00
2.194875747190561999e+00
2.072265857841534942e+00
2.315757193054249985e+00
2.188036912726402328e+00
2.484328995583504618e+00
2.148505938089656730e+00
2.213520680404509555e+00
2.492721699172160132e+00
2.146619276349407190e+00
2.581775214346483605e+00
2.111007358575272441e+00
2.529480908222072610e+00
2.210793302915182501e+00
2.298685870255166019e+00
2.307361399045723349e+00
2.224811191846143732e+00
2.379679450378560990e+00
2.152799114489643451e+00
2.479250274790028907e+00
2.288308530432631382e+00
2.454487138439125804e+00
2.305325707476730823e+00
2.265659368898188308e+00
2.577557665835677803e+00
2.088086452314033448e+00
2.401774445817716153e+00
2.401180681752743240e+00
2.451134632891131648e+00
2.337082838063181622e+00
2.169822699211583217e+00
2.168120125732485803e+00
2.304106745047774130e+00
2.182742557821570006e+00
2.344964364946934943e+00
2.535337808244622071e+00
2.538866801813396634e+00
2.478915534714960067e+00
2.554451257130881725e+00
2.173003743145475841e+00
2.418024136949241232e+00
2.443787517950808397e+00
2.254610673377892116e+00
2.139907104041760988e+00
2.211355879712425754e+00
2.270886584987316326e+00
2.266915342642955800e+00
2.515613423338497689e+00
2.396405003946854073e+00
2.623665367953713634e+00
2.143827904250558358e+00
2.253195096327542224e+00
2.189632169976547083e+00
2.516099476753908881e+00
2.419345246186871634e+00
2.597656413870134351e+00
2.692063072037389038e+00
2.509544883987775865e+00
2.602529037082121022e+00
2.573991014255645471e+00
2.568106228723503470e+00
2.599645470076420217e+00
2.525026728962400213e+00
2.461125823740277330e+00
2.457230014384689021e+00
2.197371045722751770e+00
2.207386557730762089e+00
2.222168810934091354e+00
2.201070487465443648e+00
2.406376921884865183e+00
2.197401941288203986e+00
2.195236964682573788e+00
2.342020518551321207e+00
2.592237058018896700e+00
2.390735220178429099e+00
2.596284614776299460e+00
2.620055683748892417e+00
2.470288538966050496e+00
2.426531885781125997e+00
2.530345900483720545e+00
2.476645059293411055e+00
2.535004831061280939e+00
2.501927534467059733e+00
2.399287598755158069e+00
2.503267994522208273e+00
2.430669953158127949e+00
2.416601369423457157e+00
2.584672787782451575e+00
2.385706131077513170e+00
2.513629515821061311e+00
2.353100859818450630e+00
2.601710796503855949e+00
2.329448178348509924e+00
2.284409654188757077e+00
2.651609369025660801e+00
2.681472623276279332e+00
2.665271977929679625e+00
2.103479908380094798e+00
2.170733089353080292e+00
2.189158836599134350e+00
2.211644160617694865e+00
2.116980887482552198e+00
2.169187508290112198e+00
2.248104682668528920e+00
2.200604067501762628e+00
2.114370093645353776e+00
2.080443830884476597e+00
2.161726121540363810e+00
2.196822473116728514e+00
2.275176175728261363e+00
2.120340067829151742e+00
2.266944900933666407e+00
2.259800649409833273e+00
2.000610562475861887e+00
2.504028137114997055e+00
2.481018313229037098e+00
2.487093080876562556e+00
2.160993071548367617e+00
2.363639116358523751e+00
2.450830883956898631e+00
2.425282013594148633e+00
2.457494992612617057e+00
2.431547729582797857e+00
2.219994987087587024e+00
2.238121233165484725e+00
2.430420229205780380e+00
2.324934767884450526e+00
2.449381941732802215e+00
2.539023560201100427e+00
2.476739165701506540e+00
2.453956573966156185e+00
2.433353866087549111e+00
2.533568600741264110e+00
2.438894287260578775e+00
2.537571221383648545e+00
2.391198336806779956e+00
2.491673288589086876e+00
2.477037692536071756e+00
2.617700668256898400e+00
2.593448599707639524e+00
2.679774006727173141e+00
2.679060373260133687e+00
2.616729157982905285e+00
2.442057983577510694e+00
2.520976601561948360e+00
2.665079057182440980e+00
2.625322768850560262e+00
2.643126899763241777e+00
2.570372424937078293e+00
2.332546758078518856e+00
2.445721558610455482e+00
2.520723336744895349e+00
2.234185079169100252e+00
2.402910675063982371e+00
2.333340635855675860e+00
2.286752100765721440e+00
2.429816588828684676e+00
2.513415553097288591e+00
2.525474349738126900e+00
2.487312150322771753e+00
2.239595736369944134e+00
2.341655876119039803e+00
2.066151026445671501e+00
2.267384557150851965e+00
2.401239025264339411e+00
2.156306545968477817e+00
2.309832635258744826e+00
2.242506834460437748e+00
2.118156797694997984e+00
2.235221142257094673e+00
2.244404142645851863e+00
2.165611832307147822e+00
2.352227560777063520e+00
2.448937870689137153e+00
2.087527253299830132e+00
2.251128058533764520e+00
2.112546423862289746e+00
2.312007242754225089e+00
2.363888705668449219e+00
2.259591177135936046e+00
2.479023059986764643e+00
2.421714516184223509e+00
2.371037400681418550e+00
2.463224281878360511e+00
2.496796874157295232e+00
2.531545118666425065e+00
2.559744728834201677e+00
2.406926783502671530e+00
2.646517653366491363e+00
2.664280316746225008e+00
2.561140489121002783e+00
2.770155195190567188e+00
2.430855516502263391e+00
2.396372158718325096e+00
2.398133622417769839e+00
2.397289068459333539e+00
2.426859634055042569e+00
2.567528956432461040e+00
2.444686265876070852e+00
2.489197102635454240e+00
