2.137411329435384033e+00
2.085834632432891578e+00
2.180796504262707547e+00
2.134543818393853432e+00
2.104756003528055253e+00
2.052578641774710722e+00
2.091773040752596291e+00
2.238377657056227488e+00
1.974741385829142493e+00
2.159827130907063353e+00
1.982276184383928719e+00
1.975967843821061942e+00
2.005706063509682835e+00
2.071885444852916258e+00
1.998424965770420059e+00
2.037116572341220788e+00
2.192782176241170777e+00
1.955294078071098562e+00
2.242881449919125192e+00
1.953839806350778918e+00
2.038241689137613832e+00
2.077880282331179718e+00
2.618776971546128873e+00
2.399161681022198955e+00
2.023012030863514887e+00
2.199394807041717304e+00
2.088672707416757479e+00
2.038344419477875036e+00
2.441839982516313512e+00
2.056549403065487169e+00
2.140492034717926817e+00
2.398635727038780363e+00
2.115194928670124153e+00
2.248875428902795015e+00
2.470574943684331615e+00
2.521344368007736314e+00
2.443223233441198960e+00
2.473538171071695047e+00
2.522067717437294743e+00
1.967987135810569610e+00
2.127429073839518736e+00
2.066655251577688368e+00
2.074067991707659875e+00
2.306722329766192292e+00
2.099317491330114027e+00
2.329769524667717029e+00
2.209383536275533633e+00
2.181466356820080499e+00
2.017530351507170305e+00
2.139187833540921346e+00
2.291265792036543125e+00
2.259065188126719192e+00
2.154848796339533745e+00
2.138243354825747122e+00
2.151728440556864630e+00
2.197870300570534674e+00
2.244633705555390879e+00
2.122888597038852243e+00
2.307619664187016806e+00
2.184030472481637286e+00
2.346024718358076022e+00
2.348920519816970920e+00
2.147064654023223884e+00
2.165043491800933140e+00
2.472340905183946003e+00
2.359060871011617877e+00
2.325219210900332012e+00
2.167924229656911006e+00
2.325407998244437557e+00
2.423704166066693588e+00
2.288379587077959076e+00
2.534098301752933935e+00
2.451362819821709671e+00
2.321802784124214813e+00
2.450259827398578061e+00
2.550775255471315006e+00
2.300877332332842862e+00
2.368677373334060032e+00
2.536957889214218387e+00
2.436474224418893719e+00
2.441580323431160604e+00
2.473251178204384892e+00
2.235944802265513065e+00
2.237747894536760374e+00
2.375962294049881240e+00
2.340988996375477971e+00
2.116438958234484691e+00
2.161248598111067842e+00
2.376476956596842438e+00
2.386801256497875556e+00
2.466854002504616616e+00
2.402089978744660570e+00
2.481717528373563741e+00
2.472410336299980305e+00
2.423530419002625891e+00
2.491450018190911830e+00
2.442092657792577004e+00
2.531605789991870470e+00
2.340039816159091401e+00
2.435003488019160223e+00
2.454475246391060850e+00
2.579892434356061415e+00
2.727297515522472793e+00
2.666279190071829674e+00
2.638372615468594251e+00
2.428604267805347661e+00
2.421903608941698316e+00
2.350470735742181905e+00
2.409731060295526639e+00
2.470309539307729896e+00
2.429142425015012652e+00
2.133170825725097863e+00
2.176907788632304275e+00
2.168230840030396234e+00
2.256314724192767240e+00
2.403693091741386123e+00
2.299259943117121452e+00
1.867423245315274372e+00
2.564441334243796611e+00
2.219550843731452616e+00
2.486117346136908601e+00
2.434072998671720889e+00
2.264437167506951454e+00
2.364340389268111409e+00
2.485751313697351250e+00
2.349521787317657040e+00
2.585385634373621233e+00
2.445788422883457880e+00
2.490126968683683994e+00
2.600516150153130202e+00
2.445563631753853606e+00
2.419539767708295930e+00
2.470555063196795409e+00
2.429090232183275688e+00
2.320610324348235221e+00
2.498499696557274330e+00
2.530550591356362844e+00
2.551591213561891447e+00
2.300451823899821502e+00
2.182710987338203790e+00
2.226929724297725954e+00
2.186661325773106235e+00
2.252683049247936609e+00
2.303422339307995337e+00
1.878129552850409834e+00
2.041615665818957481e+00
1.829968578947854141e+00
1.925577142587926671e+00
2.013737443494723944e+00
2.087350017133249747e+00
2.095403927747949702e+00
2.030543711838725951e+00
1.960846373662450404e+00
2.201057042528460794e+00
2.382811833672893176e+00
2.383176337038856563e+00
2.304791722030228307e+00
2.429433879922376249e+00
2.386508320095681146e+00
2.230470058407610257e+00
2.315686171664804061e+00
2.275734081691336286e+00
2.216491706098648873e+00
2.405649242951787503e+00
2.531845453178903860e+00
2.261272624435667566e+00
2.288264354548511736e+00
2.336649133636359288e+00
2.268421491788986000e+00
2.302891607672461038e+00
2.420936596358378878e+00
2.426846643867511144e+00
2.305181134671492327e+00
2.475364679769853193e+00
2.446586240457271799e+00
2.299466132556789777e+00
2.538531244649802510e+00
2.593453178129785819e+00
2.546774744351197217e+00
2.608268090835796915e+00
2.530849546884229362e+00
2.693135051993929441e+00
2.469652020065859599e+00
2.570609974274017162e+00
2.496079519448041406e+00
1.953755489300627479e+00
2.131155654244345055e+00
2.170774065721364998e+00
1.861016335049332282e+00
2.009635894274207857e+00
1.936301744820385862e+00
2.136159536644956614e+00
2.092061929770367978e+00
2.080551413300756547e+00
2.285715058816865319e+00
2.133834267329698164e+00
2.223574603147566719e+00
2.145700285823294085e+00
2.326623514335582676e+00
2.216919046243322367e+00
2.204443470675481187e+00
2.430444170355170463e+00
2.278567785225393383e+00
2.258718787892665780e+00
2.377316531079550543e+00
2.260718263871188238e+00
2.243484581336051775e+00
2.036455336181289155e+00
2.182724688370265564e+00
2.194118199879805164e+00
2.252151467075584446e+00
2.309294808557730949e+00
2.245616501521677577e+00
2.302278443578587019e+00
2.200923284085533727e+00
2.268187262568146068e+00
2.412419004952383261e+00
2.375149855616292438e+00
2.372772035393393875e+00
2.429380767570659572e+00
2.399439322358285054e+00
2.416562897031451662e+00
2.513880476563238986e+00
2.471596483873807593e+00
2.431913706870847403e+00
2.434349206158597401e+00
2.567552369967892822e+00
2.418669847817301655e+00
2.360652098321818215e+00
2.509887897154935654e+00
2.512317101402852249e+00
2.481989030881003977e+00
2.447933457157686288e+00
2.403382197844581736e+00
2.630644467997530267e+00
2.644500970554622299e+00
2.465157622651224845e+00
2.677983141474290729e+00
2.420489415042797798e+00
2.526092865128371834e+00
2.714049802686346879e+00
2.508318508812943826e+00
2.545638269955027511e+00
2.467451935389104012e+00
2.497344638293472752e+00
2.419522718688717156e+00
2.556064216373416187e+00
2.543756503234753108e+00
2.044926729735313309e+00
2.256421510029240185e+00
2.023254828098392633e+00
2.107951381527467749e+00
2.203297270575277800e+00
2.133791938974440416e+00
2.136799799998268856e+00
2.046491281338741697e+00
1.974311555507585858e+00
2.233878477183406819e+00
2.100228052844070437e+00
2.017905086358233735e+00
1.980537554482443063e+00
1.997984946054775612e+00
2.210111422696918293e+00
1.998953229644950813e+00
2.011682193092964255e+00
2.321350266523404038e+00
2.011610044336073599e+00
2.047007115887116147e+00
2.028210758865432339e+00
2.563435544535283661e+00
2.032580653286861327e+00
2.062394022075929367e+00
2.288063582042404231e+00
2.254508981849484339e+00
2.087153111423806440e+00
2.108865767859839035e+00
2.295398837007825765e+00
2.175515475420457534e+00
2.237330087409169721e+00
2.254957577783646361e+00
2.135243867799115236e+00
2.427449029767516198e+00
2.450616073602484679e+00
2.508963039709260823e+00
2.465398494380817596e+00
2.002114433549705641e+00
2.012392430617021333e+00
2.064910383225792678e+00
2.249725184965537306e+00
2.360179109450859070e+00
2.414324861208387851e+00
2.336581115216782578e+00
2.274435824285423458e+00
2.087990140826474494e+00
2.264592477864314723e+00
2.112335065317567206e+00
2.347839318616283588e+00
2.193009186384892839e+00
2.108053242827796492e+00
2.212857252518092288e+00
2.206125425948997520e+00
2.160106959094315382e+00
2.216094096713598471e+00
2.314037505295959640e+00
2.257797085666342074e+00
2.461067920035521883e+00
2.257805283703144816e+00
2.160136643096454812e+00
2.407660352563493866e+00
2.432434801019329740e+00
2.449321012739355208e+00
2.182714071192398020e+00
2.408607682584160248e+00
2.281775213102691602e+00
2.334573597719550975e+00
2.434829997582525607e+00
2.214313086037877465e+00
2.557969981691659012e+00
2.344348051818638812e+00
2.441127704868407466e+00
2.307172589585326339e+00
2.544967424829242209e+00
2.385605504140580368e+00
2.323479400341878609e+00
2.479175793106917602e+00
2.310220094520166523e+00
2.425844929301660180e+00
2.334087043388642257e+00
2.580884956178563616e+00
2.302216055641704617e+00
2.244352048253992926e+00
2.339915453097145104e+00
2.295790647320597344e+00
2.242915013807077695e+00
2.188232585528131935e+00
2.209459828964225991e+00
2.221943102327870623e+00
2.218247319201923862e+00
2.445035566789407699e+00
2.134253841484390346e+00
2.420151383082729257e+00
2.457703100267320639e+00
2.387507168067947383e+00
2.486598257525665545e+00
2.489968687990898655e+00
2.386452873666783603e+00
2.464755831362814842e+00
2.482933572097888231e+00
2.353898364399283683e+00
2.578724364570531336e+00
2.476249114804292883e+00
2.569157671756438166e+00
2.495675399204068778e+00
2.667148896249807777e+00
2.503253556564003723e+00
2.571986875817595664e+00
2.646908659047356061e+00
2.624083111624599063e+00
2.454924935696673138e+00
2.407218558305436851e+00
2.419847044653331114e+00
2.407572536236298077e+00
2.338273161562783198e+00
2.445659677373361873e+00
2.306159738109181401e+00
2.204674308384729997e+00
2.023410451084697748e+00
2.195737501158871563e+00
2.052960212280149133e+00
2.242281555794271686e+00
2.142653983914798665e+00
2.166657835141766686e+00
2.366074524321918560e+00
2.380289073359569851e+00
2.364077890982779984e+00
2.361281513234330109e+00
2.571779435927025848e+00
2.179874665484097029e+00
2.238620627822553111e+00
2.398779060671613284e+00
2.449853782890184739e+00
2.397628729381870993e+00
2.451893698721010040e+00
2.273794513239485671e+00
2.504784482032512916e+00
2.508901324032583258e+00
2.363324928350970300e+00
2.561984579316033628e+00
2.436466650089945674e+00
2.391188531024988073e+00
2.311137106468023283e+00
2.562756800851612837e+00
2.460889581367673440e+00
2.343658542996868377e+00
2.562354649135343720e+00
2.479849183225389719e+00
2.591134316397262882e+00
2.333929334718565229e+00
2.378233679392204536e+00
2.216752141580114355e+00
2.283585401905153134e+00
2.196704270050548136e+00
2.214688766389854901e+00
2.286000446864140390e+00
2.051746540020491061e+00
1.999270566167988594e+00
1.919869430605516403e+00
1.994082702872388424e+00
2.158460071979525718e+00
2.038389322646111168e+00
2.092048225047175691e+00
2.121916659957780560e+00
2.192177571411405790e+00
1.992690026994359487e+00
2.257172320862276482e+00
2.314408790392974868e+00
2.489702028705839343e+00
2.379342827833540674e+00
2.308062224130574602e+00
2.423918777537592106e+00
2.218518241983389316e+00
2.190003576851485612e+00
2.290192572498912948e+00
2.152073706054392410e+00
2.264245500052340709e+00
2.246881487026912261e+00
2.205997536618311106e+00
2.319574519936261403e+00
2.309637310186982706e+00
2.226925865953686134e+00
2.231611673538012930e+00
2.280665274337929205e+00
2.432744917505432536e+00
2.386268797694887756e+00
2.505754099084748887e+00
2.271900524424506962e+00
2.212876254543502785e+00
2.392362059777236372e+00
2.413611133057153246e+00
2.390280839876151919e+00
2.373654402231858196e+00
2.445843774649243851e+00
2.419535657176099974e+00
2.390420465147926166e+00
2.491886521076887018e+00
2.578207075555716266e+00
2.693497698180344013e+00
2.562225471884345573e+00
2.466731477259069383e+00
2.477196628310669002e+00
2.488428640669202441e+00
2.545427299889620798e+00
2.152739032983999490e+00
2.192587673991214459e+00
2.173297433915469590e+00
2.131219415885986734e+00
2.260264116166720516e+00
2.412225334472847482e+00
2.590471081894388572e+00
2.528331069835047185e+00
2.117057641824863889e+00
2.132644056586996406e+00
2.061101280685701198e+00
2.081127993670962351e+00
2.130802790591838303e+00
2.040158322446461003e+00
2.076204716935242889e+00
2.039073577624606060e+00
2.096643148131997147e+00
2.042734154050612538e+00
2.296491002875004739e+00
2.085318575831212939e+00
2.206671204416657872e+00
2.233334754096134578e+00
2.170514624634762413e+00
2.135973196687777076e+00
2.193020061922529518e+00
2.350997804853331985e+00
2.314571749763080444e+00
2.381302814887149566e+00
2.378014720254870706e+00
2.388832645665896148e+00
2.433176855715883047e+00
2.500905002578639458e+00
2.332074523266704613e+00
2.551399590244897375e+00
2.369693624241713703e+00
2.428720846267606870e+00
2.660688586460868699e+00
2.605363786815548366e+00
2.555827534459502726e+00
2.674823801467603346e+00
2.533529958561445472e+00
2.472983732216361474e+00
2.484362258048641969e+00
2.535588338783022255e+00
2.452099661729629343e+00
2.499683397112264061e+00
2.551411249830814132e+00
2.550775772859569024e+00
