2.116133064466048097e+00
2.174367159378619796e+00
2.202670327463832400e+00
2.143350039187388756e+00
2.185715899136986273e+00
2.096642521946538107e+00
2.101528638282122774e+00
2.397149153638061581e+00
2.224298689749309776e+00
2.040361339086893988e+00
2.002718233125656777e+00
2.043901284700427645e+00
2.097007389809893318e+00
2.183009542219989552e+00
2.096094173019847240e+00
2.306628610067940510e+00
2.599465446679040781e+00
1.956792049851162396e+00
2.327316617349309613e+00
1.987419367595805175e+00
2.031866425311871893e+00
2.168661653174900117e+00
2.608683626458658367e+00
2.572074700095044797e+00
2.123216695482067262e+00
2.256399397554228248e+00
2.199338010145061251e+00
2.015178783939665763e+00
2.510230877741708166e+00
2.161095677319177621e+00
2.271288942386608056e+00
2.574744312537007751e+00
2.112041484632565691e+00
2.367127633975235845e+00
2.467110045210703984e+00
2.525391760807976560e+00
2.457093711318329543e+00
2.672497090819306642e+00
2.635546532455938173e+00
2.068042095498454191e+00
2.219066812261457855e+00
2.535196590768833413e+00
2.426480516711119417e+00
2.665394087845488702e+00
2.530459523520852017e+00
2.576882987594675267e+00
2.496415821780102018e+00
2.678551620942714262e+00
2.477145071012304189e+00
2.333708525762426600e+00
2.713964212055170577e+00
2.381027766061744266e+00
2.447050585157622749e+00
2.341068328221931782e+00
2.368510055273062687e+00
2.217716498214565402e+00
2.477182059694054583e+00
2.124847240321333430e+00
2.296702988265905354e+00
2.360841117454687055e+00
2.661678048309690237e+00
2.163483916214709701e+00
2.459048817831044786e+00
2.102237164101255384e+00
2.585620565338799803e+00
2.446627622527572488e+00
2.260500151848775729e+00
2.076295048202021043e+00
2.272824130230741257e+00
2.459480526564284286e+00
2.285718349562742890e+00
2.613001114155608651e+00
2.509738096087525960e+00
2.288344251163912269e+00
2.488891159369166495e+00
2.483965961946844381e+00
2.355562885002310924e+00
2.430402937814061914e+00
2.574319703659346814e+00
2.360725497745138846e+00
2.412014085367180094e+00
2.532436054893469457e+00
2.249260926718261278e+00
2.375459420284625534e+00
2.375483285642933318e+00
2.363183742997884806e+00
2.191154440410258974e+00
2.303008900466497089e+00
2.682062567747647730e+00
2.469711038323811447e+00
2.579576631580588586e+00
2.622290435888791293e+00
2.472321321253160953e+00
2.432202886946278841e+00
2.357916832470067892e+00
2.548642384757321189e+00
2.698957985519891523e+00
2.604453826541041739e+00
2.429220945862883951e+00
2.387259221117691066e+00
2.572607718332592164e+00
2.675661297662145444e+00
2.749060144225598634e+00
2.671572713894400763e+00
2.705429682655139612e+00
2.633998575617887195e+00
2.595123587547155442e+00
2.490094785637541719e+00
2.394412022949615970e+00
2.532869439667599920e+00
2.618794489359693500e+00
2.515562518215275212e+00
2.371374911542720731e+00
2.577375165713563288e+00
2.454574463317590993e+00
2.500802945644479802e+00
2.327919514000300172e+00
2.186405374291715997e+00
2.591191194771988560e+00
2.427998560514218251e+00
2.797032631019122917e+00
2.469594230551687808e+00
2.496287295514286519e+00
2.562413875843690292e+00
2.483165880636634348e+00
2.403613191003556082e+00
2.613199500876702608e+00
2.397474255244042229e+00
2.732570802447049196e+00
2.578251552911732247e+00
2.598626527240813555e+00
2.532734914684871441e+00
2.649530382132259110e+00
2.545522691004546978e+00
2.304718639673779546e+00
2.618165494272993943e+00
2.549320626861752981e+00
2.525892374320951372e+00
2.173007000585278181e+00
1.997770849244063562e+00
2.041555029497322593e+00
2.098174355352702580e+00
2.145888491442454971e+00
2.357534518229863263e+00
1.512657905381936008e+00
1.915769384973963430e+00
1.570160850178905276e+00
1.859150310218211644e+00
2.015645228622009455e+00
2.113914757734641103e+00
2.150424106987760542e+00
1.790851893687164020e+00
1.969072453083637209e+00
2.349844410783330950e+00
2.502920560493868685e+00
2.627364390918893733e+00
2.572420310197609528e+00
2.384672917307780526e+00
2.639070182119678698e+00
2.450167267046877040e+00
2.446143986859129704e+00
2.540539075762636489e+00
2.497332430200497111e+00
2.634386830093916831e+00
2.529068093904334180e+00
2.144832366601379992e+00
2.322936399153430198e+00
2.516965336847854395e+00
2.575576442616617445e+00
2.512032549123506264e+00
2.687716299556636823e+00
2.410582425864963074e+00
2.641185778519986815e+00
2.614861052289447763e+00
2.291321081309992902e+00
2.534514846675474331e+00
2.687485233078283464e+00
2.642550121028977905e+00
2.772034887175425233e+00
2.664014867802055875e+00
2.843462835592680094e+00
2.549571425714428408e+00
2.644230754713911669e+00
2.581662246395771909e+00
2.479635422832273228e+00
2.214624863255638232e+00
2.276069713640787473e+00
2.274356270288271809e+00
2.171633023022491393e+00
2.324416151221238014e+00
2.245477548917635513e+00
2.444387322679735242e+00
2.307830469577095922e+00
2.199392552566798997e+00
2.404713210308175864e+00
2.245186859281114611e+00
2.307732812347574658e+00
2.251123587308497154e+00
2.480398841160097234e+00
2.539946038001132944e+00
2.384134477812457131e+00
2.624732045890147969e+00
2.549627560445428820e+00
2.576530640045894938e+00
2.655802651765598377e+00
2.600867820127827024e+00
2.057755178889382641e+00
2.023627854954219263e+00
2.159801204322985946e+00
2.181872354103582268e+00
2.285954217375279818e+00
2.295989966671229343e+00
2.238384940324282368e+00
2.451931139762307144e+00
2.252818287808604047e+00
2.402362281438823910e+00
2.613382932387044999e+00
2.465617813338004449e+00
2.523207411366685804e+00
2.629769899004629874e+00
2.615747312588621032e+00
2.587339074147275486e+00
2.571426530406313749e+00
2.495785787073307560e+00
2.491924733692884253e+00
2.469169955067336275e+00
2.499828502179612943e+00
2.356635951357862524e+00
2.298773642813619844e+00
2.453782160053934902e+00
2.690770494849856309e+00
2.680863406989117070e+00
2.569510637947655773e+00
2.534775689897869722e+00
2.629123166147703916e+00
2.531556055067437416e+00
2.553393749477175678e+00
2.757255953866332820e+00
2.659358548810058398e+00
2.611839342737270808e+00
2.780895780234102332e+00
2.606082308480944576e+00
2.643541098818682489e+00
2.694050691336875136e+00
2.622236230146729685e+00
2.446468262536283689e+00
2.644528839707530388e+00
2.661805454232727630e+00
1.872711587333011796e+00
2.211327375775964832e+00
1.915112428006996881e+00
2.144707558381043988e+00
2.031617599387899986e+00
2.210385013178671976e+00
2.158771580536581691e+00
2.124771093664090227e+00
2.114194609698355265e+00
2.011855273314937964e+00
2.205285000004642004e+00
2.080258744424944073e+00
2.027081234781501262e+00
2.223624707938663292e+00
2.347268449701549464e+00
2.241734389706390385e+00
1.990724523724431538e+00
2.201196625466813828e+00
1.970557280439129588e+00
2.195840057775888088e+00
2.089093757357304515e+00
2.748157040423482300e+00
2.100106919647080073e+00
2.206040993602345068e+00
2.433776790120149691e+00
2.493555569591180188e+00
2.068735478337998313e+00
2.238811553976972402e+00
2.518910722416954684e+00
2.247009477992806481e+00
2.371907517622769745e+00
2.347545175731217348e+00
2.171385582726685914e+00
2.562986757121656467e+00
2.621249423294955694e+00
2.653229030210681127e+00
2.617031555432805856e+00
2.184781971615394447e+00
2.113392328514372753e+00
2.125843156670559786e+00
2.554853892737646071e+00
2.578690587344013352e+00
2.403111275609662201e+00
2.648948033531587143e+00
2.503013350245746782e+00
2.402559088159565093e+00
2.512162239646459128e+00
2.738811226249092901e+00
2.289849758554171721e+00
2.245831132345337267e+00
2.207918494205276527e+00
2.218527849450654177e+00
2.229738997044755866e+00
2.212579131506004604e+00
2.056474906232106825e+00
2.225196569763547405e+00
2.257680920043871886e+00
2.511964150713496657e+00
2.038225749111833185e+00
2.304838621271426913e+00
2.595784806207134920e+00
2.103701844040950508e+00
2.436681750517697864e+00
2.066902562046847969e+00
2.318570603030055910e+00
1.979080190939562778e+00
2.564696298414144593e+00
2.298186503395641456e+00
2.086134082776363030e+00
2.446931159499315278e+00
2.391356926755749956e+00
2.501496531607339424e+00
2.348797341665552985e+00
2.312034858248400937e+00
2.236342937488821292e+00
2.435675584303258034e+00
2.485472995129351048e+00
2.344642983576002315e+00
2.501479006858720933e+00
2.443570641917690800e+00
2.542667162913765377e+00
2.432028223802659816e+00
2.427480055889227106e+00
2.276691613381329748e+00
2.484773086374704398e+00
2.245147542628180837e+00
2.004502986879879156e+00
2.268994229904830462e+00
2.398912522969578021e+00
2.465466695418034870e+00
2.582936181315072410e+00
2.313004068176700567e+00
2.531594963234234719e+00
2.422268019895883029e+00
2.295804990727475126e+00
2.117751870368033806e+00
2.407616876324965904e+00
2.400438531804038433e+00
2.622109148368835019e+00
2.532945645186056804e+00
2.573984539514148739e+00
2.607559711603297359e+00
2.340189958278640514e+00
2.328553960629645925e+00
2.568336649985666575e+00
2.698617505077246737e+00
2.602385818585938093e+00
2.693119626956528290e+00
2.611423761210370120e+00
2.640365442343213687e+00
2.606075091634182161e+00
2.540867045127109591e+00
2.481482158337727117e+00
2.414169158265533355e+00
2.557868913811044198e+00
2.419674478945732510e+00
2.511356992756534456e+00
2.459391235539759801e+00
2.214702257966144838e+00
2.679524815841637153e+00
2.508908333817582825e+00
2.612627900424211003e+00
2.447004312268562298e+00
2.464004777832553117e+00
2.575022745404081714e+00
2.578327503012032729e+00
2.549139655178236819e+00
2.533013702271724288e+00
2.834799796366526792e+00
2.404947776244175106e+00
2.524354397826861884e+00
2.579257973525921344e+00
2.461878271326054080e+00
2.569374931785747052e+00
2.406059814374874595e+00
2.274704287453802820e+00
2.698725349053322287e+00
2.666676199416865511e+00
2.383576247194839404e+00
2.611444206520709965e+00
2.459684881503563680e+00
2.501742143746645386e+00
2.384569524336093149e+00
2.562114603645969435e+00
2.459236603624653128e+00
2.486018581555400786e+00
2.464253290080293368e+00
2.561226596562497626e+00
2.507953036927907053e+00
1.818783326648077292e+00
1.873873765066451869e+00
2.198651952615839900e+00
2.226761696015448155e+00
1.793249548573079277e+00
1.969396620654920937e+00
2.200254804286480237e+00
1.818310766851633398e+00
1.914124124608542754e+00
1.680980824719765954e+00
1.829957223289374157e+00
2.160232902732196703e+00
1.970291742732115381e+00
1.981576956960419578e+00
1.869689700592039872e+00
1.806758528285448140e+00
2.069007360476860402e+00
2.552343091689696308e+00
2.489934086469516306e+00
2.560286270307490231e+00
2.438262533336229332e+00
2.423193369457806945e+00
2.678695935654722859e+00
2.079688848314158900e+00
2.448581590071430281e+00
2.493675967671407534e+00
2.245079960966245736e+00
2.408728534267325472e+00
2.329049421401356845e+00
2.369137662082027251e+00
2.581033887245195668e+00
2.609487145587354284e+00
2.583726451513651323e+00
2.499426744142809742e+00
2.480956855023150887e+00
2.540447363057296570e+00
2.498298498400589818e+00
2.591465071284444477e+00
2.386102244370580383e+00
2.293549346509084597e+00
2.427596121547717534e+00
2.534256419425283902e+00
2.228894955797825705e+00
2.709695359452869656e+00
2.680312563124160885e+00
2.486795340544106114e+00
2.713669624160637284e+00
2.682045564409722083e+00
2.625376509282909332e+00
2.796147734135364882e+00
2.670113479852083582e+00
2.563561153496102474e+00
2.658024243119390562e+00
2.545389870811115340e+00
2.544832481539462954e+00
2.308885295411764904e+00
2.462044206838428728e+00
2.449282457677789182e+00
2.322923049129131723e+00
2.433935113106422854e+00
2.507549460619573622e+00
2.535615158758649734e+00
2.518489702698770483e+00
2.230838321381311218e+00
2.302412701808060902e+00
2.283660439565809330e+00
2.333527374468165050e+00
2.338925352359851217e+00
2.133639505424972604e+00
2.336364872257753245e+00
2.267093340245485145e+00
2.401847702482776015e+00
2.247796919768104473e+00
2.339051752343621615e+00
2.198998908817127340e+00
2.492638078416361758e+00
2.407344188665606843e+00
2.115814201742361345e+00
2.182694123531347952e+00
2.143446739643962484e+00
2.423367540441851098e+00
2.761813107169875714e+00
2.436014273429548460e+00
2.688181653278959526e+00
2.452988618165093282e+00
2.425626095791296954e+00
2.403871502434774765e+00
2.266242452325854195e+00
2.469729544174269265e+00
2.502895753818488611e+00
2.439125978041132292e+00
2.569163127810484504e+00
2.689326376832779086e+00
2.727328829177583458e+00
2.705806606190719332e+00
2.615787676002852002e+00
2.618208586301167262e+00
2.715768352372352812e+00
2.698351587923299100e+00
2.432596878713566557e+00
2.606331649517682258e+00
2.486054501273380346e+00
2.506201331950430600e+00
