1.524096512238057421e+00
1.480418876587293653e+00
1.491652134150665887e+00
1.495612028241962710e+00
1.473221951539965824e+00
1.613831676304601448e+00
1.690949046457963734e+00
1.704151499206055131e+00
1.700261697576070707e+00
1.777323965368475589e+00
1.809111847815051410e+00
1.752759594270130616e+00
1.792919634622391678e+00
1.832018409543397341e+00
1.902023279793391808e+00
1.658485722061996626e+00
1.756247072690780398e+00
2.024298300128106298e+00
1.715479319093751620e+00
1.909153975948002735e+00
1.877525571691055495e+00
1.865722089801111094e+00
1.895351123511937352e+00
1.869698039362726272e+00
1.896621556510228457e+00
1.889256447650829562e+00
1.783361857959123720e+00
1.961545587907067345e+00
1.793311975556354687e+00
1.925651945678940713e+00
1.599510406519909278e+00
1.409175857585718283e+00
1.572581614840951936e+00
1.869751894164055628e+00
1.852144548524645939e+00
1.903049629574019352e+00
1.978999702522676429e+00
1.574319166146474380e+00
1.622849438369927233e+00
1.703972429098360664e+00
1.941049144755494282e+00
1.621317129980499150e+00
1.780876236591805828e+00
1.780256635122452691e+00
1.782554354191296486e+00
1.931343381398609615e+00
1.914627569720063649e+00
1.791522193020002485e+00
1.909677040121499081e+00
1.898664291102433843e+00
1.587296077985109743e+00
1.471256265765044979e+00
1.561474893044776158e+00
1.485666083431381290e+00
1.443477714240544163e+00
1.615797801105520293e+00
1.645487422898283425e+00
1.752549820780250789e+00
1.832179237467538968e+00
1.640445156281010286e+00
1.631089695415046004e+00
1.601684225346979851e+00
1.728812966559431175e+00
1.678138126475206882e+00
1.668435406000108090e+00
1.901412608699018625e+00
1.677760436212108797e+00
1.628044826294728686e+00
1.859513624725090963e+00
1.908906893074575395e+00
1.936890050357568560e+00
1.872996846575573082e+00
1.833807948073055138e+00
1.542026273529645053e+00
1.731911208697077598e+00
1.985991162884537919e+00
1.843878611270302059e+00
1.926228066409197970e+00
1.569745454743864510e+00
1.659606827470441415e+00
1.830710776854854283e+00
1.844754647677401715e+00
1.688566474004453477e+00
1.767951981303111930e+00
1.788526048460774565e+00
1.836497575944873617e+00
1.951451456059742240e+00
2.033759639446811374e+00
1.945167353299879887e+00
1.611299535063416499e+00
1.706398925676879674e+00
1.562845957142688924e+00
1.555327981226812817e+00
1.787244280889787484e+00
1.753218229319154053e+00
1.700856560383711802e+00
1.876396455222640203e+00
1.837730582690368042e+00
1.939557483490189860e+00
1.887601456677608258e+00
