2.053410793176122073e+00
2.185398428812784122e+00
2.080005954883306085e+00
2.084885915723951211e+00
2.100427705489692265e+00
2.125001922465499238e+00
2.125942028384832483e+00
2.341891366964134136e+00
2.125953785147472352e+00
2.247524987789813800e+00
2.057041526896038697e+00
2.042213672183048612e+00
2.162752125898767641e+00
2.207417893853401480e+00
2.013370673325547866e+00
2.065789219663804577e+00
2.322574642797314404e+00
2.044315981228459922e+00
2.420825302163625459e+00
1.967825178813410458e+00
2.133292716379052045e+00
2.096030964230650273e+00
2.490213424784569085e+00
2.485809227183369163e+00
2.032216804569158874e+00
2.258214899946435317e+00
2.152899107622247676e+00
2.167472965825436138e+00
2.332265269620955817e+00
2.108729134428807495e+00
2.134934639909598086e+00
2.424525937221002625e+00
2.180789148790930110e+00
2.179455510459463508e+00
2.224318403558777302e+00
2.204447054171853271e+00
2.276146808157037960e+00
2.291231862764761207e+00
2.379883857808589021e+00
2.041591846587861969e+00
1.951658589076136208e+00
2.297405831505689999e+00
2.003721070246478497e+00
2.320032354307076883e+00
2.297322217547438594e+00
2.378668840736572587e+00
2.255327668283777509e+00
2.334816604212344604e+00
2.119366988524995943e+00
2.111103153377873021e+00
2.329479137523900789e+00
2.199157859996256015e+00
2.250944969372297155e+00
2.003663046224241295e+00
2.097467011298675743e+00
2.079203226542574612e+00
2.154903680920718934e+00
2.142708300951585709e+00
2.156404435333569847e+00
2.158398713622084575e+00
2.313182056260229214e+00
2.118877296990842485e+00
2.263684866203224288e+00
2.222457628639090466e+00
2.296791095845466479e+00
2.330663395743571620e+00
2.230596763191682541e+00
2.176202552327290984e+00
2.265861544344539347e+00
2.338378659782899938e+00
2.295919626661168778e+00
2.475078044299388491e+00
2.382850663615206255e+00
2.277969278635965988e+00
2.390042496837589070e+00
2.299845973221557482e+00
2.389915140231195334e+00
2.270286982094062544e+00
2.501867224774518839e+00
2.400496515546814091e+00
2.402370613533205912e+00
2.500279348520009215e+00
2.236292590166923056e+00
2.308472118371682313e+00
2.287595041311468069e+00
2.335674559857033206e+00
1.965677100265023514e+00
2.229887937100749173e+00
2.236783818899246157e+00
2.382656439789451852e+00
2.315147589888568724e+00
2.209490302679863127e+00
2.263178678480119110e+00
2.209450169857762880e+00
2.152286920029710338e+00
2.087658370464245738e+00
2.060814163239312879e+00
2.293044429467675283e+00
2.112090911740320376e+00
2.195737054890041229e+00
2.278690282939387579e+00
2.159787876088895331e+00
2.336931589261030950e+00
2.590946557778411652e+00
2.544898393236372680e+00
2.372754124356470040e+00
2.436587800024646810e+00
2.422028351093346465e+00
2.370382657498095291e+00
2.280068704740061847e+00
2.304487402652465988e+00
2.248068865428942686e+00
2.335877366049996517e+00
2.171052320304102778e+00
2.139231049030113407e+00
2.409177738893296006e+00
2.160491118194252103e+00
1.996401463176119551e+00
2.329867890360201255e+00
2.203253654043408005e+00
2.562788198635967962e+00
2.377067020783140361e+00
2.360779894297501791e+00
2.411916505799966526e+00
2.376656034813579677e+00
2.319863355931171878e+00
2.374640721983431124e+00
2.413730959482858651e+00
2.492755913530474210e+00
2.450031078854660205e+00
2.488007338662261869e+00
2.425508028363551283e+00
2.395411306549723562e+00
2.435261546687567336e+00
2.333241225294455212e+00
2.482513194633843678e+00
2.550457211253231549e+00
2.461887022702784478e+00
1.982149321457160385e+00
2.017284462067633122e+00
2.002850494570473483e+00
2.098012689076047987e+00
2.077134614567382354e+00
2.210315748443336226e+00
1.944004895783305154e+00
1.970105779008858971e+00
1.862836861183287729e+00
1.978787665059221323e+00
2.052617277609686486e+00
1.974870347513040025e+00
2.081450514423422771e+00
2.032941556172244812e+00
1.896779675029980350e+00
2.122705362646836846e+00
2.096207303955428092e+00
2.255524302840770545e+00
2.325461914188450496e+00
2.224172790519475917e+00
2.051357735656750503e+00
2.143558891746322193e+00
2.201273830687124455e+00
2.298273435138803666e+00
2.240014185828270055e+00
2.360278649573747778e+00
2.484414839490122429e+00
2.048448105995124280e+00
2.156056669254954095e+00
2.277788004294000856e+00
2.343487563268155327e+00
2.396158269119208928e+00
2.349480474369422645e+00
2.414724584404640328e+00
2.311157984557742129e+00
2.340753076375348130e+00
2.400437667591152291e+00
2.246456487834253224e+00
2.458550295942699915e+00
2.417803529121966832e+00
2.483890697076529097e+00
2.541254357026600630e+00
2.658887161793026532e+00
2.529638168962981659e+00
2.410041855472307315e+00
2.500917631407099329e+00
2.469136201204630510e+00
2.039005460203093367e+00
2.136011707058556475e+00
2.102608283408458067e+00
1.957493182684626687e+00
2.060081762316889442e+00
2.064677599943183672e+00
2.141069975344193743e+00
2.130458117012395736e+00
2.024432976606171053e+00
2.107864789949728035e+00
2.069000111782937079e+00
2.143906246727265597e+00
2.139356697129306983e+00
2.261745178523824062e+00
2.145311578397385066e+00
2.391299923154737161e+00
2.259878728337441078e+00
2.251168267609210183e+00
2.167180555894382188e+00
2.177610597589669794e+00
2.189769102567753034e+00
2.044354586075529223e+00
1.889192347935932714e+00
1.997063813641035912e+00
2.040862234968313871e+00
2.073471685618778704e+00
2.176477700315966324e+00
2.159019427535823432e+00
2.107914897558581302e+00
2.208566501154356931e+00
2.208442773145152582e+00
2.382394756547175696e+00
2.221234315097911693e+00
2.238905184017492722e+00
2.421523621140347249e+00
2.398304912157493973e+00
2.429641926174197053e+00
2.432304012622238609e+00
2.299890405128886428e+00
2.262680422285253012e+00
2.294160927129924143e+00
2.420156574484003453e+00
2.236759040312235491e+00
2.320935731909121724e+00
2.360797117493778075e+00
2.524915210534075527e+00
2.330726566337349315e+00
2.428138453253516627e+00
2.336896346335591179e+00
2.480701411986639737e+00
2.532490480320267245e+00
2.461911647155751393e+00
2.521873531922877554e+00
2.412823856036726333e+00
2.418767218294159527e+00
2.743924348025748916e+00
2.484485308650958846e+00
2.462537102060138317e+00
2.364608327444780222e+00
2.458920743351979521e+00
2.379905398277486928e+00
2.414756465499333871e+00
2.463138626190524594e+00
2.123436454678837570e+00
2.342911237582387951e+00
1.982365990477701567e+00
2.063149396534551538e+00
2.479791699037723784e+00
2.091776912214586392e+00
2.140106433074412617e+00
2.080490982206562478e+00
2.022896610648874827e+00
2.311993243345967119e+00
2.187014335084303429e+00
2.075184842063052315e+00
2.011691715289412041e+00
2.047990914777412019e+00
2.290750678145180075e+00
2.121141225377021211e+00
2.159143337180749800e+00
2.524003076192065542e+00
2.011338443608984949e+00
2.158881628294951671e+00
2.095605419563110416e+00
2.598657591593594773e+00
2.094032720033977224e+00
2.124777738601110411e+00
2.311274331905795343e+00
2.476466207884644000e+00
2.135931199981398354e+00
2.160404421887008652e+00
2.275063131181895404e+00
2.131796521467062000e+00
2.200061899065648419e+00
2.305331039272638716e+00
2.169327285897675761e+00
2.283468769579461988e+00
2.341595141787300882e+00
2.347252638598344543e+00
2.360156548841843005e+00
2.007782921840467250e+00
2.218655569049322374e+00
2.268555200635314240e+00
2.300112715971863508e+00
2.383284642673714870e+00
2.250661288695858353e+00
2.317232724479863837e+00
2.311016038791508187e+00
2.240344801949734066e+00
2.236052306817287505e+00
2.487891203462422318e+00
2.194418320269039491e+00
2.150057647911467917e+00
2.296944867162487913e+00
2.217836894933605141e+00
2.237939336041963934e+00
2.165033982912694555e+00
2.134532592335484757e+00
2.303746572490755984e+00
2.192596902100931278e+00
2.373043527041557965e+00
2.145676645427152085e+00
2.373531588671910164e+00
2.395388981073480306e+00
2.124462716826511333e+00
2.251335452758083999e+00
2.200360763433987454e+00
2.178009630475401082e+00
2.185704125256785257e+00
2.338969996933362605e+00
2.294765045063086983e+00
2.136722920500914835e+00
2.352777024979925802e+00
2.231296257898826685e+00
2.361688143233811488e+00
2.248672405207289948e+00
2.409399949774059468e+00
2.333820987813793657e+00
2.144950510221508289e+00
2.326471652223161879e+00
2.131950246230283064e+00
2.429125470480058446e+00
2.338840775820956175e+00
2.402507839423607905e+00
2.219172544677926240e+00
2.218186086308325145e+00
2.357365368951991336e+00
2.307382518447068431e+00
2.413287376096227899e+00
2.165280033952145633e+00
2.274736170744560138e+00
2.315866353863933025e+00
2.214642134832077947e+00
2.216817214036012729e+00
2.206651204691478352e+00
2.286239152906700767e+00
2.232583039843405892e+00
2.225936571829929544e+00
2.337001279169222290e+00
2.251661509529778726e+00
2.230869107316570510e+00
2.377222180216122638e+00
2.393246916405574964e+00
2.387979519218536684e+00
2.485059888239787185e+00
2.225545984501092533e+00
2.175340683551512555e+00
2.194180362709054588e+00
2.459574862728192368e+00
2.519152106587569051e+00
2.586671659640799259e+00
2.540156807230904423e+00
2.402820587387768825e+00
2.414425814394771219e+00
2.463893986336586739e+00
2.418067513886349218e+00
2.308622123912922319e+00
2.240105975264634619e+00
2.291846842239888105e+00
2.338256924198179210e+00
2.084072427758315360e+00
2.310217645349175619e+00
2.376365329153696138e+00
2.305132635688549758e+00
2.319920293566422487e+00
2.419289262802862606e+00
2.561020427261006205e+00
2.381223363254194592e+00
2.417251628456343671e+00
2.688886001210448295e+00
2.380956495930670158e+00
2.576674685891832794e+00
2.308256909091947140e+00
2.368093456515930395e+00
2.225940217759848849e+00
2.145808897418430838e+00
2.249863425928322336e+00
2.217020915316474827e+00
2.284881831287080001e+00
2.517126895973296641e+00
2.396329930477278491e+00
2.282375803511857093e+00
2.412654185863844614e+00
2.235408901082098332e+00
2.369470812313905661e+00
2.302870982018105472e+00
2.442803950901007326e+00
2.334146066536876951e+00
2.200250330899747198e+00
2.417239939912342983e+00
2.376615904856181682e+00
2.426583488107920239e+00
1.746506659299510655e+00
1.935660373210005947e+00
1.869151218855123586e+00
1.942935993790299243e+00
1.925817098997850696e+00
2.221516424022562219e+00
2.104885928713735144e+00
2.004952636452432380e+00
1.824374865899127895e+00
1.853047027973480754e+00
2.011093956228296342e+00
1.992959844539799796e+00
2.048820782558331111e+00
1.839710423546449647e+00
2.064826599335920054e+00
2.291378688135866426e+00
1.929856879326954155e+00
2.315093053984503602e+00
2.441743323457435721e+00
2.259989180008979304e+00
2.153550726160428308e+00
2.180760257891294795e+00
2.230766839562471571e+00
2.210697078571839835e+00
2.261552945796219571e+00
2.160406556531823785e+00
2.113863015915488752e+00
2.185154011370024740e+00
2.268191742418649959e+00
2.180040652015916347e+00
2.215769010662726135e+00
2.394241736067575399e+00
2.356454868457429797e+00
2.338829519372029431e+00
2.268486830683439148e+00
2.304168237383731555e+00
2.271991825481284533e+00
2.260145477406593884e+00
2.283513676085509925e+00
2.395869572496501121e+00
2.342447253242355920e+00
2.417494978602674927e+00
2.376618480624355989e+00
2.439770711187113861e+00
2.512375224703420784e+00
2.496120033803906235e+00
2.242500703559949571e+00
2.317935899029321511e+00
2.334606577122782856e+00
2.588982274986177057e+00
2.478892102434491651e+00
2.391674697657230286e+00
2.367297409674177455e+00
2.422145596089736230e+00
2.425810838984461704e+00
2.219656681877566928e+00
2.292456374895262439e+00
2.093248998298444352e+00
2.308293635493867679e+00
2.109726743309523034e+00
2.133503829510480898e+00
2.137456739493153623e+00
2.278919493126903895e+00
2.068284671305834266e+00
2.182237591008096889e+00
1.885150717814067178e+00
2.065758589007730794e+00
2.206154874531928378e+00
2.219848992463357096e+00
2.152176321145928828e+00
2.293190125318432582e+00
2.104873096884461781e+00
2.240702751421567385e+00
1.999752223704975407e+00
1.944318295478886904e+00
2.100792932255123091e+00
2.186283730873192166e+00
2.010991290000626375e+00
2.363383728117524729e+00
2.172994485814405685e+00
2.206957068228079244e+00
2.407025462054712239e+00
2.264755466675852258e+00
2.463913444633384575e+00
2.288925798260672106e+00
2.360404698134077162e+00
2.389214925008048773e+00
2.395346052887074251e+00
2.486715344233676461e+00
2.377172364768977086e+00
2.433299481118100793e+00
2.504304552758012115e+00
2.588559941164855882e+00
2.581324367774782580e+00
2.641975971784276567e+00
2.457628156978796774e+00
2.250684727643857297e+00
2.399154855479702864e+00
2.347325136968001935e+00
2.195180374223069997e+00
2.250203287468061308e+00
2.421816688020346220e+00
2.297684929430300116e+00
