1.482345597736465015e+00
1.436979945657811619e+00
1.449878732485581967e+00
1.448381929557391867e+00
1.452181845081538691e+00
1.570514966750211849e+00
1.607204889577815932e+00
1.677299505209528308e+00
1.586717499124369990e+00
1.656883102422044063e+00
1.650485991831877497e+00
1.703402942930568154e+00
1.716118622565906415e+00
1.799659008110595426e+00
1.915348711911873947e+00
1.574292689400992540e+00
1.689540067170961057e+00
1.893768099955944306e+00
1.671970396436835316e+00
1.898363497124210264e+00
1.829702670412562293e+00
1.828519305552815499e+00
1.903100766596686588e+00
1.702066726961626308e+00
1.776280173582639899e+00
1.738098153922666311e+00
1.733480578103334668e+00
1.934664450439803174e+00
1.800553872368813479e+00
1.949523285839836584e+00
1.746174633409619537e+00
1.585293304626206323e+00
1.527689551067616502e+00
1.799822043784239600e+00
1.850991754866998518e+00
1.806651894281392945e+00
1.853928596844740095e+00
1.577735447785194145e+00
1.597784513466596223e+00
1.635665469787965343e+00
1.808293068949858196e+00
1.650359864727743098e+00
1.726625796371408894e+00
1.762606199072422442e+00
1.738409425407088982e+00
1.851370063110761910e+00
1.834624097020348676e+00
1.832087167104035519e+00
1.790742639748996501e+00
1.893116740490207395e+00
1.598027216353389957e+00
1.540846913035942567e+00
1.622662962504129114e+00
1.541278532295069281e+00
1.517055929386211366e+00
1.651576869428708516e+00
1.589689092760378175e+00
1.655429907906744935e+00
1.860813522342481319e+00
1.769053737248194258e+00
1.765594266422372050e+00
1.679687979031896372e+00
1.648118456996716663e+00
1.706086521460574268e+00
1.755846903399403081e+00
1.867289355642194781e+00
1.629361945169465420e+00
1.650613585552436868e+00
1.814641844645566771e+00
1.906235740580717319e+00
1.935538450067332716e+00
1.913753537440114227e+00
1.965752574540913233e+00
1.690269717646381675e+00
1.723176094936358815e+00
1.961382334996179422e+00
1.809668851710994009e+00
1.948873924154047588e+00
1.762072110642542100e+00
1.748333336898780788e+00
1.830736356058424219e+00
1.911602168661147516e+00
1.785048532846233549e+00
1.788384069203975413e+00
1.779803836323735622e+00
1.902327561333767347e+00
1.916433791636526607e+00
1.964600260270389809e+00
1.869666727052075261e+00
1.777452382630447580e+00
1.695297454764890022e+00
1.669851788178090324e+00
1.659345310568526521e+00
1.712684473614104474e+00
1.795044326956442671e+00
1.789107563796414446e+00
1.888449801118213811e+00
1.863003152721352196e+00
1.793599297476508481e+00
1.880295447314828561e+00
