2.022852310925200126e+00
2.031398321615619285e+00
2.037069619575391677e+00
2.094829397330876475e+00
2.076139464383999211e+00
2.041468482116094663e+00
2.138151377853018786e+00
2.238703983783288720e+00
2.028497291374150358e+00
1.976850794752038620e+00
2.065830449502197297e+00
2.092749363045135258e+00
2.068087304014408989e+00
2.202175136299604485e+00
2.012451080277998461e+00
2.041483049129423133e+00
2.186136595315025577e+00
2.017099808970498120e+00
2.269939745830492406e+00
2.252816152959544738e+00
1.991712471021796160e+00
2.059945247014850711e+00
2.262712349041777316e+00
2.272334824539675058e+00
1.981382054561210859e+00
2.185768932140392362e+00
2.030378429579613453e+00
2.195275365638047482e+00
2.277682360830279418e+00
1.998144613709553319e+00
2.088682837514066026e+00
2.414926588863738122e+00
2.083166950076924540e+00
2.140834041027897872e+00
2.198252838854565461e+00
2.263840022212777026e+00
2.238637463131708305e+00
2.337936501253917942e+00
2.270347272579427589e+00
1.925998568021800583e+00
1.882240593288502017e+00
1.913787842480893397e+00
1.923603983592648614e+00
2.154717300990269813e+00
1.873128487824297750e+00
2.193297080686157585e+00
2.059099519309838033e+00
2.112711312650250139e+00
1.933952263432971108e+00
2.016940438376312095e+00
2.084343554436433710e+00
2.090477723560474121e+00
2.022690060240558196e+00
1.993599463111490167e+00
2.060819947389246121e+00
2.080161353970500837e+00
2.033086229517492960e+00
1.985586129186087900e+00
1.983436963146820942e+00
2.002267165914803027e+00
2.063085511830066388e+00
1.847172776285543661e+00
2.029839567559062363e+00
1.979497631172359329e+00
2.045486452246481512e+00
2.245807829893060159e+00
1.985670405635505897e+00
2.001655494383400402e+00
2.039071340750292727e+00
2.184701486399406978e+00
2.050704679468372760e+00
2.126539720810968426e+00
2.333596749386835256e+00
2.132809457751311921e+00
2.175757543101595637e+00
2.086335834806352985e+00
1.983854587884350318e+00
2.210069302315428974e+00
2.103579548897801743e+00
2.146585903078916058e+00
2.218523083786902994e+00
2.101233426760335643e+00
1.976486265535754239e+00
2.107624402625840609e+00
2.146817505797062875e+00
1.952318389200245363e+00
2.054548540585811267e+00
2.141647903099717976e+00
2.186431563756833008e+00
2.262441132968910917e+00
2.195992229592062639e+00
2.176131367419849916e+00
2.060998372651724697e+00
1.957188901971679051e+00
2.020028510237406927e+00
2.192988062762147639e+00
2.100864594454649126e+00
2.304713594990619452e+00
2.038605985541527943e+00
2.015836527510323606e+00
2.139470677620081140e+00
2.192059298018965485e+00
2.239162323294252133e+00
2.114225220602574229e+00
2.226140956328060305e+00
2.167920716249153390e+00
2.223066583604611957e+00
2.173149784134892126e+00
2.237030928282344622e+00
2.187914050231588803e+00
2.151319928696032946e+00
2.059327005183659409e+00
2.043178634303810082e+00
2.074646855191617068e+00
2.083443696705560733e+00
2.024483163321701085e+00
2.183965821301727228e+00
2.114189740944604434e+00
2.294221813265446830e+00
2.028383725943080140e+00
2.385381963792090332e+00
2.337396061606210829e+00
2.114578698681072844e+00
2.253496472248285531e+00
2.204085759984179660e+00
2.154963420987939138e+00
2.307158722116942950e+00
2.040009107462180893e+00
2.247099474096471372e+00
2.211143530494221299e+00
2.097652197886642700e+00
2.273973408523164430e+00
2.195572734684493987e+00
2.167329344133882785e+00
2.051534302477913574e+00
2.218625305111395996e+00
2.078655957484229599e+00
2.330537216369988229e+00
2.228823536049022724e+00
2.142708672289420857e+00
2.230096422845631476e+00
2.168979064587748251e+00
2.200912208692008765e+00
2.201058005298873077e+00
1.997668413027864798e+00
2.040603713673722286e+00
1.985628501239099508e+00
1.996608812442162151e+00
2.102998759973633724e+00
2.035207692227060328e+00
2.176415099937488051e+00
2.007447229808531297e+00
1.967083318301553474e+00
2.083858482897294806e+00
2.275921602131069754e+00
2.202835997399392731e+00
2.174713727266059937e+00
2.135411701540532725e+00
2.201637808361611270e+00
2.093775982681347347e+00
2.112104439274982592e+00
2.099653631370286710e+00
2.093424535567486533e+00
2.196732826385123794e+00
2.186151724972269506e+00
2.058907329636759709e+00
2.016077911738328954e+00
2.114626354338446035e+00
1.970634899224700476e+00
2.030954060700469022e+00
2.192102588988737999e+00
2.015242952182133784e+00
2.206004569944859384e+00
2.187496470958145256e+00
2.116041770995066074e+00
2.137871382131875553e+00
2.270606436835924669e+00
2.145586262039721248e+00
2.055578357818753865e+00
2.252323822348317517e+00
2.343449723824609254e+00
2.082183031623705105e+00
2.291440004157295096e+00
2.183940365333895350e+00
2.160517821320378840e+00
2.084497454688337470e+00
2.154747503227340211e+00
2.084839584507373278e+00
2.087203474516098112e+00
2.142871650276716000e+00
2.048538637196648082e+00
2.142652745099939970e+00
2.095977114582569190e+00
2.042014649049632258e+00
2.195605543819703964e+00
2.048630587886811405e+00
2.165863370026459567e+00
2.070014861981702925e+00
2.249579044464981248e+00
2.151764217875973273e+00
2.196844557533764508e+00
2.330131860286412060e+00
2.193722713690587689e+00
2.158332323435863120e+00
2.273523140728293868e+00
2.242701082025106540e+00
2.102101942871112517e+00
1.980489763275419701e+00
2.061620144991888282e+00
2.050213130969462227e+00
2.155683645770432033e+00
2.172205134325908116e+00
2.043504182918667311e+00
2.142012639002861096e+00
1.972512786436866339e+00
2.066156458974526711e+00
2.179269154053093072e+00
2.170670947616369695e+00
2.179175209020810300e+00
2.162239933723689944e+00
2.152556417965898916e+00
2.203467233341533049e+00
2.176362014346122198e+00
2.211582732390753314e+00
2.019878404482731593e+00
2.084276339285989099e+00
2.209077224309485388e+00
1.996141977385480493e+00
2.046802189044993892e+00
2.112116675663286092e+00
2.242679051236821763e+00
2.196653002654716857e+00
2.125269060288641487e+00
2.063634968475495324e+00
2.132076417812083680e+00
2.348603649705766738e+00
2.236715914030290797e+00
2.384155866299897397e+00
2.353394620358146838e+00
2.201439146602191421e+00
2.358986246883371773e+00
2.218190329362491831e+00
2.177288205590829140e+00
2.126432821153070307e+00
2.088371220886513058e+00
2.103094641612908600e+00
2.205292040957932631e+00
2.082245873892667465e+00
2.063312644701666532e+00
2.174996816506217012e+00
1.896805515415593835e+00
2.228890811250617610e+00
2.202843075993165645e+00
2.276250014442327441e+00
2.300857926719517721e+00
2.315281187489425463e+00
2.207923438850974751e+00
2.077458196789429667e+00
2.228848505744297270e+00
2.214325381987204633e+00
2.333402295213408806e+00
2.400403135226262030e+00
2.311364848216895140e+00
2.231656978708754124e+00
2.070874073276366634e+00
2.246545053093612410e+00
2.254267453646820130e+00
2.195949221656594119e+00
2.230420605059592276e+00
2.296441311482024794e+00
2.202975620851349348e+00
2.143795009212918767e+00
2.309777585529916522e+00
2.308416583927597632e+00
2.394131704527073801e+00
2.237390332537246174e+00
2.432345546513512424e+00
2.174592059056428273e+00
2.241553030342403829e+00
2.312942097242582928e+00
2.248789535957417929e+00
2.369473593692777769e+00
2.319419165437528019e+00
2.273761699827169913e+00
2.327363401953662425e+00
1.784451910472223179e+00
1.864666011697830861e+00
1.864045096293244663e+00
1.773956500963318694e+00
1.883037314837749499e+00
2.230852143995262882e+00
2.095357939839896932e+00
1.737005508080184280e+00
1.864154518402955318e+00
2.097502192261079479e+00
1.936897812777216954e+00
2.065247605208902382e+00
2.011853316290825422e+00
1.951075913762671199e+00
2.068003141060713368e+00
2.065530994129472830e+00
2.065402302522433065e+00
2.020152210140985893e+00
2.075066807867206986e+00
1.939887224538332955e+00
2.156977212204841177e+00
1.897046245783235774e+00
2.010811397902279918e+00
2.159456683169687086e+00
1.905719171985780003e+00
2.261827220670905803e+00
1.944086713464555416e+00
2.105972521348064674e+00
1.925199423808404253e+00
2.116672988403274225e+00
2.023669201329716838e+00
1.964738898302743397e+00
2.068410287961419236e+00
1.946510965691179651e+00
2.087372146381736293e+00
2.015661517301694960e+00
2.020881461723039951e+00
2.024559173442516791e+00
2.064667697079954678e+00
2.199748143795449362e+00
1.887095550172885217e+00
1.969058487822275216e+00
2.135722588948395284e+00
2.035156064601136183e+00
2.032410518526635901e+00
1.874180531432719565e+00
1.858801456621902437e+00
2.031577867179827912e+00
1.822143574969568025e+00
2.320760500275452998e+00
2.416217877479900800e+00
2.298554520969623205e+00
2.127685979627337076e+00
2.341302973400298804e+00
2.015242921601945181e+00
2.271176476224328500e+00
2.273575976977117996e+00
1.957118157237913936e+00
1.902677354420957423e+00
1.867977623042937463e+00
1.952400773283427426e+00
2.131519186565524304e+00
2.276045975221208106e+00
2.182863298536256380e+00
2.367578666641986462e+00
1.891642000006286795e+00
1.926446370316394319e+00
2.012165184610989588e+00
2.149238238792215316e+00
2.196992111122658020e+00
2.238611173229958506e+00
2.148154038235378316e+00
2.094859486934450121e+00
2.152255420307941591e+00
2.123400991072696531e+00
2.068313152581286563e+00
2.087555321841021883e+00
2.152278408998093084e+00
2.150204294655155390e+00
2.093140106143082768e+00
2.071505003205349471e+00
2.029733545734734523e+00
2.110819504642960531e+00
1.981363914269947513e+00
2.061351687385855058e+00
1.947006245899371324e+00
2.029787977912753227e+00
2.008188873356588910e+00
2.164621939338593481e+00
2.211294405986681255e+00
2.291631478937910416e+00
2.293365527975371077e+00
2.108325782565625861e+00
2.066707784307156182e+00
2.180533239673555723e+00
2.188684906136051378e+00
2.198784591327403781e+00
2.204749564922908078e+00
2.075242840640584063e+00
2.252949692652681968e+00
2.163230134834519980e+00
2.119960371655906339e+00
2.189882042039287935e+00
2.029966080901683956e+00
2.062615308400164604e+00
2.021540444649377211e+00
2.171262908817451542e+00
2.127784794688373005e+00
2.029745889034874295e+00
2.261538486551149418e+00
2.295331829570891546e+00
2.283749973129935995e+00
2.030595611269132128e+00
2.076934157169758155e+00
2.025695395870895421e+00
2.173225790880126240e+00
2.157367425511324655e+00
2.131024096790864686e+00
2.215093904430204930e+00
1.952269921173630740e+00
1.927405754020621753e+00
1.982143806004019959e+00
1.829473728757088136e+00
2.045007607481742706e+00
2.016849197934395210e+00
1.930091649973941337e+00
2.033763047867167550e+00
2.118967082488679043e+00
2.067195972545507576e+00
1.987295080733979313e+00
2.021485926674893019e+00
2.198780529411257678e+00
1.963637207807250373e+00
2.017549931001802577e+00
2.210628564349082836e+00
2.239417421240587291e+00
2.255512682261953561e+00
2.137273233768897107e+00
2.074990577785159385e+00
2.180990130232202784e+00
2.145080413787632256e+00
2.000667346894685394e+00
2.151647209895731550e+00
2.224072808457872252e+00
2.057743507605625854e+00
2.026004821773558451e+00
2.153269227803782826e+00
2.236994842291031294e+00
2.044704516902936753e+00
2.260453277512080028e+00
2.108808929020011380e+00
2.135495861195382261e+00
2.091923253045569808e+00
2.255403030740879888e+00
2.018914726720992370e+00
2.161824227850329017e+00
2.194372457829317113e+00
2.184061343599589922e+00
2.265619132130720192e+00
2.334359552603437749e+00
2.138849766155884513e+00
2.141986336577187178e+00
2.065156037858079330e+00
1.954644765840644505e+00
2.131451207437750295e+00
2.132623275918218653e+00
2.261001836135238197e+00
2.054752804712697944e+00
2.182123256515934528e+00
2.128548664267321922e+00
2.003709716008055253e+00
2.200017871821870585e+00
2.231086920562355136e+00
2.276895442158638261e+00
2.233727443084811970e+00
2.090744931271871110e+00
2.155776599181292497e+00
2.069565705339124762e+00
2.093266352010137776e+00
2.029681327280072889e+00
1.987996724412694372e+00
2.053370406142293714e+00
2.017588635985594347e+00
2.093149024135832370e+00
2.010452077546797334e+00
2.106126124941169131e+00
2.035910694134791754e+00
2.129816426913096361e+00
2.075150184693494548e+00
2.108288122225656203e+00
2.161539859652282569e+00
2.102615379687692521e+00
2.173473994145639576e+00
2.154856705849620191e+00
2.175827821301780318e+00
2.178333428129456628e+00
2.176954718173976566e+00
2.199317004210522342e+00
2.224786981124595719e+00
2.110972742057110274e+00
2.223485928461158334e+00
2.132429246896829333e+00
2.162095837719119285e+00
2.320848319334073651e+00
2.386278094001293759e+00
2.324345920896640827e+00
2.291188722940293854e+00
2.198373021104045311e+00
2.294957411759704247e+00
2.169030283543448512e+00
2.117163002245330716e+00
2.100956941068423678e+00
2.167969650489817379e+00
2.171808069966236321e+00
2.127831607741411890e+00
