1.655630386204502091e+00
1.502215983687758216e+00
1.503616066287311925e+00
1.513710444080487827e+00
1.502620173274823889e+00
1.583024316131446341e+00
1.594477267858382286e+00
1.664954746298432431e+00
1.630177152442008781e+00
1.589518627763644165e+00
1.619965379657770432e+00
1.663068846149952540e+00
1.634897384647784779e+00
1.714599224625221074e+00
1.874144044765913231e+00
1.638121190888251810e+00
1.628469797161040233e+00
1.760968196193557711e+00
1.580915436332920754e+00
1.868827701904299365e+00
1.747975573597833288e+00
1.746588155636733530e+00
1.757570788695520525e+00
1.691287866166304665e+00
1.685398501773625712e+00
1.732429440174560131e+00
1.646340512339060425e+00
1.848137564482153605e+00
1.775870699799170893e+00
1.893973433203714141e+00
1.689679808429414898e+00
1.663616284423236946e+00
1.611016335067654293e+00
1.672023364962925251e+00
1.700705908274834366e+00
1.865043392765713293e+00
1.766535386899452442e+00
1.575437196248474558e+00
1.516356561026292571e+00
1.553443544200385773e+00
1.718084601145775991e+00
1.704874166314982009e+00
1.695815812463413064e+00
1.726373511190520960e+00
1.691276265918456811e+00
1.789088040230578436e+00
1.732130709418862935e+00
1.685824376707575345e+00
1.773492643921386058e+00
1.753413174612623582e+00
1.680079687871820049e+00
1.536245500286111065e+00
1.615636911707882373e+00
1.565192747702250919e+00
1.483822972389840400e+00
1.580329748334238005e+00
1.711303992902888593e+00
1.680627552960529236e+00
1.677502915557937957e+00
1.652271390174710142e+00
1.683416073347612674e+00
1.591174707647653896e+00
1.615532298819329471e+00
1.650370878247145567e+00
1.657177744923349794e+00
1.854204917626272486e+00
1.650295417479938020e+00
1.613333441012599012e+00
1.625415144445185645e+00
1.797336200004779894e+00
1.802516107947402579e+00
1.725647996438819387e+00
1.743357037976221102e+00
1.558958836776392687e+00
1.687324317282746122e+00
1.866982521607250201e+00
1.744103501476684803e+00
1.942563542786874820e+00
1.771899992610439734e+00
1.744495737010978376e+00
1.632745789406553349e+00
1.786723767582373279e+00
1.699317448745249148e+00
1.600260436868383040e+00
1.622863486419608092e+00
1.704381590660605905e+00
1.834264808979155559e+00
1.894634629305708584e+00
1.867499439412142026e+00
1.542187868645888749e+00
1.734965660988668557e+00
1.625183003594503628e+00
1.546877511517032122e+00
1.734473378944259014e+00
1.705419870153414008e+00
1.729321271917832359e+00
1.778228791274488074e+00
1.746096750692539779e+00
1.823185952183344449e+00
1.769199443066787225e+00
