1.823493418549887890e+00
1.754647030500711358e+00
1.849294890419129755e+00
1.710608124879655634e+00
1.659566818070838501e+00
2.207662596886417194e+00
1.728282559791515238e+00
1.998953062696682270e+00
1.643690736969695809e+00
1.857986847595697100e+00
1.840623910150557707e+00
2.037973786892268269e+00
1.924961804534039755e+00
2.000490414427836150e+00
1.532683470637805412e+00
1.824704879665545842e+00
2.011237223353215420e+00
2.087716345209909452e+00
1.890186342491356308e+00
1.929014379365667109e+00
2.138384175647809027e+00
2.129640268477391185e+00
1.805650897530591603e+00
1.713672577853539547e+00
2.089444827483325717e+00
2.060827943555706643e+00
2.010997161115878562e+00
2.150629756437910434e+00
2.202109561647311420e+00
1.868244616161109484e+00
1.818815582910829898e+00
2.052617328823648002e+00
2.160631589503809291e+00
1.898598404512127802e+00
1.695448513183928307e+00
1.925932726023496189e+00
2.220647229640947184e+00
2.190742273582709121e+00
2.222951734048506989e+00
2.255136836708573345e+00
2.166508636950550848e+00
2.140946415710022865e+00
2.183236186697800729e+00
1.908502032841363327e+00
1.980231211035385464e+00
2.095690876755044840e+00
2.227530154408795759e+00
2.094474870851060544e+00
2.191540671316762889e+00
2.221361149577842475e+00
2.099233909250825203e+00
2.349319479207095718e+00
2.127106489545109280e+00
2.277636336477440349e+00
1.697174771544533112e+00
1.726753756705006415e+00
1.588740443500151089e+00
1.695030001973647726e+00
1.712763735990140868e+00
1.670719228129463607e+00
2.171690902655982747e+00
2.169590000181984557e+00
2.002168402012101112e+00
2.121331871435251593e+00
1.790077686240820309e+00
1.949771060893598751e+00
2.015039750176823574e+00
2.070476055637537893e+00
2.267589859749534753e+00
2.206987885428100427e+00
2.248621689965873749e+00
2.353721965961226292e+00
2.350908216188012823e+00
1.729495023228821093e+00
1.797851179790863840e+00
1.672732291758906031e+00
1.904995894214509100e+00
1.883570053397730870e+00
2.066822538093153305e+00
2.138261076456303922e+00
1.916543741899080944e+00
2.136093509800830237e+00
2.006754923286456549e+00
1.815342900906063539e+00
1.898139497751183402e+00
1.903180320439066042e+00
2.122067448075797724e+00
2.070208906274249472e+00
2.086995096818913709e+00
2.265598368032378573e+00
2.129955004383645711e+00
2.220016674580332250e+00
2.291626490344557343e+00
2.108493826753073730e+00
2.272975249297154221e+00
2.292794075138357091e+00
2.208383647807974803e+00
1.960695813654890651e+00
2.109570581775911613e+00
1.796121864093242815e+00
1.801056408985090229e+00
1.840657644416129557e+00
1.769444874023365699e+00
1.638457960980753025e+00
1.884277374994093757e+00
1.689205419172799649e+00
2.119438440763957043e+00
1.796992578803820351e+00
1.643261884697498454e+00
1.830230612448768834e+00
2.053369446637881346e+00
1.961278090556503262e+00
1.836461041123530702e+00
2.106549976746013630e+00
2.125318303868176439e+00
1.919542207945830192e+00
1.857161003430894297e+00
2.091094060680262157e+00
1.934938245315249050e+00
2.039208121650941230e+00
1.986131338645313216e+00
1.939535822301603041e+00
2.119131608439447145e+00
1.885593831537073273e+00
1.901759626617384846e+00
2.095766733273257465e+00
1.707100977379280460e+00
2.100849713201474511e+00
2.038854627549610665e+00
1.975720940635854461e+00
2.172029363488854781e+00
2.083189957066847953e+00
2.154287605360284630e+00
1.983291985908006927e+00
1.930151758223292990e+00
2.112879179749967751e+00
1.982010952624000621e+00
2.127992463719764249e+00
1.923099081177547465e+00
2.325581802314832025e+00
1.958403776199891810e+00
2.199946041794274443e+00
2.338599471730383073e+00
2.285759490138116856e+00
2.219067430431124865e+00
2.239359525567786502e+00
2.293928158167086284e+00
2.134075411790584464e+00
1.978545851125894206e+00
2.164202572142485348e+00
2.030631024849290256e+00
2.057901445889441128e+00
2.152829451793353499e+00
1.988507842561331396e+00
2.290941084056526300e+00
2.327283301569715412e+00
2.160165240475841131e+00
2.279765342611001611e+00
1.803143047226111184e+00
1.960205492438100716e+00
1.822960806119624522e+00
1.691354992755978337e+00
1.769954104293678165e+00
1.850868582885780045e+00
2.050792855750507737e+00
2.032711465234561032e+00
2.071535223780311963e+00
2.128121217122578290e+00
1.987933300481793397e+00
1.875324248371964986e+00
1.974239762078557670e+00
2.072434823239429846e+00
2.202996773400054398e+00
2.104605782557305904e+00
2.238546058055381316e+00
2.351169052313677454e+00
2.270569864519968561e+00
2.288943366796151402e+00
2.306837340691485494e+00
2.234501541531638491e+00
2.258633163928527310e+00
2.135936329890497642e+00
1.859514376601508978e+00
1.920844535013299215e+00
1.762066615208665032e+00
1.953690487697164802e+00
1.840242426608122317e+00
1.872260100633323487e+00
1.780915830876860007e+00
2.140238568183232104e+00
1.810073530011304443e+00
1.937565499180604389e+00
2.046819159845257197e+00
2.084542187387404599e+00
2.140741173333995384e+00
2.103413540254103431e+00
2.061359943974701459e+00
2.237716207243151345e+00
2.265864781924411542e+00
2.287445700896034051e+00
