2.190018686114730162e+00
2.279940974708400958e+00
2.319204693229676373e+00
2.214557488931471418e+00
2.211284577327166101e+00
2.167788785945417018e+00
2.386076308908700039e+00
2.310917166024375025e+00
2.143103584715873478e+00
2.294198878051190604e+00
2.184743759608598790e+00
2.144559284609508953e+00
2.172450210618541711e+00
2.252401563039772903e+00
2.105916599297817715e+00
2.159477916332980474e+00
2.526651501462177318e+00
2.186036522025756046e+00
2.354251350131496334e+00
2.165279589827002749e+00
2.178703900064744126e+00
2.168374596307538482e+00
2.569367572748842310e+00
2.484039638683577689e+00
2.144368469452368586e+00
2.286727677027739158e+00
2.176143496626990803e+00
2.179951184968580424e+00
2.405046148113343385e+00
2.176212143078990913e+00
2.303277974723997978e+00
2.490509873030683163e+00
2.291002552323213592e+00
2.243673583970370089e+00
2.359936152261533415e+00
2.403935920539709947e+00
2.416290101585328198e+00
2.467875420246911311e+00
2.509301175430248776e+00
2.197530734604668634e+00
2.179443821223795652e+00
2.350189663057034473e+00
2.258899968185804408e+00
2.510753813520723909e+00
2.246964349633126634e+00
2.467442085952394670e+00
2.412738124441137444e+00
2.432753944069299123e+00
2.213617669551780853e+00
2.334232351369770253e+00
2.276266080230067157e+00
2.421731232811613399e+00
2.414601689183223154e+00
2.398306042346209033e+00
2.293331477033456967e+00
2.359937141102631752e+00
2.318010917001280369e+00
2.164626399765974707e+00
2.352153213496091411e+00
2.270811029220847210e+00
2.490105926198127317e+00
2.105866518500935314e+00
2.273222178358247803e+00
2.198858517250603217e+00
2.436275788733663461e+00
2.390269005487319465e+00
2.302355931196893746e+00
2.130173448084788923e+00
2.313352599017401090e+00
2.453574226929910562e+00
2.453545933838395587e+00
2.429973609815888835e+00
2.485859373512044890e+00
2.292940556495867366e+00
2.449133928552205131e+00
2.334842268909259388e+00
2.437141096755985004e+00
2.349421883772205177e+00
2.525356463973710497e+00
2.443963155055128844e+00
2.485925921427976970e+00
2.557699215325804687e+00
2.368980505997174468e+00
2.445835147689354727e+00
2.503399855299301091e+00
2.439888157317227080e+00
2.264069277844170447e+00
2.437404360704671813e+00
2.488022726401189377e+00
2.386986155059431791e+00
2.471324138105421397e+00
2.516522741389262130e+00
2.394296530356443853e+00
2.199305461730987066e+00
2.276034883969071831e+00
2.361523638005739389e+00
2.228288304943425224e+00
2.495680735171003306e+00
2.199512258208025983e+00
2.313785880482940538e+00
2.221853145813704522e+00
2.326296649907707792e+00
2.596053165800309870e+00
2.648072610142706118e+00
2.527655459129292570e+00
2.579723886843727776e+00
2.533749827252332665e+00
2.539113931277663827e+00
2.520160293201825663e+00
2.475214527873809800e+00
2.499121462995051779e+00
2.347089152581843141e+00
2.436857985956153883e+00
2.342240903658351581e+00
2.399056909835382889e+00
2.412876603363426131e+00
2.325892125590211190e+00
2.087386146521207575e+00
2.464406979565146649e+00
2.418598816209483804e+00
2.681509294929351306e+00
2.522124584406715275e+00
2.543263017236787160e+00
2.532870260259202588e+00
2.505573676665696414e+00
2.498912603258582887e+00
2.538579836911869059e+00
2.461055671507899056e+00
2.546895473555290668e+00
2.579669029847462713e+00
2.552270172651583291e+00
2.429343113073471727e+00
2.465661984256640960e+00
2.503416357256260216e+00
2.327043037206767195e+00
2.483095535743731208e+00
2.529618383464427023e+00
2.543498781106958262e+00
2.175701715999209362e+00
2.175452624904146148e+00
2.101717229751935090e+00
2.148933312262945705e+00
2.100587867370858230e+00
2.180671731746890440e+00
2.024180536564617050e+00
2.185005110619177238e+00
1.956086067296220143e+00
2.080017983954900895e+00
2.128226746114629364e+00
2.319731313386112159e+00
2.297727902692806801e+00
2.278360725238095519e+00
2.019460198199841905e+00
2.192701496727918808e+00
2.390027982343109869e+00
2.438257712566456625e+00
2.531962789737273400e+00
2.298794477875371722e+00
2.574967390735793948e+00
2.485284093432756691e+00
2.270571979260518791e+00
2.348876796918106802e+00
2.517133863770393276e+00
2.594106351698622692e+00
2.528548501755452982e+00
2.159830397244490996e+00
2.346986799734695150e+00
2.339350995986368087e+00
2.407569668428737764e+00
2.350593097581208379e+00
2.427960346850027040e+00
2.512131561304345340e+00
2.459836508176182601e+00
2.531173443103445830e+00
2.477887160549284040e+00
2.372663553852364160e+00
2.602303562439749474e+00
2.589850507077301245e+00
2.607862985842173575e+00
2.635368835409886312e+00
2.766009887342084639e+00
2.675366289793970953e+00
2.466835785301953798e+00
2.447184332074142876e+00
2.448167667750015486e+00
2.309075087633109202e+00
2.407150839553368726e+00
2.405444205245266254e+00
2.145576444545026717e+00
2.349881541417616848e+00
2.165806713835537689e+00
2.461868608778574163e+00
2.322117493369808550e+00
2.225938563093976086e+00
2.425762410620534215e+00
2.312507966559902428e+00
2.332086113662024118e+00
2.290172859896918656e+00
2.477724156303630743e+00
2.461391020799615248e+00
2.401597362309515926e+00
2.502057905673259697e+00
2.432692205549552789e+00
2.498498134953829108e+00
2.549689499449553587e+00
2.610893252700096312e+00
2.266625776492960043e+00
2.026327768130923079e+00
2.196722802702809396e+00
2.182288469205596382e+00
2.140302046265475600e+00
2.228556303257048121e+00
2.266658799712569561e+00
2.172693121657850668e+00
2.284683182227918330e+00
2.319005449405876274e+00
2.417021008140102012e+00
2.196635394149129450e+00
2.265623578106137348e+00
2.484912167214440526e+00
2.426799917656777161e+00
2.351323205788742765e+00
2.580225349020690562e+00
2.323981669320426047e+00
2.353578363279563490e+00
2.395424401279096394e+00
2.427064829652509026e+00
2.414480255312559720e+00
2.455827977985978627e+00
2.424076151107057431e+00
2.660416711441677684e+00
2.603476875565883031e+00
2.588330899755328041e+00
2.432934066328084288e+00
2.570453228735818829e+00
2.613955764257917647e+00
2.485455714612675671e+00
2.676288048818454612e+00
2.511142519395347605e+00
2.581669768847659974e+00
2.709886508647644909e+00
2.614087684770540321e+00
2.617161157839938301e+00
2.546898389806850904e+00
2.512185274253709633e+00
2.427921357932162572e+00
2.681187569860410402e+00
2.671462009002860238e+00
2.604824759306628490e+00
2.311719270382368574e+00
2.082289273322578183e+00
2.207899302346634229e+00
2.451743055890649448e+00
2.158048993039964003e+00
2.308122441994622687e+00
2.219644713117703283e+00
2.082488982869783456e+00
2.356996168375952827e+00
2.195620054323148551e+00
2.095766724558419281e+00
2.133064795103856603e+00
2.174132385677480794e+00
2.352185214369706845e+00
2.156005664731524885e+00
2.104362749657068488e+00
2.556331949965843009e+00
2.131466120283695531e+00
2.185463998331431679e+00
2.167745279954807369e+00
2.665725969920183402e+00
2.177543142701690027e+00
2.135615800568614109e+00
2.476758056850340672e+00
2.392508659475428789e+00
2.157657818591175225e+00
2.251094005822405819e+00
2.368943137784746522e+00
2.235845961872653831e+00
2.244194785743466536e+00
2.200135633713873329e+00
2.274326987776237541e+00
2.316939726136366673e+00
2.383992119214564553e+00
2.410512362174121126e+00
2.589198993301506491e+00
2.304523473813831824e+00
2.274617864931138822e+00
2.420011238239438978e+00
2.264264724976945864e+00
2.505468305096358428e+00
2.435135686484294570e+00
2.383337021379101639e+00
2.319745360978097803e+00
2.448474951507163322e+00
2.437778933836814321e+00
2.403926962022258085e+00
2.434276025146397515e+00
2.297431327423712588e+00
2.159941772016427119e+00
2.344929280189896659e+00
2.313201553637936669e+00
2.262053094490410921e+00
2.135463989285948383e+00
2.216725856532646421e+00
2.318520490591601924e+00
2.454335063400076233e+00
2.226691486495854910e+00
2.195880244694009775e+00
2.454443449131011867e+00
2.197245378058561904e+00
2.462820134484088097e+00
2.140631024227075851e+00
2.392703720550475754e+00
2.234908255031347046e+00
2.400885852428296552e+00
2.322792183114753328e+00
2.214118767038181890e+00
2.398026955331063803e+00
2.187682994788260338e+00
2.417286189471932190e+00
2.289754507183718424e+00
2.498168771404827737e+00
2.364214960607618821e+00
2.327289287436112186e+00
2.421038566365215861e+00
2.107647566777969939e+00
2.424187010563754185e+00
2.430004019805812376e+00
2.550359215561169623e+00
2.292925231045292556e+00
2.375545554540555937e+00
2.287809929299980283e+00
2.492283529692856714e+00
2.320812288879053220e+00
2.432490612633703364e+00
2.417519190964400710e+00
2.443797446611947422e+00
2.263399142103331041e+00
2.501013829690361234e+00
2.317139575968275800e+00
2.517394252624227668e+00
2.461932985470131285e+00
2.312478809969301441e+00
2.132021331094195560e+00
2.115068264709997869e+00
2.330773187216345743e+00
2.360718032286474699e+00
2.513587696254086179e+00
2.344128733484605043e+00
2.614381608145066149e+00
2.165092031316685262e+00
2.188846749241506906e+00
2.266552987909884465e+00
2.607591393649213884e+00
2.457806008127639608e+00
2.555518868336875915e+00
2.564894633411814340e+00
2.440119021574327363e+00
2.513987643313098097e+00
2.511168093616099828e+00
2.383217436459459826e+00
2.374125861848991104e+00
2.419665785332323349e+00
2.400718330347063834e+00
2.423338135160322260e+00
2.449170486403655644e+00
2.285234729619029181e+00
2.397907196975987976e+00
2.269505365949967768e+00
2.419192058650863952e+00
2.404761947346185647e+00
2.419718940039391253e+00
2.418062011946147116e+00
2.499374858939354738e+00
2.466761744010098401e+00
2.505219590259355922e+00
2.637632838844310434e+00
2.413853311329814399e+00
2.403551133150221286e+00
2.567458245658460925e+00
2.496069696640780933e+00
2.509282590451294759e+00
2.479549037702895475e+00
2.376433867468994432e+00
2.647049616008330997e+00
2.511445726927025834e+00
2.419008904745547195e+00
2.505879352963556794e+00
2.386685861645154727e+00
2.526386299703179183e+00
2.213367130967079266e+00
2.523328398025561192e+00
2.454522836200218272e+00
2.313534344673973120e+00
2.569606172390753951e+00
2.548450775719923289e+00
2.534285108560044630e+00
2.042678521717253393e+00
2.070085950621570969e+00
2.093910342684540016e+00
2.169465947957688989e+00
2.034685573047379403e+00
2.058454104770475190e+00
2.167403610203062936e+00
2.097035571442960045e+00
1.995726995889764543e+00
1.836320971842258842e+00
2.050844832888337077e+00
2.156108230703362771e+00
2.264898789562031833e+00
2.037386338759259008e+00
2.225665225999589492e+00
2.186039506698048029e+00
2.195336235092581578e+00
2.453585226047405143e+00
2.514723805520556965e+00
2.519923706429006316e+00
2.165190944915754034e+00
2.332512697807453961e+00
2.445743787728313912e+00
2.432710928870000178e+00
2.502671725706784756e+00
2.368236857765207315e+00
2.206296559837315652e+00
2.268993349656390990e+00
2.370464089960054643e+00
2.400431391935400782e+00
2.297509344836690115e+00
2.459455661513014313e+00
2.347320962535687894e+00
2.439575523236070076e+00
2.334005299906070530e+00
2.281531726065038956e+00
2.508283766620291733e+00
2.432449785439642742e+00
2.435513571620719908e+00
2.412741238307199776e+00
2.543373263580696708e+00
2.598162279086163817e+00
2.426843949955305391e+00
2.551631011479763345e+00
2.578452539120235976e+00
2.548927440062554339e+00
2.484910561788460370e+00
2.594023546182144369e+00
2.505720652490873945e+00
2.779092190565868759e+00
2.675287724969601211e+00
2.556165485921930713e+00
2.465691430700838183e+00
2.523094922933657003e+00
2.570132479918401547e+00
2.315977187236290202e+00
2.379248500139855782e+00
2.494069648240558212e+00
2.261309929537209662e+00
2.448858665115559941e+00
2.473705715579967990e+00
2.491392487005605894e+00
2.519629143543069993e+00
2.331201706597769707e+00
2.389891900753004617e+00
2.322962547299404434e+00
2.249323132104941614e+00
2.399448388789923836e+00
2.369462950187759542e+00
2.141363525027430992e+00
2.262436080728397414e+00
2.273253449500385770e+00
2.427873222914699092e+00
2.198859019106391699e+00
2.104320776165799600e+00
2.401121472080256947e+00
2.387794175063658209e+00
1.983208733278108538e+00
2.164502513677086792e+00
2.089490598479883499e+00
2.294180448618563517e+00
2.339319371266295633e+00
2.305101422346542694e+00
2.583150972897989117e+00
2.427535924454820471e+00
2.454430924735899744e+00
2.542424378232694959e+00
2.421551655854991214e+00
2.555463037931314130e+00
2.448505219523014809e+00
2.469971603011495542e+00
2.587173109954529426e+00
2.613664068363471760e+00
2.505975525825133943e+00
2.650109711091119369e+00
2.577611624958699554e+00
2.513821790372402720e+00
2.531304210945680921e+00
2.476850849267092869e+00
2.407613964591747369e+00
2.521398773259210024e+00
2.572848772529929384e+00
2.527480660888687947e+00
