1.784027837656139370e+00
1.814678469421031837e+00
1.874089557358282310e+00
1.694570203765679572e+00
1.727284128318074208e+00
2.021883984032199599e+00
1.744489828089117900e+00
1.961000675528083548e+00
1.705853874902654610e+00
1.841647793381966380e+00
1.929357098457723518e+00
1.927203808806025487e+00
1.876569137190373882e+00
1.907105338837755237e+00
1.810652914022947257e+00
1.966754849915381964e+00
2.004663616048115937e+00
1.936395593242541846e+00
1.854646876016637469e+00
1.880501045028953877e+00
2.014457703620287532e+00
2.065801318261239139e+00
1.689406967836122098e+00
1.687700622759606972e+00
1.890606870284884833e+00
1.883860431652134571e+00
1.820617440640837303e+00
2.022767356435037023e+00
2.047478115722244141e+00
1.841905616635363563e+00
1.891909822571856692e+00
1.864836619382055583e+00
1.951303110991958301e+00
1.771369074868217153e+00
1.698465406504926500e+00
1.772098879341968081e+00
2.037594832352157326e+00
1.894907497936078045e+00
2.178128666756729448e+00
2.058569319325740832e+00
2.086705646509420919e+00
2.056011718497138485e+00
2.006873584143606060e+00
1.995519295179062125e+00
1.886383710730549890e+00
1.921634981965304689e+00
2.113000445506416636e+00
1.905570661913982278e+00
2.039173083673370357e+00
2.035551883287177510e+00
1.787641151631841119e+00
2.129046839409229008e+00
2.001269611747581223e+00
2.149748917614364263e+00
1.782228320651947584e+00
1.824490796734955289e+00
1.736976332055387706e+00
1.778949283485530053e+00
1.771671891404043908e+00
1.743832401350845940e+00
1.933508905535231692e+00
1.930118037240184270e+00
1.832227862719021827e+00
1.850925041597432541e+00
1.787247358983816703e+00
1.773587047279520545e+00
1.797178527088354683e+00
1.804687727702393829e+00
1.793722586806743902e+00
1.977688107150668895e+00
2.097303833947729679e+00
2.291302107141418354e+00
2.202036399471446249e+00
1.845266171212826212e+00
1.846237439041805928e+00
1.804168550108631086e+00
1.823925063408609937e+00
1.929933548128045739e+00
1.864721905836962401e+00
1.988557615061496309e+00
1.863579383107227594e+00
1.990021118420989055e+00
1.913787392088602823e+00
1.841645472370372572e+00
1.756970565512242954e+00
1.839147467895063004e+00
1.898846460639102895e+00
1.930725738596919872e+00
1.881610565788546685e+00
1.979636675452375982e+00
1.894758701725841155e+00
1.981754893348649738e+00
1.837921999543223661e+00
1.871887827463848852e+00
2.134027399362796729e+00
2.215656121992691574e+00
2.081671827942354280e+00
1.982781669016093762e+00
2.070674257854348443e+00
1.841273427817941011e+00
1.794547709899086740e+00
1.894252540403031704e+00
1.789095836755896007e+00
1.724430845940023049e+00
1.852065810445952421e+00
1.717428547112864967e+00
2.046036950677195598e+00
1.748980451018304683e+00
1.739528424432764231e+00
1.974978822901139353e+00
1.902469180283705263e+00
1.849375634530678658e+00
1.773518807954832965e+00
1.989620926400650580e+00
1.964963311372707855e+00
1.600227599399116185e+00
1.616587244709167814e+00
1.944242996691470271e+00
1.850348795211234076e+00
1.947592916670638941e+00
1.794843163425026811e+00
1.903825620812928721e+00
1.925736915795220439e+00
1.735620874898723631e+00
1.822729991628654567e+00
2.061703584207246198e+00
1.728790512409023483e+00
1.794432555467518897e+00
1.896195877494976090e+00
1.795832741489275852e+00
2.003236092065072249e+00
1.966934660587863481e+00
2.006353777427802854e+00
1.831641177839586021e+00
1.895246304840664697e+00
1.889864891581150674e+00
1.845727988788180118e+00
1.803101407508377774e+00
1.807605332770204187e+00
2.050048137813254012e+00
1.806072346941182127e+00
1.973902599817851877e+00
2.109634944511198817e+00
2.043548048175335641e+00
2.032936061139187789e+00
2.110975972236972975e+00
2.071042974245199009e+00
1.821865157717904582e+00
1.765218237006406676e+00
1.831338864054723681e+00
2.038832401853408083e+00
1.828507128202600196e+00
1.794886021062330084e+00
1.857432009103422876e+00
2.100465705510476067e+00
2.071357712297636322e+00
2.041284013650555451e+00
2.175711671973739048e+00
1.898806444909780788e+00
1.915639312341417044e+00
1.839530799317106613e+00
1.792297481971470763e+00
1.807949442944271290e+00
1.801923273390718006e+00
1.846649070326693121e+00
1.821977179645910327e+00
1.842121821497395562e+00
1.853438331474923428e+00
1.940162263697895240e+00
1.814720460228560261e+00
1.771284191336204294e+00
1.778692660813844695e+00
1.832668761474288033e+00
1.788972253865982909e+00
1.726745834672656077e+00
1.915757229771647419e+00
2.121914700890909611e+00
2.075291370298303129e+00
2.259519750927558857e+00
1.953729357674004685e+00
2.098112991623932277e+00
1.921730800249566551e+00
1.846739141752297586e+00
1.834272399239367024e+00
1.788947265512068396e+00
1.894858005194163697e+00
1.636158679972821384e+00
1.739840007046245862e+00
1.676735486590195556e+00
1.856767043429996322e+00
1.886446947359451176e+00
1.927913375441401067e+00
2.045643454903584235e+00
1.898133999176486730e+00
1.946209097557429768e+00
1.784245752968203202e+00
1.999077777993072402e+00
2.119284939751824748e+00
2.108715589622578879e+00
2.167854038461684230e+00
