1.710878234139896703e+00
1.593618062558812776e+00
1.540865470444328977e+00
1.548765453331581776e+00
1.526707031701491246e+00
1.558081799845038473e+00
1.703796976792024687e+00
1.670696658624071684e+00
1.558961927164580263e+00
1.662904239268899076e+00
1.712733990537766315e+00
1.774091604947352074e+00
1.774451056977383478e+00
1.787094411116112225e+00
1.791135519279752897e+00
1.715630217592105433e+00
1.701990320625332398e+00
1.847154635985881033e+00
1.724683833782112208e+00
1.729042496559195063e+00
1.863654831183345406e+00
1.783308946339942747e+00
1.898338349707359374e+00
1.736175610765197774e+00
1.755794543036521382e+00
1.826473364868898441e+00
1.719706442390787293e+00
1.745551785922153654e+00
1.738447330620651377e+00
1.755480771051684874e+00
1.735445386863947670e+00
1.726347501614899915e+00
1.730857102348865029e+00
1.770163982629599841e+00
1.700347628492669072e+00
1.802263582324255653e+00
1.795240232537010039e+00
1.624328456260229370e+00
1.648032917128715358e+00
1.716291650669943936e+00
1.807489010533681162e+00
1.762130827536433131e+00
1.704879474055527977e+00
1.729613611890736813e+00
1.713076572156349009e+00
1.763128611270674106e+00
1.796382640735578073e+00
1.754827178259813047e+00
1.860942558094903054e+00
1.747869145667608315e+00
1.677697395880619391e+00
1.505202709517121651e+00
1.619069815843643623e+00
1.520506832384128870e+00
1.424128679615959125e+00
1.540865814114048993e+00
1.618597773935442685e+00
1.546941871953458669e+00
1.646184910400495527e+00
1.597409288041561126e+00
1.537886419380773750e+00
1.579885573527491038e+00
1.591973743946836661e+00
1.699288200865324949e+00
1.736090033270791588e+00
1.850031040101713264e+00
1.656524433035076127e+00
1.640087945059673480e+00
1.635299198010539357e+00
1.739245164906675800e+00
1.723964005619732287e+00
1.705354397255976373e+00
1.765478447639575510e+00
1.568254715548218714e+00
1.572093520283815993e+00
1.706387325779856079e+00
1.729629448898809319e+00
1.885203358708683385e+00
1.733674908210089072e+00
1.729136836440648972e+00
1.657406592367563603e+00
1.608868276024749688e+00
1.712730250215161565e+00
1.583619249378582339e+00
1.603835837546764287e+00
1.643527252953104423e+00
1.859892601255961342e+00
1.889102123273020073e+00
1.654397583404132677e+00
1.524795523628530880e+00
1.734601134381195120e+00
1.643292018918131037e+00
1.606333289805171205e+00
1.669589608769021405e+00
1.606391752125442940e+00
1.774552343859806980e+00
1.735761626394229706e+00
1.636710400582121139e+00
1.593600113783708139e+00
1.624374747419112364e+00
