2.188807368188105507e+00
2.235159386655120706e+00
2.235680819669602748e+00
2.251142718116789787e+00
2.080334222089287088e+00
2.147713664608783546e+00
2.077322181516830568e+00
2.270967293824110556e+00
2.054459215230677760e+00
2.105502520992712956e+00
2.045537793063170184e+00
2.026779979084289085e+00
2.066827976794316513e+00
2.161114948396808177e+00
2.014151885797009101e+00
2.032762110794539279e+00
2.315984295503193291e+00
2.018512846659033411e+00
2.273112014666391900e+00
1.950606985064652577e+00
2.019547795488127573e+00
2.042228815456385682e+00
2.534924294216339913e+00
2.465875501282715820e+00
2.023367474744350858e+00
2.252733129811773871e+00
2.068636279119290933e+00
2.107017207189172847e+00
2.298846723897241429e+00
2.086486694755680382e+00
2.143370135956237377e+00
2.511583946115699906e+00
2.169733854022052100e+00
2.156205153435244437e+00
2.302681890380966490e+00
2.342931856601331742e+00
2.418861300520936730e+00
2.522501559588582687e+00
2.480563573215120776e+00
2.029043931983040672e+00
1.968729788878411213e+00
2.123283158423922234e+00
1.998603527143974157e+00
2.317370545788861591e+00
2.000192369011509541e+00
2.136062709661947778e+00
2.182330039957503409e+00
2.031932838537075181e+00
2.183234601385810603e+00
2.070859327908352920e+00
2.109325137878430567e+00
2.049570153819659346e+00
2.134878613069782549e+00
2.061101175706099742e+00
2.065743427506253393e+00
2.045182514604011903e+00
2.108149749600708667e+00
1.998965999737364996e+00
2.042753046491443847e+00
1.995769069653370087e+00
2.174471633936848836e+00
1.994186841581506497e+00
2.132744963990380160e+00
2.000096807980805913e+00
2.111652103835119476e+00
2.491803637470062061e+00
2.168061316747884160e+00
1.983811566667502913e+00
2.354068184005191355e+00
2.220153995584323248e+00
2.394827130155164241e+00
2.373303784455818910e+00
2.529392827302810787e+00
2.073936403836835751e+00
2.231567807905858292e+00
2.289925444561813350e+00
2.277529591890972149e+00
2.144691952088525255e+00
2.398411418624235569e+00
2.185494602772762196e+00
2.325995466297425374e+00
2.281974969352394300e+00
2.273389918879767713e+00
2.337188490351396641e+00
2.181256620308463567e+00
2.249347772578202953e+00
2.244295447531221566e+00
2.313579297594408057e+00
2.278520276386611254e+00
2.292445257243906021e+00
2.477336080391258744e+00
2.115881634132958045e+00
2.148384233563083168e+00
2.268749599549181983e+00
2.109330064058655640e+00
2.160430960660140176e+00
2.058736731854895918e+00
2.461808362900411495e+00
2.167905694833391905e+00
2.185741168328695583e+00
2.309430464096219104e+00
2.328883619630628399e+00
2.421098241643795834e+00
2.477404812692520331e+00
2.482563627956185126e+00
2.261495378253819855e+00
2.222374137363933855e+00
2.305882200445842134e+00
2.469406541401673483e+00
2.080124571741924999e+00
2.569375105596590991e+00
2.214138660886519450e+00
2.216245140816825998e+00
2.276783600080203751e+00
2.135981967384705360e+00
2.305578293134147749e+00
2.234141514207423462e+00
2.075880772799312712e+00
2.385747403792772836e+00
2.137660823226056994e+00
2.460583503118662918e+00
2.236591768703391381e+00
2.203889090957688257e+00
2.361646382949754486e+00
1.952316941468588141e+00
2.028447999574972904e+00
2.027700352249715454e+00
2.166365244014730518e+00
2.371370176471738311e+00
2.412007428043756452e+00
2.317267210898572571e+00
2.340312693730636440e+00
2.443528340276593713e+00
2.371015400783966776e+00
2.410953411952291514e+00
2.546266773079119083e+00
2.396934852972451235e+00
2.529163596881113918e+00
2.225927551464128129e+00
2.208111100581856334e+00
2.274054117051507173e+00
2.175028181483198875e+00
2.306861922570721202e+00
2.331855984907018176e+00
2.235128642953853717e+00
2.292491118403397810e+00
1.989160767148298703e+00
2.189411684322799090e+00
2.187681379596635001e+00
2.290215609829992172e+00
2.165132885492273562e+00
2.001303323096427000e+00
2.051786539643163376e+00
2.147405439073178268e+00
2.184304172115350440e+00
2.402853266404803012e+00
2.485662726124755917e+00
2.211211323294675513e+00
2.165871424346006879e+00
2.138318363168480563e+00
2.188305489740143717e+00
2.172853592260603595e+00
2.282544495899395010e+00
2.028989847697728166e+00
2.337278452314975663e+00
2.217345527253960391e+00
2.177339449316470166e+00
2.157349563951398874e+00
1.912051965246501117e+00
2.182736433373942742e+00
2.287355261177315580e+00
2.380120690597052224e+00
2.648014974141852385e+00
2.528587691710566965e+00
2.179235017347607162e+00
2.339989884317544622e+00
2.621751965982950239e+00
2.523397031080087505e+00
2.482129238156300932e+00
2.516669785080900557e+00
2.635946213045229136e+00
2.557910370362284080e+00
2.408317109306968185e+00
2.408705775753241074e+00
2.372254937798675467e+00
2.208200577055375646e+00
2.374185094165381482e+00
2.342426413971312016e+00
2.065579167933098592e+00
2.276892662699968373e+00
2.117069695326334156e+00
2.255319580655060108e+00
2.186490229148172482e+00
2.070454592071435229e+00
2.249958825894072145e+00
2.156824096266037216e+00
2.143684970905813891e+00
2.127772460233594565e+00
2.261643418383710635e+00
2.316162314895743535e+00
2.181765145476058709e+00
2.465061277710506538e+00
2.229331215298438362e+00
2.356732453199135158e+00
2.325975752741199720e+00
2.248773284300979114e+00
2.219240862317745311e+00
2.072331811268632862e+00
2.161656171770702350e+00
1.991457204524313296e+00
2.346631155175090022e+00
2.351740194626354086e+00
1.960903473407984876e+00
2.186697457750240936e+00
1.891002712807154706e+00
2.008648269031540590e+00
2.435210896517406631e+00
2.335769595171223845e+00
2.299005042661248943e+00
2.023955222301944801e+00
2.395242108755564203e+00
2.429235619674443125e+00
2.436205379686638306e+00
2.347700554781638527e+00
2.181434513161232935e+00
2.271740407917726134e+00
2.379428997534649870e+00
2.043571285204080823e+00
2.090103483846827093e+00
2.244116022485777240e+00
2.173326043658251994e+00
2.139580347400922289e+00
2.002185084652113201e+00
2.101138670056867941e+00
2.316145955045822102e+00
2.518984999496112209e+00
2.559816788912032681e+00
2.668168883985082118e+00
2.511562505920276855e+00
2.434010511575667834e+00
2.778998178695279098e+00
2.433356191643218480e+00
2.376776302689167508e+00
2.348355646174598466e+00
2.346460917740595065e+00
2.349261063392272586e+00
2.382503121171935412e+00
2.381802977855478787e+00
2.023205337115958624e+00
2.406742011576370466e+00
2.151296401269206182e+00
2.266563353310959261e+00
2.223826763381961058e+00
2.201374102720259796e+00
2.167134362276375903e+00
2.141529457123436231e+00
2.096776640378168466e+00
2.272277733667250388e+00
2.225253574799758383e+00
2.100779702792540782e+00
2.070666552163116236e+00
2.102452489121393597e+00
2.343157029916008494e+00
2.026878356981498097e+00
2.121631430749734371e+00
2.209826593072363288e+00
2.053110468476898820e+00
2.134475377807730112e+00
2.046663477023757505e+00
2.643199776304431481e+00
2.059264475151570739e+00
2.037293406682140429e+00
2.419332019792787225e+00
2.370712572410858865e+00
2.141772052748421196e+00
2.207401366846884372e+00
2.440040843481222854e+00
2.112875898040861511e+00
2.292783487787508623e+00
2.249128586324832924e+00
2.288532931053394393e+00
2.383684225764084452e+00
2.417930444531635636e+00
2.455768521354940503e+00
2.499978103850317268e+00
2.150383670903682987e+00
2.093802437863637067e+00
2.168758202906505339e+00
2.272057470412000679e+00
2.401494458699870105e+00
2.409094131078675094e+00
2.349267021929867916e+00
2.193917235120823594e+00
2.186591067413975242e+00
2.320811324733979664e+00
2.300821245838301277e+00
2.305978580701486536e+00
2.268452949506807315e+00
2.172253922415318783e+00
2.222528842614232225e+00
2.243441470691984296e+00
2.227820682304741950e+00
2.190065240143818315e+00
2.156536109645945221e+00
2.156834735384153046e+00
2.355299371072216541e+00
2.213684827468965999e+00
2.175461762148088507e+00
2.315039102888742928e+00
2.214945512114425252e+00
2.479859175026354112e+00
2.113275075149522397e+00
2.410375716214597119e+00
2.239487753830266215e+00
2.356137129072731540e+00
2.271858105563144381e+00
2.146579999988183829e+00
2.444722604685726886e+00
2.227802498833533207e+00
2.380643717581882424e+00
2.287608369190532898e+00
2.430477208209953055e+00
2.341125926257165535e+00
2.269518461434753664e+00
2.411766722773708960e+00
2.169438276424218159e+00
2.338134184405268101e+00
2.383579220621921735e+00
2.469393559788751968e+00
2.301242466821432853e+00
2.218487784590078338e+00
2.262966932000916032e+00
2.258997796494321531e+00
2.252844468200869255e+00
2.332288942709150437e+00
2.372421870293707435e+00
2.498083380183732771e+00
2.432142698714351070e+00
2.510325075975276210e+00
2.248161023498042255e+00
2.354660523858025822e+00
2.475342542966824766e+00
2.289404782895342105e+00
2.223529580242634918e+00
2.240016202702338699e+00
2.431627318383236869e+00
2.253537411150031478e+00
2.490454491633549594e+00
2.351640631849518659e+00
2.588212833844281135e+00
2.224820751463049362e+00
2.295522594257437099e+00
2.301065163266660996e+00
2.337855823192786620e+00
2.363743798659977191e+00
2.495474663285899286e+00
2.460722538947646587e+00
2.459021629663916908e+00
2.451313613602671637e+00
2.561656927588589205e+00
2.491173046759814103e+00
2.423332387980046132e+00
2.391392834920951227e+00
2.374782325649879233e+00
2.446714300248165053e+00
2.358429928951164545e+00
2.157343546244634869e+00
2.415304641457944435e+00
2.263829121639978847e+00
2.373796735645971268e+00
2.279632871244587911e+00
2.353072828364949576e+00
2.429540387955450242e+00
2.370712559144319442e+00
2.485435752768518025e+00
2.533145265295699833e+00
2.581525710190168521e+00
2.369253810944413896e+00
2.339607057149192038e+00
2.462053473567351158e+00
2.464852741299919714e+00
2.528070055973368202e+00
2.428828755862733058e+00
2.497791743621301741e+00
2.509442288775749930e+00
2.414071773749491445e+00
2.390848260297244288e+00
2.513279296069492741e+00
2.340193154260615138e+00
2.327830522178928163e+00
2.346255513131331405e+00
2.558853541215799332e+00
2.329220382847742243e+00
2.326142773836730626e+00
2.542208141432730439e+00
2.505025409427436234e+00
2.593722498210935701e+00
2.148284791908544378e+00
2.187266055304179613e+00
2.201348848578750239e+00
2.273278076393084657e+00
2.204226875691055465e+00
2.276977173728120363e+00
2.332034137987066824e+00
2.217281202781079763e+00
2.149024325776982103e+00
2.025866820896364384e+00
2.159198402301356623e+00
2.183915289488110201e+00
2.291826259979130587e+00
2.146618187268614086e+00
2.230872531851187279e+00
2.111555529955336574e+00
2.124688660344501212e+00
2.373739454956131034e+00
2.348246057966237199e+00
2.394543098652918811e+00
2.358281658345989573e+00
2.270241982516410850e+00
2.387767432937430545e+00
2.346545092079123318e+00
2.450236736027723072e+00
2.450121514707176651e+00
2.229353594541249706e+00
2.392955110857188483e+00
2.413328940724298821e+00
2.340336328433680002e+00
2.365350758360643013e+00
2.484258250245496402e+00
2.432714229092645120e+00
2.457705775082611677e+00
2.388899513864534807e+00
2.507541055226745641e+00
2.480622191711293834e+00
2.536965501136122292e+00
2.348434398893930908e+00
2.413462445861400685e+00
2.522799347299697459e+00
2.520261298390707783e+00
2.542453064118471495e+00
2.480176448144005175e+00
2.622928973044521772e+00
2.564417841109143392e+00
2.420457795103583720e+00
2.515225731248007524e+00
2.507235645979738248e+00
2.709525172788795455e+00
2.643479147522222128e+00
2.532508572180643291e+00
2.457045181808204415e+00
2.485548510879237671e+00
2.506877840465608465e+00
2.380177011685413735e+00
2.355487874670967763e+00
2.470387452827358832e+00
2.296707507158615602e+00
2.534487565754250493e+00
2.494711248322406316e+00
2.503561577024343787e+00
2.457275833292834388e+00
2.194512378026871602e+00
2.323173769563066315e+00
2.158549422632404013e+00
2.248096200929686095e+00
2.401841033432045247e+00
2.163896265095777594e+00
2.348516531660579609e+00
2.192944227527745316e+00
2.296104321598339659e+00
2.157441079655493699e+00
2.296536176739262469e+00
2.181995897864648537e+00
2.381093130831335447e+00
2.366473057304983918e+00
2.229744803984128332e+00
2.379913927000699037e+00
2.350797731575040572e+00
2.422894005595625178e+00
2.408367808037713775e+00
2.416229385749028680e+00
2.402975223763839541e+00
2.397255289410363144e+00
2.508265537978064064e+00
2.461188834699428174e+00
2.457654443676751566e+00
2.530431062008410059e+00
2.396723671416804979e+00
2.418109191994620932e+00
2.589292287550384764e+00
2.653553095330111411e+00
2.515442581836195401e+00
2.614577800520720530e+00
2.428176773736435923e+00
2.402974402895210027e+00
2.393194585485403980e+00
2.305128749155220369e+00
2.332437193873928560e+00
2.422523570909314472e+00
2.298160981364808286e+00
2.356369713761509832e+00
