1.688103865653000302e+00
1.679263282013664815e+00
1.800657812465874086e+00
1.567295942896215211e+00
1.616579506145957135e+00
1.850104803849138557e+00
1.611685525349410453e+00
1.884995495629502082e+00
1.575735076602762907e+00
1.630680659367244267e+00
1.780171398530756344e+00
1.576926470869362440e+00
1.740399001540647417e+00
1.773870351197942341e+00
1.719816332557465799e+00
1.832948459908181560e+00
1.973403854043916272e+00
1.907104944579478989e+00
1.804435694729594974e+00
1.829236619409497999e+00
1.902549608411763904e+00
2.048187987648290243e+00
1.717338545692868701e+00
1.768651175241485296e+00
1.854531742332603761e+00
1.924879761707598558e+00
1.787300663934185296e+00
2.021939634171667333e+00
2.045624347503156137e+00
1.871394858993929100e+00
1.790322811862877783e+00
1.952140736409634592e+00
1.962939337056604616e+00
1.788608974034727295e+00
1.743909401690633576e+00
1.803188042271974156e+00
2.018586492120408415e+00
1.906555417832366928e+00
2.069662387804082737e+00
2.009552208959006769e+00
2.041440250451991290e+00
2.097540715766797792e+00
1.952193267893188144e+00
1.847968201521074549e+00
1.837290062057125306e+00
1.924173771845682168e+00
2.176281168152558454e+00
1.959089785638628678e+00
2.022636169617131774e+00
2.045556029762888084e+00
1.843874872459069447e+00
2.115572767140229349e+00
2.021607908154164690e+00
2.142951019227471665e+00
1.779074266740907406e+00
1.831738836023398376e+00
1.692903793985158112e+00
1.695551731604269419e+00
1.725596141549362805e+00
1.694925680505479093e+00
1.975040216094193779e+00
1.968871275144935762e+00
1.853356740544630066e+00
1.789214107436374990e+00
1.702640248682651958e+00
1.695061843465255791e+00
1.768091903651231034e+00
1.826738414127921262e+00
1.918653053719924229e+00
2.059311062515036372e+00
2.050699196084536879e+00
2.136419791239810184e+00
2.075216719424578304e+00
1.743459637791610062e+00
1.714641495672325044e+00
1.723931254405015823e+00
1.759471556892582056e+00
1.851508269796219741e+00
1.861653078538803907e+00
1.969901144124741377e+00
1.880493126301487461e+00
1.997885430646975768e+00
1.880993973215409065e+00
1.842690088842429796e+00
1.759173042609514237e+00
1.766057555929495981e+00
1.901739641029190908e+00
1.898196707224822033e+00
1.789290175692380913e+00
2.026024610019684147e+00
1.907542256728431695e+00
1.983470080745372011e+00
2.140448009315710554e+00
2.018960301132715518e+00
2.111770841915342256e+00
2.048374832392411804e+00
1.956697383393333212e+00
1.946898259364377548e+00
1.951325166872737826e+00
1.753254271779123963e+00
1.702510759933948847e+00
1.748703971756228270e+00
1.689317071243592316e+00
1.574442680472426970e+00
1.768391353943576272e+00
1.630108302720319369e+00
1.837484541183291409e+00
1.666176036331930010e+00
1.593910974194044927e+00
1.800268524833780193e+00
1.830808765694167395e+00
1.729048059984969132e+00
1.641097673575872662e+00
1.908470721150785865e+00
1.971461727975724942e+00
1.754456117479133326e+00
1.771277414725992427e+00
1.948308922945843902e+00
1.857776468029570083e+00
1.934250021417828869e+00
1.813268472961699906e+00
1.828071332422719797e+00
2.004850887760945444e+00
1.709772363263853512e+00
1.784065150367053709e+00
1.976313804258860385e+00
1.675342993527031199e+00
1.756788612914683689e+00
1.872806649435316606e+00
1.743837589299909618e+00
1.917780593768253716e+00
1.825410759530086358e+00
1.900200416167359352e+00
1.736798487786948231e+00
1.813182174160671956e+00
1.894461940835052260e+00
1.808395817336357903e+00
1.830474903415944876e+00
1.758340389432338391e+00
2.033997264513947467e+00
1.717299721725969341e+00
1.878201035912596240e+00
1.988518448005470507e+00
1.963715364830887822e+00
1.991914041120191881e+00
2.136711611224812568e+00
2.059758589199900847e+00
1.788739364845873370e+00
1.785611098999139612e+00
1.914870308052828651e+00
1.937931990829699691e+00
1.834183962174171789e+00
1.839953659041922318e+00
1.836032358459366076e+00
2.070929877845027800e+00
2.145467551309620635e+00
1.963015571464286957e+00
2.103584049948596046e+00
1.854345801080966583e+00
1.864626990862040978e+00
1.783575562822792948e+00
1.756671121252325163e+00
1.744128457025897250e+00
1.666573067817979981e+00
1.900396380243996486e+00
1.772753091678696435e+00
1.819882780233366137e+00
1.852291149793437786e+00
1.848392209704504241e+00
1.748760338342914888e+00
1.733562393139535418e+00
1.775948829584162114e+00
1.881762938999326007e+00
1.791374739016039275e+00
1.857121146353381436e+00
2.258185013322110191e+00
2.049281442844692602e+00
2.140726710664513366e+00
2.106731762239641537e+00
2.063975705871404998e+00
2.056446329221827352e+00
1.864324509492518045e+00
1.831443708894237465e+00
1.793893981299033547e+00
1.710044473906392692e+00
1.779820853052302310e+00
1.724391052720928075e+00
1.688252751842703514e+00
1.756191543711103087e+00
1.836885621808211244e+00
1.818437908341812959e+00
1.807243631137534612e+00
1.951484184024226298e+00
1.831902302473576771e+00
1.857490578622961852e+00
1.976385743753958923e+00
1.959000999811690180e+00
2.007212758938134112e+00
2.003241080101888283e+00
2.017243748353521493e+00
