2.040873814847369960e+00
2.130161058607832558e+00
2.269416868040052382e+00
2.155967026042077794e+00
2.171220888277899608e+00
2.125313313397575232e+00
2.144897422866668624e+00
2.312468217240940760e+00
2.120345192394624600e+00
2.163921529201050742e+00
2.088473480843326513e+00
1.961407879003456589e+00
2.187139550375106989e+00
2.192925841997154013e+00
1.939377987315317187e+00
2.025743675924349674e+00
2.257419288497724885e+00
1.993311284371024561e+00
2.348888864415905608e+00
1.945230267638455635e+00
1.963558071578652697e+00
2.041427545184178793e+00
2.487166366157416597e+00
2.369808598559426382e+00
1.986482042490013811e+00
2.217315255729785495e+00
2.014731444863087972e+00
1.889802615178316492e+00
2.415240510778073890e+00
1.953407496597745263e+00
2.132736896898867585e+00
2.403194621901959316e+00
1.967668416363832939e+00
2.015385740199682640e+00
2.345209456459390829e+00
2.463918931343300311e+00
2.317851849403494313e+00
2.414445719438807370e+00
2.575395739649145366e+00
2.113612532361078600e+00
2.196437468776921254e+00
2.263361689192814108e+00
2.220425624896985362e+00
2.306973684113727163e+00
2.244826326365781721e+00
2.421714537107682474e+00
2.305770396145408796e+00
2.314255058464279369e+00
2.316977555179466020e+00
2.299036674002951308e+00
2.321869984356857319e+00
2.264707690865353396e+00
2.402629229527170729e+00
2.335538796787544946e+00
2.142022464626742284e+00
2.183054294337622103e+00
2.067354351183633643e+00
2.052613493441871384e+00
2.199579150303871522e+00
2.113776305949533363e+00
2.214650276519108729e+00
2.078066239790555159e+00
2.209361233473947639e+00
2.206557223776729248e+00
2.305969319159132613e+00
2.483940537842424856e+00
2.229013293307018806e+00
2.145367412720625033e+00
2.306921567499294667e+00
2.323026505042459000e+00
2.281391667399331080e+00
2.441999520182154271e+00
2.476353433659042036e+00
2.256689747293914472e+00
2.422555822108960477e+00
2.397793679531113664e+00
2.377151495301770723e+00
2.319886442151189332e+00
2.618863636722849275e+00
2.385604140799014061e+00
2.325426395316504635e+00
2.533938736988015084e+00
2.226335421500633238e+00
2.281350185171034273e+00
2.278454092457385283e+00
2.387798619963247049e+00
2.072407959315767378e+00
2.187454559823572176e+00
2.425694841644635780e+00
2.369276488931538971e+00
2.526517917333291674e+00
2.528317925807784583e+00
2.240418707775141627e+00
2.216697977949437348e+00
2.246246518478981713e+00
2.606243843364455692e+00
2.373479103695355530e+00
2.669760677155226247e+00
2.247870272444288275e+00
2.275158021900647753e+00
2.366791031495151909e+00
2.501586434000375725e+00
2.642848265216104053e+00
2.635351390404711669e+00
2.554770163560750706e+00
2.496511032642479311e+00
2.532998245288860861e+00
2.504138240167294249e+00
2.500501352962230861e+00
2.438046632039946093e+00
2.489670080374826178e+00
2.364760467018842238e+00
2.465502171852079094e+00
2.345635392600194713e+00
2.313579838395553256e+00
2.422578658735830448e+00
2.353037651138375264e+00
2.029444579786159775e+00
2.586391406658043568e+00
2.224707996552742095e+00
2.592414522378505115e+00
2.487502510336462525e+00
2.324507407246535706e+00
2.476183540139341055e+00
2.527005405245416725e+00
2.463838772934062504e+00
2.667652117499968334e+00
2.500211079995469543e+00
2.613281168138612554e+00
2.495155286383219817e+00
2.408514312819415970e+00
2.405221340759395865e+00
2.610330323472887848e+00
2.455590742868755783e+00
2.327203921217847249e+00
2.548946490418494637e+00
2.565712421396527887e+00
2.557332161495394551e+00
2.043572301299194205e+00
2.061933744677865388e+00
2.177643291268529957e+00
2.127310202033615649e+00
2.208789680790202770e+00
2.258419005793700585e+00
2.005981158815141274e+00
2.009442224692588486e+00
1.930780710341810869e+00
1.895114723981492277e+00
2.103911459644377313e+00
2.035808545508768219e+00
2.191377640785427960e+00
2.073995087024963269e+00
1.906036941139756191e+00
2.183865899227151353e+00
2.508396119574431093e+00
2.457712632601141145e+00
2.431413954586417070e+00
2.345466858970628898e+00
2.426488482026880611e+00
2.351397304127186949e+00
2.251874823214366828e+00
2.220303652081250689e+00
2.353270345616104819e+00
2.498866363796929058e+00
2.486381021266443447e+00
2.103532078747594181e+00
2.306811716712753313e+00
2.323750564588640710e+00
2.548507051162532733e+00
2.273921193336192026e+00
2.608883808190482156e+00
2.396062758323690201e+00
2.531464239757086787e+00
2.570849138655760591e+00
2.424028842505371983e+00
2.312789626349300409e+00
2.586633982666969089e+00
2.640792425336431215e+00
2.491323642627421897e+00
2.682879335151369560e+00
2.607491237817650909e+00
2.689892280966211136e+00
2.456930880633927394e+00
2.552814990451850896e+00
2.533329680044714483e+00
2.108092896404961447e+00
2.251995165125221465e+00
2.177683365676309268e+00
2.009449991084113041e+00
2.215803696825068059e+00
2.029579369531910427e+00
2.359177836204919387e+00
2.181945228443066487e+00
2.085896819277519576e+00
2.363755901926309466e+00
2.181391165626871409e+00
2.283441242858093467e+00
2.269698279535797614e+00
2.322554063576897754e+00
2.363135019048977714e+00
2.257896283115412128e+00
2.427717098509599492e+00
2.279337854410090625e+00
2.400124741271536966e+00
2.420566774513211339e+00
2.337023099475850074e+00
2.187641280188915349e+00
1.986408744907731005e+00
2.146293904389560581e+00
2.136731730255280404e+00
2.203060032817385494e+00
2.180615178442344870e+00
2.151804422241256010e+00
2.200080718210996711e+00
2.296309908445079540e+00
2.288792867799921638e+00
2.338610647464356429e+00
2.248104490639900366e+00
2.263734734252542680e+00
2.593369550881444496e+00
2.322166390640347355e+00
2.415004497091063129e+00
2.579068961532424709e+00
2.323836027570911789e+00
2.360398814987076488e+00
2.361395358993074733e+00
2.446838821564095934e+00
2.337343359296679690e+00
2.520235005546745288e+00
2.367565986923563681e+00
2.581941629986303610e+00
2.538553422775342572e+00
2.585043367676051584e+00
2.356361554207541342e+00
2.558734000233474415e+00
2.650877706035308812e+00
2.421017019122982727e+00
2.605576567531679988e+00
2.375421487870935877e+00
2.418791294311549933e+00
2.668002838997286741e+00
2.442557802886506479e+00
2.431913097085109055e+00
2.416301423318487185e+00
2.404459298328807559e+00
2.419503084069191345e+00
2.468209805780276600e+00
2.461535846348178236e+00
2.100317010845678567e+00
2.207108002958165560e+00
2.113785252562283112e+00
2.272902051533255641e+00
2.242469998644894602e+00
2.104480876675594025e+00
2.086220135449428081e+00
2.024877308977762524e+00
2.225969732413736413e+00
2.236292471494353951e+00
2.215750413323405610e+00
2.021055486776977883e+00
1.955890370906887110e+00
1.992872600588489584e+00
2.379104186021043343e+00
2.199936398598979714e+00
1.930684386947854492e+00
2.204603297670979067e+00
1.913707723114529857e+00
2.221848922821762606e+00
2.014204746258225764e+00
2.591978668556567555e+00
1.994697351883586878e+00
2.040835968865944761e+00
2.353646302930266110e+00
2.274285456901926850e+00
2.025289892086386434e+00
2.108037824916241920e+00
2.355235775111113483e+00
2.056492161005020414e+00
2.195041424862608004e+00
2.136973884158837045e+00
2.067421821563521167e+00
2.435526868431669989e+00
2.311694835168670803e+00
2.423680912715645341e+00
2.533827175291696765e+00
2.100957184811528489e+00
2.084976415086792656e+00
2.163232031785756515e+00
2.180160475259147468e+00
2.478961077414233216e+00
2.429001554849048894e+00
2.332142722710363270e+00
2.209322143587718834e+00
2.249763180804154938e+00
2.346205318738263657e+00
2.315180806715027018e+00
2.347933832219734285e+00
2.290364063181260068e+00
2.262933406234080458e+00
2.219867930888568264e+00
2.211812560957505891e+00
2.108677028027416966e+00
2.121874664274975952e+00
2.096819292068726082e+00
2.062247801864375507e+00
2.348796320997427411e+00
2.080092925925185909e+00
2.086135150211731570e+00
2.179087168919066286e+00
2.174108444289425179e+00
2.506804340246404639e+00
2.045514468952849274e+00
2.406168397332514086e+00
2.204397067069090888e+00
2.318685139633358094e+00
2.491426853505251948e+00
2.144111455347692541e+00
2.502247614714761870e+00
2.353411148369296768e+00
2.405593980958225409e+00
2.299256848234965123e+00
2.510832283187492742e+00
2.346363340855404100e+00
2.366826532054962406e+00
2.554259666274926399e+00
2.303818815772556761e+00
2.482104578777621473e+00
2.379622965088482811e+00
2.574846798188739072e+00
2.299404822092443901e+00
2.249725323465614490e+00
2.311906098004477439e+00
2.357431466776089835e+00
2.238239731484820361e+00
2.214375122512760807e+00
2.388876051500667508e+00
2.395481484478164447e+00
2.331981825486885374e+00
2.432430221227047440e+00
2.135740108037129659e+00
2.503355839691962625e+00
2.517029706318885118e+00
2.251072855535813044e+00
2.393950633072963186e+00
2.217185961779357228e+00
2.293815443568828272e+00
2.260498898185665517e+00
2.628819413906438029e+00
2.248217121352688253e+00
2.673647362245261228e+00
2.274484090439088391e+00
2.388476328924923564e+00
2.409638899933506995e+00
2.488536597027525943e+00
2.523026880010168060e+00
2.608135144581464004e+00
2.596387742715333680e+00
2.606842030634445084e+00
2.387857549823510617e+00
2.555415102656242610e+00
2.401058552819173020e+00
2.446142257768121553e+00
2.473692673311992163e+00
2.392398945238836117e+00
2.464478087050506527e+00
2.225071818826259040e+00
2.101382697889768281e+00
2.395442840725098055e+00
2.198503032952307645e+00
2.501944239932911263e+00
2.267162817530708807e+00
2.299385950097447395e+00
2.372069559878664968e+00
2.298872039120913868e+00
2.324155309149505744e+00
2.574601928778068594e+00
2.632515958150772661e+00
2.263532799308744181e+00
2.313255808259924162e+00
2.509252348939060795e+00
2.506667600807788165e+00
2.600660872291700176e+00
2.524020544713368341e+00
2.463747034270022063e+00
2.580564776584295839e+00
2.460211964023216513e+00
2.300363076883233493e+00
2.589521801251379429e+00
2.269054057266742586e+00
2.386237836116515965e+00
2.303337043704230869e+00
2.557297909907091604e+00
2.409815919122709094e+00
2.327378241055010122e+00
2.600013554760191692e+00
2.574117324344383562e+00
2.652490072264551912e+00
1.950556119230186569e+00
2.076763882878342571e+00
1.998126062850918538e+00
2.182518507726302737e+00
2.131851073890060011e+00
2.229186772433156882e+00
2.228311045228705822e+00
2.089969700913944628e+00
2.124396430847709905e+00
2.035320685577674205e+00
2.012278288531664128e+00
2.122289539032697014e+00
2.107807585472981859e+00
2.081288616517580348e+00
2.087308192009013297e+00
2.223812849491121124e+00
1.974256851756391873e+00
2.334213388801126055e+00
2.395367394509969827e+00
2.333236216685152353e+00
2.323600618637780446e+00
2.354014927588759409e+00
2.318635809637692002e+00
2.175076785635563947e+00
2.301821938337982321e+00
2.336123523425673199e+00
2.149623452440142746e+00
2.268178342122402213e+00
2.291828056429285443e+00
2.346074306796867237e+00
2.340261696156384019e+00
2.487164695594044073e+00
2.515975728016592416e+00
2.344842689399491142e+00
2.306604959481098227e+00
2.591809768968651895e+00
2.374485707560378245e+00
2.478521689425842389e+00
2.278145880359320863e+00
2.444927386690741944e+00
2.445250266293476749e+00
2.450294709303519447e+00
2.390646766404248780e+00
2.532341764293164044e+00
2.532990057970545106e+00
2.571442620507955468e+00
2.441538600957408711e+00
2.625416374905579442e+00
2.427664479368134121e+00
2.696038109285098905e+00
2.677523862618564010e+00
2.408233687248915178e+00
2.322283653741347820e+00
2.421851987807558171e+00
2.524433000618190537e+00
2.279517294025743102e+00
2.277323510329586576e+00
2.391104205009990213e+00
2.180448052443740625e+00
2.348331709077538410e+00
2.331857740349630337e+00
2.444755583179697656e+00
2.380267356773351217e+00
2.193636964601285211e+00
2.236888327027861223e+00
2.118727937570151099e+00
2.191799389605571413e+00
2.251949871146024407e+00
2.173618884220934522e+00
2.212026870152302926e+00
2.117820965306454362e+00
2.090803733621233285e+00
2.083499966824235550e+00
2.224774061426643801e+00
2.017320440571743312e+00
2.195248830581497668e+00
2.297293615611495810e+00
2.095750604448933796e+00
2.088725484574222246e+00
2.142746974145054217e+00
2.282784512436665914e+00
2.355121393828901510e+00
2.293361301538996866e+00
2.491486509334734478e+00
2.268503259003812111e+00
2.397796085343383954e+00
2.407392657469005659e+00
2.354682394445850147e+00
2.489397761635266715e+00
2.373243139314848094e+00
2.335115584255768706e+00
2.639054424995995518e+00
2.577250736025927136e+00
2.492889761901181167e+00
2.548308763159354839e+00
2.282442592719807983e+00
2.318489853038705029e+00
2.307384704887392779e+00
2.179915379273747789e+00
2.136055275173293300e+00
2.339205493342086495e+00
2.299010911101895704e+00
2.298507465428840213e+00
