2.179109777153628080e+00
2.182173539297185716e+00
2.304640675922211557e+00
2.169580467448120054e+00
2.212711999465672541e+00
2.160944431764467044e+00
2.166423904353881991e+00
2.403454835863629402e+00
2.121801749254987435e+00
2.254522277491912252e+00
2.114789871964937173e+00
1.970238103665020279e+00
2.101813238340176415e+00
2.248918409503600557e+00
2.039305109271911665e+00
2.071786669232188238e+00
2.496461401451176343e+00
2.047773410127547766e+00
2.345694676757426489e+00
1.990102260155542258e+00
2.088300820354382470e+00
2.056380370892216813e+00
2.539136824084855526e+00
2.289545729889990167e+00
2.061991513588468106e+00
2.226874844195327885e+00
2.146508181551205485e+00
2.040970169225949871e+00
2.328538084963530874e+00
2.096613189174699521e+00
2.151971076981843645e+00
2.119507106986319833e+00
2.162348478472487567e+00
2.147022593469358309e+00
2.362151144840511474e+00
2.455981860156096097e+00
2.367626380094645544e+00
2.422479558401684052e+00
2.513072797233027345e+00
2.304550177635104280e+00
2.328887445256089261e+00
2.321143841432499411e+00
2.119690416874191907e+00
2.361811802126533077e+00
2.167534786188205054e+00
2.449236553616312317e+00
2.433020079225509669e+00
2.326391448181752253e+00
2.341281947938066210e+00
2.261473667246190367e+00
2.468047787893740352e+00
2.405207563592405062e+00
2.237152900860405857e+00
2.275064599356269035e+00
2.205621851256016175e+00
2.216746553788505381e+00
2.357726108576713386e+00
2.097213873194023748e+00
2.220684415267866196e+00
2.111068516371930048e+00
2.437673941086901053e+00
2.234631990100981014e+00
2.145515997256532970e+00
2.197756728445283692e+00
2.197447184116339880e+00
2.534963244959595130e+00
2.322864915610732162e+00
2.156231942128059131e+00
2.380345299665982850e+00
2.368290046946581295e+00
2.444001023274563256e+00
2.518254855226452094e+00
2.576678101216686834e+00
2.318158066746577539e+00
2.400874386983054887e+00
2.455113313925266993e+00
2.401649363338350440e+00
2.381380999824032951e+00
2.532460966794420010e+00
2.357972235391973648e+00
2.453938020788042795e+00
2.348405639172152615e+00
2.416857101830227617e+00
2.436083217992103478e+00
2.358238962331627775e+00
2.356161964326652480e+00
2.243195783724930781e+00
2.414494148184885614e+00
2.553446392211146776e+00
2.384252242243708686e+00
2.316243921874980405e+00
2.269781597535212914e+00
2.230780876209808916e+00
2.235279153139465791e+00
2.303327704177831947e+00
2.258768395767278836e+00
2.411753191151614573e+00
2.486885321749997768e+00
2.337649921340780867e+00
2.301595798885834654e+00
2.306552662371787132e+00
2.361667555372083172e+00
2.490659598894390925e+00
2.624882048013010394e+00
2.533514711399871722e+00
2.408821546352800880e+00
2.509983561400703334e+00
2.425458605463270523e+00
2.524804509145105236e+00
2.483038704725163193e+00
2.472958057898030138e+00
2.337058453199589270e+00
2.319395906443171285e+00
2.407125712532730333e+00
2.231537302651375843e+00
2.320691025305227750e+00
2.353243022028177922e+00
1.993509331545878949e+00
2.495539422921062567e+00
2.241612866899746148e+00
2.542515354336541744e+00
2.538140971277693225e+00
2.480002176478964593e+00
2.531240876556783537e+00
2.510339590229488493e+00
2.439626355549246561e+00
2.640929722298382742e+00
2.279592448468023225e+00
2.479073734645887761e+00
2.595487403981877161e+00
2.383418350114682394e+00
2.487420170345775450e+00
2.580757211290671371e+00
2.435203477612140954e+00
2.358036659585957207e+00
2.630604462254019893e+00
2.566022986472801914e+00
2.630382433445739743e+00
2.048740929776223574e+00
2.132049876651370468e+00
2.081408925829183243e+00
2.046118168773981338e+00
2.015138117163620901e+00
2.209295737048124320e+00
2.235649962448037265e+00
2.126860431619606473e+00
2.054677068200167600e+00
2.122454471464987336e+00
2.141972959543078758e+00
2.280546936417827020e+00
2.140146109673335850e+00
2.146511383779401427e+00
2.058087281910307986e+00
1.956083387408094731e+00
2.249479331470162879e+00
2.417549548404643645e+00
2.341118706261678284e+00
2.337095702366668082e+00
2.448128063719834380e+00
2.272855894586505165e+00
2.275467184680029398e+00
2.195672738144102354e+00
2.448265866827333603e+00
2.565361091622586187e+00
2.578934417229706177e+00
2.044003746818612743e+00
2.369204873407944500e+00
2.273071417849743980e+00
2.400171540911882229e+00
2.300129799263233021e+00
2.593128558503754011e+00
2.393932884026702457e+00
2.524215965924103244e+00
2.583900656366886484e+00
2.540722484566229955e+00
2.273912673959798791e+00
2.528705009630770384e+00
2.333690719312573325e+00
2.516681554158852308e+00
2.572739368509957991e+00
2.583277716101667121e+00
2.598313830815622172e+00
2.424852481638062773e+00
2.496412037260063332e+00
2.497834761819657690e+00
2.182243380694198098e+00
2.314857665140265031e+00
2.411028849450459699e+00
2.027056457021828351e+00
2.328922240137799804e+00
2.188081106020880906e+00
2.416146102589142419e+00
2.281631891062838591e+00
2.264281201554521061e+00
2.412894139920802594e+00
2.352014477379724688e+00
2.247436604384515313e+00
2.246064032290131074e+00
2.288103222013432081e+00
2.353453932060399989e+00
2.245813279386708938e+00
2.380605436178263368e+00
2.341332357356782801e+00
2.390436588602247614e+00
2.395369654093473244e+00
2.342264404530570054e+00
2.258473767951027611e+00
1.936694789720663445e+00
2.148972957205045109e+00
2.123595941841234236e+00
2.106020357153396638e+00
2.078962975895269238e+00
2.222808343809910880e+00
2.230408855375866306e+00
2.249422871382138034e+00
2.431201562504554659e+00
2.370507138149611670e+00
2.214179349309894462e+00
2.306813673037398704e+00
2.568375773030749265e+00
2.447625847935191334e+00
2.271382259638595968e+00
2.510124472592139444e+00
2.306550744012259457e+00
2.293104114902947188e+00
2.383545152158942582e+00
2.431505475606813516e+00
2.342224572433564411e+00
2.479525722458194359e+00
2.471370982665006988e+00
2.644969273745275906e+00
2.534159967284716153e+00
2.512320656451220380e+00
2.475433904351965975e+00
2.564369713337183665e+00
2.647260803101654236e+00
2.368225762500316467e+00
2.677653021502684361e+00
2.354127955259013305e+00
2.582843414503666946e+00
2.736679913502956918e+00
2.494472097193323190e+00
2.510523426747733211e+00
2.459705885307631679e+00
2.378325403594048648e+00
2.382703824708709117e+00
2.326093003990534314e+00
2.583200329637741266e+00
2.266307346118852095e+00
2.507932400486736491e+00
2.143239957016251029e+00
2.259531827495112832e+00
2.263441958037842650e+00
2.228151690179775546e+00
2.143923525432758215e+00
2.108562289704189574e+00
2.096205018792578034e+00
2.277223650937845623e+00
2.211700532698575472e+00
2.157034502045124480e+00
2.023425016970568091e+00
2.050590610863595398e+00
2.339166885291661835e+00
2.135564175448042779e+00
2.123494607254266420e+00
2.297354111408576927e+00
2.009853598624905313e+00
2.278442203290852230e+00
2.108923600480621108e+00
2.547288687653463946e+00
2.115631051901354809e+00
2.152638723042063607e+00
2.343611684756842450e+00
2.276970722764817268e+00
2.124569695019797422e+00
2.288268992996607132e+00
2.355950839055769741e+00
2.182876385126457652e+00
2.347849980678685444e+00
2.343026035050196576e+00
2.172219130143390409e+00
2.332622030547743641e+00
2.487098554540843054e+00
2.549737865971116957e+00
2.420952978680740664e+00
2.320324754308942250e+00
2.323475580608294067e+00
2.352759301651774493e+00
2.382851470356827317e+00
2.493708446847463289e+00
2.468951093799732988e+00
2.385179440125471118e+00
2.253964207785908780e+00
2.352009696071549527e+00
2.379906796903097366e+00
2.448222959416334277e+00
2.407646793069678104e+00
2.375406379706608284e+00
2.372204593382257976e+00
2.285297556573441913e+00
2.187197898590819811e+00
2.172645403237198458e+00
2.025562252273617858e+00
2.246326861737923064e+00
2.091545166139821443e+00
2.361322022222100081e+00
2.164593143645403561e+00
2.118248173541599666e+00
2.349358209238745943e+00
2.184688381357358544e+00
2.454860753247511074e+00
2.136749425687524795e+00
2.345020256021097982e+00
2.236383417975272181e+00
2.359313383311960610e+00
2.349699354150855068e+00
2.186774964905504159e+00
2.383020839901303756e+00
2.286649862791187093e+00
2.469861905609325170e+00
2.336809539116482703e+00
2.422443533080840261e+00
2.213528402046579746e+00
2.302362814796185653e+00
2.488822116671857376e+00
2.233208437920732425e+00
2.291146317561255863e+00
2.404984777678387697e+00
2.496348085280583717e+00
2.298086674642056071e+00
2.346973145682174522e+00
2.279820842167882500e+00
2.321114507708279540e+00
2.081466933062861457e+00
2.294658889819249037e+00
2.312482218499038122e+00
2.321978091863814431e+00
2.346875125782635241e+00
2.419722710414652589e+00
2.146887174193816250e+00
2.278958810175367500e+00
2.423363426606690574e+00
2.244159645282389537e+00
2.219944912220709998e+00
2.253142809249375045e+00
2.156902739382005496e+00
2.209782354054525833e+00
2.401163411023960581e+00
2.398311570075739585e+00
2.545085447190554628e+00
2.262642940707612293e+00
2.209928392290931853e+00
2.177677536152653470e+00
2.371140883701637669e+00
2.453804030981798778e+00
2.461461193921342883e+00
2.538672557843690836e+00
2.451797130003601666e+00
2.470604388895746961e+00
2.578174320993653623e+00
2.521543587328412439e+00
2.469318700841600656e+00
2.445657625448252492e+00
2.417324012353083695e+00
2.481012131025577716e+00
2.331014283625558736e+00
2.152401729269322050e+00
2.553919673499255971e+00
2.420140231612088133e+00
2.573389300183613670e+00
2.376992782589603781e+00
2.400800530795565990e+00
2.491850484864531978e+00
2.486711785836489330e+00
2.391881565696943213e+00
2.537392697108618478e+00
2.719519369842959389e+00
2.240483582817589969e+00
2.389861717173266786e+00
2.528460139965196252e+00
2.510300248232508302e+00
2.579281810645612794e+00
2.434910156350621246e+00
2.515065315537694079e+00
2.636430591241903709e+00
2.420310650111402229e+00
2.329136414693852686e+00
2.484443296720274752e+00
2.300448785757888359e+00
2.522446455577624480e+00
2.302007068348900010e+00
2.519615362311053541e+00
2.325262386069692599e+00
2.323241125730406420e+00
2.544652251609760718e+00
2.531729643421066100e+00
2.538212852557423904e+00
2.053484069079944963e+00
2.069588425947419097e+00
2.054012373281811854e+00
2.187616232697909169e+00
2.196724274644524133e+00
2.153329000650732628e+00
2.191439641250792381e+00
2.222452074622331075e+00
2.059710874351744714e+00
2.080242938530545427e+00
2.112863485177924883e+00
2.115083822981894901e+00
2.256380330213293650e+00
1.975390512790193176e+00
2.192779318005941391e+00
2.338444790793413386e+00
1.987479876844519433e+00
2.454302675989846527e+00
2.322314051412974312e+00
2.406597144950967326e+00
2.302440361567562377e+00
2.257190342959201068e+00
2.423333668427102072e+00
2.343502462911697837e+00
2.366359740553102942e+00
2.371959656655216353e+00
2.090263436499409710e+00
2.300057726946300285e+00
2.360585375345885861e+00
2.376935948267765664e+00
2.552448924260018792e+00
2.522433196558708790e+00
2.538159758562589463e+00
2.406749452213503560e+00
2.331804934959565756e+00
2.637715804953123300e+00
2.356196243584724570e+00
2.612605769754878349e+00
2.394627091158818555e+00
2.508403867612142069e+00
2.500553692829717622e+00
2.660953736282547943e+00
2.429183643561719119e+00
2.513517964230454815e+00
2.643665264733090936e+00
2.559621044316582772e+00
2.245688554503828538e+00
2.403113791124710019e+00
2.521438285530758439e+00
2.687010433530173437e+00
2.666690656230033873e+00
2.544395658040206953e+00
2.402872844678727304e+00
2.411268098924498116e+00
2.563417731125130938e+00
2.330501334334851293e+00
2.405142258048157178e+00
2.356504102320988281e+00
2.216708922422474082e+00
2.336775329166783433e+00
2.388779141843258014e+00
2.397909030322767698e+00
2.315613111573703531e+00
2.245429680115314408e+00
2.262539811851402405e+00
2.052446115929857040e+00
2.272766464467383063e+00
2.291495797869943729e+00
2.306673973453223336e+00
2.178005145105711193e+00
2.226255020637210258e+00
2.212559185880128787e+00
2.204140139612437821e+00
2.218509151900992737e+00
2.009922640554190565e+00
2.299671295001282534e+00
2.414478003837755349e+00
2.014881647947585730e+00
2.218941027423603440e+00
2.138537685929396748e+00
2.261064962759993247e+00
2.404796623122293475e+00
2.311664668587913418e+00
2.486004015644400766e+00
2.377781530762608675e+00
2.366966567930123944e+00
2.437114304100034268e+00
2.371050804762816266e+00
2.556016257800937552e+00
2.418610815714870466e+00
2.422819664948232532e+00
2.673611448090983167e+00
2.663322089512181634e+00
2.502245538019881366e+00
2.740524947977585501e+00
2.470844777332556141e+00
2.145740350417349784e+00
2.478430280062696500e+00
2.466836678108480729e+00
2.182957564542112205e+00
2.174668438836562689e+00
2.367287731838340736e+00
2.215681991587927779e+00
