1.644836989934521432e+00
1.543589249703633870e+00
1.533307159748764414e+00
1.554462214106947071e+00
1.505053443396410451e+00
1.577384390198092623e+00
1.740103309809453824e+00
1.751794101813591631e+00
1.669485568506840600e+00
1.622655190284464810e+00
1.692390613061141025e+00
1.705659090423060409e+00
1.750449306473910616e+00
1.801892016734833346e+00
1.909635446113628232e+00
1.783859963714855779e+00
1.719037330135483987e+00
1.840924946121456962e+00
1.694371302303116611e+00
1.797980599336539420e+00
1.814353790848612036e+00
1.882378721291987356e+00
1.853682825102100251e+00
1.773234321829713078e+00
1.702181005775511125e+00
1.680052989866981816e+00
1.682592198640883607e+00
1.896698385014749855e+00
1.802443454682479906e+00
1.933032799008530311e+00
1.706698197766239655e+00
1.694408545732339899e+00
1.760207415719345025e+00
1.819606622775127747e+00
1.616855058614691032e+00
1.791565311307056652e+00
1.898396456081348882e+00
1.624656083892218827e+00
1.599792057499906717e+00
1.720687870501717676e+00
1.920197767167622249e+00
1.657830337264007081e+00
1.654551863654935229e+00
1.740967948183056668e+00
1.690465125916906564e+00
1.856812289169849750e+00
1.791804684781119095e+00
1.708685120126832935e+00
1.837542775803775896e+00
1.791970544441917390e+00
1.723594350857896806e+00
1.583975813732825921e+00
1.715407970196087817e+00
1.605918421799966911e+00
1.533908846673902593e+00
1.651702422066954723e+00
1.721870126053669958e+00
1.647713735993226569e+00
1.663309198469502315e+00
1.676946089234663928e+00
1.672580056617255728e+00
1.644701817851009773e+00
1.660168413163441548e+00
1.686179435789628700e+00
1.652543968923147366e+00
1.844554055934062298e+00
1.899917905700588827e+00
1.617762967246374473e+00
1.701800990738337793e+00
1.849592913182127596e+00
1.851063287446322203e+00
1.858798776834532651e+00
1.873115401239514810e+00
1.752541466703378070e+00
1.697448491260290515e+00
1.876901628769176433e+00
1.779728561800405506e+00
1.914744623885820562e+00
1.717376948880639853e+00
1.742500666623211236e+00
1.741806065796689840e+00
1.803318622567558815e+00
1.702420192942341703e+00
1.725737335461636990e+00
1.820531595246799306e+00
1.876361317095626147e+00
1.860499518560931653e+00
1.916073729901903722e+00
1.914535355408095718e+00
1.750069784146964569e+00
1.785560761065192237e+00
1.616126552613884382e+00
1.637181614965592669e+00
1.714470566819946695e+00
1.759861147739577580e+00
1.726629455254880874e+00
1.839393652792404632e+00
1.839007614361625853e+00
1.888862183307383313e+00
1.823148102316374475e+00
