1.691338898768647958e+00
1.501871305050863636e+00
1.464370528669989069e+00
1.521689273133010945e+00
1.453773456376057815e+00
1.461660867085021964e+00
1.657660660566224076e+00
1.773097695892980052e+00
1.464592917235857827e+00
1.842670806913981441e+00
1.763153225485768916e+00
1.749021449680566276e+00
1.755735514814249720e+00
1.860517032460463849e+00
1.935271710402841405e+00
1.700811962039801895e+00
1.667754990115871916e+00
1.819706572030718394e+00
1.652906553183227656e+00
1.952894719734150852e+00
1.866292878340836792e+00
1.913237711037560462e+00
1.948411174776835120e+00
1.828295346161110890e+00
1.925844158845884779e+00
1.885722132080272395e+00
1.797524328436982843e+00
1.963558882354341284e+00
1.836215340901293347e+00
2.001273870941378874e+00
1.796151379734179931e+00
1.729922491599615197e+00
1.615693103294014721e+00
1.694306801701824794e+00
1.944956958176765616e+00
1.725553482976706743e+00
1.934240445051678137e+00
1.567327408870482275e+00
1.527329814325568469e+00
1.748748918948197506e+00
1.871529831205088312e+00
1.794263315784076829e+00
1.857631584475854636e+00
1.806392584569538329e+00
1.806430843103667749e+00
1.950576896592175036e+00
1.925662951343707130e+00
1.860753228917159774e+00
1.801029693697841605e+00
1.969748418754875718e+00
1.688567977402750886e+00
1.504414828944160565e+00
1.641362233746222588e+00
1.442274963489333484e+00
1.377015621139485502e+00
1.546481409596776047e+00
1.592797991936488300e+00
1.591488140010229646e+00
1.754354761403247531e+00
1.721642132537349879e+00
1.744117843982502247e+00
1.557830700991678530e+00
1.680813806349619410e+00
1.743205640356540131e+00
1.665437841447942713e+00
1.831443195360063392e+00
1.637370814435303190e+00
1.648878474469178901e+00
1.673005799750029166e+00
1.797129466160332090e+00
1.798531328916840755e+00
1.987295561562070656e+00
1.878852411104581011e+00
1.471038998963774214e+00
1.795211047687691241e+00
1.960806940853116798e+00
1.720135393850499961e+00
2.014722315320832902e+00
1.837177570198796461e+00
1.708650696236786226e+00
1.775799669220330168e+00
1.702149483714043621e+00
1.790873037643792021e+00
1.775705356930239454e+00
1.803276727988531558e+00
1.924765633825244127e+00
1.966019443549585022e+00
1.977132584156725104e+00
1.882487460843539573e+00
1.642500374186196987e+00
1.686038556156322699e+00
1.594302078417380031e+00
1.508694570154503145e+00
1.768222752650940643e+00
1.798600550929027264e+00
1.846139209329062947e+00
1.885907558281336716e+00
1.892465881463872845e+00
1.759670269219436145e+00
1.830003669914768150e+00
