2.112366638948909081e+00
2.131376516650742126e+00
2.166153526814024399e+00
2.109323248921293192e+00
2.149637395718891231e+00
2.096030464680176841e+00
2.269153862458056281e+00
2.247450831857335629e+00
1.951877709895796453e+00
2.134768892146156283e+00
2.173454014788761324e+00
2.007359423705894486e+00
1.932540529204939794e+00
2.099087522192498945e+00
2.018262637161019946e+00
2.063742890909887162e+00
2.467134522179108558e+00
2.151034053864308682e+00
2.453042190151074387e+00
2.011449731726753676e+00
2.019633486868362304e+00
1.954334839399922696e+00
2.622526626673042482e+00
2.535805987327084843e+00
1.973399467138401864e+00
2.214264100853300388e+00
2.282163267368089166e+00
2.139144562368859859e+00
2.418063483071234643e+00
1.998941801727722511e+00
2.087353057720175542e+00
2.508725666061273341e+00
2.152896285335347049e+00
2.350690589949877563e+00
2.393283332961221088e+00
2.522152425107513807e+00
2.437999625501672707e+00
2.586553430307885648e+00
2.586775047787131854e+00
1.699291089631261187e+00
1.764154147398894201e+00
2.289099753572418017e+00
2.265222966764249168e+00
2.381390237607313054e+00
2.009540870020882775e+00
2.481428635917788839e+00
2.234433810902878736e+00
2.264095751833810066e+00
2.182065475688900413e+00
2.316645230241856979e+00
2.343520854484720140e+00
2.456877279431032068e+00
2.388901310477333340e+00
2.292808884547382853e+00
2.297106763838216992e+00
2.269161639257875063e+00
2.436015900666866685e+00
2.037889562677803745e+00
2.185532912341881406e+00
2.115973584950494146e+00
2.558119902135197687e+00
1.861331947302403922e+00
2.186508528999252299e+00
2.105942381904628125e+00
2.410498996723017040e+00
2.459121881251337793e+00
2.101359570098973784e+00
2.031022774617100790e+00
2.348471667146418973e+00
2.401704707344705092e+00
2.304845266135457926e+00
2.615722380414929660e+00
2.583290159505492234e+00
2.124273995165113504e+00
2.398025497958788055e+00
2.490394157134447894e+00
2.439847246471906761e+00
2.379134541084796606e+00
2.711325273028403426e+00
2.427756745077527700e+00
2.443867995642858393e+00
2.653635169453063991e+00
2.188300315704451826e+00
2.268785440720953339e+00
2.187743684283538492e+00
2.421903001744257100e+00
2.091177741436321735e+00
2.314530805474001252e+00
2.469016853847336712e+00
2.465511108330753487e+00
2.489024256778979538e+00
2.512152084350434134e+00
2.400989715783645284e+00
2.342883205174863814e+00
2.280645055603823579e+00
2.497447746444739547e+00
2.508829760299634781e+00
2.553077403927213496e+00
2.437649925275459317e+00
2.300882963855348073e+00
2.653231266512261488e+00
2.612584205216760491e+00
2.587812454439797349e+00
2.726715158919765347e+00
2.752161706346541337e+00
2.510398404306381615e+00
2.533142172791087443e+00
2.488627158154502972e+00
2.453462624545442061e+00
2.569661384469112519e+00
2.657909337968501262e+00
2.469574413970102800e+00
2.519322563818304772e+00
2.480329613483394535e+00
2.343829895120142837e+00
2.570700687250618177e+00
2.458661842093833094e+00
1.931894439395564156e+00
2.628919449591084589e+00
2.407490496864308938e+00
2.642023159717884262e+00
2.620604254575392922e+00
2.526431333423735826e+00
2.536092274601458474e+00
2.573676169410050729e+00
2.476484194423780760e+00
2.652700940057544532e+00
2.480026619001741039e+00
2.741808953757162826e+00
2.695698500443917123e+00
2.546839154981961340e+00
2.508667661336579258e+00
2.665121766553323557e+00
2.671020201731450605e+00
2.301162392988632011e+00
2.631418814665342332e+00
2.627645564399627709e+00
2.622251096276450699e+00
2.123750061264446209e+00
2.295636167864626209e+00
2.040595404006768199e+00
2.135416378290641681e+00
2.151378686605940338e+00
2.232377855788712395e+00
1.980908088533224420e+00
1.946584491103664938e+00
1.818175260209311528e+00
1.960475749307532434e+00
2.066116338873908109e+00
2.316661784760666976e+00
2.096787537562764481e+00
1.957145891334782117e+00
1.903300731948689872e+00
2.038224040818120919e+00
2.512925838406010026e+00
2.519880813189160129e+00
2.536541778614504139e+00
2.357462026130750399e+00
2.518179910608524086e+00
2.491164330163655016e+00
2.428436526748159352e+00
2.378665277160358027e+00
2.554665523140496664e+00
2.613676857781559004e+00
2.607088391890961976e+00
2.243666401790531228e+00
2.419404636382628482e+00
2.366300878376065064e+00
2.452491057642514072e+00
2.453323730584437534e+00
2.636423620904453813e+00
2.473609650226350709e+00
2.587813760453484768e+00
2.594899712469745712e+00
2.597859241770736016e+00
2.407455419738660396e+00
2.649361744656249407e+00
2.529892667916701754e+00
2.462133631042485948e+00
2.713904012052391401e+00
2.695923000691216931e+00
2.762028878836564783e+00
2.593754783568536837e+00
2.619340009234461863e+00
2.662526165778812626e+00
2.175014171650837547e+00
2.366722806563890114e+00
2.464390402257146118e+00
1.939458377677151013e+00
2.271053015415731124e+00
1.994090639257918962e+00
2.476274886724757263e+00
2.202960944180403224e+00
2.073182334078884193e+00
2.525017885606293699e+00
2.184024468251632545e+00
2.226653306225509166e+00
2.228856068821551961e+00
2.461328113038914633e+00
2.283590905463138032e+00
2.308942283744500834e+00
2.591197025789670150e+00
2.323116570390658442e+00
2.405462321599975528e+00
2.446522937160362066e+00
2.429326015338826306e+00
2.301456127319444711e+00
2.109655294616237686e+00
2.182306938470361057e+00
2.265498674983595695e+00
2.078393569203442759e+00
2.259514021427199371e+00
2.320820484566038733e+00
2.278342460793127966e+00
2.326175769221321854e+00
2.461103698381497118e+00
2.580688681547955721e+00
2.334532933880947514e+00
2.334509799522931583e+00
2.593782046313959810e+00
2.528937929750664892e+00
2.542672282946985440e+00
2.682319822752867733e+00
2.465334855706836859e+00
2.422207173659421731e+00
2.465850998979068454e+00
2.602567906967330202e+00
2.410759139925179095e+00
2.453701961264277642e+00
2.454909015066551792e+00
2.671324697636520362e+00
2.634920533507954854e+00
2.524926300756797026e+00
2.427982073516426365e+00
2.602962969392182302e+00
2.667556811999226341e+00
2.531425255651137185e+00
2.670158070581755361e+00
2.550844388362366821e+00
2.601409129320192637e+00
2.727971508768106457e+00
2.519801064364160403e+00
2.530153484023233368e+00
2.429324916877757978e+00
2.402365239874789449e+00
2.594929021964129667e+00
2.559122085459053508e+00
2.554321353114374471e+00
2.025652374172679959e+00
2.250312661601792996e+00
1.871735657502608730e+00
2.201910593083920897e+00
2.326522184040010988e+00
2.144704645396625420e+00
2.138193527212935319e+00
2.085576505905107680e+00
2.003931812245312472e+00
2.216004743830242152e+00
2.189009407113127192e+00
1.984009075709957104e+00
1.963771544495962251e+00
2.007113702698661406e+00
2.349004359816011522e+00
2.091771028450726710e+00
1.909802047088259291e+00
2.500690498322998501e+00
1.885439520752557163e+00
2.175274294076865012e+00
2.103765501640849411e+00
2.587380065103116245e+00
2.117254398526139170e+00
2.113033507150355206e+00
2.548806594048401042e+00
2.256493548369689961e+00
1.982156875182295552e+00
2.309607269482964576e+00
2.542709617393304811e+00
2.264641296878369570e+00
2.260592156125185159e+00
2.254733916504661373e+00
2.259894987705615144e+00
2.506795206623753991e+00
2.453654198087963145e+00
2.495166835367288893e+00
2.631007793815770768e+00
2.214696335209714650e+00
2.203969084096918607e+00
2.271540826534807600e+00
2.227094382853508137e+00
2.607700537405190921e+00
2.549458636654009958e+00
2.436091814207157480e+00
2.286233531540644570e+00
2.410839943143302300e+00
2.524523111928428598e+00
2.407457004934793421e+00
2.415881470372315043e+00
2.429540415544659382e+00
2.446062140496753301e+00
2.408428765526254622e+00
2.243244296905476887e+00
2.290230894245611992e+00
2.076740291213948542e+00
2.231149226932077401e+00
2.275461734155444393e+00
2.592077419554501549e+00
2.203063292267713358e+00
2.313498604858095220e+00
2.549198822658340635e+00
2.192596609334811930e+00
2.433948619051862217e+00
2.004054229137484988e+00
2.346206582615196989e+00
2.213709638791207190e+00
2.421632065325347583e+00
2.358290622575890172e+00
2.230767561107612540e+00
2.580411400415249190e+00
2.331611228282564952e+00
2.433048254687356415e+00
2.313130806586358279e+00
2.720341751304806266e+00
2.451932148523034538e+00
2.332841556872339961e+00
2.564884112775785763e+00
2.220509545984231004e+00
2.504209290409896038e+00
2.447573046826011733e+00
2.697117905993648090e+00
2.302096770006234472e+00
2.304457575631277066e+00
2.402490671248238563e+00
2.294786447321553347e+00
2.388275189493850537e+00
2.302515921190531056e+00
2.353492941648894998e+00
2.591293342247998233e+00
2.499207525803861962e+00
2.617664334933673675e+00
2.475786501428721476e+00
2.422751174244890393e+00
2.497740382380565283e+00
2.463379683233717365e+00
2.216721776811329647e+00
2.581572628753771248e+00
2.494163537477108505e+00
2.339329964210776769e+00
2.517545139779928665e+00
2.368665717506583945e+00
2.674498507432993222e+00
2.183753191285199069e+00
2.477886756177956062e+00
2.404624759667953082e+00
2.616422642272390409e+00
2.513192710316771272e+00
2.572662321457221957e+00
2.682174957626701772e+00
2.568499070009602647e+00
2.645629103495050760e+00
2.733195091658916720e+00
2.706687762307971479e+00
2.520542826146802806e+00
2.650672681270907827e+00
2.417898609160607393e+00
2.562143516792934950e+00
2.507137592053503283e+00
2.264915135516860190e+00
2.461707260235772576e+00
2.482968108353569292e+00
2.544798797860992501e+00
2.532563161955916353e+00
2.589916976933704706e+00
2.497729608698391779e+00
2.518030665925346412e+00
2.540812036375437621e+00
2.688286245010712783e+00
2.753837612150385805e+00
2.544467029928552115e+00
2.543086574295071234e+00
2.694616683743443986e+00
2.579379780170965919e+00
2.679448905041621920e+00
2.609268028261112260e+00
2.421571932380839787e+00
2.614676931207193800e+00
2.673986963537153372e+00
2.335132938011795112e+00
2.728510614862286410e+00
2.446774763552358678e+00
2.613200455289163227e+00
2.460884788573982185e+00
2.576467083595902263e+00
2.664632748093877623e+00
2.421986100035003808e+00
2.616449468260411582e+00
2.580588962816543930e+00
2.693355964011599379e+00
2.032361251767547117e+00
2.144078823752729512e+00
2.176628780620133430e+00
2.165436845350525275e+00
2.069111852369905247e+00
2.095651305303533274e+00
2.189284843064186692e+00
2.063914467526882568e+00
1.926816373036196683e+00
1.830986940764084192e+00
1.899611934020556392e+00
1.963217054909585757e+00
2.316924320977850282e+00
1.851554403689006811e+00
2.178650232416494692e+00
2.060337214933153138e+00
2.018198303074726141e+00
2.483151929051186091e+00
2.435850647329358853e+00
2.189884931905379695e+00
2.471539854859090113e+00
2.421004825869298216e+00
2.423059498610755647e+00
2.509457434928206609e+00
2.624129396157325989e+00
2.503752746239759297e+00
2.246555969679342013e+00
2.330955850782311156e+00
2.392498915319011044e+00
2.500062929142704338e+00
2.386190943128703612e+00
2.632340171477899116e+00
2.496641808563298870e+00
2.619599089875329856e+00
2.467988559689858974e+00
2.568314390508931844e+00
2.485817836960770855e+00
2.596036351497245320e+00
2.413636861619584906e+00
2.645127238177882312e+00
2.641643965752499046e+00
2.702453307527101334e+00
2.510123184963023224e+00
2.710638453585036522e+00
2.732686512511769639e+00
2.572245495908116464e+00
2.574093613267491865e+00
2.680877817019928777e+00
2.659600805772663890e+00
2.733388588138073061e+00
2.795619744992309919e+00
2.504807901529781500e+00
2.616065849144218358e+00
2.564722369682624237e+00
2.591476879141545453e+00
2.276922693458297786e+00
2.456950109266864857e+00
2.372288954884404166e+00
2.360494980007727950e+00
2.405143555622821339e+00
2.293506887319530119e+00
2.521807571724894004e+00
2.395568140381515665e+00
2.185376534098569579e+00
2.322528413896493671e+00
2.059654214337076628e+00
2.247412408868085798e+00
2.436419507308527521e+00
2.296987432336513812e+00
2.466208486850655746e+00
2.305317664885428997e+00
2.482171119559893224e+00
2.313479124277034060e+00
2.382096036832145103e+00
2.183192902127699675e+00
2.432432865283725043e+00
2.468703073599358699e+00
2.053562691368931326e+00
2.193520010531802455e+00
2.129566916316021352e+00
2.346054785573442825e+00
2.401272048755797694e+00
2.370859523903409816e+00
2.460506241346942957e+00
2.470017104118781059e+00
2.508089110367568431e+00
2.586730313018052563e+00
2.419315525211462425e+00
2.631373024378724779e+00
2.510308537138540963e+00
2.523770718027392501e+00
2.661036194181249037e+00
2.713975067936955199e+00
2.604516469302879500e+00
2.676598099086564098e+00
2.525151359208130941e+00
2.481125893452822417e+00
2.524833644506611297e+00
2.404879013382331010e+00
2.402300030041474077e+00
2.515881233024564789e+00
2.572233722555192337e+00
2.507263557611392635e+00
