1.655532854597010273e+00
1.561959143485247115e+00
1.537084927898798359e+00
1.518468884763275906e+00
1.514023459288027063e+00
1.595611896389640849e+00
1.670744079298980278e+00
1.657005455912960334e+00
1.568038446168807942e+00
1.752599111416390798e+00
1.711266720888792170e+00
1.727405949566443111e+00
1.717894040427746738e+00
1.822867579764561263e+00
1.956326368091923618e+00
1.723410094055402908e+00
1.652026177419646524e+00
1.869024030839213424e+00
1.670500501502756752e+00
1.843378780035648479e+00
1.916479478452113527e+00
1.856347720064625673e+00
1.901690036724519750e+00
1.727477893665792408e+00
1.882669218836094949e+00
1.835767977340961643e+00
1.697688459108035008e+00
1.872650159995737251e+00
1.825075702499057817e+00
1.975130774480611029e+00
1.651113954320819532e+00
1.719483663947723562e+00
1.601507950813008563e+00
1.786564988880916749e+00
1.735192915198479957e+00
1.779003925211234627e+00
1.856984917930305512e+00
1.573794840817841267e+00
1.522268945955412844e+00
1.563746204273907203e+00
1.778857797109739902e+00
1.677403369768831976e+00
1.681804618638511162e+00
1.643342858992910438e+00
1.662329870087526640e+00
1.825983817306978230e+00
1.903973204266480757e+00
1.768728007389250179e+00
1.778781492959156774e+00
1.857850919445277249e+00
1.687856705045339245e+00
1.543199950882099714e+00
1.654826548004680431e+00
1.551405311447772828e+00
1.505634273958559088e+00
1.659377952597913541e+00
1.633829325426656709e+00
1.687359218672881411e+00
1.745927182726169535e+00
1.727318823056963604e+00
1.731618221120702961e+00
1.615253637696416389e+00
1.719286081703132352e+00
1.757814909722938079e+00
1.707178040212610437e+00
1.866819916658758460e+00
1.664928104157929356e+00
1.606784376170294681e+00
1.634545133812422835e+00
1.819591553326954214e+00
1.870808335593018512e+00
1.901525033432383882e+00
1.877706553448506899e+00
1.538121846039691265e+00
1.754378680609742558e+00
1.908795127434975702e+00
1.831613714097077850e+00
1.942050518138148441e+00
1.667596305803634049e+00
1.759525247013267624e+00
1.656877286889160583e+00
1.659087517096733189e+00
1.688825352575363592e+00
1.718540809829570026e+00
1.734929221160227852e+00
1.912852258830662899e+00
1.912961033133607991e+00
1.899896854542340696e+00
1.850339287077673367e+00
1.618783807155047105e+00
1.661940791231695691e+00
1.650281408182862952e+00
1.507752763864383949e+00
1.686656403127108739e+00
1.715560735830405248e+00
1.672675466281571488e+00
1.839581743063442021e+00
1.820898173085000016e+00
1.799876719246383150e+00
1.790837827400685089e+00
