1.799319806572483138e+00
1.856777222797861171e+00
1.908731212933503896e+00
1.737710600028937513e+00
1.775836905058742587e+00
1.944266896962407953e+00
1.821407037848331356e+00
1.985074327845388842e+00
1.746718916887531892e+00
1.805205036432414145e+00
1.974071023197335073e+00
1.821685199610067807e+00
1.947287316196611107e+00
2.027387404619324318e+00
1.767741414004077471e+00
1.941602182147861066e+00
2.001947085552681305e+00
1.908169892702355597e+00
1.815566231834368827e+00
1.868052151765361879e+00
2.000619249112813414e+00
2.079197715735479068e+00
1.721474355512732979e+00
1.758338568217163278e+00
1.889977550528780137e+00
1.957548699197916520e+00
1.850077995641070006e+00
2.052610108264012467e+00
2.032475601692298017e+00
1.846282981682726643e+00
1.878708871454802143e+00
1.964061474502015292e+00
2.070018867740589297e+00
1.753967083152376372e+00
1.760982615185529232e+00
1.861032999616345052e+00
2.159266033179599198e+00
2.003777062654924723e+00
2.273776330104652299e+00
2.051411466352607071e+00
2.091338332729948402e+00
2.179241489088560080e+00
2.017767106082323014e+00
1.936034500367942668e+00
1.848848270956227058e+00
1.899464922040705162e+00
2.214350006499896217e+00
1.983242955695705634e+00
2.015423635395838797e+00
2.052045967066177923e+00
1.997614858728949949e+00
2.198181451461019176e+00
2.097414830185248658e+00
2.153337364772597518e+00
1.814286726190940557e+00
1.904646408774578026e+00
1.814271235003250604e+00
1.799022737134922556e+00
1.885734478752197463e+00
1.806814244875339925e+00
2.031059307108289858e+00
2.119159138641290241e+00
1.817596344580220125e+00
1.917788419621472729e+00
1.754474073465811523e+00
1.898428629169615522e+00
1.962907991567905297e+00
2.000072540555328793e+00
2.106709257623396336e+00
2.138072883849197581e+00
2.253513195568916938e+00
2.283107416319127836e+00
2.149017012399727200e+00
1.836701462277864794e+00
1.817593632857859021e+00
1.744747805604015767e+00
1.797321609130764886e+00
1.865009123447997963e+00
1.841114537684944041e+00
2.108405124837059663e+00
1.873603396187036640e+00
2.037377819455967298e+00
1.880574902392873282e+00
1.860205811209232785e+00
1.887207783813830364e+00
1.908960606622524869e+00
2.056657143845526559e+00
1.999753489491449043e+00
2.003202822173314690e+00
2.113217331617916805e+00
2.045912579397064501e+00
2.106311399992677025e+00
1.986702192165229031e+00
2.066246803574157465e+00
2.192054127501682270e+00
2.183446968829516166e+00
2.113903601438832602e+00
2.023331252120115220e+00
2.152147402836525725e+00
1.878984472550658591e+00
1.851585732246470162e+00
1.902277652438407962e+00
1.823836760333212847e+00
1.760125215720051983e+00
1.950408985512541715e+00
1.765661310913844373e+00
1.934432756162570044e+00
1.792829405765266726e+00
1.764992244922080511e+00
1.837855483129112955e+00
1.973109506096861310e+00
1.901719336426103801e+00
1.813837260382627603e+00
2.011384308264149823e+00
2.134031416909865086e+00
1.875425192492519377e+00
1.823914496748881398e+00
1.964957167763206725e+00
1.850817243258293221e+00
1.867370967552741012e+00
1.813625192050534851e+00
1.872935627105525080e+00
1.977992899644936742e+00
1.817976957783259628e+00
1.886667000447733056e+00
1.994139622845453319e+00
1.753468438968657894e+00
1.845008821753595818e+00
1.986141906743990715e+00
1.826289062892031856e+00
2.032121860795423895e+00
1.886942739187921214e+00
1.972635891529337604e+00
1.795931207810066432e+00
1.965459319217973011e+00
1.887707157292952242e+00
1.854119241313263888e+00
1.886123731129075276e+00
1.821174608821813701e+00
2.236049318579508505e+00
1.915647881755486281e+00
2.127612022301308858e+00
2.188438404062303722e+00
2.079549899301106564e+00
2.076463350806352359e+00
2.102308010411212624e+00
2.114472548389561446e+00
1.713217037887897254e+00
1.802597938337370920e+00
1.898675504680899184e+00
2.041223599976791814e+00
1.947824733268348041e+00
2.004920642724991264e+00
1.938925517542821053e+00
2.120943461838997735e+00
2.120133540539590467e+00
2.060976286227328647e+00
2.172059080188441627e+00
1.931101358584729644e+00
1.919359610924060933e+00
1.909444540673288504e+00
1.880511618220083836e+00
1.823213745550861020e+00
1.846090330147144520e+00
2.021956704910902847e+00
1.999662039458679264e+00
1.996341635459952357e+00
1.866468244946882349e+00
1.909865626095830660e+00
1.921256158010987924e+00
1.974199871329870293e+00
1.980895331410038596e+00
2.091246110861284979e+00
1.997184405260115536e+00
1.960542617302631463e+00
2.164630640976502818e+00
2.198179996575368111e+00
2.242316636028602428e+00
2.265715989831918353e+00
2.053569009396973843e+00
2.180881324887919526e+00
1.989658858309680589e+00
1.782151900938043099e+00
2.016657656649300190e+00
1.857128579532970392e+00
1.911040022869449961e+00
1.768520821275146870e+00
1.734696436294757005e+00
1.691165713820601768e+00
2.056165373545049579e+00
1.864285943731712303e+00
2.005029510270334381e+00
2.023876991493740007e+00
2.071694092895294048e+00
2.125719172358211395e+00
2.003919125678149449e+00
2.076999117888247870e+00
2.214221372757564144e+00
2.234898787270757303e+00
2.192749563537676583e+00
