2.129216267256063944e+00
2.141765919079902769e+00
2.196033400883854458e+00
2.094743486442024683e+00
2.086013291551099158e+00
2.131579402908764465e+00
2.136972038348159408e+00
2.321891095879557110e+00
2.097510832597361929e+00
2.068561609824879355e+00
1.957369420316168229e+00
1.924801894107997180e+00
2.085781921662653637e+00
2.177511153074939365e+00
2.059580769455946037e+00
2.066747561533901045e+00
2.136437178127468250e+00
2.009066910962019836e+00
2.390862623261094111e+00
1.970499284468461454e+00
2.026944565834600365e+00
2.129788576114693743e+00
2.318919785625662477e+00
2.334490083972697860e+00
2.107897616671996932e+00
2.323887710435147635e+00
2.067486624263379813e+00
1.995814271304164000e+00
2.412534936820172504e+00
2.044289449579607787e+00
2.276123452324625873e+00
2.339225986277450264e+00
2.026130595850081484e+00
2.058093020477719026e+00
2.311557230163256538e+00
2.448167560818794275e+00
2.346040914372318209e+00
2.317190990898427838e+00
2.367260773117467743e+00
2.103439655274931042e+00
2.221891136426465962e+00
2.279055163104663606e+00
2.289320678584126689e+00
2.455459503041447000e+00
2.171846393588815261e+00
2.382873568451602253e+00
2.196711465852609457e+00
2.348306841282564061e+00
2.250073180648213711e+00
2.268840702241719853e+00
2.370210227108854983e+00
2.364260315485430031e+00
2.362448122903101577e+00
2.312301225837726459e+00
2.225798857943662057e+00
2.282350569343333024e+00
2.253673482219797908e+00
2.107198308387236985e+00
2.275115897369753171e+00
2.196616461160224798e+00
2.291343468519723370e+00
2.139520293309254750e+00
2.152032147371809145e+00
2.246648703204566999e+00
2.266587743196790683e+00
2.316863459893888866e+00
2.250950403990668924e+00
2.162399044603680931e+00
2.128807558280517487e+00
2.326207224434809540e+00
2.193136154600567433e+00
2.419906352510052816e+00
2.401846510266257173e+00
2.272155400727835062e+00
2.359483332816348700e+00
2.347068584147670833e+00
2.189833390717254691e+00
2.313368419379657759e+00
2.358454083935089152e+00
2.339593166037232219e+00
2.376738197242343364e+00
2.346414813413589151e+00
2.157674078745158930e+00
2.213107819241070029e+00
2.260116412700568844e+00
2.230511971758441625e+00
2.366817592693556627e+00
2.388754891766111221e+00
2.435401681189443668e+00
2.340934743685317176e+00
2.390106232546059584e+00
2.313424153298691444e+00
2.313070144107523429e+00
2.243879116032561960e+00
2.163096627582806075e+00
2.287245027534868136e+00
2.202759842684718805e+00
2.485326003163232045e+00
2.221396944851012911e+00
2.250856996151226586e+00
2.244477419515892525e+00
2.382300111153114575e+00
2.511457811786393712e+00
2.395985061626230372e+00
2.534897114108368044e+00
2.304645092773053072e+00
2.317084746482056090e+00
2.324642754010050272e+00
2.349270686365986904e+00
2.417780158137373459e+00
2.323367251847081150e+00
2.344324222852010919e+00
2.390024019851439085e+00
2.219761404418652884e+00
2.383097817773682792e+00
2.370635545456020843e+00
2.261632325510804620e+00
2.029032364684487000e+00
2.386440172389591829e+00
2.207940007912364777e+00
2.577135964632759180e+00
2.492088976909122344e+00
2.425554568128828414e+00
2.438542591786706737e+00
2.407196370037093747e+00
2.430636045783712174e+00
2.499413794289532920e+00
2.157140434037819077e+00
2.354664510121287968e+00
2.444120753868054940e+00
2.372956352822154003e+00
2.395487408393968121e+00
2.440287435877819711e+00
2.268495385874400583e+00
2.178910199354960664e+00
2.327908845018098027e+00
2.290348867521891485e+00
2.440745637811692070e+00
2.222109417779396079e+00
2.136365235684002606e+00
2.125446174715833969e+00
2.201073121492838514e+00
2.166704458010079382e+00
2.156562945867427139e+00
2.053511453758234406e+00
2.032283758804401597e+00
1.921003781751087214e+00
2.031795148745865642e+00
2.158474954470066098e+00
2.201409593938052911e+00
2.203569072598741130e+00
1.858271150255468962e+00
1.985746875309743587e+00
2.146953507029023100e+00
2.370701047602858047e+00
2.404174928686159340e+00
2.384486602456381554e+00
2.255692526088771910e+00
2.394945055970931769e+00
2.179401041718337151e+00
2.104158506178009702e+00
2.229406898627192657e+00
2.408300701129970189e+00
2.494431837429643917e+00
2.326463061755124073e+00
2.135383329123223817e+00
2.232265637261019453e+00
2.130621572471328218e+00
2.236167651012854751e+00
2.156617306654127209e+00
2.434786400323708300e+00
2.157953567369073511e+00
2.304094285713220280e+00
2.350853305398489912e+00
2.195472523178386481e+00
2.296423253401519649e+00
2.468365295334078002e+00
2.472668282239986137e+00
2.485321356881097898e+00
2.626172131936892029e+00
2.647043212911228682e+00
2.519602878501954635e+00
2.314864515471819040e+00
2.272284889707123945e+00
2.307948081316476330e+00
2.146678626693862668e+00
2.292861673829228675e+00
2.400781518123241476e+00
2.135926864971177341e+00
2.224495583300008850e+00
2.218668253444993521e+00
2.247869032374302911e+00
2.183702197410027246e+00
2.216966491457629918e+00
2.230053066284695795e+00
2.159658040865449991e+00
2.144191343430692509e+00
2.161715365296961178e+00
2.337665411728054199e+00
2.301910546100398580e+00
2.263318072039290030e+00
2.447023836039563527e+00
2.339203225141364584e+00
2.318767873425967352e+00
2.449419142740842048e+00
2.404506806279991693e+00
2.067085917424179797e+00
1.997413970163771646e+00
2.093842234406049219e+00
2.116418074643486413e+00
2.140981106026500491e+00
2.243929072873591668e+00
2.187228825664527143e+00
2.077957212188096925e+00
2.184889888388095613e+00
2.239125725161549951e+00
2.351319283261223525e+00
2.162801938813112113e+00
2.130896005380874314e+00
2.461962487460628513e+00
2.445247405842124078e+00
2.204404773742850931e+00
2.471624304312030951e+00
2.234702197699371951e+00
2.155066577299986186e+00
2.193477360746036720e+00
2.294428224832275376e+00
2.207435826373129295e+00
2.171310815910902026e+00
2.269885854347656995e+00
2.378331940117730081e+00
2.310309704574839529e+00
2.246271923008459126e+00
2.195715322846493400e+00
2.273913227013168559e+00
2.379419690910724139e+00
2.498099680884730223e+00
2.584960303925489367e+00
2.530319003684246670e+00
2.467722133098031456e+00
2.655349070990271620e+00
2.434506365553498419e+00
2.465346468104876010e+00
2.399072215683574427e+00
2.371015081927835944e+00
2.321386170628510381e+00
2.397457790057195837e+00
2.427757394353379450e+00
1.980623219342659835e+00
2.090812421952578326e+00
2.065889416859248318e+00
2.141425220576294919e+00
2.099133231882721606e+00
2.070206671002052801e+00
2.050504811336097077e+00
2.119645898202236811e+00
2.059801760672689941e+00
2.024688586506553811e+00
2.143225067139221451e+00
1.917474123785831930e+00
1.951680112274547518e+00
2.141341393137764282e+00
2.327589996174165954e+00
2.093315974199964735e+00
2.018511831718136307e+00
2.376264831037579572e+00
1.905795057835060424e+00
2.204593096993185508e+00
2.108948402509715603e+00
2.558647199144296280e+00
2.001091091888077766e+00
2.082482726500925363e+00
2.356996932186291804e+00
2.218739718542845907e+00
2.105176674714661189e+00
2.177310737338294722e+00
2.379763897939315420e+00
2.185550139740701336e+00
2.282930988875345957e+00
2.109532316061641044e+00
2.143448125269187710e+00
2.347538782524529299e+00
2.311439461355576874e+00
2.304208381223331159e+00
2.381352933570658692e+00
2.271442674784289295e+00
2.334105425082127816e+00
2.349321406218156216e+00
2.393825109701325005e+00
2.553151445094285155e+00
2.433858477712407709e+00
2.407797467913066924e+00
2.416874108452693015e+00
2.356323803205126577e+00
2.290938097544549024e+00
2.482670333859938960e+00
2.311199113662322890e+00
2.275215759330889043e+00
2.289795234385306522e+00
2.293771758120024096e+00
2.243030842418372028e+00
2.274702996380421283e+00
2.117336007061128011e+00
2.166533529010789216e+00
2.099277329682288418e+00
2.315223932721572453e+00
2.095453120203542241e+00
2.094371529146908717e+00
2.181529667061126165e+00
2.062867199076900526e+00
2.214554572217624973e+00
2.017067208570047399e+00
2.251106357166287264e+00
2.118423556434799515e+00
2.225766325038224913e+00
2.194530910169707916e+00
2.118038662077188050e+00
2.271692810344045022e+00
2.220349393813820349e+00
2.263581293383718496e+00
2.199965190480966726e+00
2.242421222744765519e+00
2.193698972269163772e+00
2.161660385400216544e+00
2.334887776960008932e+00
2.055460175779717513e+00
2.300139362880156302e+00
2.317432933678073237e+00
2.345774289230579068e+00
2.228443536252996182e+00
2.155119360306048559e+00
2.168747954760959828e+00
2.185483023211042930e+00
2.019307009912894024e+00
2.141519633702841929e+00
2.256362624619244528e+00
2.395100770424781089e+00
2.276963872602002503e+00
2.402423063391164515e+00
2.245215430687265812e+00
2.271091421490866846e+00
2.272834665526128894e+00
2.209720776835054856e+00
2.023499180780331752e+00
2.099382852708910452e+00
2.181597988396904331e+00
2.207360183508782825e+00
2.311124858111698099e+00
2.151195876158302767e+00
2.583809885143675711e+00
2.095070955034294524e+00
2.131460656839759604e+00
2.217580434410885815e+00
2.327400651555621369e+00
2.226502565606010897e+00
2.459793394361678320e+00
2.522959941292357122e+00
2.376407021591675939e+00
2.300823214057369004e+00
2.330389303110732779e+00
2.255390155439750188e+00
2.276271586415578696e+00
2.336593869377468380e+00
2.392047454971010012e+00
2.359748027803976633e+00
2.355015775808595002e+00
2.226600435189037608e+00
2.400400411832720682e+00
2.260333790850105551e+00
2.404051306289599399e+00
2.201571121059159530e+00
2.291239735093476781e+00
2.377329759848117785e+00
2.286815901918072491e+00
2.179304751627019865e+00
2.360949918383668855e+00
2.419015008629213259e+00
2.236925575960911239e+00
2.325821841854489147e+00
2.499391429505259943e+00
2.389757382248569151e+00
2.464469545030322450e+00
2.426388776067576192e+00
2.246097486965820345e+00
2.632775479880665070e+00
2.262537015840845545e+00
2.409367097742243669e+00
2.384630728396638144e+00
2.367673909284605749e+00
2.221294760110957167e+00
2.162309077610992780e+00
2.331608616307715653e+00
2.209420850617691112e+00
2.238204526747766376e+00
2.370939508355134340e+00
2.397004697578808408e+00
2.403155059317928277e+00
1.965705698907888710e+00
2.081982567615820123e+00
1.928487169113709321e+00
2.170699070610212278e+00
2.094299310760615374e+00
2.119124210617890913e+00
2.178869394728616626e+00
2.142617210184865950e+00
2.060301534920470523e+00
1.943943187236430115e+00
2.047100910117268135e+00
2.064425485404506766e+00
2.191038473752706661e+00
2.047604705317763951e+00
2.092224967944603886e+00
1.951832355743633229e+00
2.016157064279048061e+00
2.274513871556328670e+00
2.327935645683235855e+00
2.335857500865398340e+00
2.189619785077038916e+00
2.309173503418063156e+00
2.267553396755319639e+00
2.345922831871380954e+00
2.406814281092922059e+00
2.269899297041415132e+00
2.076044204966451812e+00
2.203439032541752329e+00
2.181543112245667437e+00
2.259697232368881537e+00
2.146701493363640356e+00
2.448128646502286454e+00
2.324272724576581517e+00
2.203623687865542191e+00
2.135761894856179399e+00
2.469273454670458445e+00
2.091345510605169267e+00
2.435520126181899059e+00
2.171550938477653681e+00
2.310191842242902194e+00
2.231073239940552178e+00
2.399783243262997079e+00
2.252770835502192703e+00
2.362889444916801196e+00
2.384465208414618953e+00
2.397899958460211867e+00
2.392280083082990227e+00
2.523971051775892427e+00
2.537329900253833426e+00
2.744360114459643007e+00
2.674839283836182968e+00
2.565357601565426027e+00
2.264379864719211266e+00
2.274341279282297457e+00
2.375587098971957634e+00
2.284170674024535330e+00
2.399453358793192326e+00
2.318100490059975538e+00
2.231626090310690369e+00
2.351095330354001423e+00
2.371606591199985736e+00
2.339290186791230575e+00
2.280391741204057521e+00
2.121019873947266543e+00
2.193073092905228894e+00
2.093286429663548276e+00
2.179112148679361649e+00
2.362108023156404002e+00
2.199960465382587049e+00
2.185610388342856147e+00
2.228947939461921379e+00
2.270244436420040479e+00
2.332932376314743372e+00
2.070461793538616924e+00
1.977150469541467004e+00
2.163023726665350033e+00
2.147652236238835943e+00
2.101240925958169470e+00
2.244536715291358675e+00
2.118126260605306399e+00
2.213076986102540999e+00
2.354053473473449287e+00
2.202705566072677090e+00
2.502861971506163297e+00
2.266029384076699404e+00
2.233967346973753987e+00
2.326635842066298920e+00
2.214619762827894967e+00
2.333693465100519671e+00
2.199503229543631200e+00
2.264582585295287664e+00
2.362469751948653496e+00
2.575553226973476217e+00
2.584313199132405536e+00
2.737441400313378903e+00
2.439696316968320566e+00
2.385594754294519948e+00
2.447794691387655597e+00
2.443284700320488945e+00
2.389776944891696786e+00
2.430801443272784468e+00
2.293360128081841864e+00
2.398740658111795820e+00
