1.827643442284535569e+00
1.812839389065055817e+00
1.858989384990756166e+00
1.785835473446010901e+00
1.787152192863359801e+00
2.046409585868567582e+00
1.836492164056335863e+00
1.893673575901628769e+00
1.804189335408507233e+00
1.952378826423250224e+00
1.893103163876436401e+00
1.997287645307080028e+00
1.994982816827496785e+00
1.960613164085955429e+00
1.737866069060087781e+00
1.781373900386264753e+00
1.926964972829634304e+00
1.798384008371126441e+00
1.741943991758223564e+00
1.846936032605929645e+00
1.864800491776128943e+00
2.045978286030997850e+00
1.717563945674050130e+00
1.739967833174546286e+00
1.861941116257448181e+00
1.885133135312178965e+00
1.906472231321473476e+00
1.993100435013117622e+00
2.044351822689972398e+00
1.913237832837806796e+00
1.797808398526204332e+00
1.854320754511255220e+00
1.940949856268426421e+00
1.742981835663734769e+00
1.758607181394874930e+00
1.840533595658971899e+00
2.010233790546151589e+00
1.929596397526844420e+00
2.051962429818946276e+00
2.025021682481138452e+00
1.946646695080190170e+00
2.027182790983806715e+00
1.925459437202395430e+00
1.849925030950219318e+00
1.800388719061183584e+00
1.812019027726731846e+00
1.960962989403707724e+00
1.876151076795377515e+00
1.899006519615416666e+00
1.966711696968633794e+00
1.893595035330644993e+00
2.106670573798680834e+00
1.976427114479831326e+00
2.080509728539341463e+00
1.753731992206309931e+00
1.791614630029776611e+00
1.720340307626799570e+00
1.735601060500703507e+00
1.793842624766708083e+00
1.706996820062973264e+00
1.822412432389144854e+00
1.863971658590225511e+00
1.772439239396702337e+00
1.798473388266239592e+00
1.764869813671523735e+00
1.846992991087383462e+00
1.874965112844137138e+00
1.875447948722767988e+00
1.896674674511662273e+00
1.861482116655039709e+00
2.025304375319331385e+00
2.128748118424855118e+00
2.127568720021772108e+00
1.798897048836825219e+00
1.780851761451614168e+00
1.797113228214039182e+00
1.744147979387708380e+00
1.790110822246239852e+00
1.824219539061732620e+00
1.948113121646757318e+00
1.819716104190234107e+00
1.887897447895050540e+00
1.819892240335233558e+00
1.849216074844325597e+00
1.804329024355252997e+00
1.925345544275833820e+00
1.914051367691852690e+00
1.969897212953925392e+00
1.975341000534320601e+00
2.025121042077793643e+00
2.000695072642798333e+00
2.044492369534052223e+00
1.963830662360164458e+00
1.951350566213207793e+00
2.141153625051972487e+00
2.165171110449669811e+00
2.059399755364526907e+00
1.969211983432369584e+00
1.995168018875457250e+00
1.835469916157295822e+00
1.738578348385451999e+00
1.840974427543728975e+00
1.814572192709639875e+00
1.774812887502875691e+00
1.874320311609340539e+00
1.773996399178361605e+00
2.033193696386271565e+00
1.794924779540918891e+00
1.808966176581333629e+00
1.942589071630982378e+00
1.988396561803496221e+00
1.884855069117542969e+00
1.963900508896351704e+00
2.024477714408805529e+00
1.969974561392794588e+00
1.772547882377636386e+00
1.755243658206844692e+00
1.973275597887247823e+00
1.942644337816126887e+00
1.864703211115804171e+00
1.839622851476474086e+00
1.868484387582349138e+00
2.053447862616216035e+00
1.776827625939664257e+00
1.863847641787172105e+00
2.055290337494864339e+00
1.773110333041903131e+00
1.893032985306876137e+00
1.924584809196902890e+00
1.873417957927555166e+00
2.059876700403015182e+00
1.927185214160288762e+00
1.985504243440913585e+00
1.923653654533117541e+00
1.847631351751294781e+00
1.919244923988295159e+00
1.828767034753441045e+00
1.855541132984853014e+00
1.808893697828261926e+00
1.952125898410643323e+00
1.917525110031083502e+00
1.908845345788424019e+00
1.976960336173571697e+00
1.936789175710830646e+00
2.042293899956139747e+00
1.946606809827658768e+00
2.028984781930807113e+00
1.786815841756635770e+00
1.823344055467579494e+00
1.920339762638819225e+00
1.930401051906927234e+00
1.845205838073148641e+00
1.842002979904130422e+00
1.951131565263102718e+00
2.077117959195172059e+00
2.020428214565007430e+00
1.983377815495011909e+00
2.118688862516509008e+00
1.888837977403432511e+00
1.927822871072045530e+00
1.939149533732855923e+00
1.835954619667955479e+00
1.793210791126667702e+00
1.756678512933522507e+00
1.895620739984411829e+00
1.844605720295462437e+00
1.951806847344287332e+00
1.848202108023198953e+00
1.977017876066260227e+00
1.929308543579509649e+00
1.935322435600962399e+00
1.933130088266170388e+00
2.010901066948389992e+00
1.904890396110512585e+00
1.842998294413275673e+00
2.081024804033450692e+00
2.092926341094463183e+00
2.109137454797988642e+00
2.153949095145169412e+00
2.012269371859322309e+00
2.145005105540040091e+00
1.978340799447003917e+00
1.906901619600176012e+00
1.955081595084350976e+00
1.884726232463258766e+00
1.868892977475030914e+00
1.774017550748268279e+00
1.749316339981739077e+00
1.710103109367914431e+00
2.027355520456779026e+00
1.879180985618611466e+00
1.943900016015416066e+00
2.018174804933847710e+00
2.016892776050269287e+00
1.981981106496194744e+00
1.904957769080617425e+00
2.019617499790027804e+00
2.159812408735538369e+00
2.096738216043501524e+00
1.990849375282532252e+00
