2.142404104650668106e+00
2.013942713331791090e+00
2.262129228116442903e+00
2.118570179355538485e+00
2.214508337641412083e+00
2.156536497609666814e+00
2.043501788081623083e+00
2.479080506832838537e+00
2.191303354468256082e+00
2.136993256290979026e+00
1.944674388500144069e+00
2.054301954077690784e+00
2.173427219817051448e+00
2.290605350623754699e+00
2.185785267793616704e+00
2.189853880201125147e+00
2.367810627228017495e+00
1.925935754920923282e+00
2.476425205582176048e+00
1.937601235785065379e+00
2.231516964939876502e+00
2.152496720094522864e+00
2.558093283857141298e+00
2.380097443542386948e+00
2.319773050225102384e+00
2.444443470793997264e+00
2.075409178834522805e+00
2.026471615071486987e+00
2.438632466420973532e+00
2.339468148600635455e+00
2.369571936975524373e+00
2.479485717677509804e+00
2.183287605436451173e+00
2.215141921753854160e+00
2.519248939481675276e+00
2.537687352162506738e+00
2.514330526938567623e+00
2.650644030975789267e+00
2.510786635773213149e+00
2.464312484550049476e+00
2.335865949096755045e+00
2.610881301390863829e+00
2.359122309078824475e+00
2.633944096667389267e+00
2.623357888049319797e+00
2.591072243393964136e+00
2.380454506780174118e+00
2.589101633842262995e+00
2.439021340114595482e+00
2.370979265886707044e+00
2.660933119069031960e+00
2.408335265019974081e+00
2.472840130217852206e+00
2.328190973704242772e+00
2.336670602316673673e+00
2.385659149838676552e+00
2.463865211306844216e+00
2.392710907947587007e+00
2.339789847451447802e+00
2.520057784733806372e+00
2.622924813931811094e+00
2.117594483284142459e+00
2.611926617327982481e+00
2.377649509058048949e+00
2.546674945840968984e+00
2.529394646406403879e+00
2.320562493033970775e+00
2.327506683558134171e+00
2.491790673339861151e+00
2.522112670311119853e+00
2.398000425782816247e+00
2.539769035156213661e+00
2.641959544920819081e+00
2.398312906055048099e+00
2.526031449839539977e+00
2.613330746530081683e+00
2.385763310104472623e+00
2.510172557289624518e+00
2.618664515947813687e+00
2.525960914435367410e+00
2.603217414380962325e+00
2.548950089068252822e+00
2.422780383559831385e+00
2.511697772385799166e+00
2.455247696057765161e+00
2.483699291315981217e+00
2.267907894757811516e+00
2.569588652465586431e+00
2.620697920566575245e+00
2.587948851683304685e+00
2.484208771165641760e+00
2.444286030786689157e+00
2.397975480088085032e+00
2.416867361361984656e+00
2.489131534773247889e+00
2.355995896264977407e+00
2.231476993156663369e+00
2.464203101510112237e+00
2.366901714760281106e+00
2.531715610076128886e+00
2.423779147953744495e+00
2.418760576218782266e+00
2.580606748814033402e+00
2.803266738714795814e+00
2.639084743757391216e+00
2.674146286043054488e+00
2.745964759482895534e+00
2.637483954741111525e+00
2.699617920158912998e+00
2.653552425714338359e+00
2.673126216757514495e+00
2.590674485931086846e+00
2.620827321317209080e+00
2.387359369560149602e+00
2.452483133465390264e+00
2.475571190861969750e+00
2.362085183230612895e+00
2.046111112174748392e+00
2.718220764996552408e+00
2.315568042187129638e+00
2.812770891111917138e+00
2.573064439985377039e+00
2.428193298335440176e+00
2.598835066935437865e+00
2.721647033903526580e+00
2.578566641293159822e+00
2.709089422267066727e+00
2.334392708029756403e+00
2.564295410757862381e+00
2.641235157937222855e+00
2.529710694866678100e+00
2.522957049290538212e+00
2.561297808781288321e+00
2.737637549486899413e+00
2.509067296052281737e+00
2.608911278373950537e+00
2.590517381170591271e+00
2.790400343865057309e+00
2.163222833520407562e+00
2.215304186064712688e+00
2.090416976545891981e+00
2.168718479358812345e+00
2.246256763417339819e+00
2.224348412754661553e+00
2.283010237916470953e+00
2.184028097776710808e+00
1.975458712571182662e+00
2.200803489956322689e+00
2.168059271225931450e+00
2.242658193185857129e+00
2.166612727418661954e+00
1.911865598344766770e+00
1.933718775649542199e+00
1.984146392141447945e+00
2.454536253678592406e+00
2.407736814423572458e+00
2.418764422961375615e+00
2.374495013531344068e+00
2.477809193184643100e+00
2.383392476748107391e+00
2.191238108708263965e+00
2.362939851837380978e+00
2.539632371747580386e+00
2.730264614230146769e+00
2.629462520316609098e+00
2.116217679056333179e+00
2.190566189369999250e+00
2.347931643277374913e+00
2.484600602124374724e+00
2.309352222189455794e+00
2.562169444092408543e+00
2.377094443562401072e+00
2.621248516554129271e+00
2.633062030483152238e+00
2.566696029155307812e+00
2.374814517476113274e+00
2.607016462096305442e+00
2.674557864466279966e+00
2.703787216601673649e+00
2.636423672129717399e+00
2.730633289485934867e+00
2.680280761349435270e+00
2.476488789632196319e+00
2.586755396262297779e+00
2.625445065226110319e+00
2.244639314456902124e+00
2.540720949674676987e+00
2.552415619014755332e+00
2.124611469373410166e+00
2.355259454715756817e+00
2.228145973449168871e+00
2.531929307125801998e+00
2.402036766281617108e+00
2.336252994279474304e+00
2.418794234084426620e+00
2.373337796244386677e+00
2.384494076191062462e+00
2.228355224569831261e+00
2.544954290603041791e+00
2.398632450914141678e+00
2.337592804943978475e+00
2.566802423720868198e+00
2.402540736765830687e+00
2.387932934123769169e+00
2.550463666240255112e+00
2.405197451991474722e+00
2.256089016182144746e+00
2.056145709244985742e+00
2.233869842237888204e+00
2.170001200464940716e+00
2.148683614133543696e+00
2.341714638096309198e+00
2.297780875584481741e+00
2.092703810787790886e+00
2.364741317303675316e+00
2.439122728674651075e+00
2.406122102048433131e+00
2.289791458097688359e+00
2.416832773208108076e+00
2.533960330797873084e+00
2.482014595369304910e+00
2.443018324112718354e+00
2.619672311532062370e+00
2.423536225377302511e+00
2.384604940951312368e+00
2.490701846920591489e+00
2.518088189023603096e+00
2.414442322992125689e+00
2.569571625225735012e+00
2.563076574256041962e+00
2.782048741728489816e+00
2.727861464908512446e+00
2.681016862137373113e+00
2.529861456352097804e+00
2.644690592181140332e+00
2.712922099701094325e+00
2.548465481767883123e+00
2.755523467804503301e+00
2.557287423583844976e+00
2.643930516142877885e+00
2.789172125982265715e+00
2.576855035045226838e+00
2.553070060163143751e+00
2.488367928625059289e+00
2.459576435348768353e+00
2.335556760492811801e+00
2.576958441905310870e+00
2.605811974138228404e+00
1.964469840412762291e+00
2.001860628027277489e+00
2.082628976401889265e+00
2.210269405162905265e+00
2.183751999217136586e+00
2.228632698220468722e+00
2.138535108341299562e+00
2.203373323063153588e+00
2.282097151114239164e+00
2.294417358809416108e+00
2.325846527709924061e+00
2.030000892231347720e+00
2.011899027170438004e+00
2.173528325483208068e+00
2.507886837704418781e+00
2.223021224368578963e+00
2.026548074926485921e+00
2.440093531627755219e+00
1.950613914655841219e+00
2.262834246593385501e+00
2.225774650303847135e+00
2.661816390595582948e+00
2.125339234942266398e+00
2.180965454470727760e+00
2.571756711107267890e+00
2.306681774107329996e+00
2.042324115531503725e+00
2.323353012974185727e+00
2.751090428479508354e+00
2.201664573030173599e+00
2.403241610221256597e+00
2.187647036893384467e+00
2.142669440789141344e+00
2.743522587156202341e+00
2.494134728461300021e+00
2.530706704018497621e+00
2.621006489880373547e+00
2.373910470677566664e+00
2.379005513721715204e+00
2.361072304252310960e+00
2.561844862634388598e+00
2.696464606725148094e+00
2.521665042955966385e+00
2.557675815377623785e+00
2.410164960646318910e+00
2.416066538271117725e+00
2.511597522042726460e+00
2.595749144680010279e+00
2.489081640083885993e+00
2.370298803785649611e+00
2.437235804008973883e+00
2.437353262291988454e+00
2.397219008677870633e+00
2.326578210787948464e+00
2.147439291441523235e+00
2.418271704033734704e+00
2.418946925299892747e+00
2.479086182804889127e+00
2.306532366165404913e+00
2.459707316347244266e+00
2.502775510393501435e+00
2.162293075896196015e+00
2.528895680708170168e+00
2.152597657624325755e+00
2.368202438822617495e+00
2.243514983842490818e+00
2.530764188300909101e+00
2.527009473605911882e+00
2.456794206548683412e+00
2.651297108458045670e+00
2.410549824766148319e+00
2.553380105444519099e+00
2.393702292515131891e+00
2.495720828829557814e+00
2.610233816213843649e+00
2.354932258578365190e+00
2.602912755827103908e+00
2.247102527966536645e+00
2.583933433050508377e+00
2.535003922841005952e+00
2.554725316664859580e+00
2.503637585557735523e+00
2.418753548950057120e+00
2.502973673271637889e+00
2.429458409764615023e+00
2.420533466115724064e+00
2.338367070290410243e+00
2.669460402398791565e+00
2.617587611785067825e+00
2.427511734139403021e+00
2.662120674876602866e+00
2.403778068404898161e+00
2.617643816950892877e+00
2.445658415149886356e+00
2.460979194772396017e+00
2.294218397258950937e+00
2.373288655765708910e+00
2.449976844310222113e+00
2.476641834907474582e+00
2.588369861471536026e+00
2.391264357302385957e+00
2.594413649415832079e+00
2.385706897429773488e+00
2.629229755994104689e+00
2.396324204305321448e+00
2.710572148556685601e+00
2.438080489586369470e+00
2.515203569425097374e+00
2.613480621865285070e+00
2.599014369087388587e+00
2.575625574431035236e+00
2.712036196268003518e+00
2.706507061011832249e+00
2.664920050580987798e+00
2.603957045455134622e+00
2.548340401747027251e+00
2.598353494750231807e+00
2.309318932998693619e+00
2.307583096085432661e+00
2.512175540321228251e+00
2.612013760256131523e+00
2.467560255612077480e+00
2.490712981299059159e+00
2.558180397556035768e+00
2.522826416411496631e+00
2.581760492712951827e+00
2.387891962187328687e+00
2.667519350683660306e+00
2.760083378881705851e+00
2.519788641675723362e+00
2.508954987817459070e+00
2.653148779416545811e+00
2.560914515915573730e+00
2.682688303271085317e+00
2.571827002831921671e+00
2.328904526009654141e+00
2.596196069920721605e+00
2.634103695374680587e+00
2.380006848125476804e+00
2.648669458336216920e+00
2.527266311726395376e+00
2.646615113273060427e+00
2.475383594803181264e+00
2.675596021807642000e+00
2.480040925950984132e+00
2.399128186031394883e+00
2.620026563488908611e+00
2.628959834908609405e+00
2.694941249407845962e+00
2.137119592670585710e+00
2.175735652689662736e+00
2.097431798230645406e+00
2.169696096193973300e+00
2.018910299189133895e+00
2.128379466678431253e+00
2.176502556795449905e+00
2.137729045044623355e+00
2.072805537639664131e+00
2.063196029073559146e+00
2.065629463401281285e+00
2.125589316873501389e+00
2.198414762374651943e+00
2.081795972255439775e+00
2.098392624425893693e+00
2.702238130017735163e+00
2.102898786390421826e+00
2.551050633796717371e+00
2.511685380569898207e+00
2.559884877956200899e+00
2.407467343202901677e+00
2.367526032551195758e+00
2.474432033207871751e+00
2.465031309826604122e+00
2.455122447880246028e+00
2.348631573059607458e+00
2.222646433218458117e+00
2.330244384856105633e+00
2.249789453909215808e+00
2.253698767035362316e+00
2.266712830316257143e+00
2.582379955554927609e+00
2.379943742436267495e+00
2.342354830810563282e+00
2.365672044116889250e+00
2.649496834626680730e+00
2.309363399975300712e+00
2.670497789140132916e+00
2.355646013766264257e+00
2.615006749950352205e+00
2.715445296340329939e+00
2.708747550318137520e+00
2.654148858475044559e+00
2.683684563685834856e+00
2.775875703856776955e+00
2.697188033331929802e+00
2.643285430946417325e+00
2.596264437613091669e+00
2.552081013337732074e+00
2.749998912186419453e+00
2.694350106103267972e+00
2.559864197611961156e+00
2.591649550051331019e+00
2.659861555476237260e+00
2.533756753146838125e+00
2.209039394953876023e+00
2.464138884286907416e+00
2.431774860603522992e+00
2.339365127580684156e+00
2.486208431287650900e+00
2.488709475706459617e+00
2.529966166079391954e+00
2.499482111357400616e+00
2.108764184461107138e+00
2.224323694415559771e+00
2.124861465852294184e+00
2.125960228390554096e+00
2.475947445825217308e+00
2.295214520295825178e+00
2.392781107276411579e+00
2.435022975216171837e+00
2.231706592860083660e+00
2.389644873114272983e+00
2.218063325287848109e+00
2.114524575731229650e+00
2.259034110771346082e+00
2.511980761318928668e+00
2.012964571202187969e+00
2.236324674075203411e+00
2.198378335849258125e+00
2.293181263278169180e+00
2.473464895629623239e+00
2.466865539190628454e+00
2.580948798265441990e+00
2.433007923048969623e+00
2.530728037339092129e+00
2.523378657073657827e+00
2.510361261521541820e+00
2.587811078228495099e+00
2.723459377732565301e+00
2.600158279441888709e+00
2.623149579641264939e+00
2.748759947403334181e+00
2.748510062839189416e+00
2.803236908148086126e+00
2.505674996608830973e+00
2.389128013135445983e+00
2.613813732484604468e+00
2.442139149401301612e+00
2.380170397667984883e+00
2.456295545705077910e+00
2.682362206601277776e+00
2.431038282970136244e+00
