1.716268731131237901e+00
1.557341173691817904e+00
1.456487744531024697e+00
1.572379101170771509e+00
1.491609934350024425e+00
1.500108279591554794e+00
1.824780510379099496e+00
1.740254535684987891e+00
1.589956401594167623e+00
1.631432697973772772e+00
1.633079131429814312e+00
1.675312430833851618e+00
1.650262557267390351e+00
1.708585714066130246e+00
1.893895142406599508e+00
1.802399407240201423e+00
1.615247615670463155e+00
1.896901635965634325e+00
1.612870737099245666e+00
1.904628739177504304e+00
1.779140770475254429e+00
1.916208497324395799e+00
1.901798800514627796e+00
1.752910292821760141e+00
1.830296733663408171e+00
1.796298907054014515e+00
1.801049000850837301e+00
1.997396234745714816e+00
1.816389227672861706e+00
1.964674508978791589e+00
1.666732253933369545e+00
1.701058432471008075e+00
1.841445295138224747e+00
1.754726059726964937e+00
1.936972461286460723e+00
1.827243995559171941e+00
1.996617463733288966e+00
1.727033108626310876e+00
1.650007823925790262e+00
1.782673020334776259e+00
1.873316220894857942e+00
1.704607225039270313e+00
1.763586888153448884e+00
1.821985980986936537e+00
1.705083248866840595e+00
1.920885437177197064e+00
2.010170118309912990e+00
1.872589834176046963e+00
1.990069409313028004e+00
1.859720598103236977e+00
1.691287489840503477e+00
1.565012531063739720e+00
1.691023524438718173e+00
1.542912763424169942e+00
1.536848515460006226e+00
1.707455660980151446e+00
1.729189775992584499e+00
1.761233329415126336e+00
1.427951261725825205e+00
1.605385473298318155e+00
1.662931205251992450e+00
1.647610417178104081e+00
1.694964244922767760e+00
1.597314240093439253e+00
1.571863537442464098e+00
1.808555937271157266e+00
1.809085306593487541e+00
1.585500521089372228e+00
1.687609824590158514e+00
1.904222675093963923e+00
1.762571140134832737e+00
1.865980130249151214e+00
1.872564832747714680e+00
1.545510711857012165e+00
1.664192572917030155e+00
1.813178717389555938e+00
1.710030387093382398e+00
1.947979288321611824e+00
1.652085431331856924e+00
1.732081080655005767e+00
1.718525091393380944e+00
1.716407544603665292e+00
1.706788865611602146e+00
1.694847342958078817e+00
1.721726816195586318e+00
1.964482282222900444e+00
1.880208746408818854e+00
1.951050340767283009e+00
1.851378168108456457e+00
1.606932284722469628e+00
1.662700940088745138e+00
1.533300194450313070e+00
1.480923869879138488e+00
1.677925221164175085e+00
1.701794271636901446e+00
1.705966882660190809e+00
1.812082082954721285e+00
1.916114939880628754e+00
1.926374275213218246e+00
1.787410745978039950e+00
