1.690675784962513362e+00
1.713079003831839975e+00
1.728395348329126335e+00
1.669681653683153577e+00
1.634449534271531945e+00
1.767811202250629155e+00
1.666445917601580451e+00
1.725977989542821778e+00
1.635671289502496295e+00
1.711284946573577992e+00
1.693911822060500727e+00
1.672542703257072105e+00
1.725590161697432068e+00
1.725071028080175095e+00
1.479650899064529845e+00
1.540243950244049698e+00
1.749211308837154588e+00
1.767994834332208720e+00
1.559492343420539440e+00
1.530506942352740651e+00
1.572321462510296142e+00
1.936024603386510279e+00
1.407408268184705991e+00
1.451548658525403601e+00
1.733745329767073073e+00
1.588425446837877564e+00
1.567396223141348965e+00
1.717015539278310188e+00
1.803664034250543446e+00
1.586291375416379212e+00
1.572024752986179053e+00
1.547766109240626964e+00
1.704802658588944642e+00
1.428670482834911049e+00
1.478854589674622133e+00
1.770435603831470361e+00
1.723587438012489370e+00
1.713647502184882931e+00
1.800388387736332252e+00
1.741574293860153277e+00
1.643991156111905161e+00
1.668632196803611967e+00
1.768052567962264954e+00
1.815871685824117288e+00
1.526922713429062828e+00
1.878942029678934755e+00
1.774377336116388815e+00
1.749416842126758187e+00
1.719288552458789088e+00
1.812406611805336798e+00
1.637970775497470166e+00
1.907228128433027248e+00
1.833309236504917283e+00
1.972050019673100563e+00
1.647288050191731967e+00
1.727377906031027033e+00
1.624417301395311375e+00
1.570105917036523246e+00
1.619863754217709895e+00
1.504849189280368593e+00
2.026307274241022416e+00
1.863549416777168455e+00
1.947912569648923009e+00
1.552782533019244848e+00
1.623354368368492562e+00
1.707607916031400164e+00
1.710138365333116806e+00
1.676716557214664949e+00
1.722525493022288412e+00
1.764238146420649134e+00
1.767378664923950016e+00
1.998890960820469020e+00
2.116184722217157699e+00
1.591596134722067513e+00
1.585822246130868418e+00
1.526974313641533243e+00
1.575183618132857788e+00
1.548770909925587524e+00
1.515790045953624654e+00
1.631208804960560865e+00
1.644900001178434490e+00
1.649459694427705347e+00
1.701739371740001783e+00
1.860400801026139028e+00
1.667390513865728785e+00
1.802650239427581402e+00
1.806194460291652648e+00
1.849733752592808589e+00
1.802579274212784854e+00
1.957160061874095636e+00
1.759549227906158642e+00
1.842742319193029443e+00
1.642891644446755617e+00
1.675364099046130484e+00
1.911095169427610374e+00
1.912389583865242049e+00
1.823320649127392556e+00
1.791900058237918758e+00
1.758398225941906867e+00
1.768425774181291432e+00
1.865047253659756654e+00
1.907228929848554078e+00
1.886964507605219499e+00
1.813122141080805161e+00
1.934011146068686182e+00
1.797479158225134155e+00
1.914090876465210700e+00
1.838842294299946722e+00
1.804998519030922788e+00
1.868548051741218297e+00
1.960203484872633073e+00
1.869668817486817458e+00
1.834699488445639570e+00
2.023014120689199835e+00
2.015312840173797415e+00
1.725344723963023075e+00
1.751649709751170958e+00
1.903592759869491946e+00
1.849340352468396453e+00
1.891032190544359892e+00
1.834218459462589434e+00
1.908536800523475296e+00
1.920308560564649270e+00
1.814614851983368471e+00
1.874234698539029242e+00
1.967337128361795529e+00
1.763982169858972826e+00
1.856191996001461231e+00
1.891088883784063368e+00
1.808488731920522508e+00
1.944271125040692105e+00
1.908068108229436621e+00
1.955242826739311601e+00
1.791412926541602557e+00
1.975736124588176823e+00
1.983743134134397401e+00
1.855559330871901169e+00
1.859291513947266106e+00
1.848498858134460798e+00
2.085551232032567537e+00
1.885694906237629809e+00
2.022908342342644161e+00
2.093469643987583062e+00
2.041504468471513789e+00
1.933867820727501519e+00
2.013376624484635169e+00
2.029158467577179437e+00
1.858471669186163799e+00
1.887548359918720831e+00
1.961865298259570123e+00
1.972057159529776005e+00
1.876285903498269070e+00
1.827754235237889491e+00
1.861647682492073796e+00
2.058524700654709161e+00
2.032802981097255213e+00
1.953698065291251007e+00
2.032399359962821617e+00
1.928697748223941799e+00
1.929237041694245480e+00
1.875513865083281217e+00
1.898266615926518908e+00
1.887569838807518829e+00
1.836624801180426259e+00
2.000709254693652017e+00
1.908937817942792714e+00
1.964414251948119361e+00
1.931089327354383434e+00
1.896116714942506443e+00
1.844357298195649530e+00
1.838171266333763709e+00
1.846743403865846567e+00
1.918524505487706033e+00
1.867950043458074916e+00
1.880840869584031294e+00
2.049257646645845643e+00
2.018458408057373976e+00
2.178460048539416327e+00
2.222119083962418529e+00
1.951301562099129416e+00
2.011462952827076212e+00
2.005465314310872937e+00
1.939622008818309595e+00
1.970645872875224747e+00
1.888340508182674737e+00
1.905281107293134824e+00
1.749337385534790901e+00
1.827397737857595406e+00
1.797730899143139771e+00
1.893133623628984186e+00
1.924406556001558188e+00
1.915844001462783996e+00
2.068902512324109821e+00
1.899618295554658554e+00
1.919680363249195887e+00
1.909812464304572410e+00
1.920520935030907816e+00
2.082753443237403523e+00
2.121207483467972388e+00
2.059673364544442720e+00
