1.669214545039932718e+00
1.502863120389014595e+00
1.442187959073159220e+00
1.466471425072126467e+00
1.408124929152770211e+00
1.556184526558967995e+00
1.771416577810793314e+00
1.758612886916417040e+00
1.580741189703339433e+00
1.743324686335447238e+00
1.733251556024296924e+00
1.708503353206651809e+00
1.739879388365788371e+00
1.844036615346702934e+00
1.970794451633028022e+00
1.724225145516068203e+00
1.663300507603261869e+00
1.946676147245776312e+00
1.629395690116264062e+00
1.904641226985042346e+00
1.808760047763180889e+00
1.910924743780086699e+00
1.950789204604817639e+00
1.830182642333302301e+00
1.876797548690142481e+00
1.853712196363953346e+00
1.799417508366063290e+00
1.982460557404069679e+00
1.800605707547269230e+00
1.984643827154315643e+00
1.716496933780495837e+00
1.664293148127895750e+00
1.605240664750534396e+00
1.856778900716946179e+00
1.900726214377920664e+00
1.928026304976697691e+00
1.997425461181589812e+00
1.570216586264034708e+00
1.510276223644347215e+00
1.766483790762506612e+00
1.956039472394239143e+00
1.739417747035076012e+00
1.852143418575840306e+00
1.735036142826594796e+00
1.727179291798811800e+00
1.925153494903402374e+00
1.870038896960926955e+00
1.842588071829207585e+00
1.896729407084480012e+00
1.835422875756976158e+00
1.751580483729553439e+00
1.526293219416958724e+00
1.738570957298469111e+00
1.559811978576322478e+00
1.504825187937534281e+00
1.629677691701042264e+00
1.649756747548492886e+00
1.712840075929930039e+00
1.781377801364356639e+00
1.763023718359872483e+00
1.713882307152841955e+00
1.596802442670390620e+00
1.732252749281878890e+00
1.760467039050201299e+00
1.677937449692245009e+00
1.842779629834127020e+00
1.761648815038875826e+00
1.637208901311424825e+00
1.710310990172767998e+00
1.908848203795642462e+00
1.892697086810645635e+00
1.992593049375815495e+00
1.943231472182841424e+00
1.768459030373877194e+00
1.658664856117677111e+00
1.987492925891809259e+00
1.779405682755986762e+00
2.043402224906351261e+00
1.744325543771785281e+00
1.814266475917802657e+00
1.811759505983913110e+00
1.856363730688306291e+00
1.757908187543315348e+00
1.872817814333870290e+00
1.857088846183956976e+00
2.016842778909097245e+00
2.075461868703873947e+00
2.022769986494720396e+00
1.984588078601836836e+00
1.819903349624038880e+00
1.784531645576888259e+00
1.621097643872516425e+00
1.644570481781926441e+00
1.724292018251860847e+00
1.765556483432646040e+00
1.747524546609767526e+00
1.917210123746839079e+00
1.935996690696092593e+00
1.908620993203563376e+00
1.863450493105385242e+00
