1.819481443261578013e+00
1.576376177926299249e+00
1.423942978966438844e+00
1.616017039283428103e+00
1.507772793278960410e+00
1.493496800558906434e+00
1.893284905707107724e+00
1.888015539543884902e+00
1.522186488340779631e+00
1.789461096495121639e+00
1.735780003989356723e+00
1.795270824563228729e+00
1.874320925029380192e+00
1.918110561103833156e+00
1.989577521162727569e+00
1.956551830628425082e+00
1.777436236790698398e+00
2.038113862058168468e+00
1.710917327064622517e+00
1.944018073189637263e+00
1.995238992675349543e+00
2.051119830517154963e+00
2.068405650129660600e+00
1.916441863236019394e+00
2.050578474111386829e+00
1.966027999097004209e+00
1.898975150311789095e+00
2.051620170067047333e+00
1.884968005760852439e+00
2.122432453723628321e+00
1.790866195676781958e+00
1.705872625808226406e+00
1.971229014844569916e+00
1.863219547056539804e+00
2.032408556969405478e+00
1.819936190528558706e+00
1.919877694634386955e+00
1.731913667057816353e+00
1.648128153432342868e+00
1.798977752200132230e+00
1.923016903208128792e+00
1.784001512958912405e+00
1.927480741316061730e+00
1.883130397869234862e+00
1.816204922375177278e+00
2.048120546405373332e+00
2.076979263165383394e+00
1.948345427378182837e+00
1.968058209623003041e+00
1.987041021468624491e+00
1.724777284100298846e+00
1.536677317752531469e+00
1.697023145658204557e+00
1.527683421400257258e+00
1.487529797341137883e+00
1.602847050978009502e+00
1.823730941581327425e+00
1.711921015085668740e+00
1.481230187609718474e+00
1.598379445081601791e+00
1.681017519423783080e+00
1.622602665523257048e+00
1.664614846483364108e+00
1.705411103169210296e+00
1.865926831350869453e+00
1.978637848209225503e+00
1.826770662472114282e+00
1.657480851556992318e+00
1.512710870392481866e+00
1.906188286541987909e+00
2.006299137406958977e+00
1.936411734251991756e+00
2.021832012623841379e+00
1.710127644433942384e+00
1.719830947525159193e+00
1.956638258402360719e+00
1.823473516857331944e+00
2.093671843795105403e+00
1.700042534294548435e+00
1.760574507849686166e+00
1.825603228634497421e+00
1.783388340243261538e+00
1.878678630676180239e+00
1.909369260521948553e+00
1.914646420022102280e+00
1.987579243482644920e+00
1.791111803896602295e+00
2.031877344555597986e+00
1.867318867532245408e+00
1.772662368823213486e+00
1.787048115668436354e+00
1.506419196080820866e+00
1.366372699246645395e+00
1.797822397746862366e+00
1.874638361462870328e+00
1.750863723391653082e+00
1.991350153872626594e+00
1.985226588007972692e+00
1.784324240502090264e+00
1.758533646774871562e+00
