2.189238334878328640e+00
2.167297420472263703e+00
2.301203636074543812e+00
2.162478432546166562e+00
2.114434555407072924e+00
2.135462498141666554e+00
2.090523666981532802e+00
2.445548714329668805e+00
2.126633910237055058e+00
2.330138754267816914e+00
2.013312432604309254e+00
1.992453774234868025e+00
2.284827122944494526e+00
2.319090530629534186e+00
2.047930670735555125e+00
2.251015855354823625e+00
2.475837127270613447e+00
2.002423362102583315e+00
2.450116227910397626e+00
1.932951623215084735e+00
2.065293398335295461e+00
2.256928950698588565e+00
2.523502430694711141e+00
2.449057097080653556e+00
2.280889082501352583e+00
2.369845656327084438e+00
2.037847787204321026e+00
2.043210134745582440e+00
2.471214853475114381e+00
2.217938872176517418e+00
2.256994452376385851e+00
2.441858890020317308e+00
2.160211792494887817e+00
2.092482295633054434e+00
2.378519595732714098e+00
2.488840123517509273e+00
2.401673201236074640e+00
2.385824152232300932e+00
2.453297357360380015e+00
2.157160622109596027e+00
2.216978809057769340e+00
2.443943462214308582e+00
2.262308168866586477e+00
2.515185375265046375e+00
2.204886899412481949e+00
2.526054887631270063e+00
2.267196500175078011e+00
2.570152980525985509e+00
2.501566704697994581e+00
2.205677349690165379e+00
2.547003966495293703e+00
2.365848692851098001e+00
2.389584040639362694e+00
2.261568655504271774e+00
2.305461640365792153e+00
2.329117056316651446e+00
2.373131367883603460e+00
2.185038227307060765e+00
2.295262152180189918e+00
2.313132234646727348e+00
2.465180916431825242e+00
2.096012870465853162e+00
2.399107131696326611e+00
2.209612706459107123e+00
2.502492591005951006e+00
2.474120441925357294e+00
2.210420850451330299e+00
2.153878376562760266e+00
2.247580715370328441e+00
2.414021390449070825e+00
2.312379690927363729e+00
2.496531526284862412e+00
2.481285928085204429e+00
2.279414083154922555e+00
2.406428096048141896e+00
2.332580065026233385e+00
2.333027036660979547e+00
2.317174933309704699e+00
2.313644903543826015e+00
2.239630139709550161e+00
2.432454591884812167e+00
2.290446475277250205e+00
2.398392727940771074e+00
2.443523635470580935e+00
2.356106532316275093e+00
2.370294664304452237e+00
2.264114142611406866e+00
2.531082002176842316e+00
2.565635553086526244e+00
2.552721282132126124e+00
2.418458436761736330e+00
2.423260006616809736e+00
2.237446749516908806e+00
2.349473503109333450e+00
2.331936734288806434e+00
2.480319671714647178e+00
2.431784306863654876e+00
2.499821384814377545e+00
2.314590044386513945e+00
2.215385412089825312e+00
2.287462785603933568e+00
2.516472893611140460e+00
2.554999087079323328e+00
2.529428267427718868e+00
2.500617735023612287e+00
2.514795909378180205e+00
2.443605361954672706e+00
2.435707886423323476e+00
2.435745519081151667e+00
2.510600738159328049e+00
2.459286555087864201e+00
2.527745715590584030e+00
2.387357116066085361e+00
2.580763584619703455e+00
2.393893462542429074e+00
2.324532861316670473e+00
2.423999482843391728e+00
2.133204062324985717e+00
2.521520668585044866e+00
2.390342477929066511e+00
2.692920768034391621e+00
2.539525720109672591e+00
2.489333746133951752e+00
2.525940889570848391e+00
2.478144439267574217e+00
2.298627431201161198e+00
2.571010299241856423e+00
2.616507289723510432e+00
2.586293238571323538e+00
2.509417335443933084e+00
2.368549267631281374e+00
2.329189709014774401e+00
2.457839504390233021e+00
2.436093665720833634e+00
2.185714658731929827e+00
2.502806105973179207e+00
2.368655256622893113e+00
2.544079980898033444e+00
2.275401098122583399e+00
2.274040795414251193e+00
2.227681675519913362e+00
2.268142931254717887e+00
2.269390110545563388e+00
2.312613786819488482e+00
1.928989409268601962e+00
1.976997314011197826e+00
1.844667607635807061e+00
2.009483754917318787e+00
2.174662615116040865e+00
2.212653010513310647e+00
2.223133734216885316e+00
1.707608764401115975e+00
1.986413281833638855e+00
2.242834508431399421e+00
2.405017651730290140e+00
2.469181139449649898e+00
2.513630549813753223e+00
2.261061437404233487e+00
2.511083607244147142e+00
2.354332948086927946e+00
2.332525814696011501e+00
2.389677689331259014e+00
2.596660492662678177e+00
2.546653534062523594e+00
2.494716045793156312e+00
2.288015166111442955e+00
2.427385101511331023e+00
2.526041609903371121e+00
2.581752881433546865e+00
2.441688084969034112e+00
2.589790982946032383e+00
2.636291583222884150e+00
2.628768517414575179e+00
2.621449226837855750e+00
2.672374350756106409e+00
2.407840512986591630e+00
2.528960917167065059e+00
2.646641364049040490e+00
2.560473286790171610e+00
2.719625981143404481e+00
2.703324256775300416e+00
2.696800023564557947e+00
2.515941132488338727e+00
2.476353883657190558e+00
2.538380479493692388e+00
2.250703681953467150e+00
2.402637343090692656e+00
2.458845521958521019e+00
2.204761930700869677e+00
2.343126165502979141e+00
2.255013672567392824e+00
2.477283554178903113e+00
2.373016075419165816e+00
2.207841619216900586e+00
2.486958624338241108e+00
2.212795616237661633e+00
2.388548537182148657e+00
2.338024496468742885e+00
2.539338765551843569e+00
2.509968688117940605e+00
2.411233696138705085e+00
2.537809844356958333e+00
2.536491033153827512e+00
2.511027651539626149e+00
2.538457641816594279e+00
2.505939487713682912e+00
2.316293559209166020e+00
2.029970581559696008e+00
2.271419557469223527e+00
2.171098060676109220e+00
2.220801032226030980e+00
2.340815506983063621e+00
2.221408762818340765e+00
2.385062003875784153e+00
2.406957286660596829e+00
2.427895566676812500e+00
2.468764523913298259e+00
2.307480243766370620e+00
2.340126532670202764e+00
2.629139141477188968e+00
2.607682122062537022e+00
2.263763226988206423e+00
2.678115701051212216e+00
2.366586613209840984e+00
2.473269166588945023e+00
2.462197413514562783e+00
2.436820301941490019e+00
2.545852800837195229e+00
2.688353587594170868e+00
2.497960060954434347e+00
2.710732893782063613e+00
2.560876839242798741e+00
2.533891300763647880e+00
2.538029814177526156e+00
2.560645878410677145e+00
2.561470755677865530e+00
2.513237132576990440e+00
2.677802155702983633e+00
2.554282916855517893e+00
2.566618863668616246e+00
2.840707384663918145e+00
2.482373115227961335e+00
2.537128341848120527e+00
2.543572213625249656e+00
2.457180128569956157e+00
2.527546413163761496e+00
2.520159144518812067e+00
2.707530845700027555e+00
2.058066708556888891e+00
2.331560242806193006e+00
1.977226678066536625e+00
2.172563037200324843e+00
2.234552170319151099e+00
2.205347573084467605e+00
2.191997214785275094e+00
2.089164323099425236e+00
2.106454848481804643e+00
2.368629555386236873e+00
2.223016627806980061e+00
2.024560118286683696e+00
2.021103281719609068e+00
2.098385909190970899e+00
2.369278188527978557e+00
2.217554721485275326e+00
1.938142596958698505e+00
2.370992861030436050e+00
1.961026695728339986e+00
2.238387999515953020e+00
2.189562986793106347e+00
2.580271495865217091e+00
2.080731463968168882e+00
2.113539281304658068e+00
2.428697330768088136e+00
2.307612720895874325e+00
2.133171981595465283e+00
2.196511261152147565e+00
2.400551556070611881e+00
2.241261642709294843e+00
2.239781933029819871e+00
2.285559190149744069e+00
2.235519010252339456e+00
2.359197041535079808e+00
2.411040543957081450e+00
2.434696657370160278e+00
2.574241533626933975e+00
2.267542881189973158e+00
2.246308493020808150e+00
2.276449052156262809e+00
2.211919376189785513e+00
2.627508913095436771e+00
2.557477726704994403e+00
2.478972389762766682e+00
2.322661511540949686e+00
2.326166479284409228e+00
2.480397563706375319e+00
2.420192152816746045e+00
2.287321009493865187e+00
2.221850958997494629e+00
2.353419101726318186e+00
2.212857432203016561e+00
2.309466095640086980e+00
2.206959858883752901e+00
2.073528776490986658e+00
2.472460962296957998e+00
2.166927910289971670e+00
2.401598983502926998e+00
2.176748663249422844e+00
2.359307029392021970e+00
2.505674961451927807e+00
2.138618596168146535e+00
2.359599855195279705e+00
2.190140921656773543e+00
2.191608886660362909e+00
2.118809602511962709e+00
2.439971342797035092e+00
2.286278655213956679e+00
2.270455140766493241e+00
2.440798014213731992e+00
2.292769186392489722e+00
2.458730930885279609e+00
2.364630735105326398e+00
2.362104961345470322e+00
2.137270855807566594e+00
2.303708338829737023e+00
2.488612692006689553e+00
2.233652157098008129e+00
2.311935763864250593e+00
2.373909150336993346e+00
2.355357495957242531e+00
2.339399580406956947e+00
2.436088673073951938e+00
2.287801369251381889e+00
2.380106914280074371e+00
2.157102964051766492e+00
2.219695237646571506e+00
2.398961926015482415e+00
2.576014208611792977e+00
2.440617745680933481e+00
2.565656632207776511e+00
2.184604986182860475e+00
2.555678606353231075e+00
2.432484645572704718e+00
2.218901584415446493e+00
2.249465966524786253e+00
2.207037951064067638e+00
2.327866574445710768e+00
2.330998384158031733e+00
2.558724456067834829e+00
2.360102839007519826e+00
2.610308407710843159e+00
2.168696630071003995e+00
2.237126724763852881e+00
2.350840835037528276e+00
2.396621831356787524e+00
2.335790830950357666e+00
2.569193550857352015e+00
2.549766633216613787e+00
2.439860248011064048e+00
2.547839742850892542e+00
2.604400396905949933e+00
2.569551056042084003e+00
2.528251375227440700e+00
2.490142800179433458e+00
2.511218367679824315e+00
2.569816816520601677e+00
2.417349153970499209e+00
2.248539946154304747e+00
2.425564253828796257e+00
2.533049015187712083e+00
2.349175132216224871e+00
2.328773630709663589e+00
2.542278794558179289e+00
2.497038163763944052e+00
2.443651972651833315e+00
2.456775192959153920e+00
2.603635454323004250e+00
2.762905245460432813e+00
2.401851295076545156e+00
2.354205534521824017e+00
2.563310099183285118e+00
2.421763728510042402e+00
2.507444433612499690e+00
2.395969825315048762e+00
2.541579732025916805e+00
2.694957469915791215e+00
2.551423134254406033e+00
2.467463781707992965e+00
2.663336936245768172e+00
2.330798172091320897e+00
2.422725607508201318e+00
2.268544299920803642e+00
2.401456249474301696e+00
2.370445202518275618e+00
2.271399060823802607e+00
2.433541064886329597e+00
2.459851279509313482e+00
2.530967134841569433e+00
2.065251386768947928e+00
2.208593565839961581e+00
2.194967991256639994e+00
2.244645882456760333e+00
2.140933174789312776e+00
2.154497847904187413e+00
2.285745750525097986e+00
2.062980994369857157e+00
2.123903211071501929e+00
1.981829148733802448e+00
1.959076164179363477e+00
2.185489439936960210e+00
2.096979854063510729e+00
2.050554646090610778e+00
2.048611304734680338e+00
2.046071564042477142e+00
2.135004668166486042e+00
2.617192841445651563e+00
2.559772363291412223e+00
2.351774586684684643e+00
2.295543231976957532e+00
2.341640686264808480e+00
2.412924952522990107e+00
2.389997999019340291e+00
2.595098687362971557e+00
2.353205515020186489e+00
2.241843065114364819e+00
2.292888717063956250e+00
2.370157415265932599e+00
2.440318989732626953e+00
2.389614678895839006e+00
2.500929788176315505e+00
2.480456536046840021e+00
2.533020305126697735e+00
2.388036659162718678e+00
2.487634799329728086e+00
2.569557031411984216e+00
2.555542183232405229e+00
2.500354673264989724e+00
2.478569224544378002e+00
2.616818613036473451e+00
2.648844663515512288e+00
2.495325969860609394e+00
2.593223614277078592e+00
2.666412992024032924e+00
2.600192370723971802e+00
2.496945629865102045e+00
2.566258480219556048e+00
2.570573205980324794e+00
2.773376492691681516e+00
2.739223354120988052e+00
2.577937373412737099e+00
2.566244810218023531e+00
2.539321874195726192e+00
2.516306339129303904e+00
2.389285606299965004e+00
2.558651301558261704e+00
2.480963159298659626e+00
2.506900979050459721e+00
2.433772723895447854e+00
2.533756690602479544e+00
2.539545045579033378e+00
2.536213254555914176e+00
2.253299301333264282e+00
2.352707118864716840e+00
2.285896871636385885e+00
2.328932789512670354e+00
2.477132518043565046e+00
2.401453172532132196e+00
2.442405839815718682e+00
2.472664480364880735e+00
2.373172317343857252e+00
2.421892873062727158e+00
2.308686170788832648e+00
2.137360119213236320e+00
2.214730487475934151e+00
2.232003544247055604e+00
2.139714261610295765e+00
2.267437342663130018e+00
2.212729866506505161e+00
2.344165592489339200e+00
2.445553802694742984e+00
2.332320864942380112e+00
2.542760090880563872e+00
2.363170655128477460e+00
2.462037564695465530e+00
2.484616654127191016e+00
2.536781746388015346e+00
2.593703423263375996e+00
2.479149482335212706e+00
2.473745186998829837e+00
2.606877388535688844e+00
2.646016158870532653e+00
2.608028568240174927e+00
2.827075551946693466e+00
2.626283976107092411e+00
2.519210764924287638e+00
2.515183172433126391e+00
2.420205424404747063e+00
2.449277014468143943e+00
2.532031591684838379e+00
2.510347652948040409e+00
2.417980841250216617e+00
