2.168897149263122159e+00
2.117618058958314453e+00
2.241212176775750020e+00
2.173997888690629043e+00
2.244575226628395370e+00
2.194168452491632060e+00
2.177764076620181566e+00
2.358016021169611953e+00
2.197018610529534399e+00
2.040276846285016710e+00
2.082128541119403042e+00
2.054008081812225939e+00
2.068255875013827350e+00
2.278259107056440858e+00
2.071816648464335220e+00
2.090472949447908402e+00
2.498198547516206069e+00
2.097889748303925384e+00
2.370005731201952237e+00
2.035124352678352455e+00
2.083644558353781040e+00
2.124831148209876730e+00
2.494925275330850845e+00
2.480041717047287264e+00
2.013635153844385517e+00
2.258719602205988775e+00
2.295343126201431438e+00
2.102023304277968130e+00
2.479275509865736193e+00
2.063882488931366055e+00
2.114983322091218199e+00
2.399250487356676231e+00
2.145084803305024490e+00
2.189955638744624178e+00
2.379821095841297751e+00
2.459001605144187863e+00
2.310792102890006028e+00
2.311698837658077821e+00
2.491296106664297128e+00
1.982310199302721676e+00
1.977680952145592030e+00
2.428838814357274334e+00
2.055586165511861907e+00
2.460159643210427127e+00
2.088745953378172260e+00
2.437090117676915302e+00
2.142085260004459535e+00
2.399637554245520832e+00
2.026704042762243141e+00
2.287122963473582349e+00
2.475509732862184009e+00
2.411948338850823603e+00
2.305093139458604057e+00
2.273344546500918106e+00
2.241264463350283176e+00
2.243621343499851317e+00
2.419280770504922184e+00
2.191210668864128852e+00
2.270602476046540641e+00
2.181877382981955105e+00
2.487623959326823897e+00
2.097482932223205143e+00
2.492505003002419173e+00
2.213355420917188177e+00
2.476656573477155288e+00
2.333706448356756447e+00
2.178682397650066882e+00
2.230761337158196689e+00
2.257097525918955849e+00
2.486221419693328549e+00
2.374180429719025209e+00
2.584453168198876050e+00
2.544079973954396223e+00
2.302532045734484001e+00
2.553100705284809813e+00
2.437676882704955528e+00
2.283904127724090571e+00
2.277152904449711635e+00
2.513010778162081404e+00
2.447705530967590803e+00
2.446415147188203409e+00
2.377785557819760420e+00
2.350762311917577563e+00
2.359250596614196560e+00
2.326698592648397845e+00
2.233680991721659570e+00
2.171477351054928118e+00
2.224214820005277371e+00
2.315715073945526115e+00
2.407132862935990048e+00
2.426307736568471540e+00
2.385915878000149704e+00
2.296007741623598886e+00
2.327438298061959454e+00
2.256233141490592953e+00
2.506803711513290178e+00
2.539264655777636381e+00
2.560128981518948077e+00
2.378705246326964229e+00
2.365340188018205225e+00
2.570786602005213251e+00
2.539030126806017140e+00
2.552638000520167427e+00
2.567795694450298427e+00
2.615393033898883335e+00
2.556669794727583600e+00
2.476270350169746948e+00
2.628770210497962889e+00
2.465615532386687292e+00
2.498147921176066877e+00
2.465377055852900678e+00
2.290748551773222896e+00
2.292156431454928533e+00
2.205396321686095451e+00
2.317956992133664684e+00
2.349147240214667587e+00
2.206275547439491280e+00
1.852260742856387310e+00
2.590418673534794713e+00
2.319233227859694324e+00
2.666848567879551712e+00
2.522527874072740151e+00
2.396044769165174948e+00
2.477911178636744705e+00
2.427530764051703205e+00
2.483005484612409219e+00
2.490877963008233831e+00
2.297537699142642609e+00
2.523062127010365696e+00
2.582846500979256721e+00
2.434177593826996500e+00
2.358704729659583776e+00
2.496554203166275965e+00
2.505491000697446680e+00
2.282578061337462660e+00
2.542650882833317194e+00
2.435354614173755206e+00
2.570211290531501547e+00
2.378438998010903749e+00
2.229264512370691342e+00
2.209515650805621956e+00
2.230373727060836142e+00
2.197207698189393987e+00
2.313233533397934139e+00
2.231884003894168078e+00
1.991463050378696087e+00
1.924728936847089900e+00
2.314474364229733627e+00
2.210724438005372772e+00
2.182544586817576349e+00
2.101428523044936547e+00
1.860040584354581306e+00
1.942623408454216660e+00
2.027982430878136455e+00
2.432179557659654545e+00
2.394315422590481024e+00
2.474446625641304909e+00
2.326894228469849946e+00
2.462565797454536742e+00
2.372166012277939995e+00
2.256679863465984592e+00
2.504936186885569516e+00
2.182857071148642802e+00
2.645861422503231974e+00
2.541171984682202289e+00
2.192459971728804025e+00
2.224288110165991927e+00
2.301468549826203525e+00
2.314275883705853243e+00
2.364010252032836767e+00
2.399234644886145684e+00
2.383508026696170568e+00
2.351562182833930148e+00
2.353031882584787571e+00
2.382067575992706132e+00
2.418292018060496762e+00
2.506831477943874731e+00
2.557280156520336245e+00
2.504278924100078019e+00
2.683648932197920001e+00
2.699112671258034890e+00
2.710684446004651527e+00
2.509021716359506549e+00
2.503438374221726992e+00
2.451801887017454273e+00
2.031821257850031870e+00
2.188386316846504975e+00
2.191810408045977265e+00
1.928392047524652986e+00
2.047096776955193320e+00
2.018325183928237898e+00
2.141425885874285839e+00
2.161111911623733395e+00
2.025359719692978011e+00
2.087503791274165188e+00
2.062080441433722378e+00
2.173395195309255179e+00
2.247978221336174531e+00
2.401242910034238509e+00
2.202908189937176520e+00
2.481306436281157435e+00
2.537146777791282837e+00
2.452361747740859688e+00
2.279323557464206118e+00
2.565373951659218665e+00
2.525063780491330068e+00
2.310063044852647351e+00
2.097891269864090802e+00
2.247348104629045107e+00
2.147594326359313577e+00
2.186597602645492966e+00
2.325910508437439184e+00
2.180760761219865174e+00
2.293044100568965682e+00
2.194074138034612709e+00
2.276675090790545308e+00
2.493506966692273785e+00
2.288167077296151319e+00
2.319682804200521531e+00
2.391651115144065809e+00
2.495589718386308054e+00
2.381180832116843948e+00
2.593409613286353110e+00
2.356424433506593363e+00
2.284267338235350220e+00
2.325981608356385344e+00
2.448295585568624144e+00
2.305642287732689866e+00
2.396831471377638412e+00
2.417249160011937459e+00
2.634602133067170726e+00
2.565971218909600893e+00
2.528901401809320326e+00
2.366026683218028559e+00
2.503600122400098993e+00
2.603395026163053405e+00
2.484366834863001028e+00
2.641459143187065539e+00
2.561389686238876529e+00
2.475758198398914534e+00
2.731756855051346466e+00
2.451314125809886058e+00
2.483764770090255869e+00
2.386288978380098680e+00
2.374819382621653929e+00
2.420487965053340851e+00
2.445743557824537895e+00
2.467397808697652462e+00
1.820308401449691305e+00
2.104173116682838796e+00
2.095176617637644068e+00
2.198575601263666801e+00
2.221107414193602914e+00
2.195508323528416739e+00
2.077099141405499338e+00
2.123289433228586542e+00
2.024477843947407596e+00
2.037523651106876610e+00
2.210554439011012118e+00
2.036769519173100118e+00
1.974179569400110967e+00
1.996938723807761829e+00
2.343482908046855773e+00
2.034341297120468628e+00
1.984693915653118257e+00
2.418722739327876514e+00
1.958067186387800973e+00
2.170977477918863308e+00
2.004767333128131490e+00
2.623436445774498971e+00
2.010082120272075556e+00
2.093278537963109809e+00
2.411967299848844171e+00
2.581310476952981769e+00
2.098459630193548087e+00
2.312269786340979572e+00
2.488980495878223120e+00
2.138840277051242911e+00
2.380976681676742146e+00
2.253269974485548222e+00
2.075168173143215888e+00
2.331083992414517692e+00
2.443701394591220488e+00
2.460417105851743003e+00
2.470311975052470910e+00
2.102547346231605996e+00
2.100635480364020147e+00
2.132834657991327543e+00
2.304176059992879999e+00
2.522317466776344386e+00
2.400965555665871332e+00
2.347534024306046962e+00
2.209635554825297277e+00
2.295449403218508433e+00
2.433183330516078602e+00
2.496154819619699872e+00
2.289902136145753886e+00
2.239588305320758366e+00
2.264808735878133028e+00
2.247147412250620757e+00
2.182737926133420547e+00
2.153938441168825602e+00
2.047288487591762962e+00
2.267428318082928662e+00
2.179911546191032112e+00
2.379333233642613177e+00
2.157339472391528457e+00
2.374028999679915319e+00
2.342739887595765680e+00
2.215688947543875464e+00
2.484046363776384325e+00
2.233759186668364816e+00
2.313225784638136773e+00
2.205320862430025119e+00
2.376229616078043172e+00
2.271382322911904339e+00
2.159410981315867950e+00
2.465172051668576891e+00
2.234377975095281688e+00
2.440200927845029621e+00
2.255241732961300372e+00
2.527593612112646326e+00
2.213587788660763778e+00
2.342999849018265301e+00
2.450255668016566801e+00
2.051624361477089042e+00
2.359261316523737495e+00
2.268833024976847579e+00
2.499436901131521616e+00
2.299716492439578097e+00
2.216964044768380493e+00
2.196076769537396611e+00
2.276573023500147119e+00
2.132758250446415094e+00
2.097286463104432563e+00
2.337805383678956961e+00
2.313043437228976984e+00
2.457402272053784031e+00
2.428411039040778263e+00
2.237938875687192741e+00
2.332052215711202692e+00
2.352765388917407829e+00
2.295582788393395024e+00
2.213974426513524829e+00
2.342060456972066440e+00
2.214767530858655853e+00
2.202843008632191069e+00
2.461115492671353877e+00
2.291327769440429929e+00
2.521619558573881648e+00
2.275174719762687481e+00
2.196504358258196010e+00
2.338192875060793430e+00
2.583185874734748477e+00
2.503641405092784211e+00
2.518252390994571766e+00
2.536557874229151910e+00
2.497974391523691828e+00
2.611581259223378026e+00
2.612234462914285071e+00
2.558418651846874781e+00
2.459733607379171794e+00
2.496984459857617189e+00
2.476474380278307130e+00
2.513257950162679055e+00
2.238728715577544381e+00
2.370526262947393992e+00
2.383925676512168579e+00
2.414954586602438003e+00
2.302205163769099006e+00
2.313909547288946822e+00
2.380352146027246540e+00
2.431424562359103980e+00
2.520151069651954234e+00
2.307438546225759612e+00
2.551340192093468406e+00
2.618882257702873417e+00
2.324109192841465887e+00
2.245694721438078023e+00
2.473079631258956468e+00
2.364705270016778105e+00
2.486388382503415428e+00
2.423776887423321202e+00
2.338698582550939875e+00
2.631777908708018643e+00
2.532695946591802638e+00
2.354131778634424688e+00
2.559632047941671651e+00
2.320112786168633701e+00
2.427977424461242872e+00
2.254840594559560873e+00
2.471486993274179422e+00
2.437731134061619009e+00
2.183716957530718705e+00
2.563278370216442781e+00
2.526652829648482257e+00
2.582216130900029771e+00
2.055495199103750448e+00
2.165907502424916142e+00
2.213131785804727691e+00
2.154046638805005909e+00
2.009750928397834979e+00
2.234784497764839895e+00
2.192660305886736882e+00
2.053034798343051914e+00
2.054019126049640764e+00
2.011310084767253592e+00
1.965185831956666629e+00
2.105974188483110243e+00
2.111227326538199112e+00
2.044581998611141760e+00
1.993648322258130712e+00
2.262856529918268134e+00
2.031976877173241824e+00
2.351248092701431425e+00
2.400621880599199010e+00
2.412179914941519954e+00
2.321981223234091285e+00
2.202079856512348943e+00
2.168970118629553578e+00
2.200095937140349012e+00
2.395170529519648372e+00
2.361485805741627253e+00
2.243679655456180200e+00
2.322055256360326947e+00
2.252954401085418112e+00
2.247170705697686177e+00
2.331389014647547331e+00
2.404505672091171498e+00
2.307108891747244428e+00
2.336614119109259757e+00
2.288922753758982243e+00
2.480248395369671233e+00
2.168792614933418239e+00
2.319377826602094128e+00
2.241250985004207052e+00
2.415001022873306091e+00
2.408669029231536030e+00
2.460370654887689135e+00
2.530727437466008478e+00
2.629720330507509640e+00
2.708870690099797418e+00
2.555859431071011212e+00
2.526968630421000395e+00
2.560199286571828825e+00
2.417475817111258252e+00
2.670737158828996094e+00
2.671952569636289798e+00
2.566558488758319712e+00
2.525405683778527255e+00
2.434085700563383359e+00
2.534377712402926086e+00
2.262046204071419098e+00
2.375751041922053997e+00
2.359679247260043411e+00
2.254105076385931827e+00
2.397764786878262555e+00
2.369882914820232500e+00
2.353634210105993496e+00
2.382171288585561708e+00
2.049153442599813246e+00
2.152506266167900417e+00
2.046340058551547880e+00
2.125663115407660619e+00
2.323979214146880246e+00
2.097741415677018217e+00
2.163045654624219605e+00
2.231791290826393048e+00
2.231530115778084244e+00
2.221275291743895597e+00
2.309116406634270646e+00
2.108667064135447688e+00
2.212801585872725685e+00
2.263166902057815122e+00
2.165000403033847665e+00
2.285503318495457403e+00
2.196190112324074128e+00
2.269841349636440686e+00
2.434288943734812971e+00
2.372142545450312223e+00
2.471945245951103765e+00
2.359135238673176094e+00
2.457843445984343678e+00
2.412769971722484641e+00
2.386187507145980824e+00
2.477162568672281573e+00
2.534737321127679355e+00
2.460707247445697465e+00
2.594464807700655573e+00
2.632475435603588654e+00
2.573294513328873823e+00
2.713990375091452467e+00
2.406560290002120794e+00
2.284261155834029999e+00
2.478097390031821501e+00
2.374373104512918609e+00
2.242291650940988035e+00
2.318807554174661778e+00
2.568580738381663675e+00
2.398367415393413360e+00
