1.996492310350096000e+00
2.148598595379396681e+00
2.250575028270041855e+00
2.133316260837901712e+00
2.165522624756287318e+00
2.125335493306176549e+00
2.135629045806824333e+00
2.313896060717580472e+00
2.167389147580268016e+00
2.190881858979954799e+00
2.088737328980425634e+00
1.932827066654407844e+00
2.135581370486581143e+00
2.211839876723661114e+00
1.943783651491848730e+00
2.084210016993289560e+00
2.242917311519744494e+00
1.990677661670946730e+00
2.365469731842539503e+00
1.956834483280770920e+00
1.979302148784231941e+00
2.055424411693310471e+00
2.467835921610942673e+00
2.410236883532266283e+00
2.009394925936122345e+00
2.232390841676435755e+00
2.079944029506355374e+00
1.883752498962424360e+00
2.416048274997008694e+00
2.007865273270541095e+00
2.213420650361359154e+00
2.351227510298189216e+00
1.971490617981228155e+00
2.072397298620934691e+00
2.351344598300834310e+00
2.470871898727966531e+00
2.337399177480969481e+00
2.364288484211754859e+00
2.573142829998983583e+00
2.123064704364431954e+00
2.235953500408295547e+00
2.249983254555536494e+00
2.249426527830368006e+00
2.315520394038749874e+00
2.241797113854608448e+00
2.458071870286930860e+00
2.302973374725680422e+00
2.333952111330833912e+00
2.346598792609251305e+00
2.321634655481241705e+00
2.334261234409200192e+00
2.274558850764673235e+00
2.410303671450222396e+00
2.329360075619736126e+00
2.129556169925459486e+00
2.158533546449589391e+00
2.095400329429596198e+00
2.036121502286476925e+00
2.194585071398554632e+00
2.135621634002922598e+00
2.209273818960679314e+00
2.070057193321275246e+00
2.150904308899878270e+00
2.189724632939810789e+00
2.281452394509153159e+00
2.491973347179819775e+00
2.210722574953218000e+00
2.103305243700247740e+00
2.286086851874060688e+00
2.308978976339908673e+00
2.295871027425981037e+00
2.455677269247393824e+00
2.530561308495804962e+00
2.247668063666678595e+00
2.414952056653615564e+00
2.419933963573752234e+00
2.338832887348678558e+00
2.301935834398133540e+00
2.573115711044513976e+00
2.338966711255580311e+00
2.331894241764552067e+00
2.505733415370600792e+00
2.218316822590172155e+00
2.281578935864553959e+00
2.266478243929776593e+00
2.302612072057463877e+00
2.049457526271327268e+00
2.233679097717207185e+00
2.451855893839347544e+00
2.354589409034130387e+00
2.495210617301422129e+00
2.520763832706980345e+00
2.196096916785861275e+00
2.181509243073805671e+00
2.243004234511492001e+00
2.597600248271150658e+00
2.406870502666325962e+00
2.670731163032011413e+00
2.271005530936238692e+00
2.278205046229183850e+00
2.369982766139073771e+00
2.555888969613001827e+00
2.659452403325554215e+00
2.609102800490474383e+00
2.574275040412899784e+00
2.515786908366869135e+00
2.456300999550351083e+00
2.518591513844862018e+00
2.495740008105537200e+00
2.465247886030587310e+00
2.481616402604164051e+00
2.418449330408177111e+00
2.464020937434698411e+00
2.349260140418240717e+00
2.309895617613757501e+00
2.430524491315688262e+00
2.296711350355942649e+00
2.040257930493017291e+00
2.510238626962469244e+00
2.205914383004861534e+00
2.596793466928111638e+00
2.538824507390342600e+00
2.288064962509440026e+00
2.472839484210290095e+00
2.507280928160192435e+00
2.485571594415231012e+00
2.666640688934160508e+00
2.506819629521136683e+00
2.615983024527887224e+00
2.522764605838147656e+00
2.370210862732541113e+00
2.419952004990762351e+00
2.611733400579550946e+00
2.458966469789024778e+00
2.327231601633108937e+00
2.542834873369911097e+00
2.599513584021099888e+00
2.557561186784655938e+00
2.066708017345525672e+00
2.050269020769444950e+00
2.148916142071281232e+00
2.137768635271185769e+00
2.114041274942921156e+00
2.255376909689850606e+00
1.963771487510219904e+00
2.014426646891168460e+00
1.894899682004436148e+00
1.877691339751553112e+00
2.113700160617560719e+00
2.048614100919448067e+00
2.169538816607692766e+00
2.041880465940053568e+00
1.855610805640483196e+00
2.052998977427535010e+00
2.484729360439140500e+00
2.433213056746713843e+00
2.445908486790239422e+00
2.278588702787418097e+00
2.453207557118896265e+00
2.327996506305767710e+00
2.251336069408701235e+00
2.236787561195525686e+00
2.364343489930960995e+00
2.521630165819852110e+00
2.443250648714279993e+00
2.123376154673730642e+00
2.291281067803418114e+00
2.332794072770399296e+00
2.523216057124707756e+00
2.281234384659750258e+00
2.590513232004777233e+00
2.405310416463796397e+00
2.552795767330789722e+00
2.571005953947671063e+00
2.420193046891472743e+00
2.262783889348401800e+00
2.561036693559836763e+00
2.625066932226653993e+00
2.472437439077436849e+00
2.723652302613725595e+00
2.645271672684318620e+00
2.692230158436887510e+00
2.491944826968323756e+00
2.546533550013135194e+00
2.515646507070739002e+00
2.088659456908252832e+00
2.250991200064221598e+00
2.230235934148778743e+00
2.127121606307633694e+00
2.247546880721055018e+00
2.037735295437190342e+00
2.371293191709487491e+00
2.209170801570883746e+00
2.146161716955491627e+00
2.369573598344156817e+00
2.211609686875454006e+00
2.306687253616453770e+00
2.270489327073253794e+00
2.346104448451418190e+00
2.406177046791478258e+00
2.258577551186481625e+00
2.444567940087897462e+00
2.291751678018921989e+00
2.400749098660101222e+00
2.411273225403883114e+00
2.336099377041675140e+00
2.145675671714295962e+00
2.014862969639690249e+00
2.130763837094874269e+00
2.177619868044612605e+00
2.205769040148345184e+00
2.171140027515681581e+00
2.175756056781235515e+00
2.177219045025369670e+00
2.295312573774542564e+00
2.278725034601537303e+00
2.328708011021623836e+00
2.241059469380279001e+00
2.267179178153504004e+00
2.571244929914486832e+00
2.349464219150013022e+00
2.457913831225788215e+00
2.600601174186311759e+00
2.337610409259314181e+00
2.366985407828657628e+00
2.360776559911117012e+00
2.475409027490245606e+00
2.330791142705852526e+00
2.522692548337723384e+00
2.371063475641231655e+00
2.592868430344884345e+00
2.534969838899182371e+00
2.593141340779023363e+00
2.360497688490929225e+00
2.558769756950346252e+00
2.630667188802342515e+00
2.434867840704407094e+00
2.621707783077079856e+00
2.398185138095430879e+00
2.405311964544059489e+00
2.691126294026225274e+00
2.428346613052160929e+00
2.430786191839953592e+00
2.375187480475143165e+00
2.373057691444267370e+00
2.417793434058161939e+00
2.446375767023555969e+00
2.470210112183308215e+00
2.129484297500112699e+00
2.152113589419359929e+00
2.140628821639977364e+00
2.260685364183287138e+00
2.325078195934195513e+00
2.109212181145468268e+00
2.099216933338496460e+00
2.079936200300336768e+00
2.139629198885320882e+00
2.179791609095129257e+00
2.247857233241966401e+00
2.006665311815587494e+00
2.021120456000270238e+00
2.015593464088994757e+00
2.373304624085827097e+00
2.205561190045364661e+00
1.880521103837964558e+00
2.289722070895965800e+00
1.936302215671317883e+00
2.175836526818290650e+00
2.041409658597272525e+00
2.629417895129539939e+00
2.012571565614666103e+00
2.043272142378946832e+00
2.326748972283204431e+00
2.232945132918475295e+00
2.038541404032734317e+00
2.140016023368402909e+00
2.372981725283621390e+00
2.081471748323490356e+00
2.199337793055116563e+00
2.085318029391595829e+00
2.073080388088336168e+00
2.452131119340787979e+00
2.329037749491920994e+00
2.373807596952247412e+00
2.559269565737917862e+00
2.129947648807115623e+00
2.111095459065866375e+00
2.207427601274392970e+00
2.213290526105464728e+00
2.472780679452471819e+00
2.423233661719112142e+00
2.378419163874172959e+00
2.233370645890347284e+00
2.293560214128545827e+00
2.381155632978396497e+00
2.327783813537598778e+00
2.338576679140723424e+00
2.309339914692883688e+00
2.278095625119045398e+00
2.222829968459679062e+00
2.216829936387899380e+00
2.108773338592995206e+00
2.127692410416749613e+00
2.074695374714838891e+00
2.056408776746077471e+00
2.389160028380806988e+00
2.115660336442493517e+00
2.101994300940746463e+00
2.174996598348761800e+00
2.180042572146445146e+00
2.540368345387159721e+00
2.045760088082600792e+00
2.439332009747486207e+00
2.185880028691406185e+00
2.322499425328966360e+00
2.415733924735384619e+00
2.135748695999224012e+00
2.489518509259132983e+00
2.369474492854934500e+00
2.383987751931817112e+00
2.324436390066231706e+00
2.565332083913242300e+00
2.385439098670442348e+00
2.352229324026721802e+00
2.538891193221558762e+00
2.269080299962586089e+00
2.447497064934022415e+00
2.373820419309117469e+00
2.610130740266015881e+00
2.304121350707441174e+00
2.221742077912308044e+00
2.316282160189885975e+00
2.330503250419165173e+00
2.230223993497006507e+00
2.186940112224749821e+00
2.364414972487647759e+00
2.370944214059829580e+00
2.310684571924265907e+00
2.398689437968779981e+00
2.124994385298722754e+00
2.472678938577924868e+00
2.517622418520012673e+00
2.251105024232610052e+00
2.296125602121975362e+00
2.215105770920157369e+00
2.219498183502217170e+00
2.265961860804875716e+00
2.604341431043387001e+00
2.239847266344633603e+00
2.694393680152005199e+00
2.328269331316482837e+00
2.369140072459564816e+00
2.366693709319798611e+00
2.511308613551835656e+00
2.509555867301904275e+00
2.672701202056675385e+00
2.624655375919541456e+00
2.605153492198654330e+00
2.420839727015998921e+00
2.594284407068070397e+00
2.414808028138611284e+00
2.464764588240166532e+00
2.479153617156895972e+00
2.409471645711978471e+00
2.435106551141970055e+00
2.212478371796981147e+00
2.065324333749420482e+00
2.369866897345782153e+00
2.201156006648159469e+00
2.414895955166849628e+00
2.191653328203021278e+00
2.279671241073594867e+00
2.337484973914764730e+00
2.300988969479126123e+00
2.311203271608123000e+00
2.548301721877589632e+00
2.632989123601064296e+00
2.269720838020972575e+00
2.334592610592798323e+00
2.476845484110947293e+00
2.499705062257845167e+00
2.562835725829831990e+00
2.486242509388584043e+00
2.418863877943813634e+00
2.597504729686715308e+00
2.461680970562679871e+00
2.344306497088011199e+00
2.614849880568697937e+00
2.300252929914924138e+00
2.376629396280708129e+00
2.357991296875062037e+00
2.598982438228544467e+00
2.465196143321232380e+00
2.384913740820888250e+00
2.632151846958469932e+00
2.589143612867513156e+00
2.662530428467035915e+00
1.988901339150029646e+00
2.082493939826506324e+00
2.021809932157613066e+00
2.230136184033985280e+00
2.171852261704489528e+00
2.196048115858617589e+00
2.251067793652873128e+00
2.155639937952859242e+00
2.144764623905803802e+00
2.018963503172962692e+00
2.022695562455543605e+00
2.145823378023567152e+00
2.102248064160724628e+00
2.080034189686764456e+00
2.061349092367780411e+00
2.268184877492816387e+00
2.044629866588515199e+00
2.287416973070504067e+00
2.397329797414674779e+00
2.392426446732381251e+00
2.230873834969714586e+00
2.333055626956630046e+00
2.302199505716773675e+00
2.170533058920034009e+00
2.298571568029965650e+00
2.346285994984301126e+00
2.148441401532667605e+00
2.288473100090682166e+00
2.284980105746886370e+00
2.331117518974740399e+00
2.344128572935806787e+00
2.494413567227766748e+00
2.484399799158758970e+00
2.329447094780801919e+00
2.318919204076188123e+00
2.586688591992905906e+00
2.351114364749603336e+00
2.480500108859933217e+00
2.286573649255212892e+00
2.433940881012284230e+00
2.416470163271886573e+00
2.433465313682678044e+00
2.375251504351937104e+00
2.493325695209496207e+00
2.502814165859412743e+00
2.583779250067289812e+00
2.413559343651310307e+00
2.656917969370770738e+00
2.410777242984694091e+00
2.704782094518960012e+00
2.676339493130826419e+00
2.434460184708234110e+00
2.380822371224621037e+00
2.448716561240209533e+00
2.527701170473433567e+00
2.222748469716114617e+00
2.238694649936282310e+00
2.373210350001383695e+00
2.145605950525315997e+00
2.343336092585690089e+00
2.349709555686034790e+00
2.412322695744993695e+00
2.369748446886936311e+00
2.191674864755348118e+00
2.213624584942150975e+00
2.143914027711606884e+00
2.161589656718692076e+00
2.211631170162360771e+00
2.198154169435758032e+00
2.243645088322781422e+00
2.150970492506991683e+00
2.084810772222201347e+00
2.079381137014029601e+00
2.202504158757472297e+00
2.040087668844573709e+00
2.174862687024507135e+00
2.263689224895325314e+00
2.107639089496014417e+00
2.068972611295961439e+00
2.145210104100464310e+00
2.289368646052900136e+00
2.360509486359653408e+00
2.324655656950169735e+00
2.460378665007988630e+00
2.306462842187773976e+00
2.403443011679270658e+00
2.418432441066662442e+00
2.366333132063486833e+00
2.493021416072837670e+00
2.335275340849192638e+00
2.387173110238528739e+00
2.647903094818047531e+00
2.598800759663794313e+00
2.511820821648561797e+00
2.593099355160945141e+00
2.314665662034040672e+00
2.343766111395654494e+00
2.366255820207295635e+00
2.165021232498892001e+00
2.177326158629386832e+00
2.382819067366937826e+00
2.383859388941740320e+00
2.343949296293240447e+00
