2.030930939509435262e+00
2.075392348493976691e+00
2.114940933819353219e+00
2.038997532763028975e+00
2.086371647497994974e+00
1.966552207290543919e+00
2.006168691822736605e+00
2.155138530411593756e+00
1.946357768619891182e+00
1.959415554961589701e+00
1.980373654553187812e+00
1.944116831318042138e+00
1.996940887643702922e+00
2.057947305282976647e+00
1.867673343717177525e+00
1.919319250210619110e+00
2.105218367032514415e+00
2.016190187450258353e+00
2.101509915460194389e+00
1.977046066472476271e+00
1.939776799764575177e+00
2.037798996920888950e+00
2.206778746922649415e+00
2.043083734206228019e+00
1.961825678508540838e+00
2.100334826650879450e+00
1.984753323971905958e+00
2.179641810054698148e+00
2.219647738516666635e+00
1.954813581426965374e+00
2.048473162956141458e+00
2.111231804226008979e+00
2.042937215003175044e+00
1.999393967500872282e+00
2.152494588738951276e+00
2.232470193577893447e+00
2.147607760660807052e+00
2.177892377401086321e+00
2.221422639785223918e+00
1.955255042000560550e+00
1.949291810839979044e+00
2.076546909564552124e+00
1.991497631377630029e+00
2.199848535521760517e+00
1.959041958073567402e+00
2.195224837893365422e+00
2.104007663720722121e+00
2.171501943044451544e+00
2.027769005221569554e+00
2.065373145642388497e+00
2.119029624747300833e+00
2.074669770433405613e+00
2.121784875181470298e+00
2.082626638015690368e+00
2.011268671698167587e+00
2.070914360251758346e+00
2.003558152742618947e+00
1.963606309523147964e+00
2.063435501519900850e+00
1.962053388830963918e+00
2.006153768463698750e+00
1.939600575165638663e+00
1.938284241261686303e+00
1.954674329545700528e+00
1.989967260126209059e+00
1.955500634333003473e+00
1.979101106476326866e+00
1.992593795605473783e+00
1.837265184763141157e+00
2.074869054758602616e+00
1.894823447369201830e+00
2.148341902824394190e+00
2.046086544048073108e+00
2.021608782707866592e+00
2.130254395496313347e+00
2.067343753007512053e+00
1.843278065136272348e+00
2.098882363194999545e+00
2.153519377397075107e+00
2.121645128684409354e+00
2.166406790660930781e+00
2.127631325196709611e+00
1.864380970404643234e+00
1.912543210675174521e+00
2.133863104518103349e+00
2.057677570790469090e+00
2.011822583683955390e+00
2.072267384080662023e+00
2.081606131113607816e+00
2.114921193467358407e+00
2.177684313341169631e+00
2.137032925273019579e+00
2.062771270744942598e+00
2.003903787709592876e+00
1.919242881709067206e+00
2.145973166638685647e+00
2.056476640167509640e+00
2.171487544309302908e+00
1.932207126344364756e+00
2.016937973815039697e+00
2.034177869173076303e+00
2.143986705254702141e+00
2.214260991479890972e+00
2.179524513680380693e+00
2.228494865329245567e+00
2.036720494971290041e+00
1.970699909598490507e+00
2.027700503072463079e+00
2.039369260992756505e+00
2.060440864025829821e+00
2.059582038930649173e+00
2.084793310860558080e+00
2.139924472179998372e+00
1.988925949800686377e+00
2.141520507843830412e+00
2.109676415132725857e+00
2.026780953444345279e+00
2.080675083878585241e+00
2.271327876307899452e+00
1.992432860751749191e+00
2.362542382368717053e+00
2.209515128275324258e+00
2.117841887239821475e+00
2.125202696832367621e+00
2.146059877469219668e+00
2.078710286560728537e+00
2.124768730726689370e+00
1.937676190984235713e+00
2.078983862074939903e+00
2.027840003360265264e+00
2.017582098274090630e+00
1.985173755386161698e+00
1.964463756994754506e+00
2.003955834231320399e+00
1.983024701599004791e+00
1.968230470846469293e+00
2.133369011771192536e+00
2.101069939557315358e+00
1.997744912783695037e+00
1.992232748037801038e+00
2.040682377772600198e+00
1.889125783747845677e+00
2.119889445651199189e+00
2.033457151150304121e+00
1.993179562423048390e+00
1.966479460119407552e+00
1.879466790862640568e+00
1.992412979553963126e+00
2.185190256681837973e+00
2.013205756643704714e+00
2.055372914570948506e+00
1.867951494533417689e+00
1.980180864755058279e+00
2.134416763961531238e+00
2.154563527435914061e+00
2.049602795267602584e+00
2.034018367867476140e+00
1.916651082018981489e+00
2.180210984067828317e+00
1.963020119368811489e+00
1.886600961467465920e+00
1.941610960837867106e+00
2.038334394582412834e+00
1.988105172394667886e+00
2.002865084793985950e+00
1.840372639132540566e+00
1.932015243847373220e+00
1.950508516207756893e+00
1.916852819513050310e+00
1.922109650290001026e+00
1.964196754383191301e+00
1.956304154828272468e+00
1.942221816669293721e+00
1.975211435698798867e+00
1.971748236028984858e+00
2.080710953250942019e+00
2.214150501069899857e+00
2.198187024030966885e+00
2.209586523783751311e+00
2.177191980459606047e+00
2.316235276487494943e+00
2.060851197720545702e+00
2.187801913689749078e+00
2.095005211008479140e+00
2.002618527902781942e+00
1.990031775215489462e+00
2.020750713938118892e+00
2.041369746066377111e+00
2.019922465289013314e+00
2.024481498338780661e+00
1.945726243080405871e+00
2.054848211101950817e+00
2.059829446850236945e+00
2.008569338952548300e+00
2.053535872655458228e+00
2.021938982956458464e+00
2.085422844163861811e+00
2.116268687998817288e+00
2.209798678229484725e+00
2.053446494864880290e+00
2.144916276263820087e+00
2.237578785787922353e+00
2.108947548568358421e+00
2.072806550332785047e+00
2.178083469772960079e+00
2.069061572810620753e+00
2.040728988275325673e+00
1.876166803220187695e+00
1.985946186794648849e+00
1.913230336197355941e+00
2.079574026480936144e+00
2.105526681386698407e+00
2.028377009819560151e+00
1.896987664800272144e+00
1.961722907944088545e+00
2.064377223138140316e+00
2.157662110516181286e+00
2.082337167817766233e+00
2.068168475252794458e+00
2.056309707602628212e+00
2.200852674276843945e+00
2.112743283158509566e+00
2.288167822681281383e+00
2.055324790806955182e+00
1.975610178183575094e+00
2.073731378132634973e+00
2.076342615425466498e+00
1.922675517194691874e+00
1.914220602770536184e+00
2.010452681750257931e+00
2.026282765992808432e+00
2.006016395789058659e+00
1.925414554019143853e+00
1.951544200426434061e+00
2.048533883714458881e+00
2.036970001812222542e+00
2.092683732857466783e+00
2.186524249901609096e+00
2.230133878867748276e+00
2.259414764765656614e+00
2.380466626410702169e+00
2.115173305158910111e+00
2.125720252747290928e+00
2.084751958846045028e+00
2.048828640060972539e+00
2.037989543845458495e+00
2.235745652484232515e+00
2.139631571591799286e+00
1.909466318241521909e+00
1.974874204437623959e+00
2.030753903582070752e+00
2.074359587368415969e+00
2.092224321016905364e+00
2.114808466245036378e+00
2.040718858289668258e+00
2.048773415883295979e+00
1.963813240840545982e+00
2.058322967159741168e+00
2.109922341083803055e+00
2.159485072732499233e+00
1.970221249414591425e+00
1.976520382419177491e+00
2.213745900585290194e+00
2.026196383402075529e+00
1.983011173640731650e+00
2.084485647144511677e+00
1.915637843238394922e+00
2.144507522134614153e+00
2.011844658153566279e+00
2.216155058723948468e+00
2.045250149697442232e+00
2.025210470081916903e+00
2.235936643868815299e+00
2.149731909370818705e+00
2.071986302078705933e+00
2.105600618889598152e+00
2.186388713096953929e+00
2.067014931894845198e+00
2.121885491485716368e+00
2.138394814951463108e+00
2.107591763854986144e+00
2.167510386669853073e+00
2.170854972480397826e+00
2.133785239553188440e+00
2.255205404724822671e+00
2.083157448518037302e+00
1.969946657595972095e+00
2.029935472408409769e+00
2.056828424740137162e+00
2.348366759217523470e+00
2.263486207645722281e+00
2.319783928041700971e+00
2.028520104145557390e+00
2.048934315798033978e+00
2.125714564340878798e+00
2.291608946398047575e+00
2.106314075104481987e+00
2.098360596090546260e+00
2.074952239274302279e+00
2.109208186540653784e+00
2.052844470664896281e+00
2.078109363961530232e+00
1.954092101744002496e+00
1.990797690775215845e+00
1.911700822331755978e+00
2.023308477321994925e+00
1.933507667719614354e+00
1.994104275554857031e+00
2.044769348551956689e+00
1.975257144687880384e+00
2.028482109928316124e+00
1.959508665317066578e+00
1.965912759359490503e+00
1.988333681508297257e+00
2.055541188393961161e+00
2.085839656484250071e+00
1.993354028251302923e+00
2.160787212149920755e+00
2.072564206485847826e+00
2.065378596864444471e+00
2.001402112397884014e+00
2.211890877781053977e+00
2.092443614158013165e+00
2.014742169933052995e+00
2.045850597521801095e+00
1.999834210962349701e+00
2.131700923626338451e+00
2.116583781121090357e+00
2.186245870059328134e+00
2.123639755978944166e+00
1.945544189953574143e+00
2.039780009079461109e+00
2.017670285122182605e+00
2.057113920525666995e+00
2.106121767070377349e+00
2.180381637261740835e+00
2.179155602012992965e+00
2.160718566430381404e+00
2.171977658593338134e+00
2.033649376519099494e+00
2.219439743534345144e+00
2.204560400039571988e+00
2.055462049311227002e+00
1.985246094543635431e+00
1.922398014623833529e+00
1.986221987272619449e+00
2.038957817370999237e+00
2.339928663704211598e+00
2.087887975092232118e+00
2.223135369741602752e+00
1.996294036018606999e+00
2.013434116527354600e+00
2.046583395609621547e+00
2.095491963547108316e+00
2.163149952398057518e+00
2.266753280865825282e+00
2.311064896027292814e+00
2.181230402486802777e+00
2.060260528769331412e+00
2.045817257552777768e+00
2.028923150700117528e+00
2.052928396029253921e+00
2.007736056605978536e+00
2.066195987836871417e+00
1.995918901689252456e+00
2.031308777969855317e+00
2.022679875397883187e+00
2.044562503916775853e+00
2.132161739937544986e+00
2.028443185460444553e+00
2.195324547182060826e+00
2.104094583592273082e+00
2.080693533460258760e+00
2.056900048638586220e+00
2.250339144466890762e+00
2.281934549661532863e+00
2.358370888263937371e+00
2.136282994487999964e+00
2.221040851521984827e+00
2.174573291441127321e+00
2.214116059427243322e+00
2.195376371128715309e+00
2.148814639765262768e+00
1.927514251488938735e+00
2.278643430253972202e+00
2.096512968707787472e+00
2.024710239753451990e+00
2.115956942049403544e+00
2.002754153459711972e+00
2.058041524248468424e+00
1.970269893449420051e+00
2.180698982612786718e+00
2.129229643018443419e+00
1.977603335113491623e+00
2.180336346026055416e+00
2.122738250762805201e+00
2.014571766444885892e+00
1.894758630029107493e+00
1.999030620508226663e+00
1.985682066722359140e+00
1.986872243266768034e+00
1.860116257910813919e+00
2.207056423121300348e+00
1.925158897750490761e+00
2.066884691931088369e+00
2.121306373069224094e+00
2.017143459177831666e+00
1.993360515516540810e+00
2.134002879659408158e+00
2.034851466854357582e+00
2.148275545090932326e+00
1.952973791360982592e+00
2.076340800131529996e+00
2.128242964347019761e+00
2.137221274724264930e+00
2.046921403831468478e+00
1.990179902120674749e+00
2.060365729890959230e+00
2.004137351536907197e+00
2.092282212991924517e+00
2.085752520087332584e+00
2.132824061052215114e+00
2.138304852267193024e+00
1.919376294995871257e+00
1.968183335890310470e+00
2.004344489847212696e+00
1.986281921903279457e+00
1.938540882856783831e+00
2.247631504715982498e+00
2.130209922201952821e+00
1.947377513730219389e+00
1.925114757313950209e+00
2.070809879763093164e+00
1.864480673041460701e+00
2.010854851749951155e+00
1.987138548496322432e+00
1.957739821182682638e+00
2.028836964244555396e+00
2.040915898144366469e+00
1.997489942248020789e+00
2.037925657665895507e+00
2.094475568823978229e+00
2.051157269283605533e+00
2.069391250507093716e+00
2.059818138565487011e+00
2.093806116691880437e+00
2.040542583378702979e+00
2.271430584186946877e+00
2.015328907063074215e+00
2.163801470011429640e+00
2.145066319866267168e+00
2.190523310829595172e+00
2.056836443857225305e+00
2.169375318631894256e+00
2.074706808019390891e+00
2.030223435697234624e+00
2.113812562709246112e+00
2.079176874660659369e+00
2.175796760325081181e+00
2.038303939601210590e+00
2.056088237775194560e+00
2.066095659713258925e+00
2.109205575123438869e+00
2.079628396563074411e+00
2.120997348972049501e+00
2.077981031644445586e+00
2.097628045322296853e+00
2.080010733380974308e+00
2.026236983803770375e+00
2.029083804046966311e+00
2.101673231981565415e+00
1.945310589543082003e+00
2.069616579367755449e+00
2.061299499446581862e+00
2.025592067073400671e+00
2.095021397895240778e+00
2.037765166438749276e+00
2.021321543069549254e+00
2.123212520857630015e+00
1.999568035204978722e+00
2.238738757876613583e+00
2.020868117246634288e+00
2.056307339953087343e+00
2.063333706364246734e+00
2.040525780689413260e+00
2.105073325503642234e+00
1.993156071226301673e+00
1.995573372985198324e+00
2.043698850919699606e+00
2.180432173927253192e+00
2.220306837046075010e+00
2.359144597399713827e+00
2.057978525434613903e+00
1.929673789827431651e+00
2.037994271992073170e+00
1.986745976336357744e+00
1.927083363732341015e+00
1.947588920073095808e+00
2.096270977356257781e+00
2.032203104683467210e+00
