1.664758505560117730e+00
1.506368492257900149e+00
1.468968702131586035e+00
1.531882410536070660e+00
1.469720617207282976e+00
1.555153945390506776e+00
1.648908828544582761e+00
1.738581657544567838e+00
1.649696820613324899e+00
1.761691360150131835e+00
1.781862785406288507e+00
1.772834885677311068e+00
1.763453495646831515e+00
1.809295844314441348e+00
1.912844398655937139e+00
1.670188331193901199e+00
1.620161951386690946e+00
1.960052733716519446e+00
1.648946674658580358e+00
1.895770948085242713e+00
1.912904180961590983e+00
1.885376105221817866e+00
1.943319894427002481e+00
1.795324307859796908e+00
1.745008316739308452e+00
1.846801276331205388e+00
1.771686995081232174e+00
1.919887156555295071e+00
1.837937465907601542e+00
1.950260371667725146e+00
1.755642919856213124e+00
1.626844510797165411e+00
1.657758953448347450e+00
1.745930990946440220e+00
1.784142163624879318e+00
1.875270086016892490e+00
1.884725289097270995e+00
1.676840825835534954e+00
1.636030883105667133e+00
1.674358594943203604e+00
1.827259911712815876e+00
1.720669895130134464e+00
1.765352873675952061e+00
1.797040986664538709e+00
1.768627868548041882e+00
1.912409511669893813e+00
1.812494193975389134e+00
1.843574182782587112e+00
1.880216307899093886e+00
1.923508084694555809e+00
1.509594955428852803e+00
1.502262387001547683e+00
1.612630468510530157e+00
1.497820933848174940e+00
1.499351385949624138e+00
1.567054018913493829e+00
1.721525165825982473e+00
1.621994089008115481e+00
1.640982330931419764e+00
1.733776020249416350e+00
1.727263812489806094e+00
1.664679310376071530e+00
1.755341036509243891e+00
1.724171076959818416e+00
1.761776858772366117e+00
1.911242007390146158e+00
1.689302953614100433e+00
1.635604336946981041e+00
1.646504307430782577e+00
1.868841752922559385e+00
1.937616992643557579e+00
1.908040962926184525e+00
1.902968915791729332e+00
1.649840203271174088e+00
1.729095499845495265e+00
1.901550949266722634e+00
1.804957567720795408e+00
1.984100488332972922e+00
1.742450761703995266e+00
1.643642196121558374e+00
1.651956518072111857e+00
1.726276271251923067e+00
1.784228276237639799e+00
1.745786249813833235e+00
1.730912014964723245e+00
1.851253193393185281e+00
1.829341069544493825e+00
1.902707770361241391e+00
1.888759453261535715e+00
1.660613797473014408e+00
1.674868627904338325e+00
1.596927313223473366e+00
1.576891696716857805e+00
1.732867084184014361e+00
1.774475062827276295e+00
1.746584327995376995e+00
1.880652858266589789e+00
1.830804760146208965e+00
1.895878459165451835e+00
1.845152814575949041e+00
