1.868936723640172159e+00
1.858555760862089290e+00
2.069730104938253046e+00
1.820359322530336055e+00
1.845033865994536226e+00
2.172189290108608617e+00
1.845686133472803636e+00
2.037661143927126162e+00
1.883918574939627444e+00
1.953351666584856261e+00
2.030664039938938625e+00
1.917213809132052749e+00
1.978716510966367137e+00
1.968556463125367806e+00
1.856918365994035591e+00
1.913354346961414487e+00
1.966490557261064920e+00
1.909543751531066702e+00
1.812778701254150304e+00
1.853692115165129106e+00
1.974131836093437231e+00
2.048333613857213908e+00
1.811872501061494223e+00
1.832562899699993419e+00
2.108767766685556655e+00
1.987084965022569927e+00
2.045019690782246879e+00
2.021440029474572686e+00
2.104972642254156590e+00
2.033391819635566922e+00
1.875138155140735341e+00
1.913228710416781331e+00
1.988420218431478537e+00
1.803915368981008349e+00
1.884074851410427964e+00
1.842570171492153408e+00
2.067141228213468906e+00
1.902180588370647962e+00
2.235801583524289704e+00
2.182258071955315515e+00
2.008475436548776916e+00
1.973682089469264822e+00
1.940828941257625173e+00
1.966365858945706258e+00
1.880375605564222230e+00
1.966928561317980773e+00
2.006814686728187525e+00
1.930079595040038454e+00
1.958358145737803646e+00
1.975131863023726675e+00
2.007512709165609976e+00
2.046353075421306844e+00
2.071907448889223513e+00
2.060782507604671299e+00
1.749638912092809084e+00
1.772760589578243673e+00
1.836741300338788907e+00
1.801650092629099476e+00
1.862565023344258774e+00
1.768890329650969928e+00
1.976008408551475970e+00
1.888641626151367658e+00
1.894436407967715175e+00
1.913959993727746278e+00
1.713583784144083078e+00
1.807393178492773478e+00
1.865300222795036156e+00
1.884517754637867748e+00
1.906581427002796536e+00
2.021372395875927541e+00
2.203607817406475711e+00
2.292132576051416848e+00
2.128461160021476228e+00
1.842629236116436475e+00
1.885537224133608802e+00
1.869753949794943804e+00
1.919176501232282339e+00
1.938982202266651189e+00
1.912625884161365253e+00
2.032069864656658176e+00
1.951135629961867846e+00
1.997416738960374083e+00
1.829059899477970541e+00
1.837301627996491771e+00
1.811274987000045078e+00
1.871343589431911703e+00
1.887184152170731322e+00
2.010496464144228668e+00
1.978854504758769339e+00
2.020351669067881328e+00
2.002314933407167263e+00
2.037667109041515712e+00
1.951648855827950557e+00
1.888872909490425966e+00
2.052629756612940781e+00
2.220565857725123049e+00
2.098345826152107740e+00
2.055672976261119000e+00
2.066299031696175348e+00
2.005014915224395899e+00
1.761858519031989978e+00
1.970894960476766267e+00
1.807600170580098142e+00
1.829236917684378350e+00
1.885774716765109993e+00
1.738033617808224962e+00
2.144786762061909879e+00
1.760177704080449379e+00
1.860864648156790091e+00
1.949873567789016215e+00
1.931044519905168455e+00
1.882940375093909990e+00
1.911112232739039074e+00
2.046382277051672194e+00
1.917542228939386639e+00
1.869390507058162232e+00
1.890738654341343583e+00
1.863290513262529036e+00
1.975748582366206652e+00
1.800565109533894148e+00
1.793354632581845021e+00
1.798819839379283358e+00
1.996490287037416822e+00
1.771014387218821096e+00
1.798091854666737266e+00
1.996022507137285462e+00
1.762025007897623619e+00
1.887168322222322780e+00
1.880059788478356309e+00
1.869250085206667800e+00
1.878366047523919669e+00
1.988227395848047196e+00
2.014288193659256265e+00
2.050502335525949515e+00
1.826697028906509868e+00
1.920802431444099900e+00
1.701091097731975532e+00
1.744147558149179655e+00
1.779900749906391244e+00
2.017987518246207479e+00
1.801531366555669811e+00
1.938742657480628351e+00
2.118065768446794284e+00
2.029719359164685155e+00
1.847841714635080734e+00
1.844208137924154833e+00
1.836958678730411743e+00
1.788250489716918024e+00
1.872224697880823907e+00
1.994418630962105921e+00
1.859028984705559440e+00
2.035998098774559395e+00
1.981506972298438862e+00
1.720947245738960074e+00
1.824681666067555108e+00
2.056328466971992341e+00
2.027350673985428564e+00
2.019526613961746264e+00
1.724583650853835248e+00
1.670621377306253263e+00
1.885919619509635492e+00
1.711005324535009198e+00
1.731897343312968740e+00
1.744787403382502600e+00
1.938889620893113674e+00
1.864704664045915061e+00
1.772700306088038413e+00
1.781564456031797583e+00
1.689211692649887686e+00
1.804567872773796378e+00
1.820309126833543623e+00
1.836551535679723290e+00
1.776159905622359370e+00
1.905132040540347349e+00
1.869081667401080837e+00
1.789133556448407436e+00
2.108433165059088843e+00
2.163189320843205810e+00
2.118503761603218294e+00
1.947320899645856640e+00
2.063499472838081772e+00
1.876643676639923486e+00
1.914789352222855179e+00
1.790715582088747260e+00
1.797951558177572240e+00
1.784508719546171518e+00
1.804766409279815687e+00
1.694820065935843667e+00
1.707808354610271806e+00
1.770831035674585552e+00
1.906661948104096727e+00
1.970636010863642706e+00
1.980524218151856974e+00
1.904015039486658178e+00
1.902021934846242157e+00
1.780461013368987544e+00
1.782983972710426412e+00
2.282912802727009804e+00
2.145425312288081976e+00
2.117081666611568824e+00
