1.612555091583581790e+00
1.522171492500419943e+00
1.522952227905076006e+00
1.495771650319629886e+00
1.458818036214764025e+00
1.523235393923619618e+00
1.629881915709624485e+00
1.633057141240073395e+00
1.522157573526620622e+00
1.608708117560749162e+00
1.709563954008307185e+00
1.724341167211310255e+00
1.690551208808571237e+00
1.754696962690667883e+00
1.891306369010324451e+00
1.665642160054844778e+00
1.672405397178541531e+00
1.860629854596888233e+00
1.685975988134361447e+00
1.824995450475922931e+00
1.900709900834139043e+00
1.784196540029093558e+00
1.839549340287174095e+00
1.775687001894990624e+00
1.742285226148728050e+00
1.782239364973105200e+00
1.675205312977542826e+00
1.863271238651483586e+00
1.814584545292982742e+00
1.896016304371983763e+00
1.708646646022606852e+00
1.654562566390479050e+00
1.630400354039667432e+00
1.838479060504637497e+00
1.732813537534082515e+00
1.822968181497964579e+00
1.843250643216784335e+00
1.594745795974321867e+00
1.564409534798373080e+00
1.697529394501832156e+00
1.760700481373228099e+00
1.655654141733253093e+00
1.691609099590311915e+00
1.678337209137196639e+00
1.707847260218249286e+00
1.840643923690483463e+00
1.747786890362237777e+00
1.704137486745484820e+00
1.831760610110314547e+00
1.816271372151796237e+00
1.662578255622725099e+00
1.558783822720855028e+00
1.631070772748647091e+00
1.552259958215448821e+00
1.490533251352497590e+00
1.618154221477226651e+00
1.663199128656625225e+00
1.580663909662207711e+00
1.626520972764297746e+00
1.680404406346841517e+00
1.691433934910500758e+00
1.613890451765873202e+00
1.602328094769883915e+00
1.689023459923850501e+00
1.769149498900255635e+00
1.875884359262657508e+00
1.702615835905136876e+00
1.639140033908513594e+00
1.740257550702202005e+00
1.854815227800036936e+00
1.859920400616747793e+00
1.751315304332265788e+00
1.820302541672839114e+00
1.560865000355694088e+00
1.791397440796066665e+00
1.870254446447655816e+00
1.797887841491980332e+00
1.924136939727020046e+00
1.681603780020603844e+00
1.729547521348549388e+00
1.692363081474372422e+00
1.651380527142284560e+00
1.733711163200416072e+00
1.638000087314988251e+00
1.680279322513273721e+00
1.804357423027272977e+00
1.814557753181434308e+00
1.862443637700976762e+00
1.817409994352189084e+00
1.537643711807453961e+00
1.681436714204642024e+00
1.605140829192239771e+00
1.565350352181497318e+00
1.723339699868828401e+00
1.726097205570994442e+00
1.682492307834916989e+00
1.827485260859244898e+00
1.728867828865286116e+00
1.832463039323415366e+00
1.756681793164914351e+00
