1.686313008850158779e+00
1.722782384953165380e+00
1.804017600846770097e+00
1.653573391960046601e+00
1.680852650956723648e+00
1.791249891510795500e+00
1.679127379385462859e+00
1.860855292429742125e+00
1.699151836989233333e+00
1.844672458773701562e+00
1.804307822243579551e+00
1.814061961433342196e+00
1.842991247904735674e+00
1.857429998349635181e+00
1.701943651420850800e+00
1.843083862836369935e+00
1.999027210578019575e+00
1.863269230473116655e+00
1.832156935133996356e+00
1.810906548569759300e+00
1.877877458291004942e+00
2.039279115993353209e+00
1.704851292754095526e+00
1.733440842705473717e+00
1.788875279630470327e+00
1.914277084438385179e+00
1.801312662379164209e+00
2.024621541274035597e+00
2.100575340352814901e+00
1.923515634612350977e+00
1.778685832657542765e+00
1.915925410536636786e+00
2.048760462174728847e+00
1.810839987747380864e+00
1.718414515535055642e+00
1.746283767526038089e+00
2.099941229353168293e+00
1.841538829428616131e+00
2.107296553504394154e+00
2.078666313777153718e+00
1.914044691511187724e+00
1.928764336358307352e+00
1.937443098475971626e+00
1.897510353084014278e+00
1.879328814709651407e+00
1.914298667816163535e+00
2.105153707970394361e+00
1.914941303972257591e+00
1.958523942384080563e+00
1.993635318827190472e+00
1.916847573739791866e+00
2.006522475591489663e+00
2.060778553465925533e+00
2.078425173661227809e+00
1.751802144541962258e+00
1.781676348997028203e+00
1.640478780627836475e+00
1.709663664660002302e+00
1.831006498215186573e+00
1.716566474438033563e+00
1.889292431290505503e+00
1.929530048738704151e+00
1.791278096846957935e+00
1.875433190956112828e+00
1.729724993422826484e+00
1.861778215741707987e+00
1.865187008856789452e+00
1.897548013276309842e+00
2.050270177830149976e+00
1.959575428020606802e+00
2.102850287807026763e+00
2.130108575129359139e+00
2.017322964834180166e+00
1.819586245705159033e+00
1.785641872090067306e+00
1.732758301254889943e+00
1.795752085907253104e+00
1.855743535325726334e+00
1.896472504255250380e+00
1.940956818196671874e+00
1.835557801682347057e+00
2.006036792688326909e+00
1.828790112777767041e+00
1.788379786532111160e+00
1.805262686647286285e+00
1.873129966930543677e+00
1.969358478799197343e+00
1.894615956755825614e+00
1.898328041679728573e+00
1.989250959244866612e+00
1.957358369221517735e+00
1.946593354007509991e+00
2.020551668817358149e+00
1.929897808697783823e+00
1.987459769088830708e+00
2.116414545920576540e+00
2.019951686359875431e+00
1.975706617094741713e+00
2.035056174500769810e+00
1.716517656487432264e+00
1.703250059462020793e+00
1.742643652711177715e+00
1.755171863471254978e+00
1.630814660878830979e+00
1.699715290470779294e+00
1.643167456197851983e+00
1.838022108763917473e+00
1.660687885257809082e+00
1.622308124050707789e+00
1.900283966349092024e+00
1.796126205995398850e+00
1.731433781109941616e+00
1.737295863883045133e+00
1.954835064538074096e+00
1.947404010738118751e+00
1.799024782836572856e+00
1.743235721405128613e+00
1.858995410340715804e+00
1.776158864810135185e+00
1.748545880362205374e+00
1.753887803802257395e+00
1.759941342318478652e+00
2.035483591726450658e+00
1.708935396853027422e+00
1.843428713432574861e+00
2.137691324600071496e+00
1.692451888317127784e+00
1.845549041582839056e+00
1.942941357860759721e+00
1.839897309005535275e+00
2.055845335421420117e+00
1.927585999092259916e+00
2.026351436288954311e+00
1.852652902490913078e+00
1.809893475958791464e+00
1.832984530858734917e+00
1.751307550072554120e+00
1.777749688069392153e+00
1.739935032264308123e+00
2.043661356205181523e+00
1.798822796901129673e+00
1.965335125563982377e+00
2.039958838384740236e+00
1.996900802413422271e+00
1.913515647036575951e+00
1.839412724585144598e+00
1.914629794076688540e+00
1.724271527038578666e+00
1.714667274326299617e+00
1.862907099216337681e+00
1.844947344425869273e+00
1.850273067724030662e+00
1.964267443611030561e+00
1.828621423232801968e+00
1.939166523564836098e+00
2.050044302496851767e+00
1.991238676470607816e+00
1.988513507969896343e+00
1.808835044318431340e+00
1.838746182075168933e+00
1.853297957693508691e+00
1.744829442358957428e+00
1.714214752972069489e+00
1.688999165098942656e+00
1.796629686640003332e+00
1.739408109404349423e+00
1.821478322094435498e+00
1.797699347078814291e+00
1.900333333151323911e+00
1.803434271692313073e+00
1.757408144996675636e+00
1.835069936451413364e+00
1.931330290159269936e+00
1.843665935891274144e+00
1.788352575348520324e+00
1.816439219598347865e+00
2.030840754853215024e+00
2.149228767555728226e+00
2.079785493585442069e+00
2.022366210054594493e+00
1.933368026044730126e+00
1.871146305599272086e+00
1.711397299778791847e+00
1.757218349100523325e+00
1.783913077241408018e+00
1.787223088920079084e+00
1.741165704139529646e+00
1.667984912645630091e+00
1.679135644613366285e+00
1.907190893811786081e+00
1.873297387282930382e+00
1.888190271523277008e+00
1.972439577739599992e+00
1.924200591937450300e+00
1.961031633650043737e+00
1.810797944441670415e+00
1.774772647705812112e+00
2.099127715353982460e+00
2.033023984382441363e+00
2.009083819916130054e+00
