1.629720435598257966e+00
1.487685298190168925e+00
1.454462834175836328e+00
1.630961618494811027e+00
1.417376333693505241e+00
1.611453472852660829e+00
1.733834088613884772e+00
1.798384096052835668e+00
1.625336706194803860e+00
1.707947445633000383e+00
1.761852502213071325e+00
1.647145897917061230e+00
1.770620714586978339e+00
1.806637925578802095e+00
1.870468474700725192e+00
1.711067772447306901e+00
1.623616122665932471e+00
1.881124408628969347e+00
1.637877346459388095e+00
1.766678317193830727e+00
1.758939675254731938e+00
1.898895782620409811e+00
1.900498088425457421e+00
1.683070394790431745e+00
1.792424964291635670e+00
1.833129113642894881e+00
1.927708560302855201e+00
1.954681161153182689e+00
1.731801983768008091e+00
1.970973173042682935e+00
1.817392950979501709e+00
1.598225948161730914e+00
1.595202018029542090e+00
1.788035361030500425e+00
1.896548755087817950e+00
1.852481053384070542e+00
1.939658668429603772e+00
1.668291410832383415e+00
1.553975433775946602e+00
1.741440885261127391e+00
1.964387866473778166e+00
1.762317524180657680e+00
1.804682333637478875e+00
1.749636294622965771e+00
1.777106627388919780e+00
1.893152400585987882e+00
1.976495167729112712e+00
1.881378891994712754e+00
1.814568502756287671e+00
1.816447473412102109e+00
1.738602533013938967e+00
1.523858759448432965e+00
1.675707986113569303e+00
1.527066444684899160e+00
1.477663332611035996e+00
1.661884416317007895e+00
1.628484789125778764e+00
1.745930070950733048e+00
1.620567625481681429e+00
1.725505744307467060e+00
1.627845354546952894e+00
1.691978280000845158e+00
1.819208760936662728e+00
1.767229817282543580e+00
1.687818211713838501e+00
1.782937446305139728e+00
1.788602204024462461e+00
1.686472975265534524e+00
1.681277525436117415e+00
1.907663453405992637e+00
1.810023557847852071e+00
1.945938099367469976e+00
1.937294244089275086e+00
1.546877812111639772e+00
1.686636880368387992e+00
1.907535260619926065e+00
1.753995324277141998e+00
1.954305267716412331e+00
1.720715707463939870e+00
1.814594806959641149e+00
1.748203103749810472e+00
1.833220863001829182e+00
1.766867752091460408e+00
1.727096404748932335e+00
1.846321893333429331e+00
1.946314946929976530e+00
1.960566294826033396e+00
2.006378158727554872e+00
1.888824420437413609e+00
1.722427893023744883e+00
1.717071557762910317e+00
1.590825599780906430e+00
1.587027164404716917e+00
1.732690464434353705e+00
1.718436053477635728e+00
1.740758864457806698e+00
1.905206462427526448e+00
1.922172334961735451e+00
1.931645919169111103e+00
1.834469529177012337e+00
