1.615167221305006118e+00
1.533648395760415450e+00
1.484827973319595706e+00
1.487781120500984322e+00
1.486858655754003333e+00
1.531328624515583714e+00
1.624217989105006366e+00
1.591038640946950133e+00
1.650524876085406989e+00
1.545287691948589393e+00
1.601774501447336574e+00
1.579390736925222249e+00
1.580674969374340266e+00
1.627533099243126280e+00
1.706019474398819735e+00
1.610480340277451461e+00
1.639519876932791442e+00
1.724652980325434237e+00
1.620650316098419141e+00
1.678009268530898046e+00
1.652268633516445151e+00
1.657373801990826179e+00
1.637226230439446706e+00
1.641427498588480249e+00
1.596814920881472810e+00
1.672326565775560381e+00
1.572297509986408270e+00
1.878266935701914608e+00
1.670404058501520517e+00
1.775315273727503529e+00
1.631210738615560762e+00
1.553511502601632843e+00
1.556649432731961546e+00
1.695173182203018492e+00
1.646757488435667272e+00
1.585742467730908434e+00
1.824530971549368052e+00
1.539865101518373747e+00
1.499771365942287105e+00
1.549635854455705397e+00
1.671352218104164011e+00
1.574982180051293090e+00
1.609709801296895115e+00
1.677301392028083704e+00
1.639527168025813442e+00
1.614772455073029356e+00
1.672558571785293324e+00
1.571210308709758863e+00
1.754335287569566804e+00
1.716532971433938348e+00
1.555409022806712116e+00
1.532272844751311203e+00
1.650624356812247617e+00
1.561585463901518311e+00
1.521650771465379526e+00
1.572533455194788043e+00
1.668209483861252007e+00
1.612273151016855532e+00
1.450047272469156656e+00
1.586594666567555212e+00
1.624067570190743437e+00
1.584182447078311906e+00
1.487760598822961855e+00
1.549160636979401762e+00
1.548641441978679589e+00
1.657443140955744187e+00
1.691540230337559736e+00
1.567984825204914889e+00
1.583764003033498735e+00
1.656894969680100971e+00
1.688309331142395342e+00
1.722423116689539180e+00
1.596280695700385888e+00
1.528923900621060206e+00
1.570552362570263982e+00
1.701009217661233475e+00
1.729051799316453364e+00
1.732363469472392614e+00
1.567529694117384631e+00
1.682957700964708314e+00
1.573783797980629062e+00
1.624807642320198919e+00
1.579462567136071804e+00
1.553936320216972033e+00
1.519483117708164688e+00
1.621842329996324938e+00
1.736409810367866902e+00
1.795016526588321337e+00
1.691016773143434238e+00
1.654019621653118888e+00
1.674700128457633719e+00
1.556491709099191656e+00
1.559017957919940356e+00
1.569266515494277092e+00
1.587038087893027249e+00
1.675461515790676703e+00
1.633663794388326762e+00
1.574795899451083114e+00
1.757256694135634900e+00
1.691109845422053892e+00
