2.420347547502633923e+00
2.256365183797154117e+00
2.220008999914677261e+00
2.199510912594997425e+00
2.245318131475010137e+00
2.167807153644523588e+00
2.069300809017225795e+00
2.356387470700580078e+00
2.249933428205658004e+00
2.052067145342385768e+00
2.053995103888273999e+00
2.007692681613256980e+00
2.323890432888386481e+00
2.275649828017039411e+00
2.088213493620675543e+00
2.318048479926062111e+00
2.281669475644775513e+00
2.011677235304888178e+00
2.341164780999356321e+00
2.024306684201593320e+00
2.064902197535312123e+00
2.295055602382769067e+00
2.508611647461556071e+00
2.427795004893718023e+00
2.265724250336857537e+00
2.315566999244114132e+00
2.094300743826055022e+00
2.048786715826792726e+00
2.306913041259256669e+00
2.211628767041792010e+00
2.366811577604795325e+00
2.340735975054681894e+00
2.070537884517952509e+00
2.117005262829678269e+00
2.342216344887821045e+00
2.355285522176663537e+00
2.439715856365614943e+00
2.580776545342715167e+00
2.587162616105208368e+00
1.985120137762397929e+00
1.895292240625134239e+00
2.096712159649900542e+00
2.082338455065096738e+00
2.412072135551118990e+00
2.026623317535329427e+00
2.461366098457374640e+00
2.243901858323312570e+00
2.306746432776617173e+00
2.117977653869850929e+00
2.189308432268114668e+00
2.312810314768924069e+00
2.326361238693169131e+00
2.324397606202525779e+00
2.226830545322365573e+00
2.277096320971200960e+00
2.310685138831000351e+00
2.332671861547659820e+00
2.170786675503049157e+00
2.257100021437833171e+00
2.176919746594419003e+00
2.497283437377659343e+00
2.189557559668621423e+00
2.301119985615885710e+00
2.311964698869979351e+00
2.426122993389384419e+00
2.509540201071675192e+00
2.287069141557773300e+00
2.231516350062400011e+00
2.303558405331728842e+00
2.373388722889049784e+00
2.407711458028209073e+00
2.548210435132250318e+00
2.618650362683966115e+00
2.371462755906573960e+00
2.424938853420368190e+00
2.370408006669700196e+00
2.279897793263921280e+00
2.406028619015827541e+00
2.645122798793346774e+00
2.342699294934599497e+00
2.479024541186344521e+00
2.360872468982188277e+00
2.344228454884582646e+00
2.437921128081125044e+00
2.401556813717250716e+00
2.301979629356940560e+00
2.415631985070894050e+00
2.475408381624682352e+00
2.496128610470403686e+00
2.344822741514614783e+00
2.450359570680439969e+00
2.387536467675613672e+00
2.252101606953441859e+00
2.268143591425350714e+00
2.247452438174874612e+00
2.642447345832277250e+00
2.379087386945181848e+00
2.617139835523430769e+00
2.228123389398334098e+00
2.233946727662075471e+00
2.416020229037034728e+00
2.539059650432160975e+00
2.583204221749880514e+00
2.694958866146067944e+00
2.614342496404469252e+00
2.518717409291922671e+00
2.625328709411545614e+00
2.548109710926796279e+00
2.605438255078680765e+00
2.601298169774227009e+00
2.656722811315562094e+00
2.439472855246178629e+00
2.463664364319510192e+00
2.433375400808170941e+00
2.294878838253977982e+00
2.510078922929550149e+00
2.296213405990465084e+00
1.944730787219757007e+00
2.517205570500601119e+00
2.228537449741014420e+00
2.707213658125320777e+00
2.547335495914182069e+00
2.531568016024162482e+00
2.536685562511703740e+00
2.585451256256986241e+00
2.352642786177016276e+00
2.597420068480181587e+00
2.420806905405423759e+00
2.607104083617881596e+00
2.657502915853190206e+00
2.491981121321259263e+00
2.497442336234167115e+00
2.523738772376706851e+00
2.450802085551678999e+00
2.435408622664336775e+00
2.518556034779058983e+00
2.480697355690277384e+00
2.700622982251108084e+00
2.158104306197436983e+00
2.184490189006502270e+00
2.153342318779122966e+00
2.149498936755561029e+00
2.159328866285504134e+00
2.298351095141942135e+00
2.027088826171016045e+00
1.985801545145594815e+00
1.956013847075810830e+00
2.787583498548927174e+00
2.151573195091273760e+00
2.582264318447004658e+00
2.122714317725639344e+00
1.868519176449928265e+00
2.119850041187683054e+00
2.118343925950082696e+00
2.256668791146867026e+00
2.422689811614285649e+00
2.423919585839041435e+00
2.140511130141128149e+00
2.532792041002635219e+00
2.234678855621139881e+00
2.353218834584579255e+00
2.244315182443504586e+00
2.477410956026596001e+00
2.610940563800157488e+00
2.700628390157379322e+00
2.175765626956300380e+00
2.445340582809722108e+00
2.349253672794735071e+00
2.481251085634734288e+00
2.433122353851934427e+00
2.473583822168799351e+00
2.470051704584414143e+00
2.541325245274229871e+00
2.605643440689403345e+00
2.505294426165652233e+00
2.348393224151990477e+00
2.544462801924989304e+00
2.595300279001990784e+00
2.590712985017959102e+00
2.624027190272233412e+00
2.565475152480000354e+00
2.666286987819604715e+00
2.523253145116949980e+00
2.631897006135450745e+00
2.559562834114682772e+00
2.312125930555142705e+00
2.415849415107707010e+00
2.591856342087122123e+00
2.097914798380250634e+00
2.223779628273070408e+00
2.031414645352040527e+00
2.369069358602410524e+00
2.198899092314437365e+00
2.087536493712100594e+00
2.371491583661101910e+00
2.129531206620097983e+00
2.121624678749431059e+00
2.134082741890515056e+00
2.286865434341184056e+00
2.347798184212535499e+00
2.271821789991328888e+00
2.278039750798829033e+00
2.253828494322142717e+00
2.317004799869873288e+00
2.501245931915424325e+00
2.444941208342330530e+00
2.214375628010836650e+00
2.025755258193701724e+00
2.190432383888365475e+00
2.187126393180630846e+00
2.207832391870910183e+00
2.342138601116285912e+00
2.191068267015078064e+00
2.339111714218121918e+00
2.388847962377482315e+00
2.523913934690064309e+00
2.411560491568900844e+00
2.318985031504261940e+00
2.328391427182435081e+00
2.562566339157948736e+00
2.469426527922783610e+00
2.439830149367842260e+00
2.533687866036410163e+00
2.410860233529248831e+00
2.322204165913630547e+00
2.415808102138583546e+00
2.532520665715387143e+00
2.346658107406776939e+00
2.399083926500396036e+00
2.446051029357998008e+00
2.720071936756028652e+00
2.679892163451260689e+00
2.573781290980968084e+00
2.415780989357930508e+00
2.650600077329799742e+00
2.641533158551181870e+00
2.440995262754490636e+00
2.660641403935052551e+00
2.400213341739828365e+00
2.388854446929562947e+00
2.781665673435212760e+00
2.473690649655574170e+00
2.449122494409032846e+00
2.552944332882873368e+00
2.394711324756029214e+00
2.403385484098131464e+00
2.490445753448420785e+00
2.485330212319584398e+00
2.299867594229741297e+00
2.110277097182092998e+00
2.199615256420274889e+00
2.342417066795817515e+00
2.320447459560096348e+00
2.237271872708376907e+00
2.322578954249260530e+00
2.298635252148217845e+00
2.197760101768374774e+00
2.345841750584975127e+00
2.374232436357888609e+00
2.091176412300596255e+00
2.083848456068094546e+00
2.149252180005706059e+00
2.448479417634192412e+00
2.242121059801426508e+00
2.069342113967262087e+00
2.347454639684844135e+00
2.195566090929341740e+00
2.348695225050483337e+00
2.191096952328256187e+00
2.607447942636512028e+00
2.108369384648555833e+00
2.209234857660705043e+00
2.519609290055946360e+00
2.398037872022106498e+00
2.106148830780109726e+00
2.410240466962920713e+00
2.577780481012276415e+00
2.342388298963184123e+00
2.295930011056446229e+00
2.233118132566628500e+00
2.208363447798961765e+00
2.655739423275881972e+00
2.523434143089657855e+00
2.559730379974807235e+00
2.494268714795948139e+00
1.995165342956692900e+00
2.140591152935199748e+00
2.208980010492720414e+00
2.116513881124571839e+00
2.478656101467878070e+00
2.513942314602620076e+00
2.338021268452771473e+00
2.192262637537596870e+00
2.350098671817260065e+00
2.397485562007187987e+00
2.261724862220860555e+00
2.319411393632773599e+00
2.264351206978507225e+00
2.251413375487847368e+00
2.316403366696938804e+00
2.250298594089982451e+00
2.191295521356941389e+00
2.023425082472581682e+00
2.272193431208194170e+00
2.179734393698462114e+00
2.516612169352186790e+00
2.179973674999029942e+00
2.352272734958976041e+00
2.584817722319140199e+00
2.127040043629744304e+00
2.558660038678180815e+00
2.046928831466388488e+00
2.472847459485913557e+00
2.198380057450909586e+00
2.345586441080733220e+00
2.261421622566907708e+00
2.268939622438237880e+00
2.324946676150286162e+00
2.132477436385713965e+00
2.525672010830714687e+00
2.234470949668932782e+00
2.450362102012735743e+00
2.366768391744742850e+00
2.357629667492966874e+00
2.561600639152915804e+00
2.047126444815455582e+00
2.417457116325355315e+00
2.394685811832339084e+00
2.526850041422989968e+00
2.315257633702758167e+00
2.168160222760004086e+00
2.225375853572512330e+00
2.442053794382955445e+00
2.167602805482195194e+00
2.296625841939838875e+00
2.534813465073827210e+00
2.637582334596092259e+00
2.550531491811919071e+00
2.571870375271143150e+00
2.205744124196367117e+00
2.375693685600324567e+00
2.434376399640384214e+00
2.236085746215685344e+00
2.218828543434271161e+00
2.153686113886985609e+00
2.288510258099749617e+00
2.213219442783363355e+00
2.409563103255907279e+00
2.445786048865592921e+00
2.540265673841215488e+00
2.219486809314694664e+00
2.211480315397011065e+00
2.234215377346814524e+00
2.508006968671177006e+00
2.422418769472621136e+00
2.587634558721870093e+00
2.703737968895862487e+00
2.452173976552537216e+00
2.601161442705736349e+00
2.600279664014180092e+00
2.622412426530462248e+00
2.627063719213435622e+00
2.514877329791544991e+00
2.472948975359412493e+00
2.459616729236519639e+00
2.336778341613223287e+00
2.217374847105359148e+00
2.286754169110517765e+00
2.266286852467168877e+00
2.391026011196342616e+00
2.215133073939183905e+00
2.196282978798465901e+00
2.399399820054711530e+00
2.595642253477896233e+00
2.490096739682027049e+00
2.647224947661802830e+00
2.660330195905376449e+00
2.554875914089229649e+00
2.476132561641759544e+00
2.562304096409720788e+00
2.500955894840186211e+00
2.579143151778800380e+00
2.526170327891930967e+00
2.417630683039898809e+00
2.551840290828644608e+00
2.459787215006703942e+00
2.396846199058371596e+00
2.618951362451183318e+00
2.357797863939091076e+00
2.542780900787974474e+00
2.317705912528235324e+00
2.634928892567866221e+00
2.352498663205337959e+00
2.291400613584577695e+00
2.690037638012095833e+00
2.650142987119571192e+00
2.687536391015953985e+00
2.100547987640157377e+00
2.153258186770623528e+00
2.279006910271325292e+00
2.228301064377005591e+00
2.145984128997546314e+00
2.178925920586518128e+00
2.265867597805911959e+00
2.171413259095333004e+00
2.069369966625165258e+00
2.011547881738518395e+00
2.108097931827925819e+00
2.159403063371630793e+00
2.228998272744969977e+00
2.008274282045187320e+00
2.282754748111382348e+00
2.205663972000357465e+00
1.979084036336977270e+00
2.537786404313630673e+00
2.515450777680353411e+00
2.570354569245512533e+00
2.208354889424770207e+00
2.394891470448259341e+00
2.524847446402894491e+00
2.506426706041283481e+00
2.526635472699726215e+00
2.452227778706595807e+00
2.261683895739351691e+00
2.302009765928600515e+00
2.461494119359435295e+00
2.357203094227384721e+00
2.533677622912734240e+00
2.577161342018407630e+00
2.517247812678780061e+00
2.495557010210248006e+00
2.447958491560357608e+00
2.528584047148940250e+00
2.459128309350210984e+00
2.560842777107414925e+00
2.410543890865672445e+00
2.468412795595658071e+00
2.512847357172407481e+00
2.643079625356539619e+00
2.592984139557592549e+00
2.708062087509575111e+00
2.703926964803869737e+00
2.616148876715441940e+00
2.456239667378816272e+00
2.582429402492623094e+00
2.670011111814762916e+00
2.659401556926074939e+00
2.696210991908714938e+00
2.559180779165718178e+00
2.400287354265024042e+00
2.526498305213257467e+00
2.567204970604231917e+00
2.360596695622382057e+00
2.408886179515561832e+00
2.468184569303052633e+00
2.288524602069482494e+00
2.556063831003227094e+00
2.546895759730100295e+00
2.593257092132261299e+00
2.571190388705223651e+00
2.255736451648809648e+00
2.362268863569972233e+00
2.088700856714187815e+00
2.309268463928977777e+00
2.439293237675701054e+00
2.183035096510272943e+00
2.314716993359332786e+00
2.273985840099409295e+00
2.213423313307271822e+00
2.216426636613543000e+00
2.304359778159247973e+00
2.180025507305854315e+00
2.392206384974407740e+00
2.429885370568479086e+00
2.178491030261211936e+00
2.290445249267348604e+00
2.147097540578134733e+00
2.347420909830999936e+00
2.435401137278288441e+00
2.335127107464097129e+00
2.478447665583501269e+00
2.491791378577420168e+00
2.425834484253407197e+00
2.487738992479056055e+00
2.546034903047869502e+00
2.511476989797488457e+00
2.510453046189351500e+00
2.438168916761681793e+00
2.659028360133992130e+00
2.697204988259131575e+00
2.560700752158061366e+00
2.811444398425400504e+00
2.439083791414735636e+00
2.382487098939053638e+00
2.401106245486716251e+00
2.325863924962114915e+00
2.402251537370327039e+00
2.620190554038952957e+00
2.422557011588003739e+00
2.540641345441106314e+00
