2.059916254748255238e+00
2.093712618382786772e+00
2.305904370199054032e+00
2.110625142264359155e+00
2.181524217570915525e+00
2.125312118294594654e+00
2.198530883804810987e+00
2.344963093755813244e+00
2.081026876834626727e+00
2.089923120163510895e+00
2.033263300198187018e+00
2.131209711342084923e+00
2.156204850834675835e+00
2.295240523614252126e+00
2.136810966647414212e+00
2.061059650909338181e+00
2.347714796305409024e+00
2.085948832006914166e+00
2.415081393839719759e+00
2.130029375333720054e+00
2.065116873718619406e+00
2.262944453964795155e+00
2.530306701316737961e+00
2.598111205166937498e+00
2.113957885469177622e+00
2.438204010535311994e+00
2.295316843221595793e+00
2.064477999868687075e+00
2.581064460360082524e+00
2.057797326855033582e+00
2.284616099914596354e+00
2.464745059208281575e+00
2.101255179717649746e+00
2.188631110894401210e+00
2.563926321437864697e+00
2.581209439077593704e+00
2.518301780024978509e+00
2.536207555890732213e+00
2.538196428514651881e+00
2.134421826945097411e+00
2.199770629842664249e+00
2.245102198860855491e+00
2.201262841109466351e+00
2.452305683420896720e+00
2.431748755035238574e+00
2.412380888255331701e+00
2.343687528076107807e+00
2.470797085620788813e+00
2.390262130472909252e+00
2.249159214571966992e+00
2.562206324196150575e+00
2.321620235915832442e+00
2.298616939373248069e+00
2.225706773486469281e+00
2.254268491684021214e+00
2.228662103100431668e+00
2.325481605582373490e+00
2.135161327267952380e+00
2.225279818605138349e+00
2.139789295781362899e+00
2.416691979551089720e+00
2.004860826231852133e+00
2.326531412962084655e+00
2.134180912188129220e+00
2.416673192126311598e+00
2.420704190903679276e+00
2.118560404238834849e+00
2.206224637283697110e+00
2.344864401163044842e+00
2.422096213125973119e+00
2.381319918432376781e+00
2.332345125820856069e+00
2.445784532721869908e+00
2.189593047125261371e+00
2.400757076190451755e+00
2.200705314607246610e+00
2.343891689068426043e+00
2.303870564003192900e+00
2.434844645261976748e+00
2.211070158573870792e+00
2.380249755045424020e+00
2.298323330352756599e+00
2.364915575959228189e+00
2.367966292192059452e+00
2.255955992986757863e+00
2.269606508595769956e+00
2.184970083053741075e+00
2.478883066736807805e+00
2.588991441292782358e+00
2.492557859897021277e+00
2.465643365859273572e+00
2.492226851338556148e+00
2.294763702325813171e+00
2.309258688987878561e+00
2.370772585128409382e+00
2.603550123418981066e+00
2.572503045991041848e+00
2.607131278683712861e+00
2.439317213438607634e+00
2.328719453891189506e+00
2.430968944253506514e+00
2.567435816558174100e+00
2.577053919662547266e+00
2.547904546661819314e+00
2.560261961379116435e+00
2.515376395057036696e+00
2.395796800250651337e+00
2.413867828703326168e+00
2.389740883480905076e+00
2.448305295779217516e+00
2.537937488862026303e+00
2.393541349584698441e+00
2.314642115983044146e+00
2.312226014050294598e+00
2.307917422955574338e+00
2.386592716969420547e+00
2.342552682888065618e+00
2.078440607214380620e+00
2.434251044227512040e+00
2.201247522537299162e+00
2.648502320656769715e+00
2.314791005157270654e+00
2.368445109119129199e+00
2.452615703665543823e+00
2.408973935990852411e+00
2.333555907180687061e+00
2.475233232022643115e+00
2.583242824339125665e+00
2.560108366179725259e+00
2.602267994597249334e+00
2.544098647986642536e+00
2.483351020930133934e+00
2.468589036901440714e+00
2.603324966601376911e+00
2.397248079756252537e+00
2.437453812300739653e+00
2.571440037727541483e+00
2.530019096478162144e+00
2.041019449867999658e+00
2.092843223902430161e+00
2.061177673526205290e+00
1.999438453127519111e+00
2.171731531080175248e+00
2.098067949572270940e+00
1.949301493988287337e+00
1.943363102730803149e+00
1.705511652536212619e+00
2.008207157418120392e+00
2.108377667542498557e+00
2.082168354290565127e+00
2.180474340100998720e+00
1.626791742845683064e+00
1.841971663663431569e+00
2.155756661970108290e+00
2.475076515045004033e+00
2.315383580516477302e+00
2.310667203681171067e+00
2.319743927577570641e+00
2.482212262793393354e+00
2.339544543150743117e+00
2.432187371889535932e+00
2.373609918043989797e+00
2.587306716567260523e+00
2.592414290485691275e+00
2.477547323519927236e+00
2.053387505579807648e+00
2.328619909575984970e+00
2.290520335207265834e+00
2.509946298306443335e+00
2.445383497776585369e+00
2.540930009917618193e+00
2.460277199175458840e+00
2.499800420618500496e+00
2.547965599689022032e+00
2.552371995767392043e+00
2.272769010434717352e+00
2.600198311613554747e+00
2.567163122020541532e+00
2.511417850846863864e+00
2.513224764184751603e+00
2.594928564406418392e+00
2.652237059372709815e+00
2.486819315470620850e+00
2.452146010364963047e+00
2.443190356324729251e+00
2.055567798263873147e+00
2.346995903885376045e+00
2.375318300083348877e+00
2.132725577617741397e+00
2.303439700898170628e+00
2.149364000011084297e+00
2.460110300115147641e+00
2.312244162844217854e+00
2.186753742675638712e+00
2.394990453371085515e+00
2.299132928199868253e+00
2.305007350587948256e+00
2.221444109786981258e+00
2.478292251742163277e+00
2.391873810623021512e+00
2.338742614278134901e+00
2.615312277594254109e+00
2.461929171282118745e+00
2.363354765702960769e+00
2.528894004323108291e+00
2.405191823597518042e+00
2.105713402438416093e+00
1.912700940951163942e+00
2.057761585342628763e+00
2.035317174204799962e+00
2.056949420329066136e+00
2.204876436698418818e+00
2.052967629863593491e+00
2.037373481706744371e+00
2.182323007052604957e+00
2.452543266640931030e+00
2.245187415534918962e+00
2.114618135961434220e+00
2.172637494935503621e+00
2.574270521196901473e+00
2.416644917452853480e+00
2.192966680858243311e+00
2.580661889530603936e+00
2.228197934868488161e+00
2.233948025560393624e+00
2.312743040249687354e+00
2.367994149247062197e+00
2.359504934505406659e+00
2.447752927319372773e+00
2.366732147053523860e+00
2.618023064168006009e+00
2.588319920876425151e+00
2.564636632965260343e+00
2.428457706471629951e+00
2.464029716879968746e+00
2.519118160599025824e+00
2.585694887735489722e+00
2.699094660647522126e+00
2.530005807558304731e+00
2.669872317965342301e+00
2.726631896385434572e+00
2.563203953949844571e+00
2.585735472047969719e+00
2.552710152728800086e+00
2.530341336617031534e+00
2.485365276358845410e+00
2.582624732990358218e+00
2.566528713440802800e+00
1.683313053394865921e+00
2.160187157829809301e+00
2.003558442235782611e+00
2.270707862065908245e+00
2.408047051385189707e+00
2.345616794748053291e+00
2.207157809686278505e+00
2.198018009011062812e+00
2.127408635310920726e+00
2.301646601944488779e+00
2.298673552871951742e+00
2.078029614788331703e+00
2.103640427546585201e+00
2.214445938075223719e+00
2.316162130141274478e+00
2.141421379447780104e+00
2.035962026545485859e+00
2.464423686805111480e+00
2.019757890233080833e+00
2.308159581899524859e+00
2.111132460244422582e+00
2.631410089158609633e+00
2.048160767649954472e+00
2.167512715846525939e+00
2.429627361426981658e+00
2.440716932679760642e+00
2.109612002420188315e+00
2.397119501495851512e+00
2.462736252233112211e+00
2.108842890356106281e+00
2.363101766432481377e+00
2.326909212098222213e+00
2.123282366341157967e+00
2.570860588795560009e+00
2.520440735766455553e+00
2.556838275261613447e+00
2.632778000874838487e+00
2.244917671218346733e+00
2.240900271316990544e+00
2.252258478053939417e+00
2.337631481865964034e+00
2.448570069854359321e+00
2.330174069858943486e+00
2.369594856549581685e+00
2.271245070196996618e+00
2.332873664413172676e+00
2.421177187880628967e+00
2.420114646417180992e+00
2.269243553694710425e+00
2.256649819311485228e+00
2.333989495731184860e+00
2.232053556577086262e+00
2.199025091789671205e+00
2.233656399143833404e+00
2.043174024001123801e+00
2.248768533257955671e+00
2.171810839135221993e+00
2.425731368920232001e+00
2.151535263270689669e+00
2.334062651557923029e+00
2.393514468595250300e+00
1.998536350414336304e+00
2.427724315490702001e+00
2.139057401791540691e+00
2.367126792709298488e+00
2.125754318348109351e+00
2.319442006041767090e+00
2.225493461237071813e+00
2.208252742415825143e+00
2.421889334549948369e+00
2.322650787848206111e+00
2.404445609648671045e+00
2.302311678745466494e+00
2.479196366289322828e+00
2.278567821901742896e+00
2.256771935731070933e+00
2.431663636674210593e+00
2.212524857813121137e+00
2.357279207531195020e+00
2.334752536897913178e+00
2.538819412938400077e+00
2.374025525358660627e+00
2.289681365708799987e+00
2.312077572814067228e+00
2.377169445886558208e+00
2.375333209237276311e+00
2.249379823118588639e+00
2.373047188395617457e+00
2.451679275417091741e+00
2.403199789095466166e+00
2.580645333732966673e+00
2.242109266752806640e+00
2.601059299056586394e+00
2.536437216305076792e+00
2.278356237797732664e+00
2.212758408860962867e+00
2.371826930752720219e+00
2.342353182071167161e+00
2.451349878437834473e+00
2.622919000483102003e+00
2.521472361627671077e+00
2.639070767645659732e+00
2.252153016729763202e+00
2.323421392380667694e+00
2.409496984994351720e+00
2.606416536547893070e+00
2.550291459101339697e+00
2.573119549806157202e+00
2.696927756066214599e+00
2.539378621063002051e+00
2.489620999410593782e+00
2.575471985673591035e+00
2.513694299111826957e+00
2.467313420518813860e+00
2.328409074371787124e+00
2.309939758532907561e+00
2.381876771766986423e+00
2.258897146608267903e+00
2.316598608061594344e+00
2.344104909755790445e+00
2.380353801767354227e+00
2.295336711796533535e+00
2.303044830890360828e+00
2.362115133648965859e+00
2.378476522405390980e+00
2.523020330162240032e+00
2.227535395913127658e+00
2.331724869181102999e+00
2.557016621856534222e+00
2.262477742149137772e+00
2.319974076815754405e+00
2.522307218490370317e+00
2.369505240695663595e+00
2.447064386258976043e+00
2.294381614454161777e+00
2.453919485595727590e+00
2.557178993471389550e+00
2.466150755305581477e+00
2.382883661330266190e+00
2.526875703274841900e+00
2.350471653073910705e+00
2.502372483156166449e+00
2.321093903314794371e+00
2.506872963524607201e+00
2.368563469597479099e+00
2.339806769733698388e+00
2.526229369836683780e+00
2.543001230984903938e+00
2.516758930083149881e+00
2.055487361357816845e+00
2.087073393797014731e+00
2.050169195876101025e+00
2.112822081675157282e+00
2.023818291715360651e+00
2.207125688017481657e+00
2.105854091795837935e+00
2.019937542759651095e+00
2.060200670925084854e+00
1.857665082415773217e+00
1.976935693065520416e+00
2.072469555288567467e+00
2.093379782505954800e+00
2.072241103354206970e+00
2.150241374875294209e+00
2.015211867383370326e+00
2.096534856613121001e+00
2.305276336934579895e+00
2.474922402475911110e+00
2.489623854510342849e+00
2.260596992364797497e+00
2.423501768398259149e+00
2.342852209853107048e+00
2.182223191429990106e+00
2.449917576103577410e+00
2.260684986595959955e+00
2.047981500687167777e+00
2.197367723389612948e+00
2.176530268292026005e+00
2.333219151449565487e+00
2.216643895148826537e+00
2.472029000955577427e+00
2.421227817775528202e+00
2.368334600309449645e+00
2.253659975342256150e+00
2.452447593002196058e+00
2.435937854983913020e+00
2.549271805313272132e+00
2.273216835274345371e+00
2.423792609889495964e+00
2.482863994336037550e+00
2.506765488721106827e+00
2.471949487810535917e+00
2.610325717580311178e+00
2.593456488563797624e+00
2.437849796012487857e+00
2.496544842928542174e+00
2.527400277637700476e+00
2.528423628227561171e+00
2.680793429140304607e+00
2.605629718916526727e+00
2.519840841150518429e+00
2.429411568444287184e+00
2.448769183379220671e+00
2.492199638829919905e+00
2.237714943217832264e+00
2.486626544544371598e+00
2.285374725220245207e+00
2.460820866172536370e+00
2.485070691157880152e+00
2.286277557346494405e+00
2.496359578522238110e+00
2.446938206803785931e+00
1.991841132895118216e+00
2.098277421770799123e+00
2.146423214929777501e+00
2.173262828700298410e+00
2.248735441809219360e+00
2.217765351176130384e+00
2.355566715810038847e+00
2.330909136753379407e+00
2.380527730601929015e+00
2.280704668258316303e+00
2.133489319474030310e+00
1.986727215010845704e+00
2.225199368326279625e+00
2.280605060805796391e+00
1.985150580938564557e+00
2.213843707569191466e+00
2.112278896591095911e+00
2.238758579964791107e+00
2.396646592804068998e+00
2.280772281282592129e+00
2.421515308877734363e+00
2.248390331656111574e+00
2.378471528522275502e+00
2.378746718901499246e+00
2.375055491912191119e+00
2.472833619537156302e+00
2.408043475666855837e+00
2.378102615388987040e+00
2.568994788853546041e+00
2.574965474173590785e+00
2.623860315089663775e+00
2.671917488701610832e+00
2.535730936568388216e+00
2.434268742074805481e+00
2.412730472479220456e+00
2.504399435028173304e+00
2.421237178071946161e+00
2.445126859163616828e+00
2.620831651958190900e+00
2.461971900205883301e+00
