2.237300339536024474e+00
2.265849878094578163e+00
2.289347237280471514e+00
2.141415672021432126e+00
2.165371394978685249e+00
2.132823703047598496e+00
2.300548417797779077e+00
2.302233852137433701e+00
2.030858846659351791e+00
2.179293273062295810e+00
2.029665527859568552e+00
1.993335466268696843e+00
2.034753317222405045e+00
2.177147272654813115e+00
2.049593308679658499e+00
2.006539082362308157e+00
2.230371529343065706e+00
2.009166448341389799e+00
2.284875074054824040e+00
1.975452754121189480e+00
2.034707675178696107e+00
2.119428317898317093e+00
2.506207882776721352e+00
2.264809907196771555e+00
2.056892292819655133e+00
2.260483470303797926e+00
2.086311424925038072e+00
2.002914794428990231e+00
2.250070257210240232e+00
2.097748291308271451e+00
2.204980234109045867e+00
2.322928850356887676e+00
2.073815979941953991e+00
2.093570476103680189e+00
2.251123618283154215e+00
2.271655874090349858e+00
2.324883859278189302e+00
2.359679964712680711e+00
2.416867440142630219e+00
2.082037896965086343e+00
1.985356536369675906e+00
2.280680127063847706e+00
2.072197365230061372e+00
2.362599230402870010e+00
2.028405849811180328e+00
2.264187260762700937e+00
2.256271340957555438e+00
2.237468818377243984e+00
2.106535610387406887e+00
2.171289817729200600e+00
2.249883913423312176e+00
2.249717035084084937e+00
2.200250516345834129e+00
2.122897963444831504e+00
2.008880417194956358e+00
2.093788083585209403e+00
2.144965387984702154e+00
1.966437044463339445e+00
2.187205658206435643e+00
2.050057802254912964e+00
2.145739183188744015e+00
2.168034026074429743e+00
2.101364106849632041e+00
2.181497681238040887e+00
2.092811086158591571e+00
2.393820491193177968e+00
2.223195950219081229e+00
2.076883874515099482e+00
2.273144450373405512e+00
2.183245279197828292e+00
2.281044234371854884e+00
2.333016534987456758e+00
2.514699762478684875e+00
2.196242926494547998e+00
2.229937591779564077e+00
2.247985094152107788e+00
2.318392441615399591e+00
2.245199284120010130e+00
2.545781449048173606e+00
2.269882284893006030e+00
2.334970227173826185e+00
2.384952224375787910e+00
2.259015915319513734e+00
2.313274012008471381e+00
2.303042287483008543e+00
2.310147657854268566e+00
2.236061290752806130e+00
2.274883114277763685e+00
2.368874557635494593e+00
2.330476210575812335e+00
2.230728681407310177e+00
2.186973222200917721e+00
2.196470903067256231e+00
2.052923101091974623e+00
2.098868697434424835e+00
2.223883006860337463e+00
2.103256521230656872e+00
2.421275383066624265e+00
2.148804869725825739e+00
2.135324950970482139e+00
2.167260583313342259e+00
2.174580401306279498e+00
2.536004198664809639e+00
2.586382720585191919e+00
2.413816355997516094e+00
2.311481109419110336e+00
2.373393976364523095e+00
2.286047140305896619e+00
2.236839110312188961e+00
2.304096598961874243e+00
2.285628222149128863e+00
2.271803401353050145e+00
2.350370587907613995e+00
2.337679816556499812e+00
2.221312032315780449e+00
2.335031746399098829e+00
2.239335331170380083e+00
2.082170742582665213e+00
2.273120765884431904e+00
2.099687651236417540e+00
2.573035579415217988e+00
2.163400213732866284e+00
2.172454732782838516e+00
2.194349159714653386e+00
2.340702869108553408e+00
2.282941839173919352e+00
2.557662347073204945e+00
2.183250149418175745e+00
2.482552588328906129e+00
2.381137623341808673e+00
2.258285921364203919e+00
2.282673895731163860e+00
2.431198339176730450e+00
2.398863100100386170e+00
2.316785262049839922e+00
2.476781159040156055e+00
2.558614538169053265e+00
2.479981834854408707e+00
2.192887937946540688e+00
2.172247002333627108e+00
2.155443271217069690e+00
2.123353113225844968e+00
2.119444279951588239e+00
2.226363565309417591e+00
2.094884230666684832e+00
2.184236002270078192e+00
2.059442663850969524e+00
2.079520759119223516e+00
2.152729610004675553e+00
2.210981840244879315e+00
2.230595405962032096e+00
2.061291556156582772e+00
2.062679400831514354e+00
2.114950473856977986e+00
2.227402150898539546e+00
2.343717892736260744e+00
2.284009414005605088e+00
2.177817520716475386e+00
2.300168721959222395e+00
2.204677478835883608e+00
2.162275600490649374e+00
2.058308181932046121e+00
2.453664133467051922e+00
2.384512625110118300e+00
2.478186836595316578e+00
2.082239616538742677e+00
2.210301682420023450e+00
2.165263189084368101e+00
2.316270487835664138e+00
2.189925932928784125e+00
2.470320876842016844e+00
2.261540481456211893e+00
2.343501985062339532e+00
2.402870176186947315e+00
2.273443125993539038e+00
2.236900049631754150e+00
2.591948158066415875e+00
2.636833823573144109e+00
2.507726640724597722e+00
2.585670981261853907e+00
2.574361669834852595e+00
2.424789037820553883e+00
2.370957528780210044e+00
2.491652320878778859e+00
2.476872082122242524e+00
2.223265672087602507e+00
2.303089045134105728e+00
2.437671569481466793e+00
2.176761722020393197e+00
2.305464458975204245e+00
2.187864208861253434e+00
2.320835019337560201e+00
2.160106549357251549e+00
2.117259817535836142e+00
2.301264413466864056e+00
2.156035372431079011e+00
2.182955702239778084e+00
2.178356315647158592e+00
2.260560939408422509e+00
2.289544840724517805e+00
2.223020947240434531e+00
2.320996511405819529e+00
2.233587661922466161e+00
2.183386913180827893e+00
2.372607337408343842e+00
2.295413117816949455e+00
2.274480496519683648e+00
1.966682651169324059e+00
2.104072072432655816e+00
2.075551979516341738e+00
2.122846571774445135e+00
2.189099939044196308e+00
2.126766549066700041e+00
2.149312659538718417e+00
2.136243229754994033e+00
2.334450255649030304e+00
2.328337136569004429e+00
2.134970176630998306e+00
2.238888753267377130e+00
2.572015140010015521e+00
2.301542364981818967e+00
2.295744108845362508e+00
2.444378162129963616e+00
2.285592451708178707e+00
2.128541598549526626e+00
2.313293098892641009e+00
2.455331601831657551e+00
2.183409353239889938e+00
2.217679670072777220e+00
2.293070326766664113e+00
2.451968849983865884e+00
2.381523881756538064e+00
2.397198740087328250e+00
2.244398559809291704e+00
2.524593731869118063e+00
2.603407553133636032e+00
2.466333373895943648e+00
2.605540750489744983e+00
2.477400704841286494e+00
2.386556240047890132e+00
2.692337649443397485e+00
2.468849002826454253e+00
2.423960706838778290e+00
2.366760691273345429e+00
2.333505975466799498e+00
2.326879704864436516e+00
2.481553044637210714e+00
2.435901925755340258e+00
2.079850716342524386e+00
2.109346893737678474e+00
2.036158372643382286e+00
2.154461444258865210e+00
2.232540114473472670e+00
2.086537640896021006e+00
2.188535166265329845e+00
2.107000823382970012e+00
2.071493551877281458e+00
2.237221878236435924e+00
2.223771928883473858e+00
2.029136630315413026e+00
2.016514865576380267e+00
2.058317452704983896e+00
2.305657475089170738e+00
2.082987286826164741e+00
1.959427088351419100e+00
2.179179927013579210e+00
1.990002015198570229e+00
2.256493917699388341e+00
2.100331198709568081e+00
2.576176863549968221e+00
2.056297308913384025e+00
2.113547668495616705e+00
2.320891229350676710e+00
2.187001927108037425e+00
2.043038465614637644e+00
2.210901542783370921e+00
2.399227598154777485e+00
2.196646107021278826e+00
2.285017967168867958e+00
2.126950602543867586e+00
2.131639544870586267e+00
2.412503114319588526e+00
2.412752782020108455e+00
2.402119030560886603e+00
2.490239051355858102e+00
2.289982452897236787e+00
2.233142827344244630e+00
2.190681230770938015e+00
2.280260182048859718e+00
2.535339335507763803e+00
2.374316008266811107e+00
2.373883339228393563e+00
2.327733739641319577e+00
2.264418163221563862e+00
2.261282795673781987e+00
2.239917538203612057e+00
2.309325631832309877e+00
2.238227115656199473e+00
2.320706789538195203e+00
2.235984406549464065e+00
2.099185401718029809e+00
2.146755908948640101e+00
2.045492957134696699e+00
2.133629338023937727e+00
2.084358171949212135e+00
2.305521665262943998e+00
2.096992431225134013e+00
2.131346476056510397e+00
2.163490551199735545e+00
2.085083110495468794e+00
2.393248737381199920e+00
2.046779134647594756e+00
2.248611443406277832e+00
2.126983165721041402e+00
2.221458365619031206e+00
2.169477332263868075e+00
2.157546048880445433e+00
2.255682145430680130e+00
2.289793147355009939e+00
2.244320832458212234e+00
2.235699705323149988e+00
2.461002746236642835e+00
2.254212017793943978e+00
2.195323617867886767e+00
2.401990319357672377e+00
2.155395590619697099e+00
2.332208660042013548e+00
2.369044780101710490e+00
2.443160551052670382e+00
2.301711570921635364e+00
2.289313024197523916e+00
2.298335656695446261e+00
2.253053593392222886e+00
2.218933917788690202e+00
2.148176342533441918e+00
2.334521841977521106e+00
2.288403224354139454e+00
2.240673151157868581e+00
2.439594006421919037e+00
2.193079891347533561e+00
2.376693714052760420e+00
2.442886245700179426e+00
2.173466893617740592e+00
2.040728859964398012e+00
2.173007546247645472e+00
2.136860236392035706e+00
2.152180622328554449e+00
2.485790780704567382e+00
2.229033310187889860e+00
2.560589339285914257e+00
2.120926101338269643e+00
2.164407556328149074e+00
2.227861088106180443e+00
2.297070496562834574e+00
2.347868966792792111e+00
2.478053488623801925e+00
2.555048169823629145e+00
2.346478787766367091e+00
2.216115058039226593e+00
2.374991533713642244e+00
2.215206901340607715e+00
2.317424988035558631e+00
2.183087042370653652e+00
2.231607741247803034e+00
2.233127478333398308e+00
2.240004647569371787e+00
2.158300590717125544e+00
2.381961810276358893e+00
2.292410611007847709e+00
2.316163023733662119e+00
2.292250497231058226e+00
2.279282619536930454e+00
2.352551986132350947e+00
2.235070134134989672e+00
2.400116425634340356e+00
2.413358837987877425e+00
2.639290302765831875e+00
2.274912024923022802e+00
2.312481215392203193e+00
2.332800649033008877e+00
2.419385945287409356e+00
2.466667667929134389e+00
2.275250988347793601e+00
2.173204197335222965e+00
2.536297069654311453e+00
2.446909157202366014e+00
2.304349209757627914e+00
2.474720159847227041e+00
2.232344088929857584e+00
2.205086428327780013e+00
2.220888226397960352e+00
2.407659469642112082e+00
2.239012108484514929e+00
2.249402227699754508e+00
2.465400334761356671e+00
2.489930473479939899e+00
2.502043814985543957e+00
2.148119391019398972e+00
2.218022921741641174e+00
2.107178821811486635e+00
2.205086527424579668e+00
2.087099423497299711e+00
2.265415700504783025e+00
2.209583471498607121e+00
2.160605215509955102e+00
1.978774249770356652e+00
1.927769744995623924e+00
2.040135052799682214e+00
2.213528182089713248e+00
2.186756373145785304e+00
2.127586248267616220e+00
2.108497293693554653e+00
2.164201764745472545e+00
2.190018334572649827e+00
2.188550034671295386e+00
2.270971863390109036e+00
2.259066452317879836e+00
2.188223905736322195e+00
2.216561363384873751e+00
2.285639142307569038e+00
2.262208616428704744e+00
2.370091930196919439e+00
2.356143267008719455e+00
2.149392364004300671e+00
2.246672190126549395e+00
2.282952715869169147e+00
2.214056875011887637e+00
2.206934389628254056e+00
2.433737494539575774e+00
2.144097984534507617e+00
2.133918471421849539e+00
2.145505576444344698e+00
2.297861822369486440e+00
2.163499101963709759e+00
2.099155703062724587e+00
2.178056489148299857e+00
2.215954673797004837e+00
2.245442417116913170e+00
2.389261566476384324e+00
2.260907747142729018e+00
2.343272877638066909e+00
2.431816544623238485e+00
2.473280950174657544e+00
2.521467156297055645e+00
2.550054416788102962e+00
2.472965362975232395e+00
2.629734663440505660e+00
2.506510543878270880e+00
2.343495045327765425e+00
2.360358954643154927e+00
2.441743162601194950e+00
2.477870519988413012e+00
2.128492411450724653e+00
2.230648917739230352e+00
2.240006828443465547e+00
2.158323256740329210e+00
2.375668881045867487e+00
2.232244062846622246e+00
2.487111407021099119e+00
2.355141295060684925e+00
2.200538124474726409e+00
2.273114836841297226e+00
2.283844597092108408e+00
2.383510307532911821e+00
2.467150550600052394e+00
2.311067297877916982e+00
2.288136137560614181e+00
2.250605534615913506e+00
2.165028196911870761e+00
2.172132874264962155e+00
2.306009462700747026e+00
2.120987587034566246e+00
2.297453792530844030e+00
2.330961650539509211e+00
2.073843288856233258e+00
2.135086915819391695e+00
2.098143481527398269e+00
2.215349498155620100e+00
2.298156671217880032e+00
2.199649982128911052e+00
2.305773565898022071e+00
2.283683242341697728e+00
2.381014635117797429e+00
2.308989022224658072e+00
2.167556033986922870e+00
2.475133865875112082e+00
2.316863216206267229e+00
2.282197463779059188e+00
2.550609459488683672e+00
2.652044500135251504e+00
2.516711200985845664e+00
2.610053491753718813e+00
2.417190198669436185e+00
2.390947849934704106e+00
2.365822765521164772e+00
2.322369751922210401e+00
2.327120904640684884e+00
2.403974570091923724e+00
2.326394344647364942e+00
2.311754609173276354e+00
