1.648991018384106555e+00
1.497676092513375412e+00
1.435884434539869137e+00
1.498009687598054640e+00
1.459489274921749846e+00
1.509593273383355028e+00
1.683244563322211285e+00
1.619817320705382979e+00
1.540418030532095583e+00
1.695267178705028188e+00
1.777259796691128324e+00
1.766155233419858250e+00
1.757212315132005598e+00
1.783940243029139561e+00
1.805167363325607344e+00
1.660757480944064168e+00
1.719203532965976056e+00
1.810701274376474545e+00
1.705896918615193769e+00
1.690032426773323770e+00
1.784494697788650441e+00
1.856572916703383758e+00
1.817765041024626882e+00
1.776354533540808411e+00
1.803744001716956369e+00
1.852320065090645507e+00
1.814262629298446283e+00
1.940818290815214953e+00
1.658197246211148723e+00
1.845225393070708986e+00
1.783599594231794150e+00
1.709372876921166240e+00
1.645009536324466115e+00
1.734994368120704955e+00
1.792357211359943081e+00
1.696443098287631956e+00
1.785360286292609233e+00
1.688839593258071092e+00
1.590854378037369843e+00
1.687194517963975127e+00
1.804819653492290898e+00
1.748580584394732629e+00
1.768345923512532503e+00
1.774256605769667150e+00
1.795928677113020289e+00
1.872103738203030332e+00
1.803959111483858901e+00
1.793243904571987901e+00
1.672667591343684146e+00
1.618839066237191870e+00
1.333922830781430369e+00
1.137963351992471672e+00
1.264563396748336510e+00
1.176624004667684575e+00
1.227920597238644662e+00
1.565847573313911667e+00
1.326355845362073627e+00
1.418579923095137252e+00
1.604846016977668821e+00
1.698720972626906134e+00
1.721486946684294139e+00
1.599393585955989572e+00
1.617554284876816517e+00
1.635873703387498601e+00
1.618110732679852060e+00
1.752401775096487535e+00
1.396767530227842613e+00
1.564556732085136570e+00
1.553567990539677091e+00
1.417184215978117168e+00
1.589257722701039377e+00
1.858482032798025374e+00
1.783216850922817454e+00
1.496878651072811373e+00
1.648464281697036959e+00
1.871500555267852528e+00
1.591421521103104864e+00
1.868506165057786994e+00
1.775371500413281067e+00
1.545120459305614702e+00
1.542693255237052474e+00
1.399036910424258595e+00
1.798216961659212298e+00
1.809839873120414389e+00
1.836993365039276016e+00
1.809078765721424009e+00
1.530601424271195832e+00
1.877618905885154454e+00
1.416535544942994607e+00
1.405659793970383209e+00
1.491589644230166822e+00
1.604972647273225972e+00
1.507134944604745064e+00
1.768921178183310516e+00
1.793745840032027639e+00
1.775691932270991424e+00
1.829288059846179593e+00
1.821856181450257406e+00
1.751227453139245105e+00
1.408464119119545055e+00
