1.659570737946915120e+00
1.615790105696522261e+00
1.576822122578169338e+00
1.688835420418885569e+00
1.595676831766346337e+00
1.612724406464885574e+00
1.738213279651149579e+00
1.766978476965779477e+00
1.608986924165520360e+00
1.780273097770927571e+00
1.915553590018617802e+00
1.782844989170159211e+00
1.763242234529616148e+00
1.830791687252165234e+00
1.908917997859933990e+00
1.745884933280558826e+00
1.718548860859137495e+00
1.867791483077212877e+00
1.690121270487586758e+00
1.800577818739665714e+00
1.895966893476961346e+00
1.885689213214561066e+00
1.882162530920032495e+00
1.839883684743573111e+00
1.800466053714872006e+00
1.855510799547709810e+00
1.761177143289344604e+00
1.890687214210483580e+00
1.766447282354150827e+00
1.977650865728407537e+00
1.779187223036073018e+00
1.743058121280073314e+00
1.688245369842636956e+00
1.804191574460929148e+00
1.816127686702245114e+00
1.823565727655257929e+00
1.849041901724649328e+00
1.721952224412349519e+00
1.656833760423318314e+00
1.700686578283924000e+00
1.823334167793126959e+00
1.703156683309153818e+00
1.801689087528632438e+00
1.799563461240643925e+00
1.748498378714428148e+00
1.819699210341001017e+00
1.933467676411987579e+00
1.797052704441201465e+00
1.832501384133619959e+00
1.777806850814372286e+00
1.664894180285217296e+00
1.586622131738012476e+00
1.653503166555446935e+00
1.680089664214758249e+00
1.533727357853535311e+00
1.622282018615233135e+00
1.748324634335065353e+00
1.723770048860526094e+00
1.685060638484904505e+00
1.682121740646832064e+00
1.712942150950364617e+00
1.700371614488912275e+00
1.708587994358136575e+00
1.769847846590734353e+00
1.706361071895499126e+00
1.871611008484936445e+00
1.722724623946810141e+00
1.735925022186767697e+00
1.703879910149408650e+00
1.881589265787308562e+00
1.824415383920256595e+00
1.894699103522371697e+00
1.849748990218940348e+00
1.586286609874312692e+00
1.694383318182773657e+00
1.851281255361683309e+00
1.745583313916272639e+00
1.920810251620050479e+00
1.793316778590536176e+00
1.727612455345250764e+00
1.758902907807667004e+00
1.813782337996691751e+00
1.768352106272351065e+00
1.727501348280472637e+00
1.784447367086133385e+00
1.915844845106807526e+00
1.873461557899134711e+00
1.919277642077452883e+00
1.950855359354296326e+00
1.581165687995483404e+00
1.691546290347893500e+00
1.589892236120020286e+00
1.519401172592719895e+00
1.758801812921412910e+00
1.734444465599251695e+00
1.757671574978207252e+00
1.830786266537061335e+00
1.896746742286650633e+00
1.900686412124346969e+00
1.854569856495427826e+00
