1.617342022349083752e+00
1.467459898956991582e+00
1.434116165373775287e+00
1.585990165409407293e+00
1.426821361473848970e+00
1.603196581399137566e+00
1.731438967634716608e+00
1.832845938430132104e+00
1.625004012660180353e+00
1.751374083433469675e+00
1.743724119356805158e+00
1.659572693283198008e+00
1.747467734738157308e+00
1.787859781251657898e+00
1.858323863177590018e+00
1.658913820275072393e+00
1.589040009060811665e+00
1.882995632414762754e+00
1.617506887666683379e+00
1.813481454750225819e+00
1.780293857576055627e+00
1.891437444870998741e+00
1.882269761304764089e+00
1.626523114340166387e+00
1.754171514345416849e+00
1.835978697953021710e+00
1.915773988019455976e+00
1.953311207718264164e+00
1.748744275693898675e+00
1.930374944354516176e+00
1.783771972617976376e+00
1.593153189145317672e+00
1.564271647731430903e+00
1.781116760407161825e+00
1.848687939512683176e+00
1.878649461118190533e+00
1.964342605748667703e+00
1.689910921626828655e+00
1.588549719465963017e+00
1.711494691274490387e+00
1.938678636965310620e+00
1.761156816911392253e+00
1.788193506260261634e+00
1.724419218926324104e+00
1.781399075656600495e+00
1.865719254910820135e+00
1.945852197048224541e+00
1.857947197467855860e+00
1.842517227461379692e+00
1.884222775402685457e+00
1.704710557851112807e+00
1.496219633653379066e+00
1.679638068287598429e+00
1.517769870886542360e+00
1.448870893267871107e+00
1.718695499529117043e+00
1.654822511468431401e+00
1.773290524306992966e+00
1.797626764914980413e+00
1.731854469757927673e+00
1.690686271524315831e+00
1.734201044148973025e+00
1.855630372923575688e+00
1.803430973034776175e+00
1.765025582942166382e+00
1.858199401741517764e+00
1.795478672528558972e+00
1.712543024886513887e+00
1.771861901605517930e+00
1.966600114372243802e+00
1.901700937986342765e+00
1.972660769515052648e+00
1.969087948716368830e+00
1.609888914225092726e+00
1.761996743223817052e+00
1.917914151475402784e+00
1.813242438470188178e+00
1.986334504832974801e+00
1.752472715855057706e+00
1.772574895007091644e+00
1.815207030957424195e+00
1.915948347089502013e+00
1.767996418508793965e+00
1.758756391936188601e+00
1.826035874936022152e+00
1.992905026118525491e+00
1.976954244869327582e+00
1.994435067989882127e+00
1.924933582236795448e+00
1.785689089637420679e+00
1.749018791816222773e+00
1.717025101565257339e+00
1.637234231497851855e+00
1.710705902456373995e+00
1.725173112973070966e+00
1.735781684520893542e+00
1.900846132589247617e+00
1.936240069332886726e+00
1.897230388063104289e+00
1.841427308899510118e+00
