1.854665078393051614e+00
1.896781348944813317e+00
1.984561977009765998e+00
1.793257113530152269e+00
1.811658905849747869e+00
1.744945748110702466e+00
1.745400350786852739e+00
2.251352023581149719e+00
1.661887937386306247e+00
2.060191778653250871e+00
1.729522527383501318e+00
1.613460608023898901e+00
1.813358288571478960e+00
2.043224276918155002e+00
1.586178536382103266e+00
1.856422680784638457e+00
2.253060600126326030e+00
1.727611556637029144e+00
2.101827082927882007e+00
1.859731197566303562e+00
1.716506163706525312e+00
2.006258791896870175e+00
2.440679777969200437e+00
2.097719724355730175e+00
2.060790065224796574e+00
2.135033879990427597e+00
2.259591741361556938e+00
1.804207192120927949e+00
2.288181638105980298e+00
2.254556441187343108e+00
2.179545802423881184e+00
2.251889745797716280e+00
2.284293074408321189e+00
2.305384826093669126e+00
2.370452218624222951e+00
2.408531720766997175e+00
2.360935276405560224e+00
2.390617445002805042e+00
2.370722708755714336e+00
1.719597462491281981e+00
1.741650743982682270e+00
2.247139170573180689e+00
1.700843312495574855e+00
2.421153050794071060e+00
1.821256390333429787e+00
2.412452655265930890e+00
1.781994485736777323e+00
2.373429780706900249e+00
1.798365265096751431e+00
2.364540877861658785e+00
2.299994518760046791e+00
2.492345193219291044e+00
2.326032734165332627e+00
2.382231242045451225e+00
2.422909277424127428e+00
2.495662238739619010e+00
2.320632238610456533e+00
2.350261622743728740e+00
2.335446468060058400e+00
2.442452934743119197e+00
2.462884512276543703e+00
2.278718136776915149e+00
2.426951633008071596e+00
2.476191284798886727e+00
2.520443963334121573e+00
2.601382744882151599e+00
2.400801991579980310e+00
2.437385378273538183e+00
2.385222696870848758e+00
2.566318260582466593e+00
2.558955689725670002e+00
2.465085091025583708e+00
2.573216127973954492e+00
2.431914845042258744e+00
2.475285427689965179e+00
2.358635629110563681e+00
2.383570189504162773e+00
2.409471309839063213e+00
2.363792515506963898e+00
2.455355027657019296e+00
2.554263846648614944e+00
2.402706333819082829e+00
2.496042951440100133e+00
2.580132691084359386e+00
2.537093922789186884e+00
2.380797018918747288e+00
1.822646848449083423e+00
1.964742434849134245e+00
1.969847802695827488e+00
2.097561467481108721e+00
2.180693628079273694e+00
2.146324489883659759e+00
2.363861128461623551e+00
2.249732762828237753e+00
2.299741778512323531e+00
2.240158387091434999e+00
2.301775543025941229e+00
2.426706943291476737e+00
2.382840005914740544e+00
2.342632613870786251e+00
2.561698732877980778e+00
2.532475039364168179e+00
2.536358053177847793e+00
2.489315600545319196e+00
2.488438305346416080e+00
2.460660202331520274e+00
2.401594934981200247e+00
2.329524209874711982e+00
2.362094591258038889e+00
2.378167009496534146e+00
2.468662711411279798e+00
2.590680227348791664e+00
2.339246307924958579e+00
2.523160826119029476e+00
2.308703932709844864e+00
2.458204500839391127e+00
1.930611923280425746e+00
1.816305559166590866e+00
2.619110319263330933e+00
2.376436294295511065e+00
2.463468218455636016e+00
2.517759520229364778e+00
2.365722551780728988e+00
2.419590844438178845e+00
2.498488946065365202e+00
2.482387872877386936e+00
2.518464362942880008e+00
2.402667194557196240e+00
2.564434719311811772e+00
2.533109120514398516e+00
2.343247048594138793e+00
2.405158661651733087e+00
2.622650117468042108e+00
2.431452524916618785e+00
2.394996142240283454e+00
2.510140011781718528e+00
2.352113692910896336e+00
2.544191025068724077e+00
2.210749511141445911e+00
2.198823199192823541e+00
2.212283440952462765e+00
2.154804559822606880e+00
2.175996755143469130e+00
2.334787495037405236e+00
2.032912868900018211e+00
1.935468558522775107e+00
2.039805867424593355e+00
1.855211087404047499e+00
2.170335225444123939e+00
1.829824135476115332e+00
2.036371370614358689e+00
2.098519840550944870e+00
1.837087085359312866e+00
2.065441611844379022e+00
2.132676396887148051e+00
2.454744684223137963e+00
2.417278569236640529e+00
2.349588553520946643e+00
2.147284420348825051e+00
2.243763539307693566e+00
2.372048388638531069e+00
2.307789360687418245e+00
1.962455625005184778e+00
2.390664128624770957e+00
2.405816379580512976e+00
2.172200150675844821e+00
2.375238978857981298e+00
2.365944926315071140e+00
2.398959705013283372e+00
2.361527372606077702e+00
2.438295172899764385e+00
2.356254345691969565e+00
2.385002381118077608e+00
2.378949273257185748e+00
2.451552401120028257e+00
2.402607260847242188e+00
2.479499402129894392e+00
2.447289093058306442e+00
2.572664371560643204e+00
2.620931828553146214e+00
2.600809491855696987e+00
2.643074047156550144e+00
2.523748672673752136e+00
2.435653216196102644e+00
2.488488725452461470e+00
1.978300013471077756e+00
2.176767758938005226e+00
1.940192290659152885e+00
1.814892599896373637e+00
2.052694498217265018e+00
1.782239003270731370e+00
1.996180541535652164e+00
1.900787582401850973e+00
1.776777978967996274e+00
1.921479801695327172e+00
1.780533546699537117e+00
1.891522059091210961e+00
1.967130457227461937e+00
2.043472653358405555e+00
2.127129301071211120e+00
2.059503665854880872e+00
2.369273855098787962e+00
1.953223512745771551e+00
2.288769585899264936e+00
2.154145278463746038e+00
2.155337851847056729e+00
2.246783443041097783e+00
2.059255350568832466e+00
2.190456403260557572e+00
2.197639200800436399e+00
2.225185517190767737e+00
2.240867088185021228e+00
2.285820526314218615e+00
2.314968535869760036e+00
2.347096274994240339e+00
2.373744748157112561e+00
2.433428377709980772e+00
2.287158815240174281e+00
2.330531947608329713e+00
2.528446056657837282e+00
2.415924132743223041e+00
2.458521443195708311e+00
2.561185208693338211e+00
2.321100493395864994e+00
2.383305407624099814e+00
2.407044736364581716e+00
2.402010797570791389e+00
2.403502688509130181e+00
2.443013107171552623e+00
2.408737530730209464e+00
2.415998469120566927e+00
2.465198043823367158e+00
2.429070660832192807e+00
2.398485488379887620e+00
2.465370631614978603e+00
2.532701267938424206e+00
2.380835377243740059e+00
2.520203839457419992e+00
2.391594362265163642e+00
2.370595634176777544e+00
2.638265879886291021e+00
2.349090042643295018e+00
2.426280714874621935e+00
2.388488536095711989e+00
2.446630708910022989e+00
2.418987361493401433e+00
2.499678870880965853e+00
2.462327257978845108e+00
2.106377744075361047e+00
2.193801038040382512e+00
2.042767593483398869e+00
2.181621372972753825e+00
2.255965086934957675e+00
2.127553431518490967e+00
2.148887685406424719e+00
2.048965108952093050e+00
2.024841083037901779e+00
2.235631134392630059e+00
2.179973743372884520e+00
2.068925704974692970e+00
1.994937913731069656e+00
2.016810250794905279e+00
2.338546494498081607e+00
2.083772269808683131e+00
2.003006039635177427e+00
2.361194152735080376e+00
2.000838000428112551e+00
2.220498610752219992e+00
2.049777274856977360e+00
2.538213203549609887e+00
2.080552943956599954e+00
2.113151068003703337e+00
2.449577575206796975e+00
2.379577507893704702e+00
2.266246943261188473e+00
2.369231482069587891e+00
2.469402331309701992e+00
2.060732202295560533e+00
2.405899587604159784e+00
2.240305788736713932e+00
2.194237215496741999e+00
2.520283339221559782e+00
2.459009553086255906e+00
2.489391029988689663e+00
2.515572879567595344e+00
2.189508876562425765e+00
2.185708764830771589e+00
2.282516860299085071e+00
2.233518900215770042e+00
2.495893314450286393e+00
2.462567569505416554e+00
2.361220108192489953e+00
2.249160430376150099e+00
2.359516594153328928e+00
2.356446690659158794e+00
2.272616290279439788e+00
2.382739762348823120e+00
2.370634564280017287e+00
2.351607127461932123e+00
2.295262453509128608e+00
2.264460913334081393e+00
2.239332278852845803e+00
2.150923884511516615e+00
2.211680372432875519e+00
2.242227123056149019e+00
2.364335864357341332e+00
2.240605223098059096e+00
2.248817240427524400e+00
2.264572568501242777e+00
2.178020529956723017e+00
2.553988063505182815e+00
2.206883741190563963e+00
2.369161595387596631e+00
2.258714538116949555e+00
2.385036886749784202e+00
2.328069662315911614e+00
2.355617510555132466e+00
2.495931318197255777e+00
2.288741454745101933e+00
2.397837739513505984e+00
2.277127624546413820e+00
2.534928116583590629e+00
2.522760137140354075e+00
2.386412077886056249e+00
2.439612980442112722e+00
2.241087080493007200e+00
2.355212024985831487e+00
2.424089565715511263e+00
2.452299432738776819e+00
2.266187821153555770e+00
2.321108497805223436e+00
2.275881451961800472e+00
2.369332922319755230e+00
2.314365325724602851e+00
2.276354064295996515e+00
2.385631979908755085e+00
2.452899530754738766e+00
2.405675814704607340e+00
2.456727040374607540e+00
2.185602964871430576e+00
2.352036675599929794e+00
2.393081462947768134e+00
2.346009291959576970e+00
2.137597665647779976e+00
2.298406330935649944e+00
2.357281048309019411e+00
2.221764780083304025e+00
2.573853634367198939e+00
2.437412016371384382e+00
2.541532690665893490e+00
2.188623571299785464e+00
2.353238706593935525e+00
2.319413839693343693e+00
2.517123680731354174e+00
2.509203830931692636e+00
2.563243570407552241e+00
2.555927799752002461e+00
2.540124648899256599e+00
2.409226520659604631e+00
2.626582590653371518e+00
2.517364649452973779e+00
2.379345798861424388e+00
2.452447129431324591e+00
2.394197770024283134e+00
2.384250592942018354e+00
2.345457133260789195e+00
2.217582176425692886e+00
2.342591524959338312e+00
2.369882299092998412e+00
2.417887440782823028e+00
2.396817254857772639e+00
2.373450816890392279e+00
2.443747746120255027e+00
2.352886391886841011e+00
2.530768759943137436e+00
2.565879959011357236e+00
2.627733438929476417e+00
2.368328319065148957e+00
2.486627181636187789e+00
2.474478755680892039e+00
2.520729281131016908e+00
2.581297539632161353e+00
2.438515680188273915e+00
2.466552206748022780e+00
2.669865137597263072e+00
2.552677714119856223e+00
2.404639222645473140e+00
2.610466732644261434e+00
2.341330815549692357e+00
2.484678529865771424e+00
2.356351668074309735e+00
2.548674603525127758e+00
2.473943845613625125e+00
2.381377107396396298e+00
2.589756386699518131e+00
2.516767913993722683e+00
2.647449057504839054e+00
2.203853401076544039e+00
2.205045715589246225e+00
2.195310103615136565e+00
2.288075343286869234e+00
2.229477230856263148e+00
2.228797847662093989e+00
2.303743783357968589e+00
2.243458734508900321e+00
2.178308178234857895e+00
2.070147533361445635e+00
2.091740333422983600e+00
2.254732816041068233e+00
2.329981663113645407e+00
2.141211750350518805e+00
2.182215516573550840e+00
2.265033012176933536e+00
2.103510523033479185e+00
2.448173184337770092e+00
2.314749774957465256e+00
2.444208084307114337e+00
2.356865681844315219e+00
2.208307882950377721e+00
2.438158217746763334e+00
2.312019136730717683e+00
2.468528272054330230e+00
2.405791726146140341e+00
2.220801185154424928e+00
2.387041910188568039e+00
2.435845622843993308e+00
2.416012513096780001e+00
2.452673992324663210e+00
2.604648840554314226e+00
2.638132802332625371e+00
2.469737811329722366e+00
2.415961033922583212e+00
2.535633236609183605e+00
2.489121219962661780e+00
2.612234353741121673e+00
2.486992619306100494e+00
2.502032360103171094e+00
2.531529440091158989e+00
2.656249604013596333e+00
2.497232566712740187e+00
2.438855081781072354e+00
2.669116678830555589e+00
2.583227615542883715e+00
2.457839752008493583e+00
2.611827929730123898e+00
2.576836723619918335e+00
2.608711981201806918e+00
2.678643180042791450e+00
2.518535653108862959e+00
2.490906979019003487e+00
2.567445443053718801e+00
2.610060900662928951e+00
2.389497352888766635e+00
2.400382675590076786e+00
2.437794932554893990e+00
2.293465776538716749e+00
2.335754497202747970e+00
2.457292032169164475e+00
2.371500807172041814e+00
2.472210047942431821e+00
2.253837680795807152e+00
2.314480430698082625e+00
2.215141155219787272e+00
2.266727128398422053e+00
2.350114523634338148e+00
2.207302542320872973e+00
2.214960201336527046e+00
2.246295662033118923e+00
2.193803416258726102e+00
2.209608946774075378e+00
2.323238489343490976e+00
2.165410959563172533e+00
2.296095060084463402e+00
2.390981525909577243e+00
2.175145024105932023e+00
2.267712817014771343e+00
2.198705503490920865e+00
2.347183481573424491e+00
2.432159432292111401e+00
2.370419383769990507e+00
2.528440849593226236e+00
2.422656141216944725e+00
2.480785424317224930e+00
2.530115097005996017e+00
2.500263225233002373e+00
2.641149851672346838e+00
2.498575980207844882e+00
2.518826783316786333e+00
2.636384513665840590e+00
2.597806593960786614e+00
2.456337266148134191e+00
2.604953614644205828e+00
2.432989505886960391e+00
2.416840542860080099e+00
2.529013224708561935e+00
2.476665115137249629e+00
2.350566370729879395e+00
2.434502236344821657e+00
2.512037828391096017e+00
2.429041297390738485e+00
