1.603058104242352622e+00
1.629963091559836430e+00
1.556348468652781536e+00
1.666167662180429776e+00
1.554833640426968255e+00
1.615174778737025862e+00
1.688511396153567823e+00
1.750851295380549955e+00
1.547493675366036658e+00
1.863161149266544525e+00
1.843255688403254711e+00
1.793099099797358820e+00
1.776911040876164360e+00
1.847144130300420128e+00
1.956712456523379329e+00
1.702384659432521818e+00
1.703806453070596971e+00
1.890049469857312703e+00
1.698483802391253628e+00
1.871029615420179981e+00
1.878736306239666032e+00
1.854664289725092674e+00
1.906898264834118839e+00
1.836229635715158182e+00
1.894173791813004382e+00
1.861410838524702571e+00
1.753720223844731585e+00
1.924633248513919259e+00
1.802302743051659162e+00
1.989586420246179932e+00
1.792918881311591051e+00
1.676644016195237841e+00
1.613266948533793377e+00
1.800557467135780021e+00
1.783091378023913487e+00
1.815052957081701113e+00
1.877149606747807509e+00
1.644116534452658263e+00
1.590914582989359838e+00
1.626785645473795672e+00
1.850099694636353931e+00
1.746199011944582269e+00
1.773363342719457725e+00
1.764674574137135910e+00
1.764328161725399635e+00
1.847181776205483406e+00
1.868545451054485440e+00
1.772113738790306092e+00
1.898659571741760255e+00
1.815047766281103758e+00
1.687811989258118262e+00
1.604384646748772347e+00
1.673940013766978430e+00
1.657910138229661046e+00
1.537883847472632626e+00
1.663717325736971953e+00
1.723607844432136327e+00
1.718774774308246434e+00
1.752879908864067415e+00
1.705234076058496528e+00
1.751227483274519159e+00
1.728305206198569088e+00
1.744238699408887650e+00
1.792987044154358722e+00
1.717639416555309939e+00
1.895970786807016584e+00
1.712237923116297411e+00
1.755132043335488667e+00
1.699563942662186689e+00
1.918045884685600333e+00
1.881691909730817347e+00
1.949676508358583638e+00
1.862918578967477590e+00
1.614539484337385922e+00
1.744896257629146463e+00
1.898704315212925264e+00
1.767181525934025332e+00
1.959305373545734641e+00
1.829783090113001220e+00
1.752707377932176458e+00
1.736942930054656609e+00
1.831558579055834857e+00
1.765786542636913925e+00
1.713098802603382875e+00
1.795190526277204546e+00
1.951961773937213707e+00
1.879524166316720146e+00
1.938304014155928900e+00
1.983861651974067719e+00
1.585129469933087343e+00
1.734458640547867470e+00
1.621243621399662604e+00
1.587276760479762849e+00
1.772052945525848910e+00
1.731350025654362579e+00
1.774084427895009641e+00
1.857621238912234629e+00
1.897648805474652534e+00
1.847406336997625909e+00
1.850407789080825705e+00
