1.705574465724234878e+00
1.472898932556157892e+00
1.468166747986001663e+00
1.513079820555754518e+00
1.484677225422444735e+00
1.483373466773023619e+00
1.775722040699265980e+00
1.801706477759114522e+00
1.574411245665220394e+00
1.740044836053012522e+00
1.651021388835938852e+00
1.751893932033645740e+00
1.838592675835461820e+00
1.888706669089625256e+00
1.928813253467533739e+00
1.838136826229676890e+00
1.803767021983315733e+00
1.967393484814409899e+00
1.775672538864880190e+00
1.920850861107733287e+00
1.959142187576376593e+00
1.981863214879497015e+00
1.962158308677567575e+00
1.722541670491789745e+00
1.940517126804323755e+00
1.870740482844005514e+00
1.865500287401365087e+00
1.950988098301827067e+00
1.848136965085056094e+00
2.014596180807464609e+00
1.780517561195011478e+00
1.686684191035183300e+00
1.893999345833623282e+00
1.805072043664271764e+00
1.939186794028351368e+00
1.844071917963769014e+00
1.897158076486456180e+00
1.686610078821698888e+00
1.628723933675318758e+00
1.743287052938890858e+00
1.870433263884020869e+00
1.781934933119545983e+00
1.907817000314192990e+00
1.858503255274603028e+00
1.837758781643118899e+00
1.989191351005938690e+00
1.984598626933565590e+00
1.887651594401940747e+00
1.841679993636480273e+00
1.950545711912030855e+00
1.693067366417903896e+00
1.554226350331405770e+00
1.708763033604755455e+00
1.573092379630856241e+00
1.484842637546767374e+00
1.569702849580345783e+00
1.690669667782053187e+00
1.669714727190383829e+00
1.581530451309624441e+00
1.604625885062478607e+00
1.685487512288715628e+00
1.708128209183934931e+00
1.763493364271656150e+00
1.785292977673745840e+00
1.879614810673548408e+00
1.931481976348260021e+00
1.797278826169237398e+00
1.703774063438713515e+00
1.716569815901790808e+00
1.861887844685981230e+00
1.955425825291974729e+00
1.924279684946087920e+00
1.961956454624772972e+00
1.694501236400943522e+00
1.701098664619612899e+00
1.944089189905610748e+00
1.842445194566449063e+00
1.988283328105161285e+00
1.803479578679088258e+00
1.764081147437950303e+00
1.768175808810009686e+00
1.735005130064344314e+00
1.857694105233421711e+00
1.865222860479763600e+00
1.899225428347474987e+00
1.927600273730023073e+00
1.843769290848752185e+00
1.949931171592919066e+00
1.888714307879922671e+00
1.681441029272635390e+00
1.780127879704083593e+00
1.555689187227586867e+00
1.533635902724077571e+00
1.795604851676203984e+00
1.846051793555996801e+00
1.840084844949094078e+00
1.981373653053185802e+00
1.934960137280823167e+00
1.885561607059585310e+00
1.843008819181396252e+00
