1.701005566850059880e+00
1.589992525960708836e+00
1.545200536042736772e+00
1.585772112284399071e+00
1.527860593604171813e+00
1.700442514745358125e+00
1.736421302619159501e+00
1.733098413992604003e+00
1.636714803856594402e+00
1.793334049010432807e+00
1.686834294695919612e+00
1.689099009067091206e+00
1.632229295538128122e+00
1.644505126942714668e+00
1.749846637502210589e+00
1.693537737003848687e+00
1.624867569537503664e+00
1.760742618141500015e+00
1.551427599083866404e+00
1.772149317279450909e+00
1.683724922992534401e+00
1.715653938722662142e+00
1.657509248987694361e+00
1.708014576095851167e+00
1.686409739786404405e+00
1.699630497239111859e+00
1.459986540332188554e+00
1.764643344014942272e+00
1.646175547374563619e+00
1.805025969910319494e+00
1.700851872915322360e+00
1.729990821577517046e+00
1.648583539097606687e+00
1.689537737781619420e+00
1.511993834896053546e+00
1.795933169059532153e+00
1.767840853827166381e+00
1.691499247175386245e+00
1.632901441055107483e+00
1.655517272391147099e+00
1.811175131921608283e+00
1.688866025843237306e+00
1.567123052223154733e+00
1.692321435779753358e+00
1.601779988044617076e+00
1.569499130390081154e+00
1.536019256663529120e+00
1.528977434460926821e+00
1.828116811286500498e+00
1.801247624825454308e+00
1.652292707262470239e+00
1.525079000316440503e+00
1.624974523585657415e+00
1.565936480164981104e+00
1.519180304311961160e+00
1.744780369816977261e+00
1.703256475253018154e+00
1.678355735857414599e+00
1.478419307242689218e+00
1.436907978518271012e+00
1.504344148942530213e+00
1.554531419302045858e+00
1.456782611965143914e+00
1.497461705872107807e+00
1.471815495490919057e+00
1.589738144715578949e+00
1.629425780245424615e+00
1.521112523225405022e+00
1.583452705008415284e+00
1.758061229176887785e+00
1.698676805079797569e+00
1.730666859138186631e+00
1.610790321967490613e+00
1.583836736579066873e+00
1.539082786552202542e+00
1.677898479826337663e+00
1.591623212075866434e+00
1.726040574125590865e+00
1.635931257228524061e+00
1.727730363477385289e+00
1.587338824187501274e+00
1.647895180971074902e+00
1.577666676810553614e+00
1.466670073409044539e+00
1.444077424788945407e+00
1.492216950034874978e+00
1.839033379020414749e+00
1.766982896079786869e+00
1.869210867749415028e+00
1.619813742249120114e+00
1.594203616007868085e+00
1.502402088582686757e+00
1.480475720952016738e+00
1.644975758824417822e+00
1.546833747310160989e+00
1.721283902174623792e+00
1.611066509067538233e+00
1.497336249785311546e+00
1.882101846323238847e+00
1.785941292661386237e+00
