1.848649313667802385e+00
1.834413287709763640e+00
1.921442515061883238e+00
1.765433797707604890e+00
1.774280002694476943e+00
2.070919255555270233e+00
1.801766698879008866e+00
2.011918354039440970e+00
1.756890950463781520e+00
1.840112095405554538e+00
1.958854465523582000e+00
1.879076893438172746e+00
1.968492852513348046e+00
1.902076051911587351e+00
1.793396169737044854e+00
2.061334489855107144e+00
2.035770221080325015e+00
1.915601939308654300e+00
1.865118109077669173e+00
1.910218185022397597e+00
2.158896505572588165e+00
2.169818334008394967e+00
1.752431120079841698e+00
1.805063871003768083e+00
1.968687214738368496e+00
2.057649246426380696e+00
1.913400311318131930e+00
2.130195985439674367e+00
2.187121966333312795e+00
2.001823787249116027e+00
1.897858108180510595e+00
2.103388244750726610e+00
2.001134986572439711e+00
1.776076866040182445e+00
1.757132840831766574e+00
1.854454202805166041e+00
2.071788822878041891e+00
1.988414240018235857e+00
2.336388067881333352e+00
2.186525007281603816e+00
2.157837819243598076e+00
2.177495083196167247e+00
2.175456638928268571e+00
2.051495669897144492e+00
1.918513588277105830e+00
1.973038158263708652e+00
2.297597256616040973e+00
2.078318087572257777e+00
2.086899909473793002e+00
2.156166638129826119e+00
2.074948122508116999e+00
2.275955425201942717e+00
2.225976645215574035e+00
2.225460784019979599e+00
1.802290984066567736e+00
1.893100463952736234e+00
1.704192746362867661e+00
1.741641669464258024e+00
1.792829016069781289e+00
1.708875066616064586e+00
2.070172673555779497e+00
2.064689127824142378e+00
1.890201245404592445e+00
1.982836665017232214e+00
1.768607547370904864e+00
1.938230096919441037e+00
2.040530512095621862e+00
2.057008553001066886e+00
2.204355103363402346e+00
2.267034453840700792e+00
2.157183264007313195e+00
2.322658065011992790e+00
2.244324392159656956e+00
1.811977157141433592e+00
1.892186560341482915e+00
1.817245465256253301e+00
1.882304281860254225e+00
2.030789367349859820e+00
2.060324266069534005e+00
2.050880218198597671e+00
2.088924999855243048e+00
2.128701695592023491e+00
1.963543479153126547e+00
1.892150148565702850e+00
1.869988709195552712e+00
1.960821057149928937e+00
2.172596227413446712e+00
2.130621104196045223e+00
2.085764768523417967e+00
2.150860032011865375e+00
2.145878865538280333e+00
2.180400577470037682e+00
2.266860029125107978e+00
2.082252517154388194e+00
2.248841595789235814e+00
2.189635630383925502e+00
2.158775393795482334e+00
2.070434032756550025e+00
2.122847337340440177e+00
1.929650023420076188e+00
1.774270992546401082e+00
1.908467763812311535e+00
1.833445963098165432e+00
1.691165711389594817e+00
1.898155574706341442e+00
1.814493505898948866e+00
2.144672156667831953e+00
1.893250849947685444e+00
1.672482476737607637e+00
1.900229141625558782e+00
1.885857487621221962e+00
1.859404489723031073e+00
1.703306430987976183e+00
1.993550354137593850e+00
2.060608165613113218e+00
1.957978173589087101e+00
1.856447502795887106e+00
1.986758058724153564e+00
1.848614891819241324e+00
1.927678119954831848e+00
1.894920605619803133e+00
1.966087240353203036e+00
2.074431751277383107e+00
1.793043430751710465e+00
2.014962077199243584e+00
2.123681756843974977e+00
1.726799517024328656e+00
1.829731030033304062e+00
1.976867161508760518e+00
1.896447264479368844e+00
2.103136649206407416e+00
1.984419541210187266e+00
2.076457504222629868e+00
1.842359703988868835e+00
2.001775918667510812e+00
1.971617845645256217e+00
1.868121472180413356e+00
1.950773988502855216e+00
1.796761285529103302e+00
2.066922482980523945e+00
1.867268599742254453e+00
1.993531801836014195e+00
2.267856509149345001e+00
2.102476974775145724e+00
2.138280183499861042e+00
2.175031628724580557e+00
2.210986266209864937e+00
1.914622522137663818e+00
1.837205461406564488e+00
2.003874638100991756e+00
2.141218991615323031e+00
1.929493844753842335e+00
2.178277681713593594e+00
1.977850305701315925e+00
2.202619286399554621e+00
2.171543673509924055e+00
2.115868235175005108e+00
2.227145095502646832e+00
1.927624171535171849e+00
1.955513485781037009e+00
1.951541530521362811e+00
1.744753353541268037e+00
1.795183180298657089e+00
1.748544557338821637e+00
2.181913652651858992e+00
1.980752166750848975e+00
1.963662777170363860e+00
1.925740867297774717e+00
2.019710791984112408e+00
1.943186711340854522e+00
1.995551454966119298e+00
1.987957875448165046e+00
2.146868337623416778e+00
2.032879544802740579e+00
2.059548762698367064e+00
2.312253717993212110e+00
2.097327325958374900e+00
2.244861810876344510e+00
2.285645228682995356e+00
2.100031039031553082e+00
2.199749033094073436e+00
2.012077967050811989e+00
2.010210572918938787e+00
2.108951612449851076e+00
1.826717098661159389e+00
1.883247843552484868e+00
1.882569413797203106e+00
1.773658239786843449e+00
1.730330985031193647e+00
2.104988636076226438e+00
1.919924445550581504e+00
2.039065850166119187e+00
2.102309372931276954e+00
2.112250290228031790e+00
2.117758527448405648e+00
2.030342358381268308e+00
2.050909532200674956e+00
2.220653871117014067e+00
2.266466105962620325e+00
2.208647026060653218e+00
