2.197561479201569412e+00
2.187344282886682034e+00
2.277964382690679024e+00
2.180250877598111536e+00
2.117203931541592699e+00
2.043078895335079359e+00
2.140752455768609064e+00
2.304569024104305530e+00
1.988315312384570932e+00
2.128912937317720022e+00
2.028816846473318503e+00
2.026229094716509582e+00
2.009195627929373451e+00
2.137476220169507890e+00
2.004125036469761145e+00
1.974473694723816841e+00
2.226964872346546720e+00
1.970172616941626265e+00
2.341901846106348106e+00
1.938077401951293188e+00
2.015040684079836719e+00
2.010790393278378385e+00
2.392653241384821161e+00
2.257298357241280584e+00
1.956700983678682171e+00
2.242979866518687526e+00
2.034023866576124995e+00
2.029287137928303508e+00
2.427348544354770432e+00
2.039647933785358802e+00
2.084836888587262127e+00
2.444767504325062291e+00
2.116406580728944054e+00
2.108483620638529121e+00
2.375988232758860619e+00
2.454756687251114400e+00
2.333428486191623463e+00
2.455226194373588910e+00
2.476338514389220702e+00
1.993698553604934753e+00
2.106082224844318507e+00
2.441376016239029223e+00
2.280804785264592294e+00
2.460417888776629258e+00
2.315662192316043200e+00
2.434708147815243251e+00
2.352806953710562254e+00
2.428463000762169699e+00
2.348679651318872796e+00
2.259571102475505189e+00
2.483462163961790203e+00
2.239617052369446082e+00
2.395670690632905053e+00
2.252811372380609800e+00
2.191217093016342154e+00
2.155709816190275241e+00
2.309473512093625835e+00
2.122637516167888538e+00
2.138729192261326517e+00
2.150734697495199299e+00
2.502404900255554843e+00
2.101154061124308470e+00
2.340462235667049029e+00
2.120421110535819942e+00
2.333344117183798527e+00
2.386698963459145340e+00
2.184606588046082543e+00
2.172679773401696046e+00
2.304749724967189550e+00
2.414073138209451130e+00
2.312116950051676501e+00
2.459784666755925109e+00
2.546218658498987875e+00
2.234613239979325705e+00
2.471840541624744425e+00
2.318062643604207551e+00
2.317093519986864525e+00
2.381220694992714382e+00
2.459718953791695029e+00
2.356592865095803457e+00
2.456215568109421987e+00
2.333490385803056011e+00
2.231581185561746228e+00
2.362521498672784492e+00
2.341412934327262274e+00
2.328316587544556615e+00
2.220706995234258851e+00
2.335575152962956480e+00
2.447605146775534646e+00
2.452684415539216456e+00
2.462124016735903975e+00
2.353220985195779935e+00
2.299787325775395352e+00
2.298311849975497978e+00
2.307466556507322686e+00
2.354184538355814649e+00
2.321576120672975030e+00
2.455517998645716737e+00
2.341215269606304883e+00
2.311176620227070710e+00
2.379697085435402482e+00
2.438289349229183944e+00
2.574560818538032425e+00
2.482337840681388297e+00
2.557188104561977759e+00
2.574926110142014668e+00
2.614193799273481389e+00
2.547837731808150430e+00
2.545454588214544955e+00
2.439510230427565318e+00
2.523784464145657047e+00
2.482732599883169744e+00
2.348569443168866844e+00
2.422405663283920152e+00
2.249120405394513966e+00
2.327125943333346214e+00
2.433850767900109791e+00
2.007830744209671447e+00
2.540577843931352220e+00
2.218603917445275631e+00
2.586647721222679941e+00
2.628594556943748106e+00
2.407852002811035952e+00
2.510549402863136326e+00
2.523973369654994414e+00
2.388639014254263504e+00
2.567496611786359573e+00
2.277062451684311650e+00
2.611646554005937926e+00
2.582468663581708679e+00
2.506910885129796540e+00
2.506832933909627137e+00
2.525639930687127332e+00
2.495543591350819490e+00
2.381878410340255936e+00
2.562508950800791219e+00
2.401911209031349248e+00
2.611951875642076093e+00
2.101894343378765573e+00
2.106038515537925093e+00
2.046828726250955910e+00
2.071800779834258144e+00
2.023744103519592219e+00
2.164165255501914853e+00
2.007060757474627088e+00
2.039942597285958836e+00
1.910050091076661349e+00
2.066469009196939766e+00
2.053062214396560226e+00
2.169205382892053002e+00
2.054912403905359675e+00
1.999650827118966134e+00
1.990818032039662677e+00
1.937333377766161435e+00
2.367973035803967452e+00
2.405326374654029209e+00
2.416906009049648141e+00
2.347516825243850302e+00
2.400731680923201772e+00
2.246142112801140289e+00
2.287545518799837918e+00
2.285398964030234570e+00
2.408930699197443293e+00
2.612689469006529652e+00
2.544162554572119372e+00
2.127092906109461001e+00
2.239369268462692020e+00
2.255536725211945370e+00
2.394382627345489123e+00
2.310015679729001903e+00
2.528344362644826759e+00
2.365382866883536384e+00
2.533016235467719035e+00
2.566943899391410433e+00
2.337614265140396164e+00
2.259368995513094891e+00
2.555389051636434594e+00
2.567054607286185952e+00
2.494555153809528303e+00
2.649193195645149324e+00
2.706556890814368455e+00
2.681990712093560880e+00
2.482938805595919174e+00
2.527810361869208933e+00
2.511131885956360943e+00
2.135013643708807418e+00
2.275403161830754861e+00
2.368210615619483761e+00
2.052683161604975215e+00
2.186483252354953777e+00
2.053119480333151614e+00
2.397781996853996844e+00
2.310882402454446982e+00
2.212131734907458736e+00
2.415892638947900295e+00
2.216701092323455136e+00
2.339805176382547813e+00
2.353497284366466324e+00
2.443335868518251353e+00
2.425265848901744903e+00
2.378321563333950728e+00
2.451780274410984006e+00
2.389185603274627034e+00
2.398784403888420069e+00
2.406254299367892813e+00
2.398345117520508829e+00
2.157442896646541097e+00
1.962994978325746320e+00
2.112027535467651873e+00
2.043006413077872452e+00
2.071426431812084523e+00
2.146501481484216711e+00
2.170593694569999954e+00
2.205179893451409079e+00
2.135472402644437828e+00
2.268792312457664995e+00
2.389583263995824325e+00
2.172854754910403585e+00
2.250697221756755351e+00
2.566186965805343778e+00
2.434262299966875265e+00
2.340864393163040180e+00
2.616196845382327663e+00
2.284466810088911171e+00
2.268599851449119686e+00
2.316167264227690925e+00
2.423808502313356872e+00
2.271187373806744070e+00
2.324899245853031982e+00
2.354643689405887308e+00
2.625719908459826613e+00
2.640596948004991340e+00
2.512935264248382428e+00
2.389596241275254940e+00
2.473300952238667083e+00
2.593058011465660506e+00
2.418923343058778652e+00
2.592781448792991217e+00
2.491293955980064645e+00
2.535486394659355547e+00
2.667044116931319930e+00
2.484881141368386004e+00
2.498341347130111245e+00
2.579582663637615791e+00
2.526918913859735216e+00
2.497008191307540148e+00
2.510405645860487756e+00
2.552179493559629808e+00
2.059896368715766535e+00
2.166159694547920900e+00
2.014198319002199256e+00
2.060612454227478185e+00
2.193354743063499868e+00
2.040798796229750689e+00
2.194661820838732069e+00
2.161640189948332402e+00
2.030561001131194310e+00
2.169631933035049531e+00
2.064581415799335407e+00
2.143256287465520327e+00
2.075114835047609851e+00
2.073472620004900957e+00
2.191213570540223810e+00
2.032979135422530170e+00
2.077876664772953408e+00
2.292491870589150604e+00
2.072301017801246648e+00
2.035924910265894727e+00
2.059909351099268537e+00
2.632239373651282133e+00
2.086798652346539829e+00
2.023375787383195679e+00
2.290473839578924586e+00
2.422411797358486218e+00
2.199016706182244096e+00
2.147038641289093164e+00
2.235933981639039558e+00
2.092498987142978439e+00
2.136824797016006805e+00
2.313376013197597114e+00
2.171788802756769332e+00
2.263708014275431335e+00
2.327741302630323084e+00
2.412984336369596861e+00
2.379280963691598583e+00
1.455546742160742424e+00
2.233876725824658571e+00
2.039964373997189995e+00
2.022574601444317111e+00
2.162465523516266419e+00
2.466462769428974688e+00
2.218187839393618077e+00
2.024311939039940889e+00
1.691764376148115812e+00
2.392745075667578991e+00
2.435264180055664252e+00
2.410569075711902709e+00
2.204316507609064946e+00
2.230818163455164704e+00
2.399366004675516528e+00
2.172251123759045388e+00
2.050942101462092548e+00
2.151541853279951511e+00
2.257313481546679768e+00
2.050408642771649692e+00
2.501573277984553645e+00
2.086423735968881310e+00
2.307889367049151375e+00
2.202040818431525437e+00
2.065402323055472777e+00
2.571542481781305067e+00
2.139333668926230114e+00
2.512025063267854907e+00
2.122593040836109335e+00
2.309385957485432073e+00
2.232841235428004278e+00
2.166337258491187079e+00
2.370229012892629772e+00
2.267769385028375773e+00
2.409251912992375733e+00
2.346526495928320077e+00
2.379104163405776351e+00
2.325793415427080735e+00
2.382401304286154708e+00
2.499005221485335770e+00
2.201358443351807637e+00
2.409371422509946292e+00
2.412652313488647060e+00
2.404196908017809164e+00
2.429502922145293731e+00
2.297155123378953334e+00
2.285877848087447539e+00
2.388494540305464486e+00
2.333396989238551100e+00
2.029522929020548538e+00
2.094006605480100092e+00
1.989086557329365013e+00
1.911234260523622552e+00
2.191213641448439109e+00
2.160016222123837260e+00
2.305374123140459641e+00
2.187366612258753396e+00
2.031597986625119923e+00
2.095122099678794036e+00
2.217654247762241848e+00
2.201798263366280928e+00
2.317848374077720042e+00
2.357340253448944711e+00
2.231010524403987283e+00
2.375768552599150318e+00
2.280549351830054139e+00
2.225176545487396851e+00
2.243031893074663774e+00
2.445566939289782749e+00
2.321213353093161125e+00
2.342876238790529975e+00
2.462388495323506898e+00
2.374471747673017497e+00
2.370628840591418207e+00
2.455276798149038431e+00
2.489341077285525561e+00
2.556199628127555190e+00
2.311015764305369036e+00
2.280477205812746266e+00
2.305894140033535766e+00
1.922131084579537186e+00
2.587028827653599095e+00
2.467220472065874581e+00
2.506920400869954602e+00
2.669778229860527041e+00
2.328655122813234613e+00
2.250189992336499856e+00
2.093536251592483577e+00
2.380107052883552399e+00
1.402860554118742664e+00
2.096138339368923464e+00
2.228397902577825551e+00
2.235843971536373154e+00
2.414391557960663182e+00
2.518247436601122935e+00
2.348898290360669883e+00
2.456034535878852232e+00
2.344798420856094356e+00
2.297916992833949124e+00
2.611160688576750655e+00
2.489264325150604584e+00
2.447887537570531347e+00
2.613691729794119567e+00
2.452794316204541136e+00
2.486267498030280798e+00
2.382551945883841782e+00
2.535397927949291308e+00
2.409327066535761119e+00
2.323665837642342691e+00
2.528526361873987938e+00
2.591764642636011917e+00
2.606239193918514108e+00
1.556319678756471703e+00
1.732260895267216938e+00
1.575453253262024456e+00
1.898747130133865424e+00
1.797691337706358139e+00
1.943925624805446173e+00
2.003859564236206481e+00
1.638531204513961947e+00
1.728059399847313493e+00
1.821879322979037763e+00
1.913877021341197526e+00
1.446752922054961088e+00
1.855586942336543199e+00
1.531179489922877224e+00
1.952827294381111800e+00
1.975996572092481918e+00
1.411361838748528941e+00
2.335792449086121714e+00
2.057685858882940977e+00
2.084787274674655855e+00
2.108925627765582345e+00
2.060935334275305397e+00
2.043721507321219821e+00
1.921220777071860786e+00
2.027302403816360954e+00
1.749925716097991746e+00
1.747312500236194222e+00
2.089058810566436719e+00
1.961820884561683132e+00
2.061482631729287363e+00
2.220193159042060937e+00
2.403180602060304150e+00
2.121836207306289079e+00
2.227770054259908150e+00
2.313401913120770814e+00
2.393480440730099801e+00
2.269071871769438697e+00
2.432974046610952179e+00
2.197977373877229468e+00
2.404352762044834169e+00
2.409430393894010702e+00
2.446320586411915521e+00
2.389174664532951020e+00
2.473632842083863359e+00
2.534072960977385325e+00
2.458209549434185792e+00
2.328868425127142316e+00
2.402577356084282911e+00
2.382771877014816742e+00
2.664603945835930077e+00
2.716309295230125542e+00
2.647022301519430076e+00
2.480696854551326602e+00
2.449260770708882706e+00
2.509216670886825984e+00
2.153659478086037193e+00
2.462048763241736715e+00
2.107860925788048512e+00
1.547731884488781295e+00
2.271788455755228586e+00
2.588375040416458273e+00
2.191286158248523019e+00
2.017112710573649270e+00
1.459568997315462191e+00
1.784337100859161085e+00
1.388513102854400660e+00
1.974290990044958116e+00
1.994481744527586864e+00
1.529859559084819409e+00
2.061482272262854298e+00
2.272246665270678978e+00
2.209096788466749839e+00
2.208661799955355942e+00
1.624948447261713946e+00
1.664309518489160755e+00
1.883063922099669218e+00
2.120064898578379431e+00
1.851923830046745767e+00
2.093534169189571692e+00
1.998832492941763794e+00
2.155898281815687767e+00
2.452695641240523194e+00
2.261726687083449594e+00
2.423727999383706422e+00
2.221902070703951626e+00
2.317392009364981131e+00
2.298517498305513218e+00
2.336830816184554127e+00
2.353386155121482304e+00
2.343037429130203186e+00
2.355269693950276633e+00
2.525817529273184814e+00
2.624149930018980559e+00
2.447465387583503293e+00
2.615101278251910966e+00
2.486627797363805126e+00
2.375045623764528546e+00
2.509906794488321768e+00
2.444181838617961677e+00
2.395006560079711466e+00
2.402967245773357519e+00
2.481759574385113520e+00
2.496834778009797695e+00
