2.172382800541531100e+00
2.168832063415136346e+00
2.328375064539068617e+00
2.184727539836879728e+00
2.243690268185658532e+00
2.237716945094063714e+00
2.192938601393599196e+00
2.391413196638881633e+00
2.308800932800763039e+00
2.113375969651976494e+00
2.084209480712493345e+00
2.031976425356186500e+00
2.087726876026148926e+00
2.184697172847203994e+00
2.333854573019450207e+00
2.293254263592980902e+00
2.402111662778571244e+00
2.012269416840270164e+00
2.387964989080866740e+00
1.929255771646385620e+00
2.128577365062223059e+00
2.119118716758456866e+00
2.591759035613014905e+00
2.389238031621776948e+00
2.057143528082853390e+00
2.264279469866722572e+00
2.210514191152119334e+00
2.129705229102254904e+00
2.418507261008452591e+00
2.138455453230219128e+00
2.225784424435937048e+00
2.488455390696522773e+00
2.193109548526143815e+00
2.265399225343798673e+00
2.324131291090036910e+00
2.397852971160014945e+00
2.424874411809914143e+00
2.458852517990059106e+00
2.597369627823127747e+00
2.222796540489147876e+00
2.323805335891497847e+00
2.428925146455995776e+00
2.294889680732081327e+00
2.562015056048957629e+00
2.349928695759607500e+00
2.531690862901660566e+00
2.464302048603935091e+00
2.518428498973161567e+00
2.549510000905589102e+00
2.393094339578966334e+00
2.561303532681507900e+00
2.508569415104627609e+00
2.440654793432329495e+00
2.286449179581863334e+00
2.318167463161719066e+00
2.333178908293438436e+00
2.418971249387837918e+00
2.244138463672549655e+00
2.288916511351378080e+00
2.165283382118217581e+00
2.514893808244523576e+00
1.974776347751578731e+00
2.308323589782078411e+00
2.147417178570313556e+00
2.484045048769408126e+00
2.414404493427829923e+00
2.242288728632094053e+00
2.122809218852735658e+00
2.387799124417857577e+00
2.402772996817329254e+00
2.329227661723858755e+00
2.689015853984748183e+00
2.559166167580175788e+00
2.195051869877972628e+00
2.445116349552350243e+00
2.406832955301596577e+00
2.481133513663575485e+00
2.501521496056165361e+00
2.782586942553012310e+00
2.399806362047023356e+00
2.504620951861833866e+00
2.591489696811845267e+00
2.316438803790776824e+00
2.425913317544762471e+00
2.505630817489636897e+00
2.373288705339981597e+00
2.258685086241160267e+00
2.450601468767653390e+00
2.496979151871420388e+00
2.397951620242194437e+00
2.462230348319773388e+00
2.300057451309627243e+00
2.230484337532133043e+00
2.241522573114939743e+00
2.292199366826602969e+00
2.400330684269312620e+00
2.336012197867479045e+00
2.697084637473031510e+00
2.277913151454721952e+00
2.283847375761507426e+00
2.474966121297919042e+00
2.444044690510518425e+00
2.718565340029098110e+00
2.902437973794403270e+00
2.828819476925600540e+00
2.560262020108282854e+00
2.670268733309905329e+00
2.514848514633738041e+00
2.492744756639290848e+00
2.610015156053616892e+00
2.563557864002242503e+00
2.512046994951329992e+00
2.508739120979340598e+00
2.520791561829684113e+00
2.427465242156990222e+00
2.516111713102498371e+00
2.249663994702218783e+00
2.278875970960922537e+00
2.632107489059663408e+00
2.380116380206974025e+00
2.807928822899628418e+00
2.621642575804249642e+00
2.507041301139730560e+00
2.537551951869000622e+00
2.506086291242265229e+00
2.557947591104613672e+00
2.674815704685085560e+00
2.387602517570112326e+00
2.553182567273012182e+00
2.650145944426816946e+00
2.445808130097418598e+00
2.440618759863443010e+00
2.509163808638597892e+00
2.577551485882846105e+00
2.520343484832987091e+00
2.535128744443083004e+00
2.727449008041825440e+00
2.603179692904190379e+00
2.306154395074877517e+00
2.273604242120527807e+00
2.277996774573568750e+00
2.270711025910894243e+00
2.200527708477742372e+00
2.320196514492300910e+00
2.137106127303672665e+00
2.177871590533907220e+00
1.953808276912168518e+00
1.989111826234796210e+00
2.262015762251436524e+00
2.257973033912829663e+00
2.291365799356331667e+00
2.245402591196567155e+00
1.926128264869987783e+00
2.272897686442103105e+00
2.434491329974423746e+00
2.528618106297896517e+00
2.529049523486556872e+00
2.350161560836452335e+00
2.294071773392980962e+00
2.341127909863795153e+00
2.324718919757986502e+00
2.260965718044094963e+00
2.506186753970052639e+00
2.578179209800009808e+00
2.601686691788367423e+00
2.185974250912927186e+00
2.579962740973681168e+00
2.441312750477500515e+00
2.579591508771953645e+00
2.455925753478132911e+00
2.703390077637112032e+00
2.533382315733600176e+00
2.614853731145014404e+00
2.696694811840861128e+00
2.516836708114260635e+00
2.482346643871909730e+00
2.638486465494848332e+00
2.785766235185407780e+00
2.672509203381816967e+00
2.667451262037084270e+00
2.743859542724115919e+00
2.712085497177584958e+00
2.535819055783208320e+00
2.642566981539898219e+00
2.587068758829305093e+00
2.296233149270036744e+00
2.421991904670018236e+00
2.487188751523153663e+00
2.287918068228451229e+00
2.410311843850198699e+00
2.206075957550976963e+00
2.453453009230746940e+00
2.289190545385137554e+00
2.256911659975808782e+00
2.308275064178257452e+00
2.277376096189860810e+00
2.221006857178624561e+00
2.222928590264306337e+00
2.344362950230927112e+00
2.587700782514798625e+00
2.281022439509251321e+00
2.508889203655952471e+00
2.439937932157675515e+00
2.442667572386401975e+00
2.412041511660758086e+00
2.380977801259347881e+00
2.304449703933711291e+00
2.138662537574492095e+00
2.424667751979279640e+00
2.416377372588182748e+00
2.261276800326899039e+00
2.302496791719764513e+00
2.361368184869810705e+00
2.300741558389665542e+00
2.483766881074460198e+00
2.491508730964299811e+00
2.525805718462236449e+00
2.380473231849161486e+00
2.490458857029716810e+00
2.658031601431870339e+00
2.520393048576429873e+00
2.452069248226372178e+00
2.662857156713158702e+00
2.515687909382884335e+00
2.355862140546668648e+00
2.554593415669540235e+00
2.507662118052435218e+00
2.496513500556872156e+00
2.409113127215697592e+00
2.562672159425749552e+00
2.648775220815657416e+00
2.586085825520910486e+00
2.542678702329731699e+00
2.515044172557425739e+00
2.644846389870112890e+00
2.682530769894787781e+00
2.451475909903146011e+00
2.707379763485963764e+00
2.558560013207554107e+00
2.539845741863365980e+00
2.797518368985932646e+00
2.450449402500666451e+00
2.606420437191849349e+00
2.616911969052472919e+00
2.602806464765823780e+00
2.470753546850500637e+00
2.587013312103878970e+00
2.713964892445706045e+00
2.439254770192552435e+00
2.034153916341137958e+00
2.013748902597397805e+00
2.217011493547671019e+00
2.299674603820723640e+00
2.217927684660023768e+00
2.234270035082412953e+00
2.212487722927966249e+00
2.105395098431082523e+00
2.115906028201869127e+00
2.263342131948505642e+00
2.043430138900237836e+00
2.089485831304062291e+00
2.273214675677285967e+00
2.375510531397971192e+00
2.157911696727386364e+00
1.953965745163596779e+00
2.429611249727596345e+00
1.968697674566109779e+00
2.228187868066314081e+00
2.203860633299726146e+00
2.596073259946391154e+00
2.201672961192295830e+00
2.162112654857443417e+00
2.376909469974980649e+00
2.384784979215555989e+00
2.115954385196647358e+00
2.289151040874942922e+00
2.450696238921789227e+00
2.286319055925769561e+00
2.259754134120896207e+00
2.296812935476279183e+00
2.228477220594420327e+00
2.455741233968979476e+00
2.502024501879409168e+00
2.487653720040703398e+00
2.612645524191593349e+00
2.328209154208354281e+00
2.287741539007843272e+00
2.311075966981703811e+00
2.482993583224128109e+00
2.690696281581436367e+00
2.556299798168451876e+00
2.516372439708273845e+00
2.491614431062623591e+00
2.534289334988310216e+00
2.495325621388730930e+00
2.443203702177513481e+00
2.517479993379137415e+00
2.310177123992800841e+00
2.252171757942853070e+00
2.331722050737616403e+00
2.319602710737532991e+00
2.366930634917071341e+00
2.091164066752289052e+00
2.408474924592443500e+00
2.188145846247450788e+00
2.441422661782009840e+00
2.059500739089057841e+00
2.205328562132119252e+00
2.476225635392398594e+00
2.119520260559629943e+00
2.548302595510319790e+00
2.065382848991573095e+00
2.320402259478461016e+00
2.155417728972511160e+00
2.425061909433833041e+00
2.319524541324901268e+00
2.101854389888918817e+00
2.415770995191827808e+00
2.274367663044818855e+00
2.465206360611763792e+00
2.222401191860357894e+00
2.618239132321814377e+00
2.505950465410252903e+00
2.566204572529263039e+00
2.555769658000821121e+00
2.139202062593835940e+00
2.548461419518905924e+00
2.541788380743907894e+00
2.748677514628125707e+00
2.405284521187781799e+00
2.262980073613101162e+00
2.384553963010662248e+00
2.492391152781043395e+00
2.455894239724038197e+00
2.287317108101391216e+00
2.450908115449841773e+00
2.496000583368171544e+00
2.215854480387660530e+00
2.518237367391527037e+00
2.413859365078981689e+00
2.568570781858579899e+00
2.389587605019356076e+00
2.413126566615996893e+00
2.053375663801781048e+00
2.190457642015062767e+00
2.235728713334702800e+00
2.483451455336041391e+00
2.519864392543272213e+00
2.420609605891649974e+00
2.672499276100088750e+00
2.201248165670078638e+00
2.263552502925243903e+00
2.536047546282420573e+00
2.706888123022133552e+00
2.525728558865669271e+00
2.596879815347277631e+00
2.856155664530188432e+00
2.562190201802946099e+00
2.540183170923468126e+00
2.414552245534133501e+00
2.463479156896984712e+00
2.545634182626865805e+00
2.462936972603465335e+00
2.564807905180103376e+00
2.598787311177868542e+00
2.229388128238841471e+00
2.123156458156928661e+00
2.631436665647159945e+00
2.394805267020265305e+00
2.517958543321289433e+00
2.291785028712785000e+00
2.517107890703469408e+00
2.566247253785856053e+00
2.592321475280767284e+00
2.474439600375320847e+00
2.541384619962869351e+00
2.760565714647535529e+00
2.298595353990620094e+00
2.448382843758855287e+00
2.626695960841411104e+00
2.594463078132387412e+00
2.596301507139703979e+00
2.578791489368595258e+00
2.205196281105223033e+00
2.649755742202328346e+00
2.574719720541097878e+00
2.374088008694152485e+00
2.588109320917745926e+00
2.362047384223071145e+00
2.544662842128380120e+00
2.306534470965521777e+00
2.604676704415296751e+00
2.556629265896600334e+00
2.375599675838727887e+00
2.678715476813115171e+00
2.647088555959164591e+00
2.701860956127109858e+00
2.093930673399876152e+00
2.166956436300126576e+00
2.209267448142487211e+00
2.280462400559972291e+00
2.065575209280576363e+00
2.350978581746675289e+00
2.300867129451451110e+00
2.229878224176643720e+00
1.971603222835085045e+00
1.893885552593222554e+00
2.020089799828362231e+00
2.247527017840963648e+00
2.241013149540902027e+00
2.158790291784951965e+00
2.153390815953584614e+00
2.453620137001463863e+00
2.236882559550363414e+00
2.559043819189558366e+00
2.589510095781512700e+00
2.702948958529013623e+00
2.415349627179403047e+00
2.505398538602752634e+00
2.464107580711964118e+00
2.503081111624868793e+00
2.444355434136941785e+00
2.410655716114476821e+00
2.180396391748780083e+00
2.387981730752822163e+00
2.585796209241784993e+00
2.420431510994231594e+00
2.444192649257165062e+00
2.556295036132391285e+00
2.525970021150564015e+00
2.477615708248387172e+00
2.351494691594681274e+00
2.596085197281572388e+00
2.438197609442772862e+00
2.692673855122465376e+00
2.332664316498700430e+00
2.611653558370019557e+00
2.424497439426160028e+00
2.649369869138910261e+00
2.377121315002879598e+00
2.588341293894441453e+00
2.579028658389175277e+00
2.609785923643507921e+00
2.420809388991383315e+00
2.570469803405314835e+00
2.679008305992493177e+00
2.741614429091552729e+00
2.653529512924847733e+00
2.579970288691711744e+00
2.479167236732163548e+00
2.539325296416246491e+00
2.637691015932501326e+00
2.075722513839362460e+00
2.269548071296317193e+00
2.287977837333829090e+00
2.343016544502793064e+00
2.552536242076775874e+00
2.524232925258846905e+00
2.549305118045638086e+00
2.599207491893477329e+00
2.316106628961275060e+00
2.410455913754221857e+00
2.226664935859549388e+00
2.222696436527630937e+00
2.316860063383530566e+00
2.282244447157370626e+00
2.198461339264699888e+00
2.255391506415106662e+00
2.193724893253384600e+00
2.268810280345079367e+00
2.377691399713605325e+00
2.138802914024052537e+00
2.470429189377853607e+00
2.450895824945078960e+00
2.101078981279474789e+00
2.441959028129131681e+00
2.252974530153057486e+00
2.376648223294126616e+00
2.504489613787861835e+00
2.416320596758009920e+00
2.618191132349696026e+00
2.512433621654771354e+00
2.515124342609297070e+00
2.522069576952957526e+00
2.359066337221231713e+00
2.539455676674029494e+00
2.428747199907349774e+00
2.487982294999895760e+00
2.725941354294855845e+00
2.721490731455912027e+00
2.657512851124605113e+00
2.682389482699979233e+00
2.475667350697557723e+00
2.449933320074003884e+00
2.465282234091934477e+00
2.554593474737533843e+00
2.449345327843745146e+00
2.502101387277605227e+00
2.607004509739801801e+00
2.545513921469319207e+00
