2.299523451388094220e+00
2.193838022630244744e+00
2.401401720270194939e+00
2.211093425443199756e+00
2.260129085728970644e+00
2.199313452052302331e+00
2.197471693720002506e+00
2.383173611120024571e+00
2.207113614672842505e+00
2.255268761452997150e+00
2.127269660204652801e+00
2.144611079374315832e+00
2.238097220562786038e+00
2.257538194980436952e+00
2.101744912088985728e+00
2.240653353239292045e+00
2.247504315873114056e+00
2.057671775876530162e+00
2.347541096886418543e+00
2.214189858345327444e+00
2.118030337758495918e+00
2.222774551824824751e+00
2.582332272026427678e+00
2.411595718133986654e+00
2.245745234607892105e+00
2.306308110067011530e+00
2.329752714088231258e+00
2.098491560664117017e+00
2.343464889704631737e+00
2.252039542563470498e+00
2.347487395615619477e+00
2.482048061671117356e+00
2.239944021664884044e+00
2.357545579897941224e+00
2.498684379252598120e+00
2.462494820591600408e+00
2.592733437447772182e+00
2.551922242875979574e+00
2.499232759602945109e+00
2.184705985842150255e+00
2.196914584439463969e+00
2.476891138764267808e+00
2.389288986437783535e+00
2.479527514703713020e+00
2.306420033833174621e+00
2.398250417723138739e+00
2.387086742401480777e+00
2.343054355058340921e+00
2.386353635109743632e+00
2.125878320456723980e+00
2.282033428444340206e+00
2.404243534686219874e+00
2.230060212290963850e+00
2.142064969538211461e+00
2.172757837203553866e+00
2.222693563151691087e+00
2.400335960444961003e+00
2.186570046489189956e+00
2.248519548970167925e+00
2.183826418974009975e+00
2.579595592065285548e+00
1.998270514447924695e+00
2.251776558221403768e+00
2.173254745642846597e+00
2.480231086366005755e+00
2.522537320814336237e+00
2.172601136819344525e+00
2.214897435141499393e+00
2.344214019801448501e+00
2.435128840232546388e+00
2.406726167172896780e+00
2.445643590602399442e+00
2.610056774853254158e+00
2.285444936003889538e+00
2.534683191650497935e+00
2.320359867705463319e+00
2.319496176639006979e+00
2.316896006721969936e+00
2.495094751375776632e+00
2.347631656409640666e+00
2.369764606149680652e+00
2.277489807101806818e+00
2.423985733257422392e+00
2.416775608167494038e+00
2.220935783174684541e+00
2.273009957921992452e+00
2.162350488666307857e+00
2.446338023805122663e+00
2.381756021939460677e+00
2.307030555372193259e+00
2.309892767534558633e+00
2.207739147016736680e+00
2.296289996211795970e+00
2.148468107778877201e+00
2.212717223192244287e+00
2.274970136874529647e+00
2.326986359748715483e+00
2.558330038153657782e+00
2.441274982126536042e+00
2.207744512882810817e+00
2.466472859618602964e+00
2.521081022054313170e+00
2.695823825350431413e+00
2.615835996887954984e+00
2.648011011536461456e+00
2.538558628275879414e+00
2.644512987815166305e+00
2.539549331369655771e+00
2.573481522130420807e+00
2.645023618547865496e+00
2.658444172506942316e+00
2.434146955232184162e+00
2.222489342799117473e+00
2.367685916359627107e+00
2.236835074168631809e+00
2.404576907373908501e+00
2.115475577004068519e+00
2.150477243873177624e+00
2.719572970897885966e+00
2.363454676141371280e+00
2.640534058903688752e+00
2.623175804354376250e+00
2.483170441001051554e+00
2.561494831779710157e+00
2.698454550657539475e+00
2.458200548987217182e+00
2.731552279688332696e+00
2.540367581816363352e+00
2.697665862615519217e+00
2.697394977116331471e+00
2.458470895079021279e+00
2.491354692009745797e+00
2.636268759452502497e+00
2.396942200649182286e+00
2.369444127314442206e+00
2.657216506425777780e+00
2.486788186490560992e+00
2.647072150190715512e+00
2.184325317107048026e+00
2.264369185397705042e+00
2.147948315009548192e+00
2.214071510895551764e+00
2.077254722553903310e+00
2.381028772346094780e+00
2.258602910735531655e+00
2.129952376442714179e+00
1.715098255623239254e+00
2.110771567380737235e+00
2.385358301635036149e+00
2.279194480871241435e+00
2.352746654742776222e+00
1.597253123499945637e+00
2.069598146157966223e+00
2.337962478275810163e+00
2.348092248159886264e+00
2.398925344501340096e+00
2.334361693490309975e+00
2.285100305563792400e+00
2.326346604995206846e+00
2.172643484111657308e+00
2.095074210481035593e+00
2.132742586045451638e+00
2.495003053464480036e+00
2.649834646151088879e+00
2.654957093395649004e+00
2.228174181367252427e+00
2.476864941564142164e+00
2.517530516687202180e+00
2.592497687821209595e+00
2.492884026440824741e+00
2.728706862545400735e+00
2.512547871694179147e+00
2.715427270038659024e+00
2.721135520030256938e+00
2.549876114280088313e+00
2.484030946280844976e+00
2.781626334531289046e+00
2.688713586794169164e+00
2.644243280551282105e+00
2.753261618612971695e+00
2.754618242819005580e+00
2.729858757575470030e+00
2.551950541960857688e+00
2.664818892060755395e+00
2.708706161242641741e+00
2.231432753590133711e+00
2.337447936898810585e+00
2.374748520536939189e+00
2.161867381510944153e+00
2.247524661813661062e+00
2.177752300079285330e+00
2.417403522345271671e+00
2.222003697506559128e+00
2.224897886591998386e+00
2.320642297584639469e+00
2.353225242196758771e+00
2.187604271155856761e+00
2.111166736681770129e+00
2.305075913127980325e+00
2.297545058651803807e+00
2.153010299929305482e+00
2.456149885993005544e+00
2.243166675114370179e+00
2.293552062987421092e+00
2.403833296370251560e+00
2.301234725524472946e+00
2.219108140961329134e+00
2.127597944009475661e+00
2.288135016640676422e+00
2.231356009103484528e+00
2.219014879446281174e+00
2.197086709111062852e+00
2.357179993143180941e+00
2.470794338268121670e+00
2.468928118327966992e+00
2.464354234285149214e+00
2.450774402250698536e+00
2.404981522060175791e+00
2.512809312628850655e+00
2.749103369320705870e+00
2.498108559804137485e+00
2.413354563472246639e+00
2.608534584054617689e+00
2.571365198970108068e+00
2.542263095094598135e+00
2.616084725126481825e+00
2.629898109369163350e+00
2.506160835727048841e+00
2.491604901007407946e+00
2.678957673470168110e+00
2.730070375065412946e+00
2.660887292881204402e+00
2.728051381783740847e+00
2.642296785033471096e+00
2.672541794290119288e+00
2.709967604705965094e+00
2.544707155426349843e+00
2.747447378989061217e+00
2.514201969316470553e+00
2.517668498073794670e+00
2.865054175925441982e+00
2.483109468472464165e+00
2.563767548261870477e+00
2.630447460529659498e+00
2.552883253294187860e+00
2.478152974132324715e+00
2.638933689709495045e+00
2.531270032720831065e+00
1.934261738547950582e+00
2.211989872337428942e+00
2.073716875809487270e+00
2.236978307904191610e+00
2.277778799559018186e+00
2.271272359599294521e+00
2.170147852994830373e+00
2.238518572367346415e+00
2.025367365684383358e+00
2.314743156302420335e+00
2.148846611902003101e+00
2.081011150624246575e+00
2.110979230479917312e+00
2.271690736981886616e+00
2.407618099516128041e+00
2.065217531663800177e+00
2.036588280959421571e+00
2.409811248329061240e+00
1.979946704442166139e+00
2.155908725936320103e+00
2.118994186354697717e+00
2.564503094653455939e+00
2.105036188236320882e+00
2.084587236493926632e+00
2.339575521237548195e+00
2.284353362462758774e+00
2.079004950542826080e+00
2.220877843031947574e+00
2.406540068124768172e+00
2.204199505870247044e+00
2.232484680446035874e+00
2.102666879543794387e+00
2.112956302320856850e+00
2.334542436368643781e+00
2.409025584371007334e+00
2.510081703220679916e+00
2.619510253785511722e+00
2.211096270043430678e+00
2.252289179453458523e+00
2.306134604758798723e+00
2.319814330639631272e+00
2.563814291783130361e+00
2.514391473459017590e+00
2.399616363719589085e+00
2.319440450150814570e+00
2.367969951276809759e+00
2.379339351687524307e+00
2.311452577150479026e+00
2.433454362603678423e+00
2.215531705796343509e+00
2.092983166643770154e+00
2.251853166837387565e+00
2.305134827240290285e+00
2.191153658681796568e+00
2.042967161901753315e+00
2.446111775838451852e+00
2.254418088311671120e+00
2.456305670843084599e+00
2.238270099309119576e+00
2.247832548320530588e+00
2.399891369983386813e+00
2.216728031121409703e+00
2.518393562832259125e+00
2.189609931171677015e+00
2.427262251556669082e+00
2.296244673378835977e+00
2.449932816007726277e+00
2.343000388656669486e+00
2.200417673949971231e+00
2.429608414406083661e+00
2.243981569837536494e+00
2.527390170296258898e+00
2.415181362949623711e+00
2.471469415537270287e+00
2.276958305702773799e+00
2.268085387561640687e+00
2.597057119820200377e+00
2.277327808530552389e+00
2.270259292481293212e+00
2.398817980465699051e+00
2.487375488138682478e+00
2.390647624270765714e+00
2.310463895199882600e+00
2.240436028767541554e+00
2.151740413170457611e+00
2.053359078141311578e+00
2.306903039218161311e+00
2.399496867753693419e+00
2.464753292523912176e+00
2.452352755525346595e+00
2.503851535184398625e+00
2.242515319685449704e+00
2.427172992415884245e+00
2.487936033477879505e+00
2.225740741916308885e+00
2.141615037960153067e+00
2.220593112327815088e+00
2.373081057504850655e+00
2.474373923513198292e+00
2.505200427984852318e+00
2.326075129848712120e+00
2.662411780445260945e+00
2.212243443917671026e+00
2.325847404347819669e+00
2.459159026746258636e+00
2.739628401003258329e+00
2.536355565116947819e+00
2.737313536907673761e+00
2.738572063168974502e+00
2.517318470472225123e+00
2.569180086294891030e+00
2.697460995363720304e+00
2.568181025485545721e+00
2.507324848315146681e+00
2.561462732344289339e+00
2.542191884733827401e+00
2.635413919005154870e+00
2.323767032692715784e+00
2.223504513195729615e+00
2.509652355844115057e+00
2.220568027059867333e+00
2.515151182149077513e+00
2.196120567156431225e+00
2.339515779112593119e+00
2.434920138205433737e+00
2.591726741588329386e+00
2.381001465355111701e+00
2.660075433982854953e+00
2.732752545026137625e+00
2.521101610100811463e+00
2.497591086971787444e+00
2.635768201576431657e+00
2.593557105332517043e+00
2.640824513032104637e+00
2.562620583574434008e+00
2.503387915633289218e+00
2.694234665767238024e+00
2.640367432516132151e+00
2.474861849234411881e+00
2.705579638854012980e+00
2.383110810726813078e+00
2.441846804280546568e+00
2.344772637379206603e+00
2.679356235934692965e+00
2.451218708364359955e+00
2.341171107496051285e+00
2.637812347281514036e+00
2.613882922730148106e+00
2.718173355143078229e+00
2.092872347522833021e+00
2.197317723123847433e+00
2.212582339713599300e+00
2.245694391974467408e+00
2.143486373931039690e+00
2.161218138597512883e+00
2.310557413059226572e+00
2.014683035124521293e+00
2.120010226739680981e+00
1.850233105245384868e+00
1.970569994771672162e+00
2.174120048110282255e+00
2.136735426599075005e+00
2.135626261709992590e+00
2.040053727597350708e+00
2.027281616944549114e+00
2.260300891600350415e+00
2.562518475168917842e+00
2.649260934604940054e+00
2.644149801696133562e+00
2.271258628784588396e+00
2.476657615628164333e+00
2.468446240044150475e+00
2.364004465671227351e+00
2.438295632542843983e+00
2.508357068529174505e+00
2.302027237857474429e+00
2.400328656520121839e+00
2.603113897329297988e+00
2.544567614869742478e+00
2.459116249001011223e+00
2.557658187957314588e+00
2.473696733901589173e+00
2.577278524367009105e+00
2.458590161597127288e+00
2.593247346392960395e+00
2.565890090487141784e+00
2.633438842920071910e+00
2.437161182017703709e+00
2.536655147019087675e+00
2.584117834532748237e+00
2.689645234889002090e+00
2.383747552586984231e+00
2.643142134020821654e+00
2.713749693153829856e+00
2.664710148869133821e+00
2.430959258289207892e+00
2.675856439738674375e+00
2.773209337171949063e+00
2.795485087795554158e+00
2.783716785253224746e+00
2.678164687411936473e+00
2.545323485127092944e+00
2.592840083662161899e+00
2.708588600813891301e+00
2.329073930700866324e+00
2.314164953368689215e+00
2.422203981530441919e+00
2.281369642920695995e+00
2.492363999083079928e+00
2.568370575049695237e+00
2.552935228953368885e+00
2.557538364517179641e+00
2.162770882577914389e+00
2.148588560335566555e+00
2.223401527569043523e+00
2.223324996374887785e+00
2.325218509756473928e+00
2.271160446913912612e+00
2.330331624931612833e+00
2.239687251507461507e+00
2.149636251379758001e+00
2.235400459759923741e+00
2.347192098909915536e+00
2.238918415727069178e+00
2.473384807649505301e+00
2.597082269210792660e+00
2.192291005735206522e+00
2.227010523854886515e+00
2.365461186060962895e+00
2.461272595121047235e+00
2.542190943291134264e+00
2.431735242541011033e+00
2.565936579796588290e+00
2.525998697573669016e+00
2.484003466805948968e+00
2.581919330634305787e+00
2.395840612013768300e+00
2.693138177132655908e+00
2.594469419501023388e+00
2.542318426944969456e+00
2.725577792059762583e+00
2.685098684249975332e+00
2.523621441805352195e+00
2.793346682396373293e+00
2.549624035442749292e+00
2.451120431894563190e+00
2.493069705753552245e+00
2.610793564076423490e+00
2.508539687821262465e+00
2.497007166176266502e+00
2.665314448335316833e+00
2.653864586879044918e+00
