2.155766763893991023e+00
2.133100322991162479e+00
2.228072651891564782e+00
2.178820550383773647e+00
2.172450029327504417e+00
2.113797666937796027e+00
2.141150720595255130e+00
2.287735213372937171e+00
2.078870430717239426e+00
2.014144067722513753e+00
2.018699901417037701e+00
1.967793845959489918e+00
2.030739820831956255e+00
2.214730563254076579e+00
1.997330265758166190e+00
1.997671090439216313e+00
2.360000686417485838e+00
1.999333806318033480e+00
2.388719246366258542e+00
1.991040710934001368e+00
1.997603584969140700e+00
2.041174237391389479e+00
2.496019013149174626e+00
2.403433828506646996e+00
1.992348518763956244e+00
2.272637189398019508e+00
2.141572674159817335e+00
2.059170512959819010e+00
2.364084271437730589e+00
2.025901560158954506e+00
2.100464484246456820e+00
2.458458387195480821e+00
2.089522501354776907e+00
2.190473408911695508e+00
2.278996040295201642e+00
2.382580029284520506e+00
2.322273374865725160e+00
2.447315239977351897e+00
2.370545843941845199e+00
2.147307015561225718e+00
2.208289334901384571e+00
2.439745876271734559e+00
2.392093776433197760e+00
2.443021806323803169e+00
2.345187623044709735e+00
2.396538761178834243e+00
2.372599088464578898e+00
2.465560710232935993e+00
2.330725763390818273e+00
2.242166321051861644e+00
2.639852195535163037e+00
2.328771588887131205e+00
2.415196400626988371e+00
2.302672837439060149e+00
2.218664578290156619e+00
2.221231715286396291e+00
2.384845848549529190e+00
2.127107731310406979e+00
2.185953154355219308e+00
2.188801245998793554e+00
2.365185284604798266e+00
1.961278747426611568e+00
2.188032971958815853e+00
2.093607612846413168e+00
2.351471745378010958e+00
2.508110134793091639e+00
2.123185681639853328e+00
2.083260070571247180e+00
2.223574181067993649e+00
2.276241397521538090e+00
2.225288268094742783e+00
2.407376426937747560e+00
2.533537297047479431e+00
2.200808235673259006e+00
2.390279682546459394e+00
2.222265985484908501e+00
2.231065928945701327e+00
2.384932473756042448e+00
2.433589223315952399e+00
2.313705596438906831e+00
2.359708475582511511e+00
2.365889011680329723e+00
2.143359799302412050e+00
2.210983917048948033e+00
2.281610806571819250e+00
2.138547451761670271e+00
2.155095643717299225e+00
2.302637465797560790e+00
2.345786792900161899e+00
2.367998355075602746e+00
2.290710549921581407e+00
2.333509354722129281e+00
2.235634428526520168e+00
2.101307173251623528e+00
2.227310745156614313e+00
2.279189801418783912e+00
2.409813842144945539e+00
2.416640191338235599e+00
2.214493988726317308e+00
2.159649233192653117e+00
2.199917588280642100e+00
2.346879260523600852e+00
2.551731200040204595e+00
2.618234050536534241e+00
2.503194364467456356e+00
2.535289185964453296e+00
2.462702901757549689e+00
2.512348188037297980e+00
2.437141841826111488e+00
2.495022612407856055e+00
2.489569370324869357e+00
2.461994285398410032e+00
2.431435963550789836e+00
2.342209117537793706e+00
2.291201726063362365e+00
2.383630277560529365e+00
2.298615182389678768e+00
2.039744792498323189e+00
2.460082378504259371e+00
2.266710016976310360e+00
2.666229808980402627e+00
2.575244148796787869e+00
2.411084031416607765e+00
2.520454217450561973e+00
2.479897774372252339e+00
2.456068533191931191e+00
2.551251780376245559e+00
2.111957857992227794e+00
2.468806633274628126e+00
2.403335441986258925e+00
2.313512090941445276e+00
2.343545437542194243e+00
2.546150472501242490e+00
2.427289486548923403e+00
2.201689475280948827e+00
2.540348935579820555e+00
2.604855846380376594e+00
2.543182181159065802e+00
2.263031299058683832e+00
2.193156838534016995e+00
2.165268375002793011e+00
2.136088669831106568e+00
2.244565697760202649e+00
2.193878879372425761e+00
2.034477322108296793e+00
2.001988869466531096e+00
1.924530075579003574e+00
2.115240766211803347e+00
2.097454784778493675e+00
2.216081869584451969e+00
2.141396253615238887e+00
1.815576300890890726e+00
1.944035912526913767e+00
2.097974047941030484e+00
2.233871449417182742e+00
2.378270552921140535e+00
2.368890417702230522e+00
2.279982469108194909e+00
2.344511220805884921e+00
2.386470831857689046e+00
2.285281647245906544e+00
2.238174321452179871e+00
2.354285639843144207e+00
2.525703892716640642e+00
2.478997442264847084e+00
2.127213018635401021e+00
2.160839476462559361e+00
2.170824932976738619e+00
2.201078405427133955e+00
2.185541998327449775e+00
2.233843038178530804e+00
2.159605900462641337e+00
2.405997057670155481e+00
2.089157628594854987e+00
2.111716838324551482e+00
2.321653328658278337e+00
2.505842760546299619e+00
2.566784302369682358e+00
2.561419023343197932e+00
2.595483421662920342e+00
2.663264164902733100e+00
2.664746699447317457e+00
2.390259281490535681e+00
2.443972357916848193e+00
2.540526232560040842e+00
2.155511867330070164e+00
2.343069863732721192e+00
2.436622467940099401e+00
2.126923716840846357e+00
2.220169511536814522e+00
2.143854117532540293e+00
2.371859802289089103e+00
2.314996226122513434e+00
2.239522063863483847e+00
2.322934010294969820e+00
2.289542000406221245e+00
2.343508404817037594e+00
2.260920620581804208e+00
2.329439403079448301e+00
2.354717057201483943e+00
2.256077851559202596e+00
2.377952926189350169e+00
2.309436297223177892e+00
2.321221381662694760e+00
2.383991444135361792e+00
2.352946040467426947e+00
2.302328123013826833e+00
2.090275289120596902e+00
2.226983300720961179e+00
2.124540772916787112e+00
2.177214606748508974e+00
2.251663706993004777e+00
2.232848296071709981e+00
2.188267133306221357e+00
2.107622621138616648e+00
2.309903752274601096e+00
2.377304732792989928e+00
2.242680598531062497e+00
2.210597489163014462e+00
2.359148055388934573e+00
2.336428112206820895e+00
2.256065131667962742e+00
2.425937232521767406e+00
2.277641797225168130e+00
2.106720691762666409e+00
2.175505260578801892e+00
2.325067309289401862e+00
2.130244117163643924e+00
2.208628836627001490e+00
2.240094243241242733e+00
2.241233110631225323e+00
2.442583343539982632e+00
2.237721851235134007e+00
2.203146307740613707e+00
2.369458739270366543e+00
2.589909703158930654e+00
2.438315836844687556e+00
2.595875636105917206e+00
2.564612670990892074e+00
2.480046826376988367e+00
2.709689159896462307e+00
2.499177143248906052e+00
2.506907001432731708e+00
2.428006104605426430e+00
2.529427931969788101e+00
2.331847923279712465e+00
2.580117884764800973e+00
2.638558438794650574e+00
2.085686888397719319e+00
2.243728265331051741e+00
2.099856905877969471e+00
2.190929661173233178e+00
2.257292303680276557e+00
2.206016390977071584e+00
2.217236782837403997e+00
2.144577744993478419e+00
2.093090483551411918e+00
2.157951362028408315e+00
2.224397620032287470e+00
2.096681593252709863e+00
2.064778782601796259e+00
2.043592344566588448e+00
2.374667135296476328e+00
2.128540579984370851e+00
2.121174144639790704e+00
2.426724256972628169e+00
2.063095500398732351e+00
2.199589451102477167e+00
2.092620117479288666e+00
2.595831512841942246e+00
2.043233624413473670e+00
2.130806776545035586e+00
2.388022343836484485e+00
2.516647278054522818e+00
2.111571262412860417e+00
2.235597471592117635e+00
2.361674682809089987e+00
2.188800431433278515e+00
2.281332560337783200e+00
2.285363322779408790e+00
2.123920149105011479e+00
2.292838368245557312e+00
2.443961141482710708e+00
2.456195084269644724e+00
2.416633130181457201e+00
1.891127798709556940e+00
1.816920408535224851e+00
1.824928849369321870e+00
1.799095159462135829e+00
2.414359815105350915e+00
2.549261700031867584e+00
2.362525681533687472e+00
2.146656223557509957e+00
2.198061844320121416e+00
2.486387055396112711e+00
2.455618792618425417e+00
2.432365704170447618e+00
2.292051284059319016e+00
2.248818640715201322e+00
2.360815441997852648e+00
2.258528421484835569e+00
2.182808374828401288e+00
2.175719551380353334e+00
2.342963682708645301e+00
2.222214322899308758e+00
2.339463420095595048e+00
2.110145001370223206e+00
2.307412577800907361e+00
2.388460130251847779e+00
2.096300170039883337e+00
2.515388799652011453e+00
2.150028733125624036e+00
2.399593844001765230e+00
2.166585609034464621e+00
2.272481885370098098e+00
2.221034290039250791e+00
2.157025036332516521e+00
2.410435455106839875e+00
2.327740228473769601e+00
2.290252822455801862e+00
2.320427697457814631e+00
2.455575890369391612e+00
2.267053262306542027e+00
2.389707131882537361e+00
2.415280898986109204e+00
2.208095742692452568e+00
2.320540409753588218e+00
2.412112401555367658e+00
2.427922205042299719e+00
2.309636654726161975e+00
2.277725504050774230e+00
2.201974690167439963e+00
2.344159677173917267e+00
2.211003648523799381e+00
2.240530056049358620e+00
2.282996782046150308e+00
2.316945128804967613e+00
2.278733176790065151e+00
2.365211410887980481e+00
2.264794592300523934e+00
2.328683756915594483e+00
2.369594629731112345e+00
2.226472455632321878e+00
2.122021481453310709e+00
2.233800633235967226e+00
2.221142029087890268e+00
2.113437222852037944e+00
2.436633078316583934e+00
2.181822938031188652e+00
2.516576326168606936e+00
2.191706429429875591e+00
2.331429158429600967e+00
2.338248028709186244e+00
2.616101157414914447e+00
2.353010779934941343e+00
2.566576971863890222e+00
2.600036528777599276e+00
2.476014296740047360e+00
2.461251203006547872e+00
2.545573647375118043e+00
2.441206371485888926e+00
2.430101850936116747e+00
2.484844783720542516e+00
2.420788108810341122e+00
2.289086574179338918e+00
2.308584546367371537e+00
2.148043889923596517e+00
2.219555220818538288e+00
2.248522740640909401e+00
2.234255656369954490e+00
2.286468506869342665e+00
2.240072042951682274e+00
2.240407592754355637e+00
2.496470335255344342e+00
2.272262064514124269e+00
2.530159453717037543e+00
2.465008158385868953e+00
2.371967998945201384e+00
2.394085310233085906e+00
2.457133034552984263e+00
2.499142283695356070e+00
2.520326640525774042e+00
2.409701996490587472e+00
2.057231710949272596e+00
2.619301398975194317e+00
2.426037535160372904e+00
2.302588273683026099e+00
2.511656142696220950e+00
2.334479363765145976e+00
2.482809056432359718e+00
2.359666299724390903e+00
2.628086620635603055e+00
2.696242956597589391e+00
2.307814941022162003e+00
2.625415661466657724e+00
2.569069557920327540e+00
2.585821734702464791e+00
2.039922095997674489e+00
2.069852415269896273e+00
2.140505006264620480e+00
2.223962719435741420e+00
2.080067872958476283e+00
2.345692363350230902e+00
2.229425215858541698e+00
2.104777626327799744e+00
2.053550344653904958e+00
1.942015711702941294e+00
2.053989072718688913e+00
2.158676966066382708e+00
2.184360213440113441e+00
2.086768776890080002e+00
2.194144045010813393e+00
2.055578070608862440e+00
1.986096713393507462e+00
2.158469370292244172e+00
2.279159044717923521e+00
2.369987989917512028e+00
2.259515486492741587e+00
2.149937636207564395e+00
2.328363304681193124e+00
2.313786603588361857e+00
2.373240132729506957e+00
2.410725733000476101e+00
2.098380369748355623e+00
2.155884737766424308e+00
2.154543852621658928e+00
2.084926903718035351e+00
2.189930917736983673e+00
2.366043400113811312e+00
2.162878227905985273e+00
2.211509407288355433e+00
2.087425549457953888e+00
2.422360243698471916e+00
2.147512433606125981e+00
2.209926022515336985e+00
2.086250844112110148e+00
2.332888564941084208e+00
2.154825007923479863e+00
2.128795534378277399e+00
2.154799663267262133e+00
2.299938227769714683e+00
2.428545884595345594e+00
2.492127546165411101e+00
2.488352902071509387e+00
2.618173557211263880e+00
2.533769282005920775e+00
2.445320041267810662e+00
2.697856977107965015e+00
2.343249564704142252e+00
2.356700523465856012e+00
2.450885412186365020e+00
2.542154914736075799e+00
2.354765520885104824e+00
2.213550601606595336e+00
2.337133256070001774e+00
2.245487286556536510e+00
2.253010893505081214e+00
2.435639651793464200e+00
2.418068409186503676e+00
2.377269678241611839e+00
2.168437552835747351e+00
2.248618124506220894e+00
2.059663873489881336e+00
2.207664743461529966e+00
2.357891158878528071e+00
2.041353203024439456e+00
2.271500016713603021e+00
2.106439580202199569e+00
2.278939881356817576e+00
2.141631888592868460e+00
2.219690776575651725e+00
2.117008918660616690e+00
2.232258744887321011e+00
2.256341400579598755e+00
2.154987290859704974e+00
2.399632542670633306e+00
2.220391563457356998e+00
2.247556049397412270e+00
2.418578188433555987e+00
2.265148353950713567e+00
2.502475480140553987e+00
2.225282163009042247e+00
2.320261876799881939e+00
2.257158934026447294e+00
2.116454157672825964e+00
2.459999973894379632e+00
2.395877896000759844e+00
2.325911745361735505e+00
2.497909276882821494e+00
2.620406125531850261e+00
2.520255572089800555e+00
2.757577325846793492e+00
2.456794762209278282e+00
2.413587045126903696e+00
2.355803970421487037e+00
2.413550965232949874e+00
2.526130627563775821e+00
2.490542658944694843e+00
2.625550464594052613e+00
2.566543474862805763e+00
