1.550352486210698988e+00
1.440816220662173519e+00
1.447736123476214054e+00
1.432179019773520690e+00
1.421175471737894380e+00
1.449712334105863754e+00
1.659655897893288934e+00
1.632237846098429257e+00
1.606810880212171222e+00
1.546180288521623369e+00
1.586019094202064661e+00
1.624985621736555697e+00
1.650214491941076389e+00
1.641842584413860440e+00
1.760889373038172723e+00
1.586005393693790788e+00
1.648062261476098911e+00
1.791029972078418409e+00
1.590093329920780674e+00
1.693803646136209817e+00
1.731356279502642037e+00
1.671569222332331739e+00
1.644213834156199594e+00
1.695580928336075877e+00
1.586350686849364422e+00
1.563797991627253303e+00
1.408996344288054425e+00
1.708324298315792467e+00
1.678356988250957915e+00
1.755953169058778629e+00
1.619044306487340767e+00
1.604656237494379800e+00
1.576134572725835126e+00
1.684113607688297654e+00
1.450616015304668549e+00
1.714647453787339293e+00
1.716355631815239313e+00
1.567330692749468346e+00
1.522578675756258271e+00
1.630353923114876258e+00
1.722714526084288433e+00
1.525702928374579770e+00
1.458770394877239474e+00
1.677707812996795056e+00
1.517744449011212859e+00
1.524683556423007014e+00
1.522160913044663610e+00
1.464060548918568738e+00
1.761898011338840719e+00
1.637282027645406979e+00
1.615623124607448613e+00
1.479822980668854315e+00
1.532571830258995238e+00
1.464371922944930571e+00
1.441740503271890406e+00
1.660327716953148736e+00
1.563744604516268177e+00
1.610309121609803995e+00
1.542420907284553833e+00
1.603696684915933091e+00
1.634124553934098723e+00
1.596869665287075968e+00
1.580435047971593177e+00
1.615432134660890418e+00
1.550646926168525841e+00
1.639867428274000227e+00
1.648268744135673147e+00
1.594219838194026906e+00
1.589304699959479983e+00
1.701380316887938893e+00
1.634486585804203029e+00
1.643402760019022857e+00
1.630083060990140220e+00
1.529931298424204167e+00
1.699401829546456577e+00
1.674519281261316550e+00
1.612326746627529284e+00
1.723265150483284547e+00
1.660591536034613291e+00
1.650137945687323082e+00
1.560121493041467300e+00
1.586041144498501865e+00
1.516580844102435321e+00
1.425414639447044829e+00
1.410401010686808565e+00
1.518473699507977503e+00
1.821596363031984689e+00
1.632208698289012938e+00
1.784252211041750913e+00
1.497054761524469590e+00
1.582697298643635397e+00
1.573322879969476951e+00
1.537089043009359335e+00
1.587261016964534477e+00
1.539160317149790069e+00
1.662060747818447259e+00
1.525510127946285488e+00
1.433669996507277444e+00
1.862125655703636751e+00
1.692510028047743642e+00
