1.694245459364078332e+00
1.537605335320703315e+00
1.544168815235985148e+00
1.555507798437714362e+00
1.530885835319936161e+00
1.658966064677822816e+00
1.681311237010798099e+00
1.655301560188493282e+00
1.621282296443026238e+00
1.652692679658208874e+00
1.620212987652429382e+00
1.638003785720808736e+00
1.605724931375648312e+00
1.711750346009274226e+00
1.861009071235602441e+00
1.665933603889207415e+00
1.644653637279612113e+00
1.928219130270401038e+00
1.609138480827456252e+00
1.994646028765904688e+00
1.909477620225445760e+00
1.705641062943206610e+00
1.761813798312914514e+00
1.724010260544653894e+00
1.695484736472389731e+00
1.684754629303097051e+00
1.707647875631185919e+00
1.874759685691419042e+00
1.805835942305531461e+00
1.875239988090297460e+00
1.674177136812479150e+00
1.635841967182549261e+00
1.619887760272680000e+00
1.744477137951599977e+00
1.680974906769019395e+00
1.891927159348838927e+00
1.885018240044499027e+00
1.548083193717205042e+00
1.523404302330454652e+00
1.644615501462558305e+00
1.836336136881259407e+00
1.622461379747659249e+00
1.717163537714082588e+00
1.704659037275074951e+00
1.682855901059569392e+00
1.874887351121943491e+00
1.687158216126174448e+00
1.671320351601232490e+00
1.839979539404568820e+00
1.879459961229345666e+00
1.706315098341930847e+00
1.586333776586630551e+00
1.709210298688015106e+00
1.584325202794567344e+00
1.546935359286883305e+00
1.771269088743220976e+00
1.711997081628591433e+00
1.641011865609020015e+00
1.616638852031544005e+00
1.660133662300318003e+00
1.664968503597990868e+00
1.552238905348682030e+00
1.575444173862468045e+00
1.631377797640065408e+00
1.719517636645260250e+00
1.834586205391167901e+00
1.797519622376622994e+00
1.588614300844489513e+00
1.736000100738800400e+00
1.924936712280295392e+00
1.917997698805997464e+00
1.795916341359073964e+00
1.748007128531559040e+00
1.538992355630261377e+00
1.636512897463773486e+00
1.820146397496620549e+00
1.794817020163909094e+00
1.871929214944411335e+00
1.699430479496960134e+00
1.769619309584780531e+00
1.676957296123386287e+00
1.813501691733361731e+00
1.677833151067905648e+00
1.770632046883377164e+00
1.748186484443599253e+00
1.766130456287020811e+00
1.874774650564938749e+00
1.867792217312761460e+00
1.982254869771838068e+00
1.724848721583514211e+00
1.726542574954177400e+00
1.596387360579492043e+00
1.521923996738526297e+00
1.659742874265387691e+00
1.675984729642257864e+00
1.701055349396141336e+00
1.827531065301490454e+00
1.718595067305228596e+00
1.875934029704957373e+00
1.841427060063050458e+00
