1.642560955577097914e+00
1.691266080846185238e+00
1.778680584406809873e+00
1.612022963868149361e+00
1.669070805839532712e+00
1.776986544872263707e+00
1.653603326880073610e+00
1.790678684843160617e+00
1.677894042646657757e+00
1.777785123237090703e+00
1.795837961815099915e+00
1.669682277013308624e+00
1.793171006847918747e+00
1.788765468610980847e+00
1.682577319495434764e+00
1.748590050637579996e+00
1.783054497363469881e+00
1.741397320303878837e+00
1.703278579715785668e+00
1.714282551361360651e+00
1.714648109075328941e+00
1.683324008126819704e+00
1.638458019614937422e+00
1.644787165056698308e+00
1.736389430295947056e+00
1.718931247014405139e+00
1.635619218145171638e+00
1.799415238742138712e+00
1.751268952282750702e+00
1.641553851421634347e+00
1.737077374820082509e+00
1.786476972712609523e+00
1.839383167405730601e+00
1.689407763454749523e+00
1.638820330900278677e+00
1.636734203956609512e+00
1.837867565546569049e+00
1.754482365640595454e+00
1.833821935989550900e+00
1.826691490187076772e+00
1.703607584895692417e+00
1.716216666261930035e+00
1.722452415592373498e+00
1.761726945279241008e+00
1.771255722875225924e+00
1.751137828942385122e+00
1.880017389504096137e+00
1.788855479717005759e+00
1.790075971966340829e+00
1.781194786739470848e+00
1.669958366471431477e+00
1.747867090659465550e+00
1.688006481492417388e+00
1.751103530907490491e+00
1.555113612555653946e+00
1.647516112082239026e+00
1.612597783145918173e+00
1.654711335164875674e+00
1.688868821222098582e+00
1.677721873577989298e+00
1.705719986755973139e+00
1.793316498045310237e+00
1.645201841370906637e+00
1.719178169082202112e+00
1.534665074067952828e+00
1.610124938028377528e+00
1.627833474373084455e+00
1.653798592152418534e+00
1.684087694926961865e+00
1.717036413135180961e+00
1.827723766761605750e+00
1.966761379703975354e+00
1.743588008306255377e+00
1.719443337077040113e+00
1.682855012745441803e+00
1.736123499519938829e+00
1.722825898503282049e+00
1.800324780945592895e+00
1.784368079925685135e+00
1.889354204451295871e+00
1.743955001674879268e+00
1.773488021814138227e+00
1.620989669921461651e+00
1.760025902704709599e+00
1.638401034418146107e+00
1.746537859037728513e+00
1.726302835583580997e+00
1.837774473292031363e+00
1.710839881989524969e+00
1.878164192206431382e+00
1.691541494342412522e+00
1.773255032460445912e+00
1.697057495752269274e+00
1.644653368041845365e+00
1.764431808685882341e+00
1.925181192251094409e+00
1.809364993924776233e+00
1.753130052114774351e+00
1.794901410959027555e+00
1.686225892458946385e+00
1.731010365590201605e+00
1.747241982319663878e+00
1.743963727312591638e+00
1.662879963759157365e+00
1.836777100782247985e+00
1.670844057296875018e+00
1.818751111490765071e+00
1.702694708152440839e+00
1.660591189001345613e+00
1.679812442899907943e+00
1.834424665812906863e+00
1.759133172886221841e+00
1.742465979225655381e+00
1.795378913494263706e+00
1.887937049465796990e+00
1.651318876256452350e+00
1.697491074894848406e+00
1.840611032470509389e+00
1.804018176410895125e+00
1.731084204913618807e+00
1.711669412022417625e+00
1.713693949085872692e+00
1.631536979005161259e+00
1.672885179228650099e+00
1.666966744766087416e+00
1.655109585677609685e+00
1.593162614140434030e+00
1.709915134402416603e+00
1.674752342367961999e+00
1.691634249041423788e+00
1.715350445775068344e+00
1.696521449293552752e+00
1.712758563735660600e+00
1.656723548944963431e+00
1.828964585896791784e+00
1.827909078840799229e+00
1.736674997772204243e+00
1.717717119117669666e+00
1.697874005478030801e+00
1.910654721460549377e+00
1.716267253516261970e+00
1.840806112700366981e+00
1.838021002036295704e+00
1.808434527909484002e+00
1.681092688799809221e+00
1.711089684506183373e+00
1.768565965042698362e+00
1.680729093604043767e+00
1.699053778937403836e+00
1.812460057143865377e+00
1.706399649535924823e+00
1.828615591595925682e+00
1.818961997335593717e+00
1.733469424035606554e+00
1.917921368825753925e+00
1.753617918143674848e+00
1.736033865443881385e+00
1.794986810733429250e+00
1.693664262150358812e+00
1.693956755212324916e+00
1.627649246920382708e+00
1.789515838728763297e+00
1.713823287821138575e+00
1.712576756688055424e+00
1.779282370888271236e+00
1.724166224120595059e+00
1.774553801252113150e+00
1.780071121204265472e+00
1.734477921019114133e+00
1.637483881154709886e+00
1.592819444062404166e+00
1.588710149198434118e+00
1.701274707508613648e+00
1.589585094979810265e+00
1.625155909813677857e+00
1.699957881163914886e+00
1.772355754826818952e+00
1.864872054126836431e+00
2.012207724723225066e+00
1.835419162671194204e+00
1.780212587932286539e+00
1.807877732750773792e+00
1.740494851570193680e+00
1.741227804868995088e+00
1.818024542013838341e+00
1.797440519216031651e+00
1.724124771880735763e+00
1.710600801369998480e+00
1.672363389438592529e+00
1.744773689546758488e+00
1.798675665234817700e+00
1.765090337275128984e+00
1.878194929970596005e+00
1.739159726240183224e+00
1.731241149210021035e+00
1.625428850777557610e+00
1.632659852513606680e+00
1.894949129750697292e+00
1.774760900170010203e+00
1.819460175369759458e+00
