1.778553848650796798e+00
1.815120375846982048e+00
1.959464462353432523e+00
1.704334984770158989e+00
1.807867710317482945e+00
1.916467713333301681e+00
1.813684750430748727e+00
2.053008605528273023e+00
1.861440851825598486e+00
1.856000014450571278e+00
2.007401235936119299e+00
1.836848653542765941e+00
1.974997799157174772e+00
2.001508517664357001e+00
1.812918254053233813e+00
1.993299388619318435e+00
2.080345169472931577e+00
2.117726159787643336e+00
1.950848153989229727e+00
2.000080306324562240e+00
2.078828015798304563e+00
2.182849470266732261e+00
1.906179194059560489e+00
1.878117369381772983e+00
2.050120426386553785e+00
2.039914415325524644e+00
1.968684545396426566e+00
2.180687838249118382e+00
2.184942277913533903e+00
1.979935546233512422e+00
1.913686964280056690e+00
2.120564509006027443e+00
2.167923486176627890e+00
1.932416141427738321e+00
1.896145003530139483e+00
1.986422266443991003e+00
2.296164038914275007e+00
2.167512663949853646e+00
2.302830718831188950e+00
2.180637684548766053e+00
2.226487597949089903e+00
2.258792781256864224e+00
2.255265657990709993e+00
1.979128303251724397e+00
1.996383356719585667e+00
2.026971289361701789e+00
2.293980962243792998e+00
2.008841100335289731e+00
2.147078470252395732e+00
2.185600824571631406e+00
2.123310098268052837e+00
2.235573346248377113e+00
2.128959784457178372e+00
2.284600420566764267e+00
1.815153153498332950e+00
1.801492660678284397e+00
1.600387480743353796e+00
1.721117127370407784e+00
1.519341138430093441e+00
1.784200161299172693e+00
2.106125012194737689e+00
2.143834725640872296e+00
2.047739354734570139e+00
2.107369628978826626e+00
1.693988909319882996e+00
1.864835750267060499e+00
1.962066658892189785e+00
2.085495280403678819e+00
2.172630560144019007e+00
2.228759849245909308e+00
2.236982199542981053e+00
2.250935927415170124e+00
2.292178788791433330e+00
1.742969618529218057e+00
1.766375256162749707e+00
1.775974493769801210e+00
1.935775173059060217e+00
1.959015486172891007e+00
1.981793392041981683e+00
2.042680772398790978e+00
2.029423182518695246e+00
2.064934114013767807e+00
1.815777209727577057e+00
1.816097735426934534e+00
1.771439115542891241e+00
1.899586083396404890e+00
2.029078932811756442e+00
1.904106707827020850e+00
2.023317379304126362e+00
2.123491060831794286e+00
2.133724491388603983e+00
2.187880135758920819e+00
2.332549453719878763e+00
2.205234880570074996e+00
2.282276188317428289e+00
2.194042561670621616e+00
2.140535675839031260e+00
2.013461415521208053e+00
2.114808814045932017e+00
1.849517226654885160e+00
1.789505236218613682e+00
1.827842035015305733e+00
1.864583728670200058e+00
1.759785665506872876e+00
1.953640783704415185e+00
1.803476810864970359e+00
2.033771456333271388e+00
1.820378090817040828e+00
1.752153713948453317e+00
1.875233122384796003e+00
2.083892505451196087e+00
1.925672414846344216e+00
1.853673956601247230e+00
2.065105271377059459e+00
2.187343539967301798e+00
1.939856455280873027e+00
1.825902211009170051e+00
2.059480598052839451e+00
1.950584826167809815e+00
2.073939741728872743e+00
1.950923564363614471e+00
1.998407068999659808e+00
2.152617144819431338e+00
1.878280550419037409e+00
1.954093647368252640e+00
2.123824628404915593e+00
1.872345149147133236e+00
2.005597652365388228e+00
1.984719645655494080e+00
2.069746877075764324e+00
2.049978968029215309e+00
2.018450288909160228e+00
2.041058856358950457e+00
1.925655408542292779e+00
1.892364619754216326e+00
2.103589528399500086e+00
1.931720001396266539e+00
2.017660533981226134e+00
1.995168576028555352e+00
2.197614303517554379e+00
1.936745822072634571e+00
2.119831379630917390e+00
2.198915375856452581e+00
2.120008627668361179e+00
2.112346224979111398e+00
2.237004668501084925e+00
2.177997093741495416e+00
1.771766742931176752e+00
1.793241670486135142e+00
2.064932804240336317e+00
2.189364375691164710e+00
2.006742670449147781e+00
2.147779299335232928e+00
1.978254412376166504e+00
2.215496064821991240e+00
2.221511026583433690e+00
2.189590109465936241e+00
2.260114247412452482e+00
1.872513223484346456e+00
1.983206126420473003e+00
1.924328315435053005e+00
1.834938439327128190e+00
1.688452737567130324e+00
1.796192302829634269e+00
2.106122306178656700e+00
2.095224556808629401e+00
2.140165022211910628e+00
1.900954020415277279e+00
1.904307082670258389e+00
1.870220058429698851e+00
1.891036665526660832e+00
1.955280576179924568e+00
2.146878038331149874e+00
2.009343320778812281e+00
2.068390358552268715e+00
2.307320929013479294e+00
2.150195025035072760e+00
2.268374811292849014e+00
2.337113608851955515e+00
2.203185205855520135e+00
2.269786607278066803e+00
2.066430534064474855e+00
1.987085547243093497e+00
2.084745605026463444e+00
1.814821985711028596e+00
1.799172147370729835e+00
1.782899608000197533e+00
1.723909881961752877e+00
1.680123193762429246e+00
2.065024228885006252e+00
1.929618558556673635e+00
1.945217876219235364e+00
2.090056096221287074e+00
2.068480581636475968e+00
2.135118488734509157e+00
2.097457148753969935e+00
2.167182354372270581e+00
2.150696769163869426e+00
2.233030559228044165e+00
2.160257534675151359e+00
