1.737108978519351643e+00
1.797873743616319908e+00
1.874763366522767427e+00
1.704764949259842455e+00
1.740711789892677830e+00
1.917244779826014822e+00
1.751315995833375050e+00
1.957635245234917276e+00
1.719072964513850055e+00
1.717254517971579242e+00
1.941234700862994877e+00
1.671277889207938960e+00
1.814017186563292139e+00
1.879333088759445047e+00
1.771795139929283058e+00
1.958364332106338646e+00
2.011831274768251188e+00
1.993636266353526088e+00
1.905925125057971625e+00
1.900825546584963499e+00
1.959849562463239492e+00
2.107893858769261275e+00
1.831815508555570071e+00
1.863314864562632067e+00
1.971751017527940020e+00
1.955902734186279801e+00
1.984037044181112819e+00
2.053750283517978836e+00
2.136142918235361954e+00
1.981340257105986824e+00
1.736454598716482556e+00
1.947972189498997198e+00
2.111949665740154192e+00
1.849974450234905810e+00
1.829064781680062257e+00
1.803543088725124255e+00
2.267891410858015266e+00
1.902821155570446843e+00
2.209036903291262899e+00
2.196286944513354822e+00
2.087018327581388721e+00
2.114022922381585623e+00
2.063840845250847433e+00
1.992338528850117640e+00
1.946658059088806292e+00
1.989891087858971064e+00
2.206588064647467373e+00
1.966628365993268401e+00
2.035442547486773446e+00
2.163032702549599229e+00
2.013037470110651483e+00
2.202888213410166607e+00
2.075879529318223504e+00
2.176294010888687680e+00
1.751307123555928547e+00
1.847287333251798280e+00
1.625958306887668403e+00
1.637018723715567559e+00
1.813295920487473456e+00
1.727554252412433877e+00
2.005840117945417056e+00
1.990848460438800149e+00
1.825694508355295342e+00
1.834755763428745912e+00
1.730260502529393341e+00
1.875325193900025722e+00
1.904648387889247729e+00
1.971114959166205383e+00
2.180124793743453804e+00
2.115828377827958295e+00
2.172126485936998641e+00
2.238499977554601728e+00
2.257225956123309007e+00
1.826164322818558672e+00
1.756013560158588227e+00
1.772799605643743392e+00
1.821234051581909208e+00
1.914236130826493687e+00
1.923496809840135713e+00
1.968819109670006062e+00
1.924662820588033396e+00
1.968002757941844427e+00
1.820884816657170502e+00
1.823283677245123524e+00
1.831062132282122334e+00
1.911946180929887884e+00
2.042041204920945319e+00
1.949703661378154429e+00
1.976640632031740230e+00
2.075314918669811881e+00
2.055290586529921359e+00
2.116922713724803895e+00
2.210664799701641314e+00
2.069092047286652747e+00
2.175220343525323230e+00
2.159104442331952978e+00
2.077131056124097430e+00
2.032852701676557405e+00
2.076706502376120422e+00
1.796762540467378821e+00
1.782770023312020946e+00
1.810068480622943898e+00
1.809462381628032190e+00
1.700058835403480462e+00
1.927078426908948039e+00
1.690677302534707938e+00
1.993307895661325269e+00
1.759917572926109619e+00
1.666439138512320062e+00
1.829699156773268331e+00
1.948919839704174040e+00
1.767138225824663511e+00
1.691328098555567427e+00
1.965540233525088443e+00
2.074809426999848494e+00
1.844556300566384754e+00
1.768613204138292039e+00
1.996539429154948975e+00
1.838423523339735466e+00
1.931625055044925654e+00
1.858837032559445657e+00
1.844793782530905757e+00
2.003195556044872205e+00
1.883165460660185975e+00
1.852685636946904024e+00
2.103442152549817479e+00
1.837238009061982424e+00
1.960060023481758007e+00
2.003173759938559950e+00
2.042485253570414105e+00
2.087217493825783698e+00
2.031847604924351902e+00
2.100723413240352055e+00
1.955678326408782031e+00
1.867414091401023768e+00
1.914402181596069452e+00
1.825974405056837169e+00
1.908209868137362042e+00
1.899577638356101605e+00
2.207953787796869349e+00
1.845623104117293689e+00
2.124739536169660603e+00
2.208495232419544596e+00
2.160187013457548488e+00
2.008343056179966002e+00
2.039932830749676462e+00
2.157516020089250031e+00
1.846337483385372291e+00
1.836429559428767400e+00
1.931326441661169513e+00
1.979680692944938425e+00
1.865098162671587900e+00
2.080681531934251094e+00
1.897626725515996426e+00
2.122507389779565212e+00
2.187764822074963700e+00
2.038655013559615536e+00
2.198746352855373676e+00
1.885732293704649454e+00
1.838495899763418429e+00
1.920447223390642000e+00
1.837416237094512406e+00
1.745464233369700136e+00
1.771857118387183627e+00
2.000836527297872980e+00
1.929338760141810827e+00
1.925112959108363997e+00
1.825528862457799661e+00
1.927705894664953679e+00
1.833654966400212860e+00
1.907555766393578489e+00
1.949490684381401273e+00
2.099985270061020870e+00
1.931692720300267174e+00
1.905894069057463058e+00
2.081348660613611123e+00
2.124881004887932079e+00
2.211080435423594004e+00
2.213240662261315883e+00
2.061475962199545542e+00
2.168127175060939216e+00
1.955248798990656622e+00
1.937845193793608090e+00
1.920758222490832612e+00
1.822598875400611718e+00
1.828968736189181099e+00
1.743372903052668565e+00
1.720934120566489645e+00
1.646558199005700773e+00
1.961300091162845094e+00
1.838887105453486548e+00
1.881119704069921905e+00
1.988159333700738163e+00
1.991589103122637816e+00
2.050202951394443307e+00
1.962228409983546307e+00
1.966026047144220357e+00
2.151120392783575586e+00
2.092461111241850080e+00
2.035733554060199957e+00
