2.333104214096294982e+00
2.121711029736582876e+00
2.317633202091570421e+00
2.168760425962558358e+00
2.201080757425299517e+00
1.962557566264864883e+00
2.199916745042553412e+00
2.424413690092212192e+00
1.991955960675324322e+00
2.051345571492619868e+00
1.976356217026983053e+00
1.894374680843100789e+00
2.157889993727826194e+00
2.286543086787932388e+00
1.959010873838518352e+00
2.099803875209899751e+00
2.219489365501483125e+00
1.945581845970692170e+00
2.559047229085600339e+00
1.881830580633525374e+00
2.022426597862240882e+00
2.084103793474813227e+00
2.638753385420212982e+00
2.187019669410075196e+00
2.147277431723036756e+00
2.355524280582074415e+00
2.103635518710687879e+00
1.916368916994330096e+00
2.603488609991018166e+00
2.073644491303614945e+00
2.347607156137093920e+00
2.424189350378332719e+00
1.988500831072981923e+00
2.106052673261734398e+00
2.510912753316635104e+00
2.675836632467051501e+00
2.524843509217546522e+00
2.609087391638106102e+00
2.647692400256187906e+00
2.217949240967250546e+00
2.219070137191763603e+00
2.378844131127125117e+00
2.402189351353299696e+00
2.442544160739324788e+00
2.225525412340862097e+00
2.473459731386942195e+00
2.409011986545663397e+00
2.323878309946175058e+00
2.426276739151760342e+00
2.278448422615068303e+00
2.358652844437450380e+00
2.389211471968858191e+00
2.280644476137827503e+00
2.209559523456657182e+00
2.315859708868755362e+00
2.403120898826938578e+00
2.519246323075913896e+00
2.284050913977579089e+00
2.291567804406993591e+00
2.250279294378222161e+00
2.553105541059969674e+00
2.032806693676506793e+00
2.324403519517011407e+00
2.216976919566041371e+00
2.610885542282383565e+00
2.547747424066825861e+00
2.224697281491228473e+00
2.205430827997152399e+00
2.279804087180429928e+00
2.569590022687860742e+00
2.349731575307945963e+00
2.678582819246018598e+00
2.636758072072685977e+00
2.372873752214630816e+00
2.578111185790951332e+00
2.513477805556437517e+00
2.345777222368682580e+00
2.435942314871796466e+00
2.631964028388376509e+00
2.552167299638874010e+00
2.568512911373883600e+00
2.526052895368706697e+00
2.367025196361917327e+00
2.452457970545423027e+00
2.489915827821296723e+00
2.424632109564941906e+00
2.633126056764213629e+00
2.673094096993147151e+00
2.632705812552291746e+00
2.515288349707244908e+00
2.642032965046351212e+00
2.450664066692697762e+00
2.466350995247316824e+00
2.261047953082047535e+00
2.469930895285666672e+00
2.461505646837613526e+00
2.493971474462627125e+00
2.636694119635525801e+00
2.487828938825802361e+00
2.459209521764786910e+00
2.577473141287963454e+00
2.613043817220557230e+00
2.736211164702818888e+00
2.583917875666398078e+00
2.778908733916435114e+00
2.623805012738364528e+00
2.722256548957612043e+00
2.566503388251780926e+00
2.507197971490034760e+00
2.616858509567641988e+00
2.708385533231871811e+00
2.340730127726902587e+00
2.487853859398052592e+00
2.315261409647289437e+00
2.415652253110176506e+00
2.414607182359148840e+00
2.411054865699926886e+00
2.157451332997488258e+00
2.738809396623270942e+00
2.503583007148072248e+00
2.740951416860447853e+00
2.654535230806042367e+00
2.515912366627877983e+00
2.547437303264559194e+00
2.637400346515223148e+00
2.507920721635585881e+00
2.706910241319564481e+00
2.587478510240647900e+00
2.628676128715770499e+00
2.678420701093728429e+00
2.445299331656261899e+00
2.532325902233268256e+00
2.660417782713254908e+00
2.609648797990433700e+00
2.280325858722159094e+00
2.668540267339153615e+00
2.592973940033881597e+00
2.659216390946550490e+00
2.181516568898512087e+00
2.176762027477385786e+00
2.245684917552094095e+00
2.193754598299724634e+00
2.156063445776862153e+00
2.357463917757598448e+00
2.118726969978793395e+00
2.197198682735786335e+00
2.006696413448470384e+00
2.222707998030858612e+00
2.125720859385642481e+00
2.357542956597396877e+00
2.289366129350835610e+00
2.114616140356651020e+00
2.117844227336189711e+00
2.158559637713890478e+00
2.528296786356738934e+00
2.393963976565752105e+00
2.427374442074617278e+00
2.430698475686393856e+00
2.475944638645163121e+00
2.223301563043067031e+00
2.451684717257243573e+00
2.360132096353932951e+00
2.700498014989804574e+00
2.667535391019514091e+00
2.703353423401322786e+00
2.283109708003235649e+00
2.450219250142099181e+00
2.513696884851710056e+00
2.565688655734755574e+00
2.528120198994282752e+00
2.706715210465149735e+00
2.639703852279488672e+00
2.627871160352246882e+00
2.631506382046740367e+00
2.623230905605601126e+00
2.472493099933697813e+00
2.601477939524049265e+00
2.714904964989613312e+00
2.714459775680479137e+00
2.656922098531486309e+00
2.692889490107474693e+00
2.709195473611607063e+00
2.604756921360662947e+00
2.668595119333546872e+00
2.645229106511620909e+00
2.296174556455737203e+00
2.524967411331788369e+00
2.650990457242776266e+00
2.224394171252201513e+00
2.465144814992815014e+00
2.376671908770511710e+00
2.487247457689170549e+00
2.294236103359290180e+00
2.306358154335527377e+00
2.418531809897992435e+00
2.274329686488962832e+00
2.227412064258784685e+00
2.250570011380809365e+00
2.477162497003081221e+00
2.421612397316183163e+00
2.285541262519414030e+00
2.698757909477480510e+00
2.434833099295889092e+00
2.426170123524785449e+00
2.514165538239595321e+00
2.433351454786360613e+00
2.297304540121016814e+00
2.151732946837871641e+00
2.361862434190970639e+00
2.316906236779840533e+00
2.222565493283044535e+00
2.347597206616636178e+00
2.449405722746376135e+00
2.314917485996973223e+00
2.415049563575399016e+00
2.544567859535232124e+00
2.443611137194507510e+00
2.363024010323415247e+00
2.453454189929117124e+00
2.748022935525908927e+00
2.470928696186085460e+00
2.378808847585341724e+00
2.618958497880018221e+00
2.522161061028350471e+00
2.660506648332651380e+00
2.630677138045383945e+00
2.581622000968101016e+00
2.499010636784972483e+00
2.559320884990677669e+00
2.592855344343173662e+00
2.721682299000075744e+00
2.730513292434812556e+00
2.682135090162187652e+00
2.570822661976009726e+00
2.726024907219473103e+00
2.765087949896331665e+00
2.506673095642297344e+00
2.758727955768862206e+00
2.530216990702160551e+00
2.627825427261548441e+00
2.811633939674321070e+00
2.528675110540107518e+00
2.668398581869891650e+00
2.566788083897558970e+00
2.551082559258116333e+00
2.446024151604442753e+00
2.707105112932745250e+00
2.633163794619730158e+00
2.409281283661990791e+00
2.056196004384401643e+00
2.171051160091489685e+00
2.274131771611486386e+00
2.265255789746527970e+00
2.279357864862134875e+00
2.126362701023678969e+00
2.117587208953325639e+00
2.027086503905136894e+00
2.253187887318146121e+00
2.240682245289249419e+00
1.988848308588630376e+00
2.076222404184540515e+00
2.086875695926922347e+00
2.419839555760601169e+00
2.134962367840892217e+00
1.911622110816250997e+00
2.273724889030408924e+00
1.937091779127071867e+00
2.340428816890251174e+00
2.139026882261672480e+00
2.568997412331315733e+00
2.040325529630803825e+00
2.065182025970074164e+00
2.515065284217449904e+00
2.400193132494476078e+00
1.975589513671442532e+00
2.285796082864683942e+00
2.536004905668450604e+00
2.108906956676289024e+00
2.324538809243580140e+00
2.116191085700451779e+00
2.012500323796028390e+00
2.538797076125144159e+00
2.506093759384463215e+00
2.486717813847426406e+00
2.510413353683653259e+00
2.127313995840322658e+00
2.213226118611694826e+00
2.297502978046993771e+00
2.234365617576834939e+00
2.502747277769058254e+00
2.483002833659074593e+00
2.392601854022994523e+00
2.333412620701807327e+00
2.497817032116593339e+00
2.366117126834726303e+00
2.321649241100856464e+00
2.230465166118524412e+00
2.241081642192245482e+00
2.188781339912697188e+00
2.290239671595535764e+00
2.316488562803354689e+00
2.353049232053085582e+00
2.168084669279434440e+00
2.362677620887121410e+00
2.291812992475172450e+00
2.518249747432021124e+00
2.293445467777954327e+00
2.215886615035247420e+00
2.472161514495882617e+00
2.190457511388738787e+00
2.502789532961159136e+00
2.166014344742464459e+00
2.399373636862820014e+00
2.286635931743747463e+00
2.502128654290787235e+00
2.452343996234986445e+00
2.258923585251721988e+00
2.644847209969669599e+00
2.309646893934667933e+00
2.588113275946775982e+00
2.341802607579662965e+00
2.534217201212150883e+00
2.456440772508556414e+00
2.439502436984311906e+00
2.535088833996973712e+00
2.226510368455741240e+00
2.591100493127396653e+00
2.560226952600935135e+00
2.707263450944226602e+00
2.497542541646868397e+00
2.287704820197269839e+00
2.391982132714482567e+00
2.495108090793825895e+00
2.360044152294740183e+00
2.215662690678804836e+00
2.276879086378210459e+00
2.480890180858895455e+00
2.341412034871615866e+00
2.541452489855731578e+00
2.241137339702231390e+00
2.407062838127777216e+00
2.465275578274003898e+00
2.471951927487161527e+00
2.302668478855047773e+00
2.290714946903134930e+00
2.223316765961872665e+00
2.309743048669572030e+00
2.568627606903316263e+00
2.542111588293168190e+00
2.641626649012547734e+00
2.170879569283814092e+00
2.390061344430269408e+00
2.351484679483536677e+00
2.436706420027681119e+00
2.448555112695716574e+00
2.681012593765773389e+00
2.712085769004572100e+00
2.708337808310522732e+00
2.536947219464074976e+00
2.789740246818854796e+00
2.691603746700022004e+00
2.615218955371301668e+00
2.515337230797132229e+00
2.471630488647253987e+00
2.534075339452564801e+00
2.409467787508018155e+00
2.298224530542638089e+00
2.479448650625879935e+00
2.322226967928641361e+00
2.467411844469546978e+00
2.328851496599690485e+00
2.593686635790313222e+00
2.603007542181777101e+00
2.539687635566434398e+00
2.673788166951281742e+00
2.656865692942351309e+00
2.759014270284213310e+00
2.450306848064450538e+00
2.475142393766330606e+00
2.503260409525171148e+00
2.418838133495373466e+00
2.552273256358615239e+00
2.235619978816033804e+00
2.562335006622071365e+00
2.624127898911355672e+00
2.646405585266295102e+00
2.388763876555216381e+00
2.672801561586715113e+00
2.379640485929643834e+00
2.503654795333194460e+00
2.366744339910086481e+00
2.661920245509770133e+00
2.525281917121748432e+00
2.210915161416084018e+00
2.650075606638295334e+00
2.626059823586306408e+00
2.723080366722869794e+00
2.124817571021230478e+00
2.161683248148646541e+00
2.140091497275367072e+00
2.266544653724751779e+00
2.093070552883066426e+00
2.337157653703792803e+00
2.324825352927899491e+00
2.220997080967555881e+00
2.162627181826417999e+00
2.080050721944587178e+00
2.164831728237363695e+00
2.196330013765917410e+00
2.143460566175815707e+00
2.261248352536890494e+00
2.195878395713778186e+00
2.716964656367701458e+00
2.201048339365621942e+00
2.560165897108071409e+00
2.415377482484119209e+00
2.550925384470731139e+00
2.308803853707665166e+00
2.167673282651096045e+00
2.427737414317469700e+00
2.517123681422692716e+00
2.569119491993864024e+00
2.487950057178081043e+00
2.157889035484476636e+00
2.470195980830430571e+00
2.517846736148126485e+00
2.448535505518951716e+00
2.643117543723970897e+00
2.621316403840205478e+00
2.605085319328213966e+00
2.550704857144648674e+00
2.426871753156741640e+00
2.645256239124015085e+00
2.632652866666358005e+00
2.674176647168128529e+00
2.490909616554221273e+00
2.572071128259077799e+00
2.701529429614063726e+00
2.624016204139131503e+00
2.651919017569079440e+00
2.601964212630496487e+00
2.719916576138377007e+00
2.711953849954462648e+00
2.476200495028053616e+00
2.579520049664554282e+00
2.478780293771714049e+00
2.768108082940821557e+00
2.636297265880116480e+00
2.548774851119498752e+00
2.534960744854994452e+00
2.642250691693525777e+00
2.712214666603891544e+00
2.485768288146409155e+00
2.371065175458540786e+00
2.445530277769547567e+00
2.574223762179769892e+00
2.348898060728985993e+00
2.573182595437129017e+00
2.494368762321329314e+00
2.512674517673725294e+00
2.242644259963827214e+00
2.426171123868902768e+00
2.263557241065227377e+00
2.271807561454324720e+00
2.539243541650557212e+00
2.261709953772736981e+00
2.500834890997726934e+00
2.250788266176116714e+00
2.336835887985257987e+00
2.257439267624353540e+00
2.276103775012424890e+00
2.129673161658747205e+00
2.388251057582144288e+00
2.495180567111131786e+00
2.147427689132202833e+00
2.364428651833624606e+00
2.307297091358707419e+00
2.448126290710153530e+00
2.468261411134354599e+00
2.403509660397448400e+00
2.534540571258195207e+00
2.586169066656871518e+00
2.535233880524718764e+00
2.598714303419245919e+00
2.506070974397172968e+00
2.695460757461770385e+00
2.649949895202290406e+00
2.623874705471582747e+00
2.773140173778088080e+00
2.765376050576934919e+00
2.624589812568669966e+00
2.723689103032653769e+00
2.604805124854265408e+00
2.565238246788771548e+00
2.479546640238579513e+00
2.372194852270962606e+00
2.381298330697826593e+00
2.595221294946667534e+00
2.444564189553898537e+00
2.542143746621721601e+00
