1.635775957689892701e+00
1.527122441253545349e+00
1.488638954693876526e+00
1.544083641251401628e+00
1.468638921140071663e+00
1.551444453344022145e+00
1.706372849907397793e+00
1.727243901942461246e+00
1.587284405535537957e+00
1.673206184540791508e+00
1.631545757987908907e+00
1.667150781738269139e+00
1.630155416742795405e+00
1.812216160339594984e+00
1.876422800302325111e+00
1.713746714756634759e+00
1.664996125950279016e+00
1.930209691942271544e+00
1.642553413703360166e+00
1.936532059367712000e+00
1.905271924587727206e+00
1.758194061425535137e+00
1.848759644452517836e+00
1.773453985198110372e+00
1.799456297725264164e+00
1.785369419271345848e+00
1.865880729507194857e+00
1.899275399607897485e+00
1.835763930414158418e+00
1.955899656285255750e+00
1.812680146884313670e+00
1.717713053495466102e+00
1.813031506483321564e+00
1.787755440864716716e+00
1.834075132377009254e+00
1.901080805049097266e+00
1.842726789878314397e+00
1.697448508040358295e+00
1.585034598757355306e+00
1.655864893344339173e+00
1.899741359014203379e+00
1.684613506860639820e+00
1.798189053211581623e+00
1.835547514646040712e+00
1.801750592067041579e+00
1.957274310690352070e+00
1.804363463295616921e+00
1.797927678078101499e+00
1.809121681673108162e+00
1.899580127908850002e+00
1.596408723144864039e+00
1.514231942320701130e+00
1.621192224976398588e+00
1.530282356745723993e+00
1.499416429310721943e+00
1.668807020553355169e+00
1.632099910630579354e+00
1.695610313827833782e+00
1.601648347006286777e+00
1.544455338610198014e+00
1.602214333628257492e+00
1.507902513240644282e+00
1.577662330348961639e+00
1.643988240884013852e+00
1.725628372900516405e+00
1.841127832335202275e+00
1.736732675318002794e+00
1.598102905144451302e+00
1.774457581477657975e+00
1.935830275957666435e+00
1.952236131875288772e+00
1.817079935960644210e+00
1.784703306975510495e+00
1.628723684515614556e+00
1.543658094059811692e+00
1.801003490699878640e+00
1.814922947946119747e+00
1.923994597746022883e+00
1.801809701379523565e+00
1.717552169729759548e+00
1.792261947414855339e+00
1.832152679124318562e+00
1.806572456216388733e+00
1.856382062410004696e+00
1.819231151422632475e+00
1.862068968156843640e+00
1.859110766458725417e+00
1.909493619041150447e+00
1.903692971716577809e+00
1.758417623344330494e+00
1.733167220144101073e+00
1.563717556948378773e+00
1.503946033109905489e+00
1.737505647869926229e+00
1.780791285494160547e+00
1.851363965770303155e+00
1.936843695267499221e+00
1.822338016773585423e+00
1.811017166479969465e+00
1.858410166556716092e+00
