1.797522958321496889e+00
1.810773746553127728e+00
1.866493528166665916e+00
1.737877566054935041e+00
1.739016863308980865e+00
1.978248057054302622e+00
1.753545246999049789e+00
1.916360970607603464e+00
1.725591273037234474e+00
1.774332976732163614e+00
1.861941354978918994e+00
1.906825746889728945e+00
1.847887510159992974e+00
1.895562663789513325e+00
1.632627341658029696e+00
1.700047612251351037e+00
1.873790832903446280e+00
1.738346565009457612e+00
1.709135820130622596e+00
1.813265303623890601e+00
1.853021948593295498e+00
1.833460984713937592e+00
1.790122879802131584e+00
1.769750156205130098e+00
1.844251372489735585e+00
1.819022488569357332e+00
1.837139846677916522e+00
1.829556655482862837e+00
1.803676487355606151e+00
1.786334636433964729e+00
1.894900093635227156e+00
1.878507257810034359e+00
1.924389548061104405e+00
1.840528685109680929e+00
1.822832923848304754e+00
1.823659232348711523e+00
1.978280862582083577e+00
1.890260815522001980e+00
1.896098318893104651e+00
1.904928251400300754e+00
1.856731018386357457e+00
1.859123726883462835e+00
1.827886421657473281e+00
1.831379139983641657e+00
1.770065018224386666e+00
1.875689062000114093e+00
1.927788321289662044e+00
1.758151325921000208e+00
1.755340197338030928e+00
1.793426124119902321e+00
1.781710846633178580e+00
1.916115010718747458e+00
1.844566957316269962e+00
1.834453259849916362e+00
1.722223830764769259e+00
1.862173455575605763e+00
1.741545718549920796e+00
1.785858291072022874e+00
1.789476858943523485e+00
1.633102741995712925e+00
1.935561174547706820e+00
1.937521181042468399e+00
1.842547627540877420e+00
1.809442915233647975e+00
1.661474348537230750e+00
1.709385666301403539e+00
1.734106560851387924e+00
1.773474433262114180e+00
1.799350984256033348e+00
1.891613620752226055e+00
1.939175270567530251e+00
2.078367061090958146e+00
2.093607822598114065e+00
1.653586698990982429e+00
1.772214444586805770e+00
1.675281563415308206e+00
1.742325156094023608e+00
1.783505293332047215e+00
1.871834887488202037e+00
1.966781939413181135e+00
1.853643401973282590e+00
1.949610602496383516e+00
1.769477650711611671e+00
1.892305130512218492e+00
1.672367934436632453e+00
1.846038326148679687e+00
1.796896202817283905e+00
1.858731628486530951e+00
1.860847189575745242e+00
1.928214394042524926e+00
1.847730685862556177e+00
1.951628748932911606e+00
1.879554663457740471e+00
1.788625914506839942e+00
1.926386305290802348e+00
2.026381652331084471e+00
1.838731930273518556e+00
1.804890518130579879e+00
1.779338752882200447e+00
1.907573051455315083e+00
1.711048790198726355e+00
1.682386958517136266e+00
1.644487720129651498e+00
1.597045204086012582e+00
1.669003115713155960e+00
1.584540926468571476e+00
1.634287531490446810e+00
1.618301144898210309e+00
1.599949533321437301e+00
1.661385979466814433e+00
1.807256507288541370e+00
1.692642369389949053e+00
1.677151818147894380e+00
1.849386950351079362e+00
1.909721089760106461e+00
1.413133319233752738e+00
1.403191393866716430e+00
1.719617210475918645e+00
1.623601340117377667e+00
1.730796765034851248e+00
1.591106225655935846e+00
1.700693654361340235e+00
1.891742643265304391e+00
1.637237187201448396e+00
1.673501312533857588e+00
1.829541912367750323e+00
1.676181540782710533e+00
1.797758777370410233e+00
1.768529590301551657e+00
1.734222714666455945e+00
1.828024574655710000e+00
1.730025787812978333e+00
1.844152429159637840e+00
1.714495190208662700e+00
1.677262452087958655e+00
1.634766823157601356e+00
1.667315580991652224e+00
1.774783494730635125e+00
1.739837402159984503e+00
1.924351264534190475e+00
1.832489440144880355e+00
1.899116239861033062e+00
1.885896925985620198e+00
1.871227580464095652e+00
1.790493643170504745e+00
1.826341992217545451e+00
1.817987309209989411e+00
1.477972767134460685e+00
1.513101105324295537e+00
1.617385499433300122e+00
1.734636001263627714e+00
1.708918208726539767e+00
1.780230671555589339e+00
1.455856031919889437e+00
1.843547703639197621e+00
1.935073033532502151e+00
1.874763817596224236e+00
1.925110946488739705e+00
1.661681473476110726e+00
1.532589621872552765e+00
1.762564668004305890e+00
1.467795837212730659e+00
1.680046195348186444e+00
1.860861931432195915e+00
1.692969229448287871e+00
1.754789175739006613e+00
1.853396783696432237e+00
1.633580484498583507e+00
1.426187718016016515e+00
1.541490532019044180e+00
1.630361556422413205e+00
1.635310140096539078e+00
1.808580904907187037e+00
1.665400732728283817e+00
1.708059028218473552e+00
1.803308183474032989e+00
1.850620727971332480e+00
2.029745353896238669e+00
1.984521048621418426e+00
1.902734379931682263e+00
1.894215463735399396e+00
1.782000949990654615e+00
1.578096712320099959e+00
1.688544438336466280e+00
1.273020179880081093e+00
1.394323453422690706e+00
1.418717605042557617e+00
1.356428874034915744e+00
1.416490032840025171e+00
1.547944261490048490e+00
1.869403651730071614e+00
1.796340540236731398e+00
1.839502485726300929e+00
1.842050249650348137e+00
1.719938197308572780e+00
1.686163437020896883e+00
1.689782209983744288e+00
2.065992634353766011e+00
1.889512981727213603e+00
1.813233098946507083e+00
