2.135387372599813816e+00
2.189204314483549574e+00
2.277447472952255136e+00
2.223027822442903645e+00
2.199578425982756880e+00
2.111147024089985891e+00
2.147328984189340151e+00
2.470661872390515157e+00
2.077444224846560772e+00
2.137618168338490499e+00
2.016291526757271857e+00
2.013233309694025586e+00
2.118690733838382911e+00
2.211783686506793689e+00
1.995176539751984723e+00
2.062870819192202720e+00
2.318483247463091868e+00
1.971021785222942135e+00
2.456715207817742552e+00
2.019235285058069262e+00
2.116460187698209872e+00
2.211587793380763500e+00
2.594682266553888006e+00
2.519414253250056746e+00
2.138241102369788482e+00
2.390137694744511876e+00
2.170773438088274609e+00
2.186916660624082187e+00
2.609352859064526964e+00
2.307713908728966867e+00
2.498063479528930486e+00
2.434094423649590944e+00
2.308191759667828080e+00
2.380049450049313009e+00
2.626461723191392039e+00
2.462791141429134356e+00
2.679013940681187922e+00
2.539889482628214346e+00
2.579203896487105574e+00
2.042749940771065198e+00
2.219320400448114405e+00
2.229223183101752159e+00
2.333297091448563787e+00
2.400185074911955763e+00
2.290150511492509811e+00
2.432534638495342794e+00
2.411338232981660390e+00
2.483007759960639049e+00
2.245514250438831017e+00
2.313838403857360504e+00
2.381977457801787601e+00
2.478010595873927802e+00
2.382945212992994666e+00
2.320750853469438990e+00
2.294959595703796484e+00
2.310586508858262444e+00
2.471005172316730114e+00
2.203272143876730649e+00
2.273136685513226674e+00
2.230099668982905126e+00
2.568927615713598733e+00
2.165483294001104841e+00
2.313233494673287982e+00
2.318739359135302713e+00
2.507270232351678452e+00
2.376210182601072418e+00
2.323057673892437780e+00
2.298145003410078324e+00
2.274315157106816976e+00
2.448896445609284989e+00
2.384305429645726893e+00
2.393933851050653594e+00
2.572745220965042545e+00
2.345065101706747868e+00
2.448501161082098143e+00
2.439792027207098535e+00
2.371403490525641367e+00
2.248738936786879972e+00
2.490598176601074076e+00
2.407189081933711616e+00
2.394531143594555989e+00
2.461953737167348333e+00
2.333539621432397571e+00
2.412822767050063710e+00
2.317541230955117104e+00
2.352795386647176468e+00
2.538334624981540610e+00
2.628059229636637628e+00
2.672815992810710473e+00
2.596380792640375468e+00
2.542383390568097035e+00
2.360162168113188130e+00
2.383416761526161665e+00
2.304070719326645200e+00
2.385010175513364583e+00
2.341388806212691076e+00
2.274892104019504924e+00
2.548650107612250526e+00
2.366479940309481833e+00
2.334134282021162576e+00
2.342420367034200979e+00
2.444994965094654304e+00
2.639839048093664431e+00
2.689432564962752181e+00
2.588837292175629745e+00
2.561620516075862941e+00
2.633053277191539809e+00
2.481615062095880564e+00
2.562703001634196731e+00
2.585511230367581348e+00
2.621713220971102931e+00
2.625803197386069598e+00
2.536002748914560012e+00
2.384928148791070068e+00
2.392811695974357278e+00
2.449173508392855858e+00
2.423473714211084040e+00
1.887221672911963077e+00
2.565523213345666242e+00
2.422252238590643980e+00
2.680261415083214693e+00
2.554255139944371145e+00
2.418097733464779076e+00
2.488031163885085828e+00
2.526420428775210336e+00
2.488077724164857951e+00
2.668486112840378066e+00
2.513386436133570712e+00
2.616465794731376970e+00
2.654226364870223343e+00
2.526745324485982547e+00
2.496337625230510060e+00
2.596096816529819939e+00
2.666889147339154054e+00
2.289677556837948380e+00
2.562167709135277693e+00
2.615454899262066313e+00
2.547483314627126294e+00
2.269769817091003006e+00
2.194216904366415921e+00
2.188050449444780110e+00
2.155686255067016166e+00
2.199810035970801714e+00
2.231432492073654128e+00
1.996052820240693748e+00
1.990971874207687398e+00
1.892153739769817600e+00
2.000728936049007700e+00
2.097219065059836129e+00
2.306165036673838653e+00
1.994897511991158501e+00
1.883350702820580924e+00
1.984454292485934523e+00
2.105554016124385974e+00
2.306340726108595973e+00
2.429367991485314349e+00
2.439550971235251886e+00
2.376993630391958767e+00
2.349347571539794455e+00
2.204333710233895793e+00
2.340897949573577108e+00
2.159692081477400993e+00
2.569568211451147999e+00
2.597460187311871671e+00
2.642005595380126248e+00
2.137620809697492685e+00
2.302203179145173806e+00
2.366469998670997832e+00
2.608089828124464216e+00
2.500301434650448407e+00
2.662477055503089662e+00
2.564291401598209230e+00
2.592220548470536734e+00
2.638629692763491352e+00
2.658719073683299072e+00
2.423881935082108363e+00
2.575475697885545756e+00
2.549745577490088344e+00
2.578533737989433305e+00
2.663452788231772228e+00
2.654316870130673411e+00
2.725773885554482856e+00
2.575780199670670623e+00
2.616145301726643613e+00
2.609221116195441059e+00
2.130725373046357785e+00
2.363697336359525281e+00
2.503906015385553463e+00
1.954360552535584050e+00
2.378642830011554743e+00
1.968688892946057312e+00
2.468611401798738836e+00
2.425638400583804977e+00
2.062808722054741750e+00
2.429006921514806461e+00
2.323506299727172930e+00
2.377848838298760814e+00
2.307405352346594718e+00
2.509048359726373079e+00
2.474672577752499159e+00
2.329901845738113764e+00
2.547213800373004933e+00
2.297054793257295113e+00
2.503662890022896548e+00
2.396463034661399760e+00
2.372380819077241743e+00
2.312102896449837353e+00
2.084043375099051243e+00
2.245177100438224826e+00
2.273731430862112379e+00
2.189438207192628383e+00
2.291783963753552644e+00
2.258489482726052877e+00
2.186027915889970696e+00
2.296068737285847483e+00
2.345772522290455520e+00
2.371039553162157976e+00
2.212811336219722147e+00
2.281569262900037476e+00
2.681216496077021283e+00
2.492984216793934671e+00
2.356030699013914376e+00
2.617638543330873091e+00
2.352453228575610567e+00
2.476063657288670949e+00
2.479498022584890826e+00
2.526311631915323375e+00
2.452395525181758185e+00
2.702724403260765129e+00
2.513254166104546883e+00
2.742880121657866432e+00
2.705937876365227091e+00
2.593550044665012155e+00
2.661032935413555123e+00
2.664177290260838493e+00
2.606861069379669438e+00
2.465466661883065402e+00
2.725622307214971674e+00
2.472721806126131572e+00
2.573938849692168684e+00
2.698331916949018527e+00
2.464769730555270932e+00
2.512279416748908201e+00
2.618222644118643583e+00
2.670057514866083004e+00
2.597377116239156791e+00
2.493967553625365152e+00
2.565715211276168084e+00
2.031219833421314291e+00
2.342362689674863052e+00
2.058944678170342879e+00
2.265352238762241122e+00
2.282800754739770177e+00
2.207082344133231455e+00
2.195079183580727733e+00
2.093965495726088033e+00
2.099892130709926974e+00
2.346120686083212448e+00
2.243016734975344040e+00
2.060726983357793252e+00
2.008255473520352830e+00
2.115149501299399493e+00
2.482498998932663348e+00
2.193711562518330549e+00
1.995382815926768139e+00
2.498893317905002576e+00
2.013764301572357862e+00
2.243245647436049595e+00
2.159909281639095457e+00
2.635634335157262420e+00
2.100949262104005122e+00
2.306880340719763112e+00
2.615164190008504530e+00
2.441201158261061543e+00
2.127569001711571595e+00
2.399414221464674313e+00
2.617997589057699415e+00
2.242386292887287969e+00
2.305526602023512339e+00
2.257639286593334571e+00
2.216656380651754077e+00
2.592718050912665717e+00
2.557580368318209896e+00
2.523551376088615239e+00
2.707805377859472618e+00
2.133710811724882195e+00
2.207616289729110726e+00
2.256823021158772313e+00
2.353419322118415202e+00
2.416805167295861256e+00
2.477812210418725236e+00
2.325143533544134389e+00
2.431242687866306706e+00
2.496161757945871695e+00
2.453416571801995794e+00
2.499454281379229759e+00
2.410470424434621783e+00
2.240113904496864095e+00
2.301749686357173807e+00
2.205741452023198601e+00
2.273760111173269038e+00
2.230064427326094112e+00
2.003944288972301369e+00
2.294842040649720083e+00
2.178707640798268841e+00
2.498955253875736471e+00
2.165674776955353931e+00
2.480752142256362092e+00
2.497655543523548793e+00
2.117279404761239547e+00
2.553429220136864242e+00
2.131289524839322880e+00
2.465740387179124582e+00
2.219713023556785014e+00
2.429049529788922079e+00
2.385190940019439765e+00
2.230000790580663583e+00
2.485585486364409125e+00
2.265218791807146470e+00
2.504609733445640973e+00
2.368814145025334827e+00
2.527428667823168329e+00
2.351021676264398952e+00
2.262346543332019788e+00
2.566435602701082175e+00
2.223771097444000144e+00
2.348336184639257418e+00
2.402695377439327817e+00
2.542964231360355765e+00
2.412244855856129355e+00
2.382232377444872373e+00
2.318122114854489713e+00
2.135138107425142540e+00
2.240205673171105083e+00
2.413794203642445790e+00
2.454447052686856257e+00
2.663550304226191212e+00
2.518239502456464773e+00
2.648888390532516457e+00
2.310022988237367514e+00
2.613519656311659389e+00
2.445417950011614661e+00
2.274625288396399103e+00
2.161503270500864993e+00
2.362653776103784686e+00
2.447432056372129239e+00
2.307733298556490897e+00
2.540163814318988411e+00
2.430654446053936546e+00
2.538573109216288870e+00
2.234295891967934544e+00
2.438553505224241302e+00
2.363929585329366478e+00
2.440926746875255127e+00
2.429691933570402806e+00
2.565199587536249659e+00
2.457671399561057068e+00
2.625015706304553831e+00
2.699771122864142114e+00
2.656514697900625332e+00
2.587240377422397319e+00
2.558384212337567742e+00
2.562064934719911591e+00
2.469247249458687676e+00
2.600656276012691226e+00
2.422694751197200791e+00
2.366472343554772095e+00
2.489987066637451285e+00
2.463346815555127911e+00
2.537539978346079916e+00
2.351634141481349527e+00
2.475170158945173782e+00
2.435894711300083504e+00
2.471476063526062639e+00
2.491689762345375314e+00
2.638973346286915156e+00
2.683150629838005674e+00
2.475358261129115611e+00
2.375489869284317379e+00
2.585134716423342471e+00
2.523859497012279185e+00
2.592864288952692942e+00
2.529330988685191350e+00
2.542771457740652163e+00
2.650562241755086035e+00
2.553916160838388461e+00
2.338955747855564482e+00
2.553911480232451403e+00
2.275774074097084210e+00
2.408203524979546373e+00
2.345265685800829392e+00
2.595733784070825667e+00
2.385650706077700356e+00
2.266571159440134320e+00
2.590194358936711350e+00
2.590424957604710254e+00
2.689019993220997939e+00
2.191069412650320736e+00
2.314978156262439857e+00
2.151083849492827493e+00
2.249812210730623541e+00
2.304561830465393424e+00
2.320343729163317548e+00
2.217457343930099967e+00
1.936226374537337369e+00
1.833215892270677383e+00
1.970022259161238631e+00
2.040644596216545814e+00
1.878676452721149914e+00
2.109110605747145151e+00
1.836334497502740914e+00
2.180950675790274129e+00
2.164800276711190019e+00
1.921636154242942762e+00
2.569513528516894407e+00
2.423163005924292790e+00
2.522002991212547229e+00
2.254801720085975347e+00
2.239121389654026295e+00
2.438200104225398679e+00
2.386589159200902976e+00
2.545394766136912512e+00
2.429115627299839542e+00
2.164678248735955712e+00
2.279092548951050290e+00
2.352935171526114200e+00
2.447356857289045173e+00
2.352789115925958630e+00
2.663168572427475400e+00
2.591905358835967732e+00
2.617848973310685778e+00
2.441123931941009850e+00
2.544343862850956040e+00
2.573765402035589123e+00
2.619366211284535506e+00
2.437257291890941868e+00
2.568356434314713166e+00
2.687552647841872311e+00
2.691461275243542506e+00
2.538262853025259780e+00
2.614062588843609536e+00
2.736982869436923149e+00
2.598194397292044933e+00
2.456604502883920293e+00
2.442300186644765780e+00
2.460874685986952137e+00
2.721488922173919356e+00
2.687719782374617949e+00
2.440382931959506507e+00
2.537884752138511502e+00
2.535270211406990271e+00
2.533333845383597627e+00
2.453436615296580303e+00
2.537984609757031329e+00
2.563232853550724499e+00
2.413518999387012531e+00
2.505044294709152020e+00
2.577963559574774077e+00
2.564527384573586311e+00
2.538322855176124992e+00
1.973330481428655636e+00
2.172661405480417418e+00
1.956522130343544941e+00
2.201779047746847073e+00
2.404031137632786752e+00
2.169499768360285685e+00
2.364054478803429227e+00
2.312313960003900437e+00
2.375101642779348321e+00
2.422050120629708925e+00
2.235149742875871759e+00
2.024185639264136416e+00
2.200318140745193496e+00
2.519718762658950784e+00
2.285042429968915378e+00
2.321360000652922029e+00
2.269632936550524782e+00
2.330437310186509681e+00
2.465747351636069062e+00
2.326183205692199607e+00
2.534531906316081162e+00
2.395746862194132021e+00
2.453606644929788860e+00
2.544942184382267492e+00
2.519078860553465304e+00
2.571639113349286632e+00
2.619275448189005928e+00
2.569894099958276446e+00
2.624368623261824407e+00
2.685062396901622961e+00
2.620519808928615912e+00
2.766645419918613236e+00
2.533211017936230380e+00
2.392582769379948182e+00
2.455760369003409327e+00
2.420732241183663369e+00
2.371534287203490798e+00
2.459007054227747346e+00
2.343568367493174875e+00
2.385933468377060329e+00
