1.408729057064822321e+00
1.418696624965434028e+00
1.460595769078907313e+00
1.367778186003047125e+00
1.460288741216947850e+00
1.625608302694255602e+00
1.371097080893582509e+00
1.446100242200476949e+00
1.508922916451792995e+00
1.387326815474376085e+00
1.369128597867325992e+00
1.400223195390093212e+00
1.461350176448804605e+00
1.518649074258718423e+00
1.671750138699267918e+00
1.430948172466590673e+00
1.430689411085430018e+00
1.410232420915869644e+00
1.481386276039425187e+00
1.530809667834158283e+00
1.539114700916889067e+00
1.506593773300409556e+00
1.496092611080189316e+00
1.389074081758694179e+00
1.301542909616236754e+00
1.531792502658518407e+00
1.265682589136598590e+00
1.646915264078480101e+00
1.598196100244710927e+00
1.634144198681402704e+00
1.266665631758755239e+00
1.308562143682154622e+00
1.385939036034296912e+00
1.448017510982699374e+00
1.311650034397605857e+00
1.608961161005317164e+00
1.661991229918013957e+00
1.307430082633628476e+00
1.348693591254696456e+00
1.629047355016578935e+00
1.477771369632058018e+00
1.495799716134392554e+00
1.244459368837246505e+00
1.367586963371409725e+00
1.244703656084944265e+00
1.453761713869935912e+00
1.388197298684677561e+00
1.367865072577391539e+00
1.667256826549712523e+00
1.602227430275762421e+00
1.615778192316473794e+00
1.608141023508693701e+00
1.703223275069222886e+00
1.579135710366502243e+00
1.565666470431348323e+00
1.663057000399808860e+00
1.768767776994716101e+00
1.659964710689942224e+00
1.606031090131099237e+00
1.662660939029081630e+00
1.552557589673906779e+00
1.558009189498147817e+00
1.551685239111063375e+00
1.615377784387604487e+00
1.651231797068904994e+00
1.688957737406404203e+00
1.778460171224296005e+00
1.631649563983626816e+00
1.661540911808965237e+00
1.711724887049354660e+00
1.609880196675196107e+00
1.622822123309898057e+00
1.651660611523629862e+00
1.677999923631584567e+00
1.644822792126087618e+00
1.727425023556270034e+00
1.745048826662293440e+00
1.729090558730818739e+00
1.501970901772693878e+00
1.681559930168103456e+00
1.582808334970805308e+00
1.568151821661238232e+00
1.480518334951935522e+00
1.523414260463816117e+00
1.517791669276325139e+00
1.595215685633353697e+00
1.789446218741942429e+00
1.657306185830152989e+00
1.725912758852202078e+00
1.583884621916570090e+00
1.634959278495856205e+00
1.576526264055150506e+00
1.622839392388437441e+00
1.479102364281868809e+00
1.524914692731381027e+00
1.535138090439850389e+00
1.653610676277944114e+00
1.657887219603463747e+00
1.782315707693978402e+00
1.793193840830066721e+00
