1.645551908230306282e+00
1.492948940258796542e+00
1.434133895363078448e+00
1.527649857449202342e+00
1.447552207303804517e+00
1.500518654231770332e+00
1.709181661290755772e+00
1.659840974834549288e+00
1.558286904079837276e+00
1.693446494806009062e+00
1.793673633359250452e+00
1.788052063390293656e+00
1.775879822347693704e+00
1.819822542065661297e+00
1.882365033089034911e+00
1.677922915455423380e+00
1.750809938938459487e+00
1.863571591543029760e+00
1.731741298626106929e+00
1.732783182152040524e+00
1.827149318530911781e+00
1.899949263321267123e+00
1.824911396285847420e+00
1.823858199622715892e+00
1.859222985831954222e+00
1.889661373433729086e+00
1.863495424363596165e+00
1.988706115075830505e+00
1.710206454970082834e+00
1.898356817687764986e+00
1.807467056458580634e+00
1.704646015533414882e+00
1.625295635576051723e+00
1.760280169672541195e+00
1.814511677948879242e+00
1.700354438627050380e+00
1.697617287034263844e+00
1.725826492366350218e+00
1.627563171866027947e+00
1.702867633907118705e+00
1.840017354304832153e+00
1.740315691235182038e+00
1.785404292625855982e+00
1.788193892573669563e+00
1.802306825093584308e+00
1.892298813200971486e+00
1.836271857786930806e+00
1.823783757928981730e+00
1.658763179932614129e+00
1.572756101709124055e+00
1.335341680782943019e+00
1.136144691011152785e+00
1.252881660766789196e+00
1.226925050552916119e+00
1.607299381381519510e+00
1.552565453593468758e+00
1.230259573999770595e+00
1.414859036966497285e+00
1.489113605079709801e+00
1.650581383162818661e+00
1.747904658872309280e+00
1.701808377329895983e+00
1.694839511744458349e+00
1.738945933000634936e+00
1.615966914237597196e+00
1.776424322249520626e+00
1.304210411776373091e+00
1.574656300809958109e+00
1.623697698199039197e+00
1.593502262659439950e+00
1.643406745173836336e+00
1.871589254756615306e+00
1.746516649879734207e+00
1.471170524595562634e+00
1.647903767280122889e+00
1.847481010323965167e+00
1.778289771527457264e+00
1.865590040256929205e+00
1.733908187259648237e+00
1.491415393046674920e+00
1.557595951978647753e+00
1.329171475219338650e+00
1.747796138021975754e+00
1.723861377047272381e+00
1.771679476711153889e+00
1.808399717887944069e+00
1.810866081505999592e+00
1.917031263305923217e+00
1.579283007794745730e+00
1.389658138086768080e+00
1.428050995081312502e+00
1.459764609492417264e+00
1.402263264363672990e+00
1.672007460588747163e+00
1.745041937523323039e+00
1.804285030204811013e+00
1.785768748788922888e+00
1.711809897248979473e+00
1.671932481731309705e+00
1.611285962683956408e+00
