2.113822937057102891e+00
2.160968354424010140e+00
2.315620126450645522e+00
2.070292142934331281e+00
2.128583104828090544e+00
2.124394115766728763e+00
2.063477797454368101e+00
2.364985662478650497e+00
2.164427284383839911e+00
2.137139798636457311e+00
1.973279866947038608e+00
2.016878827425419907e+00
2.065520164342045106e+00
2.262748707801296888e+00
2.065294755575599162e+00
2.100941905652247144e+00
2.449459174101658032e+00
1.955412348761483177e+00
2.377565293982766725e+00
1.957154812904596142e+00
2.028511282030894591e+00
2.075952349299396538e+00
2.555558266089225761e+00
2.535717129889782928e+00
2.041072760071025449e+00
2.271169962379417040e+00
2.202436023458073322e+00
1.914290886099338840e+00
2.379889400833821167e+00
2.084273373724707668e+00
2.184462880419687281e+00
2.475885232943839220e+00
2.213496875145573917e+00
2.131753079672368933e+00
2.432385757675877613e+00
2.404725824146168200e+00
2.450278613550042728e+00
2.508799486927054456e+00
2.577309097306866637e+00
2.221197070281845765e+00
2.255871069733903944e+00
2.458018432788225738e+00
2.433751611828653072e+00
2.486292352239648729e+00
2.277105196121299358e+00
2.494655708530516769e+00
2.384143275924676342e+00
2.544079199614244224e+00
2.478017162462099243e+00
2.295629896948971460e+00
2.447828990802441762e+00
2.289916598406752879e+00
2.300866274576670367e+00
2.295211152456972936e+00
2.323753203213259511e+00
2.237257869095403251e+00
2.419344108984626374e+00
2.144107630627577699e+00
2.242083547850380665e+00
2.176845301483692818e+00
2.624760183352019993e+00
2.096547007469772073e+00
2.348507584151287464e+00
2.183779647998369544e+00
2.523421158573758483e+00
2.415130189204144795e+00
2.195772552786242837e+00
2.102758954357900389e+00
2.302113502194085282e+00
2.475208552430523401e+00
2.401633447455191916e+00
2.431647047692681696e+00
2.515227334432995843e+00
2.291394724300554131e+00
2.499121877587073826e+00
2.317222213235404560e+00
2.310763283103892896e+00
2.369642160444812795e+00
2.451537554827063037e+00
2.408822992255109430e+00
2.508608724446161453e+00
2.373043913456571730e+00
2.304268772154145939e+00
2.349025749658179230e+00
2.420670441797637462e+00
2.335348578297066879e+00
2.232373787476321869e+00
2.380241358052908041e+00
2.636062654133251471e+00
2.555397727677812814e+00
2.517478184212942338e+00
2.588777816287913147e+00
2.200976318042902058e+00
2.315742707520011656e+00
2.367999242970427076e+00
2.585047305821359220e+00
2.495457669224549146e+00
2.583018540520017226e+00
2.292303269349625250e+00
2.296369393331834985e+00
2.382609398028069148e+00
2.503357658047255629e+00
2.703092620486265307e+00
2.617941198228935562e+00
2.610488390528180602e+00
2.634711392749315095e+00
2.645796859339340390e+00
2.599694154572841143e+00
2.516816881468038503e+00
2.525934945428837786e+00
2.637116106983726116e+00
2.410232244726224327e+00
2.392967195314618323e+00
2.365059948827548997e+00
2.336423234119534342e+00
2.309828688443655853e+00
2.433791879563654614e+00
2.013040639215790240e+00
2.543081098997567402e+00
2.408124719587438900e+00
2.767647578475312287e+00
2.569225323008549111e+00
2.551648217801826490e+00
2.571566824501810178e+00
2.499500208021367076e+00
2.442881818943774874e+00
2.570498997592416845e+00
2.486680086200466100e+00
2.672739555667698497e+00
2.672494443385575291e+00
2.482821433694926583e+00
2.444043400493583373e+00
2.560204950549050729e+00
2.498485929596965693e+00
2.341893441300420431e+00
2.492157124964633486e+00
2.586216315954686706e+00
2.594067562148830053e+00
2.173625358700398635e+00
2.092606501896580706e+00
2.128276123051999758e+00
2.168712394574204172e+00
2.142828738065445382e+00
2.271930319354591887e+00
2.123065852385352947e+00
2.079754107904579818e+00
1.976510299834161266e+00
2.003556907347249005e+00
2.124711661297514098e+00
2.392624248308452106e+00
2.180524047497814699e+00
1.925459403134036185e+00
1.944924284407985926e+00
2.062897691203722239e+00
2.542119781143868718e+00
2.389061535700199634e+00
2.548766852304159336e+00
2.297196961561863038e+00
2.567986033807352353e+00
2.409350485273825004e+00
2.295097647860004031e+00
2.388072380642521697e+00
2.482566866411527684e+00
2.555167700486605131e+00
2.585348000758305176e+00
2.173662511689987031e+00
2.435105065644682654e+00
2.402740309790207807e+00
2.506250730147063788e+00
2.479676455897199983e+00
2.536244240477681267e+00
2.482805205451829256e+00
2.590111058011692169e+00
2.619901471733150800e+00
2.555027493706290898e+00
2.415745050633926194e+00
2.612070837105684884e+00
2.688537249113740035e+00
2.660893356880856153e+00
2.571237601719241095e+00
2.744704358649445286e+00
2.662593091358428588e+00
2.586532586258286415e+00
2.586750120340712833e+00
2.560929499975530543e+00
2.232701664542776410e+00
2.462605754638266919e+00
2.496065685877860485e+00
2.054366152483456442e+00
2.337378350673047667e+00
2.218746021438413596e+00
2.515787236904148294e+00
2.414024710436378562e+00
2.260663940939168004e+00
2.452880389070678291e+00
2.364392544669847496e+00
2.444244505130703349e+00
2.377656877667001734e+00
2.474509519570741833e+00
2.503631986778535712e+00
2.487663521312013515e+00
2.511709029076116373e+00
2.418486386379767428e+00
2.481260660059871892e+00
2.586313404219331868e+00
2.531086248576856157e+00
2.178752273960536723e+00
2.029167153615432095e+00
2.176077895931580297e+00
2.172562774834183141e+00
2.181327457649361090e+00
2.258269872747351581e+00
2.477379647511929850e+00
2.286088989877649524e+00
2.394909980052902121e+00
2.440057709113554019e+00
2.458020372568605172e+00
2.329011741330950347e+00
2.357507625938012552e+00
2.558927361197740780e+00
2.466377875016202648e+00
2.424077853429274843e+00
2.497105458665176858e+00
2.349215028472881883e+00
2.380775718255452755e+00
2.442065258935670169e+00
2.448018453109622961e+00
2.359791858309898238e+00
2.589740429321582216e+00
2.423511147753852235e+00
2.659008618939867841e+00
2.641913520556804063e+00
2.568800493438680110e+00
2.502000665670816026e+00
2.595463088915503480e+00
2.662689377131197244e+00
2.516874999679786118e+00
2.688711682600595676e+00
2.542521136318828034e+00
2.472930609250522771e+00
2.836644444080312244e+00
2.528659070830657551e+00
2.508956494388897784e+00
2.561145565567803040e+00
2.708565757792243289e+00
2.436855153400559804e+00
2.580863405920158726e+00
2.715949577260901915e+00
1.881842239219070789e+00
2.185989734584646182e+00
1.961331377862070235e+00
2.138494841781356293e+00
2.189740444513001538e+00
2.136578149402289295e+00
2.053498229254303364e+00
2.094617187254139257e+00
2.035560365756529322e+00
1.993359008969838531e+00
2.151891124851089909e+00
2.005234081286658032e+00
1.911453722969086444e+00
2.052247642518127524e+00
2.410638115821538641e+00
2.125315084406703470e+00
1.939380632645686386e+00
2.204364598843799872e+00
1.875235292653217201e+00
2.135703873689411392e+00
2.200513069602867411e+00
2.618837709633330402e+00
2.089389825565679093e+00
2.032998861511869038e+00
2.376920208209636787e+00
2.221804941949330647e+00
2.005990295466805851e+00
2.228315378902905319e+00
2.358069821509642949e+00
2.160849382559316467e+00
2.255169056915468762e+00
2.158001895871541009e+00
2.171151631071178922e+00
2.394130559098854416e+00
2.376555267220212375e+00
2.442002136786205480e+00
2.500977912318866903e+00
2.247174907779966535e+00
2.245980350320419650e+00
2.337667385369600836e+00
2.489031944959193332e+00
2.590245731313889799e+00
2.566272535807043731e+00
2.462856717459363853e+00
2.415414809940941598e+00
2.349729705244600897e+00
2.520437357307717008e+00
2.495338696552902746e+00
2.358755762535595490e+00
2.301910082886347464e+00
2.275163946396214332e+00
2.344381580815348531e+00
2.267048337257676405e+00
2.327079055194911206e+00
2.097978384582369404e+00
2.208006573581913656e+00
2.343138948314819281e+00
2.505992171020707815e+00
2.302254090751598703e+00
2.303409635400043509e+00
2.385211337769522988e+00
2.217306100954506753e+00
2.567645824073360394e+00
2.160547979312883005e+00
2.407409064829264089e+00
2.274755636854014718e+00
2.415132330106060987e+00
2.262686131690974989e+00
2.220370937407784684e+00
2.487023381802476507e+00
2.210018689497062816e+00
2.490227043114311201e+00
2.278279717131606041e+00
2.494118547768659599e+00
2.358063228983126258e+00
2.343929105778530975e+00
2.532986223646454427e+00
2.160333230312133868e+00
2.415070475801004868e+00
2.443595640557045812e+00
2.542124018961276821e+00
2.328398874112592054e+00
2.389875210109653203e+00
2.323448253803769958e+00
2.284635014438036293e+00
2.278029766975703474e+00
2.203286889928669279e+00
2.461360558818634026e+00
2.408973846750039449e+00
2.401667965675747141e+00
2.526198900977858486e+00
2.254681018528886138e+00
2.480202000471972923e+00
2.471651886380560992e+00
2.308604160114966497e+00
2.142575773434701958e+00
2.416319803817061906e+00
2.280515566961248908e+00
2.410596161024521678e+00
2.452196178466405030e+00
2.660712067934910330e+00
2.663967776111533681e+00
2.287828968998209422e+00
2.289922341002452733e+00
2.443169587204358173e+00
2.459055233770693238e+00
2.546415969984989758e+00
2.631551429367207096e+00
2.587262877330443356e+00
2.495255491430337980e+00
2.573886854750006226e+00
2.604457054072408795e+00
2.600419953937433970e+00
2.554862199355580010e+00
2.577524820666300620e+00
2.457051922928358945e+00
2.491719606421942679e+00
2.403965497071195667e+00
2.356434369644157645e+00
2.268722258796130209e+00
2.403049685680133329e+00
2.466894454326703734e+00
2.266530094349812785e+00
2.309024105433206575e+00
2.449361432289909324e+00
2.533258710682398718e+00
2.379165252622358562e+00
2.631605197666247786e+00
2.745687169126266980e+00
2.400988287825509104e+00
2.445803332041898148e+00
2.573373422898215246e+00
2.502765557129988494e+00
2.588381192851728407e+00
2.551909745673685670e+00
2.405330013654824572e+00
2.646921163751036588e+00
2.569268915331246905e+00
2.490589545021781426e+00
2.567399988116486398e+00
2.438846796825690166e+00
2.438652117322231749e+00
2.277845806939421180e+00
2.630090915628779058e+00
2.425096102244617580e+00
2.215515125247123240e+00
2.650765972067454790e+00
2.648238033296038019e+00
2.658690909101129485e+00
1.966247760593590854e+00
2.033014689785261453e+00
1.975100278935454146e+00
2.148556438708609129e+00
2.043421845589010744e+00
2.193276237851227606e+00
2.239083310315419073e+00
2.122869493238217053e+00
2.113884731380721860e+00
1.931727608265080276e+00
1.962269747361713668e+00
2.177717161172508575e+00
2.139978217902658297e+00
2.081747804207040975e+00
1.928103467216239153e+00
2.114216300295148621e+00
2.018408749723537010e+00
2.527816342248694781e+00
2.416023248680808866e+00
2.513457396507090547e+00
2.334971838862391458e+00
2.278364864929562472e+00
2.527655631698871641e+00
2.399419293650597584e+00
2.460219707318321625e+00
2.319780929400386160e+00
2.174401981385366334e+00
2.323211356631955216e+00
2.384436031515569265e+00
2.256338136896483881e+00
2.330278629350476027e+00
2.529798836669775230e+00
2.493341450025590600e+00
2.445426182946001337e+00
2.448320489587117343e+00
2.525986899103192407e+00
2.427960439065535159e+00
2.502061414828701480e+00
2.431440508904859854e+00
2.539350743879105199e+00
2.500947995291331161e+00
2.692061281594383626e+00
2.671136999002177603e+00
2.655296659170205409e+00
2.752580560265778242e+00
2.503066515999047059e+00
2.510949636730555490e+00
2.665298630986011386e+00
2.570660377948842168e+00
2.828282210045582890e+00
2.737839207715129675e+00
2.544458071564266177e+00
2.503589932661502537e+00
2.505791007834312634e+00
2.595265566674780366e+00
2.321205506584958833e+00
2.463802037320669491e+00
2.493593863381950548e+00
2.423060740210351671e+00
2.517386241532509672e+00
2.499499000026910611e+00
2.625065369808728288e+00
2.595307286229464161e+00
2.218999736175040649e+00
2.290119055455622998e+00
2.189861991051350820e+00
2.185852078852306146e+00
2.466282782759247727e+00
2.246723737260219789e+00
2.400715504875631012e+00
2.326296798686170231e+00
2.420793112352841447e+00
2.399845522775303053e+00
2.126598460904366661e+00
1.984316122965634976e+00
2.206689445461694987e+00
2.323721748575218182e+00
2.035244504083324024e+00
2.305515508927641566e+00
2.161588796074418894e+00
2.356180782119991157e+00
2.500038303488545388e+00
2.356201133793953240e+00
2.518552061094537109e+00
2.450747579543307353e+00
2.418123118012698303e+00
2.475912490141550570e+00
2.466191228415662184e+00
2.522762616909338451e+00
2.604198245934016942e+00
2.514094938133655255e+00
2.671062827304118592e+00
2.667858475561367904e+00
2.609498279498483342e+00
2.774085473151970849e+00
2.573355007122500204e+00
2.500899023294850032e+00
2.675449576964452625e+00
2.506110805168421329e+00
2.402540613505007361e+00
2.563604913072741631e+00
2.628224232828456408e+00
2.509404275391971417e+00
