2.090193818402870995e+00
2.048326637115824411e+00
2.168934979246980088e+00
2.094055123097005477e+00
2.187265990152911233e+00
2.073151645866553761e+00
2.097900516260981174e+00
2.365626205111922342e+00
2.219354781243203512e+00
1.987660934276380464e+00
1.993989762711537717e+00
1.854208273960477271e+00
2.191721520614427821e+00
2.252099400611564661e+00
2.129461311443003879e+00
2.136624694653913803e+00
2.200159743444697558e+00
1.976828793004782980e+00
2.401562752861493344e+00
1.875015152369772897e+00
2.129609884383633744e+00
2.130893796390126216e+00
2.486414820427925054e+00
2.353183257990892674e+00
2.180594786643506477e+00
2.284307042007140520e+00
2.224816930539915472e+00
2.004641002052691690e+00
2.501557603236381766e+00
2.210695174542561148e+00
2.246872865111037232e+00
2.425942474992704323e+00
2.094494759654884852e+00
2.139452968124118115e+00
2.376998121792445851e+00
2.459700495356406336e+00
2.388460393148940764e+00
2.391887065607503082e+00
2.441833915513284214e+00
2.133488545969016936e+00
2.173131813050039884e+00
2.347983825605218122e+00
2.115285763777236205e+00
2.532135635223099257e+00
1.992623614442622371e+00
2.519611153838897444e+00
2.272512522959424519e+00
2.473481345149468158e+00
2.369126648183312422e+00
2.296490798202713624e+00
2.277254584608473742e+00
2.379662325732764927e+00
2.212749352172800776e+00
2.326456202766480352e+00
2.250011357443522098e+00
2.294345874015939035e+00
2.255334823512142428e+00
2.140997609294220005e+00
2.266958217053255176e+00
2.265622019937568954e+00
2.388424408960528655e+00
2.210886873669312802e+00
2.313152229867843968e+00
2.308026995410802584e+00
2.463858702535484113e+00
2.468105457138779713e+00
2.352023662152085581e+00
2.160082589285308607e+00
2.264142589114657600e+00
2.370214416617272057e+00
2.287242081631434498e+00
2.566672705017167377e+00
2.467335973105208247e+00
2.249056953936078518e+00
2.391652078196423670e+00
2.361968756927943058e+00
2.337723588646960504e+00
2.355735687662821487e+00
2.511914559256129831e+00
2.372690664166354768e+00
2.459373037057271283e+00
2.446739784550422847e+00
2.173568441666155149e+00
2.229565125556538518e+00
2.338753423232352802e+00
2.461354820150214451e+00
2.212743766278896018e+00
2.492456662042887849e+00
2.460220590113129102e+00
2.415006105583302531e+00
2.367639652930520811e+00
2.486585909140895723e+00
2.302457558104440860e+00
2.282484334914461233e+00
2.274951939683313551e+00
2.559596269908432475e+00
2.512258442062142993e+00
2.607780729387842111e+00
2.477458000279611827e+00
2.361682797174577075e+00
2.543291934862719650e+00
2.607202749471359660e+00
2.650126421128045973e+00
2.600993783440477269e+00
2.640204376508358486e+00
2.607644741903074603e+00
2.599881519326308954e+00
2.423506275706660773e+00
2.401536146843623154e+00
2.458510517980899479e+00
2.485400404587559287e+00
2.303272780361346861e+00
2.261342549772944022e+00
2.295308772069530878e+00
2.306046580094867071e+00
2.338906194462857524e+00
2.309866249048805109e+00
2.027347824615688854e+00
2.437101247018709671e+00
2.191550352164692406e+00
2.688846981787480495e+00
2.563345074745795316e+00
2.296001650831685392e+00
2.400089861504871802e+00
2.564124709253902790e+00
2.477953802575400655e+00
2.657037549900229667e+00
2.495737412074238826e+00
2.503264447898625455e+00
2.464135636721700440e+00
2.456209488284517128e+00
2.438198601003390475e+00
2.503705203109716226e+00
2.476854770105180847e+00
2.359482435752103147e+00
2.589006713278561911e+00
2.500684769895319182e+00
2.475788433049987525e+00
2.147667050757180451e+00
2.069720941795758051e+00
2.159583830353550837e+00
2.124575201355803244e+00
2.124568830819074883e+00
2.253928789461002058e+00
2.019142981608415877e+00
2.120910316529379891e+00
1.825937459062571211e+00
2.038927048953337984e+00
1.994409210711028280e+00
2.336027521140945584e+00
2.126495915907774314e+00
1.880451309188368780e+00
1.851181386248810457e+00
2.003210182894634261e+00
2.419737900509718820e+00
2.403344672988640518e+00
2.469038920198642906e+00
2.319616761908013913e+00
2.574318088814243399e+00
2.326530576515619231e+00
2.269012095544657992e+00
2.412389753420545624e+00
2.454200173648113381e+00
2.529920672022947681e+00
2.635954587289177642e+00
2.169833929958345120e+00
2.422917809184044646e+00
2.333472225593965721e+00
2.506262329866198790e+00
2.486018851922700890e+00
2.642924757332625330e+00
2.499939616078052040e+00
2.485760402542020131e+00
2.654947965305506141e+00
2.444412790617344733e+00
2.250804825666863795e+00
2.635054129086834784e+00
2.713589794218061790e+00
2.601787288910387463e+00
2.522264501476831899e+00
2.740671176257620800e+00
2.653337527724719092e+00
2.555223878974981488e+00
2.592946282317134088e+00
2.536438520227040971e+00
2.229201608431909509e+00
2.391091339612599675e+00
2.525646010927650398e+00
2.074620278161933840e+00
2.201284863442937834e+00
2.038449670910274403e+00
2.343182516682595029e+00
2.219469706717517976e+00
2.134232947261059721e+00
2.331449262761353669e+00
2.196060712991056540e+00
2.199723147589556227e+00
2.168786693316684389e+00
2.487380652854102259e+00
2.385091727080748125e+00
2.276324587234999086e+00
2.543099295598285625e+00
2.345211535634772915e+00
2.351428520363192831e+00
2.560769010222049058e+00
2.506837397711261239e+00
2.169318126525825008e+00
1.956411069458589669e+00
2.088748169475200367e+00
2.144131364409763929e+00
2.214756278857665350e+00
2.244207923550437744e+00
2.102882157520173934e+00
2.254557568103291665e+00
2.256258130173140142e+00
2.383802904279502144e+00
2.446970391147081259e+00
2.287823407386520014e+00
2.353008720434247802e+00
2.629054943051443161e+00
2.384656052356524558e+00
2.450098951210895493e+00
2.540439477583689154e+00
2.382675255754359789e+00
2.386043422744131615e+00
2.468154526500683232e+00
2.594843910073529436e+00
2.403322673851631563e+00
2.280317733221552512e+00
2.480592865720763207e+00
2.689854860582010065e+00
2.624255019086017882e+00
2.471971514374590395e+00
2.442135656150391743e+00
2.662950135442603727e+00
2.681950939194110539e+00
2.532472397700145539e+00
2.642612299175343349e+00
2.532979840792269677e+00
2.655435161725014925e+00
2.800240789726832880e+00
2.542223343194379481e+00
2.650642560975760897e+00
2.525830696554865806e+00
2.548534813862488591e+00
2.407492867504474887e+00
2.610721528626850141e+00
2.654238531239774712e+00
1.924116927385046472e+00
2.013945125497144328e+00
1.970363050468343591e+00
2.146379657006292518e+00
2.331060719333128528e+00
2.219596805832689590e+00
2.169977577585179507e+00
2.134298319674055922e+00
2.170543725181941497e+00
2.196113522467696644e+00
2.232089108879518058e+00
2.112383554244810391e+00
2.085728552173840900e+00
2.209305787701656421e+00
2.307017365214564464e+00
2.173538520705359911e+00
2.067264301708329644e+00
2.268887213532346792e+00
2.054976883615961203e+00
2.175087537196247478e+00
2.153618572451002855e+00
2.554290455065158394e+00
2.140327710354095192e+00
2.179995614567084683e+00
2.360729875701777836e+00
2.282630969097009910e+00
2.189193314166193005e+00
2.193429421583460659e+00
2.397432307481051073e+00
2.176748163736370589e+00
2.326752369694020217e+00
2.267129380220598733e+00
2.209797544146348436e+00
2.370455620025455623e+00
2.347406185146028168e+00
2.376732065116268444e+00
2.512962262578771977e+00
2.143719976063830135e+00
2.191884240025373742e+00
2.308938049868953790e+00
2.271534975375513632e+00
2.473467863332858840e+00
2.453713511336834685e+00
2.439458290141903962e+00
2.293014567021108174e+00
2.424154978189148935e+00
2.417230632263046797e+00
2.332324877933402707e+00
2.239949656169246239e+00
2.284165241433843807e+00
2.273080203311149461e+00
2.281110105016730838e+00
2.177571044059169569e+00
2.255470592983722433e+00
2.135648877288736536e+00
2.162584846991086440e+00
2.199510972751190785e+00
2.430422208772444748e+00
2.234251485166176998e+00
2.179407046688355276e+00
2.373168763514466928e+00
2.172931798431228412e+00
2.414017742703743696e+00
2.158519817137602992e+00
2.335732160037387040e+00
2.283842969280081459e+00
2.326406995813226519e+00
2.275782568120198412e+00
2.121774577016874108e+00
2.405361455203208099e+00
2.201171461896842096e+00
2.439525592412531640e+00
2.253427291460401882e+00
2.377139760317388273e+00
2.150235733151677042e+00
2.162813801516654699e+00
2.520230642695436618e+00
2.170025945649369348e+00
2.329038300733056399e+00
2.333611306288831067e+00
2.407798108242304558e+00
2.279496856014856299e+00
2.288295843994279988e+00
2.280560498867287844e+00
2.250546786552694467e+00
2.162744603745331062e+00
2.227342301421889825e+00
2.406174286671924900e+00
2.450898280075912261e+00
2.427175964548116127e+00
2.557252128670957081e+00
2.250784341158395208e+00
2.467069359833639286e+00
2.609477394220649504e+00
2.311302475388371747e+00
2.162252935070750670e+00
2.189223733058708543e+00
2.342018156549790842e+00
2.345980190647910302e+00
2.608311047643825820e+00
2.442396964603442466e+00
2.686630886803291762e+00
2.193361096287429035e+00
2.424507937025077720e+00
2.417282423054108786e+00
2.493190293973610583e+00
2.517491722316356206e+00
2.564238898691083346e+00
2.536133483393995469e+00
2.635820500872130268e+00
2.506074931410923412e+00
2.580803642703811462e+00
2.407822845360064523e+00
2.506057091635240042e+00
2.377006797578604225e+00
2.338052998431202845e+00
2.452101397131744687e+00
2.392582222684400683e+00
2.246398545350035025e+00
2.398070754461514742e+00
2.273289157602572441e+00
2.481998799257893129e+00
2.289190519922579270e+00
2.335819741447924702e+00
2.513001663277673714e+00
2.441388126008507076e+00
2.348279831144503671e+00
2.418425807007446249e+00
2.661996293641667677e+00
2.316586813509597942e+00
2.382274217822739626e+00
2.466956363583526102e+00
2.349038345178726228e+00
2.467043429735737092e+00
2.304605222096766326e+00
2.405629742523516690e+00
2.634377392545622865e+00
2.393242609682771693e+00
2.404408076951769502e+00
2.502505823118656991e+00
2.342275247328643228e+00
2.386536784129067001e+00
2.359957675383192122e+00
2.605937832121766551e+00
2.348807169084497826e+00
2.284749893921765640e+00
2.658690725555068024e+00
2.450440577596805891e+00
2.627918181446755597e+00
2.016080058219708704e+00
2.125750787522604490e+00
2.132926561921999919e+00
2.239537424871940630e+00
2.035645585996611828e+00
2.178442493543988334e+00
2.245010239616097358e+00
2.028468706205739824e+00
1.991885803677816202e+00
1.947947965253682190e+00
1.941318045211084753e+00
2.112523804233845226e+00
2.003989537568006796e+00
2.084052826814994486e+00
2.017124453801207196e+00
2.195370601064067451e+00
2.115370750460219273e+00
2.614610513206228948e+00
2.491317098860232448e+00
2.546487457113481678e+00
2.325066906962811597e+00
2.387318575977880553e+00
2.528519101184099949e+00
2.152341940698421663e+00
2.467828401649738712e+00
2.324448325010923355e+00
2.146603482004557417e+00
2.284052502557774922e+00
2.415055699911513365e+00
2.349278270388182044e+00
2.477750186539447785e+00
2.549161429148391278e+00
2.453462505683845940e+00
2.521158499535620656e+00
2.535787728827040066e+00
2.523847293711470652e+00
2.490352390816669814e+00
2.519996931758966774e+00
2.432861112230717104e+00
2.457121187200419055e+00
2.522544017982506936e+00
2.607660612920603249e+00
2.403202384812009207e+00
2.562662032209106489e+00
2.643997263307904522e+00
2.566553567785370582e+00
2.392052235670984128e+00
2.473547053506595539e+00
2.619875012779067980e+00
2.847902142649564095e+00
2.682515637527469465e+00
2.585861223672302867e+00
2.392130385436717965e+00
2.495171258226533517e+00
2.550843123107187527e+00
2.394624943594028110e+00
2.327196383316436190e+00
2.416344744767439323e+00
2.370626327687142432e+00
2.425483624828685070e+00
2.618512497600814726e+00
2.701893978744101865e+00
2.661240708784772036e+00
2.107653041895491519e+00
2.278046360721750485e+00
2.073754829407282507e+00
2.224657221686317854e+00
2.342118397469458380e+00
2.101494950108217186e+00
2.310777640010503564e+00
2.288654803900022738e+00
2.273751555778619426e+00
2.235586707897550873e+00
2.283145396559375762e+00
2.104511686985760743e+00
2.309678367586923908e+00
2.415327396552730654e+00
2.168062282009672437e+00
2.283558156201343170e+00
2.189998637574121165e+00
2.323325488313312537e+00
2.417283645651264301e+00
2.409033254936494117e+00
2.487770524344736778e+00
2.455998347020925010e+00
2.481515914289147418e+00
2.496705948936151387e+00
2.457925386374980814e+00
2.516253842989102374e+00
2.600453941364146981e+00
2.435970869716724607e+00
2.575887793948979265e+00
2.576770563918463708e+00
2.557055919124901155e+00
2.673821656943787595e+00
2.605133057439538824e+00
2.505837125600859583e+00
2.526478395890352058e+00
2.472959704750897547e+00
2.546316377816079779e+00
2.593219002572247245e+00
2.397118138885148131e+00
2.510703113489981764e+00
