2.235112800677514500e+00
2.147282416761436163e+00
2.290088098807743666e+00
2.149014596524430942e+00
2.135855286644232631e+00
1.989894865599142415e+00
2.076610087072921829e+00
2.413121981592484477e+00
2.041027846095765597e+00
1.960054888625112790e+00
1.923338486718989770e+00
1.925066259272699476e+00
2.102607276128648284e+00
2.223002972250918585e+00
2.053540970126348064e+00
2.118273271043690897e+00
2.327641044060099862e+00
1.849197136619268989e+00
2.414883884118886215e+00
1.859903570491257430e+00
2.171504361824204921e+00
2.082922540041744597e+00
2.532971099054444064e+00
2.364067004337528921e+00
2.178067683586575765e+00
2.349360077985724438e+00
2.164887037747316167e+00
2.066040376900292852e+00
2.492896496472142065e+00
2.192387824870806856e+00
2.316086422905750286e+00
2.393884338515431587e+00
2.146081511397998742e+00
2.168247292300470974e+00
2.413578911817935602e+00
2.477150562109887932e+00
2.385440407045340105e+00
2.464361973847168485e+00
2.506668792144547631e+00
2.121659742142677718e+00
2.104165189140393188e+00
2.373278858578195649e+00
2.234631844632180453e+00
2.473871543256205285e+00
2.207784496589758394e+00
2.450062087195588045e+00
2.259999863967464773e+00
2.435824432911137816e+00
2.320722221102286209e+00
2.308189213092866954e+00
2.397486162557910472e+00
2.380238836897846877e+00
2.294782754159943927e+00
2.294274792453277811e+00
2.215799158110149492e+00
2.259143757293438082e+00
2.322811471715420240e+00
2.085457880759720162e+00
2.281250316670065725e+00
2.155916014141737058e+00
2.400765778410620666e+00
2.139103031825446255e+00
2.310638994426665427e+00
2.217787128265540364e+00
2.430989958853467581e+00
2.432672124240553124e+00
2.244187541253096274e+00
2.165162234419394149e+00
2.262100844884990636e+00
2.459913159818707395e+00
2.249219383924475846e+00
2.500085864478437614e+00
2.476741019525172671e+00
2.257679800630605804e+00
2.461582414514389416e+00
2.462757481550966521e+00
2.291594134246210945e+00
2.472691659053229962e+00
2.456115656944353631e+00
2.378581318102945819e+00
2.502895777838906266e+00
2.356821669591095514e+00
2.166293961307448335e+00
2.181056856370751973e+00
2.277579818285593749e+00
2.224975225132238776e+00
2.189269239679618728e+00
2.438737179738831085e+00
2.567156967199828443e+00
2.514758453935075799e+00
2.470173736736874126e+00
2.481589238900909766e+00
2.268943805575890149e+00
2.342100325327395094e+00
2.248527068608615398e+00
2.465045400240799101e+00
2.306138442180686532e+00
2.583272781109581029e+00
2.267029982437934077e+00
2.302658714214282476e+00
2.344786064326809694e+00
2.471595582503018029e+00
2.528925768306041100e+00
2.536445488589196273e+00
2.606557326508320394e+00
2.551839556368443063e+00
2.459816513158794127e+00
2.480592129809738200e+00
2.550274022316227907e+00
2.428878036928668660e+00
2.509144682740655163e+00
2.380777066308211509e+00
2.403179921332006863e+00
2.328580945342663355e+00
2.408388033554322849e+00
2.390480942451073343e+00
2.438220721990044915e+00
2.098956613716773667e+00
2.618301765552967009e+00
2.328937090811936894e+00
2.733042580694824419e+00
2.549574304789376633e+00
2.408299016066091536e+00
2.437832632123870358e+00
2.486044806641258820e+00
2.374518097390027727e+00
2.592086604417163986e+00
2.540869316094233277e+00
2.509274214322505525e+00
2.480825989416217237e+00
2.396400215507509923e+00
2.386035668537060506e+00
2.649551644615236956e+00
2.431509843533939286e+00
2.304752969008373231e+00
2.619483112785120138e+00
2.430577358762476603e+00
2.601333411879689361e+00
2.148800852568953701e+00
2.256165547448566677e+00
2.165845672448172721e+00
2.081360797555869002e+00
2.217913441863526014e+00
2.247197144448402018e+00
2.088775221955213368e+00
2.116710270986580600e+00
1.947507605372356565e+00
2.172349807816694067e+00
2.233351619795060472e+00
2.234300314620157213e+00
2.240337621447588301e+00
2.172774052127828259e+00
2.069784421238269889e+00
2.162681168330672143e+00
2.472608405399101539e+00
2.398733916881547579e+00
2.498945332493547333e+00
2.362021910504517042e+00
2.455367340058900005e+00
2.389358978986969362e+00
2.318369425516862314e+00
2.280304839422723440e+00
2.528000808779057085e+00
2.473466644290924332e+00
2.537690595139825422e+00
2.150367416008673871e+00
2.403451674895098478e+00
2.447649300573794040e+00
2.415911881730146149e+00
2.332937551775779994e+00
2.579662670069900354e+00
2.465196970263799248e+00
2.532898485625546758e+00
2.563824447487466962e+00
2.495592776344486730e+00
2.385757635508781949e+00
2.501345259228964668e+00
2.457685062575690971e+00
2.644365127403743188e+00
2.720693199116614114e+00
2.764758544416729968e+00
2.705616484046521553e+00
2.441208510967180612e+00
2.507173635371906073e+00
2.563720930620272398e+00
2.235506358172085761e+00
2.418972117454543991e+00
2.416012266950119614e+00
2.124982460325698153e+00
2.337978840258190694e+00
2.196496226108474836e+00
2.371065435901680729e+00
2.275520846973535516e+00
2.161160250440885999e+00
2.416267112789477700e+00
2.270482004890815197e+00
2.243928444363532559e+00
2.204894928979241442e+00
2.480456280336329034e+00
2.317935705923031442e+00
2.329394502122341670e+00
2.535998306117369872e+00
2.336880892315232217e+00
2.308516721201674837e+00
2.518689766670181296e+00
2.441990613533465027e+00
2.321858028403029905e+00
1.998027432165311312e+00
2.248402447849799479e+00
2.149824790469475833e+00
2.180020428351876927e+00
2.362037163231985204e+00
2.252448086208928224e+00
2.473471180993044083e+00
2.332851599085846939e+00
2.409138100266079885e+00
2.447067703464715915e+00
2.282677635569738239e+00
2.388447668547047709e+00
2.623629918892312674e+00
2.500554540899293077e+00
2.410557403322745706e+00
2.624909088789309397e+00
2.367805258518359324e+00
2.452472929747329999e+00
2.491349373232024877e+00
2.438239437728632275e+00
2.500709451971347974e+00
2.428170270365913375e+00
2.458148218301366317e+00
2.614030543167177534e+00
2.621898388020878823e+00
2.393049443723570313e+00
2.414574983295989075e+00
2.548304350714962307e+00
2.663179716304455713e+00
2.464853980931686728e+00
2.697438492715550584e+00
2.520141205654631289e+00
2.492063809088825632e+00
2.667593680928384003e+00
2.388321441778633591e+00
2.469222154057255203e+00
2.455498429371110181e+00
2.437714370219341120e+00
2.435557919051945408e+00
2.450626761952040766e+00
2.476565344178939920e+00
2.160422749378186680e+00
2.133547921633917266e+00
1.976799922484941519e+00
2.195453788200694145e+00
2.166216812999207431e+00
2.226906393468497836e+00
2.194157698534367373e+00
2.117798917811079651e+00
2.115767690070519347e+00
2.188044487516529468e+00
2.211300281394851908e+00
2.068969240063615711e+00
2.052345283622267313e+00
2.251197472931937060e+00
2.380335917926850620e+00
2.064775039903631537e+00
2.022847418836495770e+00
2.408939696637676597e+00
1.941639173887947489e+00
2.182629392638049559e+00
2.068046586020698463e+00
2.606265284877467892e+00
2.119636284687753669e+00
2.050599327989611531e+00
2.375023288300147417e+00
2.268804671693808839e+00
2.138702895020084593e+00
2.224220699386437960e+00
2.496728420329855869e+00
2.237732154846057142e+00
2.402361789301056483e+00
2.200312518963406738e+00
2.139881170099124930e+00
2.471778569222365718e+00
2.518425785784955906e+00
2.411864453050688972e+00
2.383889103506716456e+00
2.181972850687710519e+00
2.210087069157033124e+00
2.321489120989706390e+00
2.184413710780150453e+00
2.627292971807122068e+00
2.523211521319654427e+00
2.518767198407961150e+00
2.245525947761712882e+00
2.312958695951323307e+00
2.417457401699267372e+00
2.522818884399734340e+00
2.384845693298094815e+00
2.318788210371082847e+00
2.394084602339975110e+00
2.310112495354153861e+00
2.264789714331734150e+00
2.266693611861440694e+00
2.113774982481766429e+00
2.339715926063699047e+00
2.318975763772896048e+00
2.349092569873727943e+00
2.213812364719773829e+00
2.298857924061295854e+00
2.305368779749655594e+00
2.219411591321295063e+00
2.530760095744538862e+00
2.136175463846879286e+00
2.441994093021954804e+00
2.227469511410472336e+00
2.379253581472494883e+00
2.457515346207030937e+00
2.145095702276709648e+00
2.456845150811493017e+00
2.211315933348771967e+00
2.419303074891767658e+00
2.308985957658487909e+00
2.305003468525326671e+00
2.317996617741625798e+00
2.288116353710167417e+00
2.530117200346178929e+00
2.197243201421342551e+00
2.402987251337133756e+00
2.382106902236646562e+00
2.431733350418214368e+00
2.343150563537284015e+00
2.294369897991719309e+00
2.317474338234437159e+00
2.344699142087264043e+00
2.288947572058410262e+00
2.206180704423761352e+00
2.437093062718075132e+00
2.346889008626309003e+00
2.412391008689139582e+00
2.602052637130888968e+00
2.431610195515899964e+00
2.312608122400501731e+00
2.346350196568841806e+00
2.436227252767737994e+00
2.296663161536506514e+00
2.283516871815379101e+00
2.253969212457453519e+00
2.311748676143404069e+00
2.318941512591309539e+00
2.338970028765886333e+00
2.409685437499928806e+00
2.359936591915458237e+00
2.223675371008837054e+00
2.385427304754287547e+00
2.394645601538793134e+00
2.353089318744769454e+00
2.450696852311138763e+00
2.498213998679099657e+00
2.477151890385139055e+00
2.518049631158122637e+00
2.586142773723519639e+00
2.486238971494745709e+00
2.457334863049953189e+00
2.442299088633175685e+00
2.396476158253580735e+00
2.329386822161944259e+00
2.424269964407826272e+00
2.219447814354178927e+00
2.296631455039318759e+00
2.431705424700981055e+00
2.369997895788260145e+00
2.352081343467180119e+00
2.505131492889379974e+00
2.435115702108901381e+00
2.478298232323222106e+00
2.510436687504712605e+00
2.486399604364731175e+00
2.732496660908194208e+00
2.320555781433293330e+00
2.430244768937396493e+00
2.542381102942127935e+00
2.492814306536331959e+00
2.533524760452601665e+00
2.398912003244826341e+00
2.504772431756048690e+00
2.603331261174862465e+00
2.409358328236869795e+00
2.383616868444465187e+00
2.456240183279862155e+00
2.362704136787950215e+00
2.432964786320966688e+00
2.313077962955234046e+00
2.528254900835876118e+00
2.401721185041746143e+00
2.287024723083454614e+00
2.568372329005878196e+00
2.569969991487974781e+00
2.570338887937496430e+00
2.146328583393955824e+00
2.137607277281530216e+00
2.124430125770989441e+00
2.231642552327433027e+00
2.089946600623682649e+00
2.324081491957263879e+00
2.219135505096645922e+00
2.274952995953634538e+00
2.105266038037778564e+00
2.028340139890374871e+00
2.022054008285186111e+00
2.279512978947976887e+00
2.138339700061508974e+00
2.150715760392985398e+00
2.140872874792510760e+00
2.552290549791404128e+00
2.119020554234770870e+00
2.448112645680776467e+00
2.457998767760832592e+00
2.439567041980679640e+00
2.332295971047993799e+00
2.344482591318031606e+00
2.432563108298220200e+00
2.295381189731530380e+00
2.433691804824035021e+00
2.370668898368410549e+00
2.210385155360227394e+00
2.319746763819412472e+00
2.298621845434348998e+00
2.386778985146152277e+00
2.313909502633924475e+00
2.537024588134972891e+00
2.457275472647238779e+00
2.457011375710317580e+00
2.256040220155338893e+00
2.514294594276714090e+00
2.427933454124346024e+00
2.484632909410036117e+00
2.372680833754922336e+00
2.406008732324092847e+00
2.503972455773346706e+00
2.514648400609735379e+00
2.515166230417520854e+00
2.513708539538306308e+00
2.651778765369289914e+00
2.604380575473091763e+00
2.520248821088450608e+00
2.457603549988442548e+00
2.538368077338366113e+00
2.838851438250314274e+00
2.740200214712575466e+00
2.577839833472555409e+00
2.318351618446157669e+00
2.439900247028984115e+00
2.523425915240574025e+00
2.277112651337014348e+00
2.326117015089455009e+00
2.292991290886921441e+00
2.362439691220783899e+00
2.493456779793274070e+00
2.471308164099739191e+00
2.527513027357818576e+00
2.519841694075068972e+00
2.284842020134335794e+00
2.414050624447710458e+00
2.182502451703155710e+00
2.321896063583592795e+00
2.348192757831804034e+00
2.252170447577809931e+00
2.264121364974475803e+00
2.302869352773403211e+00
2.173869119917059667e+00
2.279107342536207170e+00
2.325985244957581077e+00
2.155981284268015941e+00
2.341790387486225811e+00
2.355106924552129222e+00
2.064672507471865259e+00
2.272120442206409852e+00
2.189480259973350940e+00
2.293379440961174076e+00
2.461358125746166081e+00
2.238872286619219665e+00
2.516533320692993403e+00
2.376282280698886140e+00
2.322756499217088155e+00
2.434176898308942683e+00
2.505968397156065564e+00
2.486335009320552736e+00
2.466635147598416289e+00
2.427339107410813934e+00
2.600115429125744004e+00
2.708732744889351451e+00
2.614093810176017385e+00
2.704875821275975589e+00
2.575047498586281236e+00
2.629735826231686779e+00
2.596081423457130111e+00
2.471507623182477076e+00
2.422469833018159768e+00
2.546334541179561928e+00
2.438720509052388685e+00
2.466237652404255076e+00
