1.782663611513777502e+00
1.787347066451372868e+00
1.863990141174988180e+00
1.738969125779252556e+00
1.713712562386473293e+00
1.918819539855999956e+00
1.741135309087999294e+00
1.892132277572322829e+00
1.732993087478887917e+00
1.783291537536527471e+00
1.858619296039192736e+00
1.823177194258273293e+00
1.851780842266091520e+00
1.867896366121097662e+00
1.654211265641826856e+00
1.728201193417477466e+00
1.836678968342725815e+00
1.734023415357941467e+00
1.695212870824591711e+00
1.798668434366780478e+00
1.821854115107222505e+00
1.827452898324805952e+00
1.726356516361677196e+00
1.732049372422443723e+00
1.802880793493500278e+00
1.786030780535878160e+00
1.772136789194579176e+00
1.827034065038207089e+00
1.805587380024714639e+00
1.754157392982842012e+00
1.874720435730629964e+00
1.860860366392205423e+00
1.885901412289803902e+00
1.791164123547464682e+00
1.766808229409733588e+00
1.742075974441951391e+00
1.919608894765296059e+00
1.812234661685963699e+00
1.865699318987185551e+00
1.844264752124946227e+00
1.810087380146191194e+00
1.832535831536455273e+00
1.833809478554997874e+00
1.867460391448339418e+00
1.753204619828468980e+00
1.820037249936940382e+00
1.906394459992455825e+00
1.744094855601925564e+00
1.742848506193674041e+00
1.766557717123628857e+00
1.749703626441811322e+00
1.943371299622772774e+00
1.841202012644247654e+00
1.819397445003394509e+00
1.676053781111536578e+00
1.805400209341726292e+00
1.673655283737292665e+00
1.763508505275784621e+00
1.792208442726153761e+00
1.663309052630530971e+00
1.833636899254514230e+00
1.845612679648086063e+00
1.783973433444012713e+00
1.786175334578239626e+00
1.618582468587015377e+00
1.679563496397451727e+00
1.702859843946002982e+00
1.720976928347776269e+00
1.774364033351337966e+00
1.801074807876754669e+00
1.923860230643712255e+00
2.024663988000709569e+00
2.073185916796401518e+00
1.685922369197522253e+00
1.768034615227059625e+00
1.691620395236669960e+00
1.730527769790870307e+00
1.775699411993640009e+00
1.840130280309196342e+00
1.936866808989899935e+00
1.795794452916637862e+00
1.908777398027906580e+00
1.741409017459907949e+00
1.832108093011080907e+00
1.649608912268217153e+00
1.758739635276400870e+00
1.760438361077915514e+00
1.871633253346888237e+00
1.814509665185310761e+00
1.952492182725166003e+00
1.805165584231656517e+00
1.908799492502936790e+00
1.796342234539507920e+00
1.775399769690155782e+00
1.891153921790596382e+00
2.024458130834219105e+00
1.832668737557099137e+00
1.790966474713726830e+00
1.782467973125438476e+00
1.872735768635502396e+00
1.648244436325742912e+00
1.672960153993885646e+00
1.638142942971174687e+00
1.557696552001880175e+00
1.692865996168160692e+00
1.570703377052973915e+00
1.679524791516479931e+00
1.636974191429098058e+00
1.566326240644023482e+00
1.587689575677504683e+00
1.730677576143774488e+00
1.661702512156985279e+00
1.603954224111203919e+00
1.778371832173805789e+00
1.849284904783444761e+00
1.360983077387631024e+00
1.427953243253169635e+00
1.724068631854488443e+00
1.595537979103889725e+00
1.725700817310779067e+00
1.617719454681491698e+00
1.694242247341622543e+00
1.788819477527822333e+00
1.651034469414782491e+00
1.675997948962735906e+00
1.779225500593510256e+00
1.654735066011798095e+00
1.734157593527648533e+00
1.727803820537148205e+00
1.710567882269446116e+00
1.767467597901789755e+00
1.692410754123923944e+00
1.777312880401130668e+00
1.671701739975491652e+00
1.669990095189406887e+00
1.694913275823124454e+00
1.668707441839788475e+00
1.749339955877127428e+00
1.705869769225757171e+00
1.836632997628119712e+00
1.710751006170538657e+00
1.810571147456906616e+00
1.810779133853104295e+00
1.820427300643206348e+00
1.754366973320611756e+00
1.832629389011822818e+00
1.787882798979199883e+00
1.526197674441681640e+00
1.544338128170080982e+00
1.627700206311452735e+00
1.706853213435168604e+00
1.644514211133268677e+00
1.760886507411469903e+00
1.531434225811947991e+00
1.785313342977397300e+00
1.877534946847253750e+00
1.802634435137635771e+00
1.840307622213010141e+00
1.628995020250801451e+00
1.541034649412652779e+00
1.711196209630128529e+00
1.798717401660780313e+00
1.583215857895420964e+00
1.687354227419438857e+00
1.673182604498532289e+00
1.674660959434091101e+00
1.711823767042935041e+00
1.616984394783734569e+00
1.487090354328472142e+00
1.545403737264561039e+00
1.615862988690672575e+00
1.636749811322275816e+00
1.697012555664004552e+00
1.652592226521883090e+00
1.656081888788799361e+00
1.760614633532965545e+00
1.844808286504868722e+00
1.993742277079605385e+00
1.952742709200636417e+00
1.909748219274001402e+00
1.910881884617824600e+00
1.759314557542346558e+00
1.579046845467312776e+00
1.646633443778865891e+00
1.414975035984103124e+00
1.463961037034650303e+00
1.510503195053873426e+00
1.428641678452451380e+00
1.470357799571368140e+00
1.554857043288047302e+00
1.793829781068447371e+00
1.794639498810245426e+00
1.816598571839325382e+00
1.805910737252012899e+00
1.698646661464014773e+00
1.658745713451749593e+00
1.651542650465107842e+00
2.053954859846239600e+00
1.884994643262380087e+00
1.761236561541166257e+00
