1.773942620459023178e+00
1.800939403219786961e+00
1.912444611273169004e+00
1.679939713347172070e+00
1.712531487177117784e+00
1.936934330109895352e+00
1.725327695311541731e+00
2.167412613744533090e+00
1.741873385033628541e+00
1.990583931503600024e+00
2.048542434908582344e+00
1.864213583919852146e+00
1.978361434384131368e+00
1.943430501500656771e+00
1.807417589891234577e+00
2.208040219206873100e+00
2.152510523189815395e+00
2.145904738204077233e+00
1.932154997208056280e+00
1.964723779015165706e+00
2.228905934697555491e+00
2.276768440461714782e+00
1.915709741898523166e+00
1.949569310441510828e+00
1.911404011425254179e+00
2.152492702017732018e+00
1.938545155090564354e+00
2.218368513904056094e+00
2.250437454012118366e+00
1.996236890202377934e+00
1.948508293689924731e+00
2.196751467344065123e+00
2.158466155513696361e+00
1.947182360814345481e+00
1.840689484912650942e+00
1.938248822343940914e+00
2.361103438743897609e+00
2.131214289573232445e+00
2.377163831811728745e+00
2.178169621884614937e+00
2.268565527996983189e+00
2.305513210453435047e+00
2.244264779826611100e+00
2.145567132451457137e+00
2.002103618080491199e+00
2.164037069540274416e+00
2.401318778051997782e+00
2.167437299853875121e+00
2.245506871114727243e+00
2.289832531539825133e+00
2.292457885218280644e+00
2.333511045156669628e+00
2.153447188132455281e+00
2.332818207492229678e+00
1.821924890184875689e+00
1.909311755158882518e+00
1.925598538172248020e+00
1.827204142634892836e+00
1.815253297295260415e+00
1.647211940670919139e+00
2.100893849383570711e+00
2.228539600453095293e+00
1.928844723911220971e+00
2.173372886252247227e+00
1.783122986939334798e+00
2.024231839972573166e+00
2.077293777094644689e+00
2.219229815250088667e+00
2.281437810740502226e+00
2.339978410128983555e+00
2.322847152498601186e+00
2.473213097344321376e+00
2.438170074806071064e+00
1.838655822919086802e+00
1.947161322842474229e+00
1.869445969958291265e+00
2.044031959168867374e+00
2.039009242031887492e+00
2.042453043209822461e+00
2.227819040099384473e+00
1.991541509138044397e+00
2.246846897715900848e+00
2.001100998053769953e+00
1.889179153992644355e+00
2.023311966730381606e+00
1.997831482529770497e+00
2.241903265184522986e+00
2.054404803624879872e+00
2.141522560189591751e+00
2.224079236342297428e+00
2.187638007160534581e+00
2.274454148879183180e+00
2.410169019134666968e+00
2.332301855797819456e+00
2.389723378789522457e+00
2.308036019321198840e+00
2.242997871543612742e+00
2.209743418523878233e+00
2.160034906358831996e+00
1.895502348103212276e+00
1.833266367168294275e+00
1.870279945993409187e+00
1.735460076161853715e+00
1.636667509157748723e+00
1.900700488449293291e+00
1.696204561528585897e+00
2.072741749755503182e+00
1.723113100368716122e+00
1.683660989123490825e+00
2.089124679587803790e+00
1.995400457646026471e+00
1.834861793096314253e+00
1.727166362977170300e+00
2.029839458097453697e+00
2.041649340443034255e+00
1.890372299001548129e+00
1.906840311365810336e+00
2.090411062569521139e+00
1.801284170148974351e+00
1.993690640368469991e+00
1.918635497260919642e+00
2.002426064158113306e+00
2.041894658297283893e+00
1.947748511661666626e+00
2.000239864485037877e+00
2.219548634864584979e+00
1.840433245668004592e+00
1.917434863633580733e+00
2.046793917185744771e+00
1.858958883492995984e+00
2.206845203634800967e+00
2.003727218281575517e+00
2.146602591572198904e+00
1.869769827325583833e+00
1.883209395497860594e+00
2.109155117282919267e+00
2.009055205698413005e+00
2.076238257458594472e+00
1.895184521104154696e+00
2.373844753590548695e+00
2.056552584901369496e+00
2.316344584902233716e+00
2.366486351683213751e+00
2.138471135635137799e+00
2.197706753595018991e+00
2.329205486591912511e+00
2.243768816591686033e+00
2.069557510033332992e+00
1.802895184441605014e+00
2.103340407522063860e+00
2.199043274275130244e+00
1.972637727085345904e+00
2.154165954373384206e+00
1.950236968838229945e+00
2.318351237818665034e+00
2.246895624326173735e+00
2.127336276444821817e+00
2.293413462263768743e+00
1.792974552416362721e+00
1.867464554124568021e+00
1.985531711419776579e+00
1.878484688045381601e+00
1.830264407776508895e+00
1.834544479846279330e+00
2.041576156668822861e+00
2.169859378361850499e+00
2.266335707089053741e+00
2.173736689836871072e+00
1.962707812476085278e+00
1.929439250918714599e+00
2.172757442215922374e+00
2.100611335959948534e+00
2.261252970561003384e+00
2.127452035463742508e+00
2.188269848354654545e+00
2.403610305648137491e+00
2.211062672632589265e+00
2.395565168164066172e+00
2.280990751449398779e+00
2.166426305023048560e+00
2.334280869168380512e+00
2.111360703676716355e+00
2.154212967942424672e+00
2.226107047170712949e+00
1.864673227830518476e+00
2.004061942124439888e+00
1.886366952161568022e+00
1.856152379653418505e+00
1.735538619301112417e+00
2.097772319631325821e+00
1.818982149214504407e+00
2.034188154687465833e+00
1.985190845390385928e+00
2.186461597391518019e+00
2.284307342244106920e+00
2.373842865248640077e+00
2.329401351206107140e+00
2.253513434613879429e+00
2.301372030541390501e+00
2.265087989484613207e+00
