1.788576686735504850e+00
1.798971244666273783e+00
1.905898769203567378e+00
1.749653791990460672e+00
1.689461138343228530e+00
2.072732861757880407e+00
1.768827624918837049e+00
1.934946506746341166e+00
1.686477080193574896e+00
1.840288249318565494e+00
1.913092069462660305e+00
2.034812058382847066e+00
1.890458293846498217e+00
1.907409989626553282e+00
1.750699992706748587e+00
1.809456211962399808e+00
2.061319178866842350e+00
2.009853451975401661e+00
1.882136099663120454e+00
1.934547966070128355e+00
2.007718157378930890e+00
2.098284349423976014e+00
1.855864583991280847e+00
1.849871865873397692e+00
2.020461416937117782e+00
2.012828792551200952e+00
1.905870035077666280e+00
2.054530328808592987e+00
2.128715052010057729e+00
1.935026969375273742e+00
1.773539403637753642e+00
1.805046618499646760e+00
2.049174589725421658e+00
1.845604683239494337e+00
1.746607596954878439e+00
1.833349686653078292e+00
2.143136101330520127e+00
2.039432346212945557e+00
2.190414944022563315e+00
2.178826055420364227e+00
2.063337041947749029e+00
2.137944813699974134e+00
2.061681191564078031e+00
1.908272689750819984e+00
1.956484457500569984e+00
2.057982401121330351e+00
2.248873224016127992e+00
1.977564691207759795e+00
2.046936792995462273e+00
2.136593065618185516e+00
2.057896546868707599e+00
2.225019828150654355e+00
2.038092856726501534e+00
2.169177930825577860e+00
1.803810486828999027e+00
1.850321531791728091e+00
1.756181652073248944e+00
1.681503496947502674e+00
1.864579807242150222e+00
1.713931524275172924e+00
1.940957409884765283e+00
1.925380235602826451e+00
1.911457506481014201e+00
1.785905431347636352e+00
1.751737018955380254e+00
1.938030962276939384e+00
1.970959216703550343e+00
2.000027497744375715e+00
2.039806522890823537e+00
2.057214957214867912e+00
2.164194568388078554e+00
2.248744320651331563e+00
2.223351572681580901e+00
1.830766962389696273e+00
1.822993843046694540e+00
1.703939161376324618e+00
1.734107623255499941e+00
1.807310292480895253e+00
1.828401988954367674e+00
2.108219575806417279e+00
1.836012886192570193e+00
1.946290457477779512e+00
1.945775705022519730e+00
1.846678073237581152e+00
1.865595168281687366e+00
1.938342591658728908e+00
2.086508314837515865e+00
2.056695994209113643e+00
2.026896189152656458e+00
2.159610653754519216e+00
2.085328300691225767e+00
2.129913131964428441e+00
2.142498383023606845e+00
2.090161450956428801e+00
2.180867540173609953e+00
2.182068517223179516e+00
2.159695059318570642e+00
2.038289948061709378e+00
2.145960502800092762e+00
1.866196464131061772e+00
1.793932352948126141e+00
1.840168894740285443e+00
1.800186795522064731e+00
1.731099189838602115e+00
1.890732459987684910e+00
1.723095408929507855e+00
1.982147038764477065e+00
1.740138827720209225e+00
1.726461045185444076e+00
1.918891256570773862e+00
2.018503280061449523e+00
1.910509855711856719e+00
1.773609757919423879e+00
2.043412562767803919e+00
2.030621503478779122e+00
1.819808366680694123e+00
1.824662720922540560e+00
1.961411376193296974e+00
1.835260721686762242e+00
1.971934155224612129e+00
1.908711866817720315e+00
1.903413460151509584e+00
1.955390831518083683e+00
1.881838050474654578e+00
1.861850432945419742e+00
2.078804525072008413e+00
1.820835615400199003e+00
1.926938151671052868e+00
1.998073897574482061e+00
1.955413897158567949e+00
2.066597954337161536e+00
1.960229987347778202e+00
2.047424626523341562e+00
1.884869108397722925e+00
1.945963063558412420e+00
2.010317309580318401e+00
1.829671121077294682e+00
1.960578872280107632e+00
1.770311228742565524e+00
2.142046030643796062e+00
1.905341818906607365e+00
2.102975971007923661e+00
2.207304585213011094e+00
2.114066402286223223e+00
2.029682868918320171e+00
2.160671312646277542e+00
2.154212409416507157e+00
1.849246494510996763e+00
1.857451487800495737e+00
1.973572664869739368e+00
2.025754920276338300e+00
1.876210176523439355e+00
2.060604475494056231e+00
1.926464817617173475e+00
2.145857122494160052e+00
2.172527624877275354e+00
1.998934400107526876e+00
2.183024358405185161e+00
1.911622171105665791e+00
1.915851889470444158e+00
1.935528558596457227e+00
1.879067284312705421e+00
1.837310634886836214e+00
1.798274153616856275e+00
2.065589377109532165e+00
1.936797088869957495e+00
2.005728085408151617e+00
1.923776603184003786e+00
1.944157245785351540e+00
1.888949839791245644e+00
1.978091162159345995e+00
1.974758545448163760e+00
2.177197117252194669e+00
1.976834686594446833e+00
2.033444825874681339e+00
2.216893298780843846e+00
2.154923323500570920e+00
2.233122320979973985e+00
2.268126462986601144e+00
2.133063525347881129e+00
2.199348728574590961e+00
2.022605969757673705e+00
1.986133277820107734e+00
2.078314157186525790e+00
1.858189067013886531e+00
1.878155398060696868e+00
1.776709542712104462e+00
1.756808347008372850e+00
1.752470897674835992e+00
2.040268407254573368e+00
1.908199245932421961e+00
1.937716373922006463e+00
2.035732280084537216e+00
1.994573335241527579e+00
2.105898883088079376e+00
2.030381164281059192e+00
2.055953746488306866e+00
2.176999459636281387e+00
2.191422701157869302e+00
2.128323172591447765e+00
