1.805868377341258491e+00
1.809579179669083437e+00
1.915549161647002174e+00
1.749618417533338022e+00
1.761731837137710199e+00
1.973238910204097252e+00
1.801235409930486808e+00
1.946687910035751479e+00
1.786847267027044328e+00
1.868024287869481714e+00
1.936761262704501219e+00
1.858712577686607581e+00
2.012752167323611285e+00
1.998082508523662648e+00
1.812418110632075585e+00
1.938191527274170323e+00
2.041730396564521044e+00
1.987197302725081771e+00
1.872423669393237899e+00
1.952525854844452180e+00
2.118132120127295348e+00
2.136295659414547021e+00
1.781760599315263205e+00
1.786063384315382141e+00
1.770737008245128585e+00
1.999143763623819625e+00
1.828758854064385542e+00
2.087249872638832660e+00
2.107310903100169774e+00
1.890099051498047356e+00
1.858074137219325905e+00
1.936809937091218181e+00
1.929828660528030149e+00
1.878353954692999928e+00
1.765204585877203192e+00
1.763671260754511083e+00
2.007047097928414736e+00
1.868997811360119110e+00
2.179972585418606723e+00
2.076398028457901113e+00
2.132232552959782090e+00
2.135874902194344394e+00
2.076575944305345089e+00
1.970016890380783980e+00
1.914072589064255148e+00
1.904293241350640598e+00
2.211004423771756766e+00
2.058830074386685194e+00
2.055683049775453242e+00
2.124367948893659985e+00
1.996882153169127205e+00
2.157319993301501260e+00
2.074469816803206079e+00
2.178435337267925487e+00
1.821874453086866685e+00
1.863037075700274547e+00
1.822077647467986505e+00
1.799958475202992236e+00
1.886651982880376943e+00
1.816002245266163939e+00
2.013962979571935819e+00
1.899805195338192254e+00
1.858074536466007398e+00
1.854371769442639373e+00
1.806698295172874280e+00
1.881023406718780544e+00
1.968012953136816678e+00
2.010772365365707248e+00
2.170500663831825161e+00
2.088466599064719542e+00
2.087654305292279577e+00
2.319225956609041184e+00
2.282020149034545309e+00
1.940528312198898764e+00
1.876535443554987248e+00
1.846193577523082663e+00
1.818216569055487453e+00
1.956680501557622298e+00
1.916584926633366548e+00
1.932091049926343951e+00
1.895988230848585143e+00
1.942995187752476260e+00
1.940501286467779085e+00
1.888663845103910610e+00
1.881320811389773473e+00
1.964385160964105870e+00
2.085704129584426525e+00
2.048563801000647722e+00
1.994489547898803172e+00
2.134978202581211182e+00
2.010127060428915424e+00
2.070363329662489704e+00
2.211816703209051660e+00
2.022831633723200628e+00
2.139677155828670241e+00
2.185438328599889513e+00
2.072188100645502296e+00
2.035458491985022711e+00
2.105108295046285161e+00
1.889727366935244790e+00
1.810218584528454411e+00
1.839580493284147078e+00
1.830195487612120697e+00
1.767873261538138729e+00
1.884063054963882822e+00
1.781544437134573000e+00
1.990916342565857589e+00
1.783059285900294499e+00
1.787018670249633345e+00
1.868169730356222802e+00
1.884481346232962151e+00
1.874450176290648473e+00
1.845469756458007593e+00
2.003977074182427653e+00
1.936665860160765362e+00
1.918886697288196608e+00
1.837761690283265636e+00
1.962843443580842395e+00
1.998658270733493891e+00
1.990917816850682032e+00
1.739017624362805492e+00
1.873271823176405837e+00
2.017271088683422420e+00
1.682111142134392168e+00
1.943174155102629141e+00
2.093259014197638379e+00
1.688070810500651220e+00
1.695624165211169654e+00
1.886541689053129023e+00
1.782987771344491268e+00
1.984991003688788336e+00
1.937413588475235482e+00
1.992646800699999110e+00
1.793647554670209976e+00
1.970599276138223610e+00
1.804250629857845123e+00
1.690822090544590983e+00
1.645008934111220622e+00
1.776574587808520622e+00
2.067219228537548581e+00
1.663511452961024428e+00
1.900928660823700822e+00
2.081949749456851517e+00
2.004721445557981152e+00
2.107742404331994557e+00
2.123220238294445839e+00
2.067765793797054830e+00
1.700423385791601349e+00
1.852405602164658438e+00
1.858951608234757469e+00
2.052223507967517957e+00
1.772131225227974394e+00
2.028448680941676407e+00
1.835971570182118873e+00
2.185014651624838322e+00
2.089402008892962570e+00
1.998131378569590888e+00
2.166556835535353720e+00
1.852838808430677497e+00
1.939094391549160301e+00
1.845380295897215639e+00
1.845931618975462429e+00
1.842775886027001819e+00
1.782892125740421996e+00
1.746664238971173511e+00
1.567862225716048163e+00
1.816875738165510290e+00
1.797382534052354375e+00
1.954820169651948936e+00
1.884695576971655795e+00
1.883950257699085640e+00
1.848142937986761325e+00
1.970514039561946928e+00
1.875891228423824941e+00
1.980676789369085755e+00
2.208599280361014827e+00
2.055973059993573937e+00
2.214592051816394846e+00
2.234877480901511504e+00
2.030734751411256145e+00
2.105166352693116583e+00
1.856874972003251578e+00
1.806067641432820281e+00
1.830973597667035158e+00
1.789860294326969470e+00
1.805711568727296656e+00
1.701754685299632586e+00
1.653710742936598699e+00
1.666279979585286286e+00
1.915000613868191426e+00
1.822436459963616251e+00
1.957489300483970851e+00
1.995798277971204904e+00
2.034016403240157977e+00
1.983172607372613916e+00
2.016850414554664628e+00
1.932103499181583084e+00
2.176117308609733847e+00
2.182388577491054527e+00
2.058217072444882501e+00
