1.719637228939557616e+00
1.518789442776202758e+00
1.530466504235469483e+00
1.486338853882182454e+00
1.464716239028782896e+00
1.568652856102113358e+00
1.655865709534293018e+00
1.750816378733398126e+00
1.552216811839220778e+00
1.515125689267906584e+00
1.771918953799279439e+00
1.799330531199218930e+00
1.819379640394705788e+00
1.912653247135966073e+00
1.989394501450499897e+00
1.642010740328826879e+00
1.701054285542234368e+00
1.930148327427152921e+00
1.725548151944848785e+00
2.033647407992928091e+00
1.881869305227032552e+00
1.976712863828031130e+00
1.977055171847180048e+00
1.815248199838860987e+00
1.896124211623159805e+00
1.910533021876603010e+00
1.761907040247973510e+00
1.917885652432197219e+00
1.889664940574552476e+00
2.011601805799607234e+00
1.650316704955229197e+00
1.680268738761493408e+00
1.640462316713455770e+00
1.833843780534078594e+00
1.758587104027349524e+00
1.782489879073928751e+00
1.905941504080884696e+00
1.594897424126689778e+00
1.486897618146725275e+00
1.645665911414090576e+00
1.885809531585280752e+00
1.671624370656118908e+00
1.736876898179060547e+00
1.733746252776930286e+00
1.662953857591377149e+00
1.921219826484206861e+00
1.960082419812445576e+00
1.857737219508967419e+00
1.857248086810194376e+00
1.867288029562039764e+00
1.768218033159602243e+00
1.585590827173431805e+00
1.688245097093292957e+00
1.557293930047899844e+00
1.492573325438679488e+00
1.766931292355141903e+00
1.651823949375901934e+00
1.558566429115595398e+00
1.608296305580264374e+00
1.611416136443800440e+00
1.661908782829857323e+00
1.657228385756300826e+00
1.739917411722261775e+00
1.807536615960286586e+00
1.791851268009720943e+00
1.818192480331176197e+00
1.711976092449772668e+00
1.835662520666223596e+00
1.777865829051490598e+00
1.853711548551129518e+00
1.922077663603699804e+00
1.926742871812147762e+00
1.897342844423392405e+00
1.450695461788382712e+00
1.700359329491041960e+00
1.930607835623431523e+00
1.669071274948576988e+00
1.907724699221684306e+00
1.701207546805233006e+00
1.832325087963193377e+00
1.704779767477353714e+00
1.696151588700371748e+00
1.735438468040377824e+00
1.678563299491764971e+00
1.812201829644450646e+00
1.890723177133404542e+00
1.807614078751958786e+00
2.003792380104577830e+00
1.742709719719354178e+00
1.656481651279970491e+00
1.589367892944364868e+00
1.577679402902035122e+00
1.480121718566338895e+00
1.720761687804799100e+00
1.735736051300253102e+00
1.724846221563573589e+00
1.874247932960757979e+00
1.847504667671985290e+00
1.785815525467777443e+00
1.534673196771694226e+00
