1.689226838490605509e+00
1.553045065528202429e+00
1.484364318048555731e+00
1.621203412983101888e+00
1.485332626629680908e+00
1.501169765881318785e+00
1.832443184273454095e+00
1.828029296869029485e+00
1.711000430227530122e+00
1.874627031544327416e+00
1.770743350034482688e+00
1.831215784876794483e+00
1.811207710451412378e+00
1.895042337855584291e+00
2.021477468845816805e+00
1.724148120945061757e+00
1.713036130068500196e+00
1.927424307889932464e+00
1.697725257084548689e+00
1.992721254569746803e+00
1.930510201745404553e+00
2.041688710472816748e+00
2.060881126027187094e+00
1.743326663857153402e+00
1.954160804382229610e+00
1.910328225540543379e+00
1.772493666075757313e+00
1.988792856607204396e+00
1.880999514983498822e+00
2.113650445132000399e+00
1.708190844918411999e+00
1.716441125575746796e+00
1.742726201215102355e+00
1.804213556624394421e+00
1.808281684488338037e+00
1.884323623070032205e+00
1.944501870793357012e+00
1.692031122987331937e+00
1.685312243346694272e+00
1.696035325106378666e+00
1.861578879559137922e+00
1.723452628335388814e+00
1.765670478797646714e+00
1.830971062408293992e+00
1.687652710108409115e+00
1.971724787482102226e+00
2.010758490936329412e+00
1.848561825600407715e+00
1.836778243458566218e+00
1.859856190170779078e+00
1.727586730272397286e+00
1.578138609648091162e+00
1.826950982559156333e+00
1.616053965068125819e+00
1.487971444402623966e+00
1.608555629155750788e+00
1.832902025732505713e+00
1.668632490029305471e+00
1.850482462122900129e+00
1.774014655353003844e+00
1.838184799275927261e+00
1.696427691036732188e+00
1.744197234577070210e+00
1.705583368659578269e+00
1.706582320483544635e+00
1.948264094153115966e+00
1.928193719160424591e+00
1.687531992212974785e+00
1.811999985868660179e+00
2.005609694177975744e+00
1.963885584306147347e+00
2.028911426689908204e+00
2.055622589315423188e+00
1.599295435354137540e+00
1.806685471268812293e+00
1.971207737460487719e+00
1.877722497379300304e+00
2.088323024144892681e+00
1.690269122194489215e+00
1.784586994501889956e+00
1.841291250090367537e+00
1.836254619425246037e+00
1.679575331858712550e+00
1.750420384049998779e+00
1.809781648776626728e+00
2.069840409534604131e+00
2.000210145874628864e+00
1.970913606075414437e+00
1.918595737534734669e+00
1.757808842098019797e+00
1.752064228384202504e+00
1.632778359888773512e+00
1.544256406492071854e+00
1.776331916315670112e+00
1.755427311225159492e+00
1.664968625241460831e+00
1.951956960088178761e+00
2.021241894286256446e+00
1.946136873343803142e+00
1.836021128246454026e+00
