1.641159540011403628e+00
1.594133775148023346e+00
1.531294372589054431e+00
1.587327224757757449e+00
1.545735323097044533e+00
1.558336839240435534e+00
1.733768819155344199e+00
1.835058472440300514e+00
1.655426150152739417e+00
1.640292252426068798e+00
1.660146358242031051e+00
1.692281193550076113e+00
1.711254816168388926e+00
1.736022660178191401e+00
1.886162709277556804e+00
1.689000130275799982e+00
1.644312021803658652e+00
1.912063189595667456e+00
1.572879016829829890e+00
1.898822407760208719e+00
1.827857713323654432e+00
1.858043604647882985e+00
1.882482580651662518e+00
1.652796225432871413e+00
1.787559048024126351e+00
1.848882097798187019e+00
1.711607374086993039e+00
1.895809344901733029e+00
1.768447718349939191e+00
1.937882563560834548e+00
1.721654090119251412e+00
1.706492215026535586e+00
1.629766511778864890e+00
1.789423857116757777e+00
1.738070539380666579e+00
1.921373351957484710e+00
1.805781498554379860e+00
1.627867192334476520e+00
1.542763123278861892e+00
1.617136626755036444e+00
1.849936270623891543e+00
1.677825100460847985e+00
1.749919248943416106e+00
1.711440746233188204e+00
1.741540071927808242e+00
1.896431514247801209e+00
1.706518361899472369e+00
1.782667290441799279e+00
1.849862689790368941e+00
1.860422162760811737e+00
1.622624932148078125e+00
1.555160054240203094e+00
1.669113817627349672e+00
1.578289432601467146e+00
1.537700834685605367e+00
1.646665326427603881e+00
1.715712457051377982e+00
1.730639247303167094e+00
1.704781737447476964e+00
1.675563098676461138e+00
1.661368798844413686e+00
1.589554448247127105e+00
1.650058916320758184e+00
1.685934375578992839e+00
1.657573558614833464e+00
1.861433245719471108e+00
1.714466193433950014e+00
1.611088191002154169e+00
1.691463369586396537e+00
1.926980109112361284e+00
1.866118970067736749e+00
1.850847573089247744e+00
1.844912132363640600e+00
1.480142761634385407e+00
1.637213655080424157e+00
1.908359419683443248e+00
1.829275654854346511e+00
1.925693714925334810e+00
1.714013971008975235e+00
1.778709955779451013e+00
1.671922547148859017e+00
1.590369949431097885e+00
1.746717825029009852e+00
1.732003306299896295e+00
1.749418715131766611e+00
1.831040358536515145e+00
1.905030893561279859e+00
1.927606662565181317e+00
2.002662763724913919e+00
1.451812028320399017e+00
1.678152037587794521e+00
1.544726195078780284e+00
1.520564424672022019e+00
1.683575350801414627e+00
1.753406712011871038e+00
1.796342326447082360e+00
1.891257948024052782e+00
1.795751152713948473e+00
1.895518428606403738e+00
1.941170119935024641e+00
