1.900653630817874529e+00
1.884588028919916836e+00
1.934088808672216553e+00
1.797237429530436303e+00
1.824705408851154731e+00
2.066063604478013627e+00
1.823476698571505406e+00
1.970689083676862463e+00
1.819045620551972275e+00
1.831217897042522136e+00
1.990235175148988178e+00
1.780707195727996739e+00
1.916651534102843835e+00
1.971968023951189419e+00
1.779611780246532104e+00
1.858385801750819688e+00
2.040806423345002951e+00
1.937791728543678094e+00
1.829404119473941437e+00
1.849292051574439322e+00
1.883157762240377231e+00
1.954274194849503932e+00
1.733594481816585153e+00
1.740473094282420696e+00
1.885216578900758666e+00
1.834022822857408919e+00
1.760572085109870955e+00
1.858811995020684060e+00
1.971599100157787277e+00
1.785399287903207455e+00
1.830963110100610081e+00
1.841989210724589432e+00
1.999966667486930749e+00
1.808818175526568206e+00
1.742766910443921846e+00
1.835781762458646105e+00
2.051402123556720358e+00
1.946463704555653207e+00
1.858192256556765232e+00
1.959760083989048551e+00
1.832347161011574466e+00
1.949515021037678819e+00
2.029725557532289226e+00
1.871884677748055337e+00
1.926197842053497089e+00
1.885041416398587577e+00
1.968722968725737044e+00
1.874453116965117072e+00
2.039358887484662208e+00
2.095976796641334072e+00
1.919151130584507037e+00
2.046740777104912201e+00
1.964100560243936311e+00
1.977042722954530651e+00
1.733278861626019518e+00
1.870709083761374236e+00
1.894599225888869087e+00
1.731038667900699490e+00
1.843235492973087197e+00
1.691937084018909632e+00
1.913657813807752017e+00
1.929916216293651399e+00
1.814793008773011973e+00
1.780064233213208169e+00
1.659068040816393363e+00
1.685922701139851876e+00
1.821758229360773251e+00
1.780484651215961778e+00
1.872899860837449193e+00
1.993900136304106230e+00
1.996994803283169917e+00
2.252533319280170865e+00
2.269437942781304951e+00
1.783120852079358887e+00
1.757878913741081295e+00
1.745264834342997728e+00
1.792811558976661113e+00
1.847595561508823314e+00
1.885642682700865658e+00
2.005177285587405045e+00
1.858532762726456733e+00
2.007017989317195994e+00
1.766000721286518527e+00
1.880038017935136807e+00
1.656999511468414843e+00
1.872378775103004545e+00
1.857367947131498775e+00
1.951742458842067984e+00
1.838986573117834755e+00
2.072369800438110143e+00
1.954455778870898053e+00
1.933738161437626557e+00
1.967895100776671624e+00
1.938751545637252605e+00
2.043302308279167701e+00
2.179776700167398662e+00
1.925444474885972923e+00
1.948590073290156655e+00
1.807206128652985688e+00
1.958743349446999238e+00
1.809215241891084514e+00
1.899330422357379256e+00
1.870851327730782998e+00
1.767042911835750241e+00
1.896021781590078170e+00
1.806080957132292886e+00
2.026921255137780875e+00
1.825048602424946154e+00
1.768873868287259787e+00
2.022853848428530110e+00
1.955461046774273681e+00
1.848371122861444338e+00
1.817399005525168532e+00
1.989440553431642389e+00
1.955305945239632193e+00
1.687258975859867061e+00
1.677343099786052116e+00
1.958070210529316624e+00
2.015659746599414159e+00
1.919571472816790525e+00
1.795701656559999249e+00
1.882517289098050606e+00
1.853048104959502451e+00
1.769493072920922616e+00
1.811656461598931678e+00
1.931519440114006558e+00
1.715787403157645885e+00
1.856723789559433735e+00
1.842845968723651362e+00
1.854136720273164007e+00
1.902176684002305551e+00
1.824906899986743269e+00
1.865402115048185427e+00
1.790871175497907419e+00
1.867822591746044480e+00
1.914001661330006154e+00
1.797862801373336428e+00
1.866399155833636803e+00
1.883503017336226160e+00
1.973733096179993041e+00
1.836437175876113770e+00
1.817829759773202047e+00
1.951096591825929316e+00
1.960466491767962394e+00
1.835037928929833972e+00
1.913974861548405793e+00
2.020954006547563520e+00
1.760396640116774325e+00
1.770456526413447973e+00
1.857899431299009807e+00
1.867360599870841797e+00
1.807866199369415172e+00
1.710826673594296077e+00
1.804739793108733448e+00
2.074167574607979514e+00
1.972854615645476706e+00
1.881699894581361887e+00
1.998642202573373439e+00
1.891037418947534299e+00
1.790761804530437207e+00
1.888840644953745818e+00
1.929628706230824609e+00
1.797274518890856765e+00
1.913886808666777295e+00
1.861900820406808377e+00
1.856222706064387884e+00
1.846514884482512331e+00
1.732648371889823791e+00
1.890538058825332435e+00
1.755825071798203574e+00
1.775657068835331698e+00
1.699751036974493923e+00
2.002053999197303646e+00
1.794289757045268940e+00
1.729629555124841067e+00
1.982081276075071674e+00
1.956459870550278923e+00
2.184642325103252514e+00
2.264140527765977406e+00
1.987000772656007275e+00
2.021323812579965296e+00
1.981538176272872098e+00
1.898619484581024031e+00
1.906065362294448118e+00
1.853385750256691944e+00
1.794941419525790893e+00
1.710177127939191966e+00
1.673320225972000808e+00
1.754471167293533362e+00
1.830361906282585549e+00
1.934825397586552365e+00
1.870196212557847959e+00
2.036069979428219323e+00
1.904051305064323518e+00
1.918843276196668945e+00
1.870182027736341235e+00
1.887742507082358800e+00
2.085870124559311645e+00
2.015237877018495549e+00
1.870163464281975108e+00
