1.551341285242481716e+00
1.518736403838996329e+00
1.488628070451583518e+00
1.533849868706055775e+00
1.488675155333214928e+00
1.564035996413933649e+00
1.671547564196633529e+00
1.711266229276235951e+00
1.660828326550275236e+00
1.585990962988898190e+00
1.660700567353714519e+00
1.676697767353938273e+00
1.688114175369508807e+00
1.755360263409942334e+00
1.917248737956553484e+00
1.619274169615815939e+00
1.693144957797435790e+00
1.773963361467690625e+00
1.630544951509003360e+00
1.779647522375161550e+00
1.718251949192173056e+00
1.834097674121560884e+00
1.840275762026029716e+00
1.738689829545410737e+00
1.751914942639049677e+00
1.762959121830351306e+00
1.701558656571837025e+00
1.924765314669697025e+00
1.745782126318885075e+00
1.942327993920427653e+00
1.690854381243050542e+00
1.637379709816365603e+00
1.578535164311201333e+00
1.741564946825008731e+00
1.721817630495796614e+00
1.820315243743381384e+00
1.851358970095672296e+00
1.591939547906847885e+00
1.562144873983729587e+00
1.658555620373729500e+00
1.817703918784119077e+00
1.684701519828134098e+00
1.708981696697814634e+00
1.685557257259884700e+00
1.686191657754906981e+00
1.778806456347630016e+00
1.737097659098255864e+00
1.695671816558657508e+00
1.824197071557963623e+00
1.765876321245626102e+00
1.557642659873088364e+00
1.482646856093296606e+00
1.606660514631995440e+00
1.494451505163396865e+00
1.462346436435394859e+00
1.599361854713649445e+00
1.638001096821525726e+00
1.621418215910079397e+00
1.633496978523836241e+00
1.654972903945727269e+00
1.689747852974837983e+00
1.621323015393785649e+00
1.621982468712578340e+00
1.649215028613609135e+00
1.654795681954537523e+00
1.860847960917901167e+00
1.728378774157712572e+00
1.616729090911474209e+00
1.673618364893190380e+00
1.758365868697912671e+00
1.868817567622059972e+00
1.803704239949808219e+00
1.805747794204274781e+00
1.511450708895307971e+00
1.689027418331104036e+00
1.849690129121454030e+00
1.749549399999779098e+00
1.947821409583906815e+00
1.691339286021624533e+00
1.710102686222076951e+00
1.645392869595446950e+00
1.743381412288276699e+00
1.679160765204084749e+00
1.724614415188080674e+00
1.696623773349923425e+00
1.837938774155849053e+00
1.842964396246083547e+00
1.913474003922701838e+00
1.899115563732184375e+00
1.508608731190507646e+00
1.618837685396628867e+00
1.590260928730931722e+00
1.494612106438361954e+00
1.691633733434761755e+00
1.759722127168149575e+00
1.696711998561698520e+00
1.766453488263197258e+00
1.741913292132625690e+00
1.926127028380164363e+00
1.807620343349383374e+00
