2.064201983631180237e+00
2.196407690467194751e+00
2.085076616971676788e+00
2.070437898288711054e+00
2.001742810769258529e+00
1.979497597698802958e+00
2.238280044187541229e+00
2.174012895558364633e+00
1.906365842146613643e+00
2.180197677976925874e+00
2.038791344936769168e+00
1.930809522140923162e+00
1.917014461818635551e+00
2.073207873485899633e+00
1.916747959060859596e+00
1.891402906712565279e+00
2.291487049619640892e+00
1.948624338212648022e+00
2.166942476067852841e+00
1.909180640118494532e+00
1.948220857568683684e+00
1.950449159296294033e+00
2.354955830698666208e+00
2.406386929863749913e+00
1.933736434057764075e+00
2.079550764052883416e+00
2.030064415061934469e+00
1.940523524944216760e+00
2.168547614840748761e+00
1.954938487780640610e+00
2.049015260996084109e+00
2.383969196982740346e+00
2.032944797941654169e+00
2.112187152429370940e+00
2.172710220649869406e+00
2.136497308975372711e+00
2.206249219576611686e+00
2.290241397744255725e+00
2.260089986654190586e+00
2.060948635028421183e+00
2.084972805496352777e+00
2.129240875973830605e+00
2.138490456490785174e+00
2.294096755574241975e+00
2.043031327107711626e+00
2.321493669164648832e+00
2.252904406540289006e+00
2.285478846905970585e+00
2.146549556654239410e+00
2.137189069196948399e+00
2.256456056837440105e+00
2.295889124799037617e+00
2.145823577461388076e+00
2.146325080920768791e+00
2.189705248912900526e+00
2.138578263188181339e+00
2.159415577357911342e+00
2.042917729140407257e+00
2.101718987108713410e+00
2.039347729220573946e+00
2.222035698762931055e+00
1.937277372739616421e+00
2.066461091043895859e+00
2.025720215236345823e+00
2.173048026628552787e+00
2.378169481919566675e+00
2.045136326772035051e+00
2.060205582585179052e+00
2.105119728361795506e+00
2.186002758476019547e+00
2.211731545094960616e+00
2.200134827304335960e+00
2.418426215635638865e+00
2.119371862701671105e+00
2.283489644024785825e+00
2.182972797536326670e+00
2.140958168041838139e+00
2.130663203849691101e+00
2.224042532319473686e+00
2.217572415445230760e+00
2.249261662787971794e+00
2.207669203011114245e+00
2.079173429838138354e+00
2.177613926661154498e+00
2.216822107804095943e+00
2.171994323892560530e+00
2.142012541533415693e+00
2.147307091338590990e+00
2.273595130941672871e+00
2.170848238448500833e+00
2.166338017319599629e+00
2.115958088013511595e+00
2.124301324530968760e+00
2.124597153811876638e+00
2.172855824192509999e+00
2.177319686442007907e+00
2.193821463241309111e+00
2.353356853865317344e+00
2.117707885635213394e+00
2.094764382741004294e+00
2.171657182762875227e+00
2.212509152839010618e+00
2.407576008625410324e+00
2.265441420858894439e+00
2.291611087743390396e+00
2.300277662169565307e+00
2.129340269997871182e+00
2.265098435264321974e+00
2.279618739858848997e+00
2.319782886706177827e+00
2.234418153149350772e+00
2.157659005708720823e+00
2.161695447099805989e+00
2.371582409785885304e+00
2.123931213842411125e+00
2.107809022413133615e+00
2.158523539118387014e+00
2.030035063807820173e+00
2.338362520677604639e+00
2.077224922181524214e+00
2.450198543526518780e+00
2.402636392770880036e+00
2.223567106882054389e+00
2.346256409791651620e+00
2.240013321806531010e+00
2.261840586532489983e+00
2.365980863663064593e+00
2.153352291389447171e+00
2.230296449212201271e+00
2.340446007754608093e+00
2.261709331135005385e+00
2.195153458177178774e+00
2.365357546857074222e+00
2.274926762236494149e+00
2.185409196499286999e+00
2.441868537930039551e+00
2.211921404938888891e+00
2.378932302326489445e+00
2.132443243234311669e+00
2.057004040201162454e+00
2.140781764569388290e+00
2.100886670119139321e+00
2.142699427037618065e+00
2.137713862588039859e+00
2.054504927714211338e+00
2.197061945472049249e+00
2.001302352935254270e+00
2.006246800106207484e+00
2.136676998304904984e+00
2.128790422340186339e+00
2.154313503686918985e+00
2.002073768516515084e+00
1.952216938288363401e+00
2.084598156892496501e+00
2.107627224323694204e+00
2.303653532252726066e+00
2.227391800226594221e+00
2.114857529777777412e+00
2.193655790726068311e+00
2.122110258048041320e+00
2.100141021084822590e+00
2.194575190750021942e+00
2.260760552337804263e+00
2.355914353656298754e+00
2.174039997815468972e+00
2.093114714467069870e+00
2.085241445899027823e+00
2.047768075920834541e+00
2.000110413326845027e+00
1.977033497814639329e+00
2.143233634902578455e+00
2.051439145797290475e+00
2.262352430225211819e+00
2.115607442090588375e+00
2.125243303823887153e+00
2.147683472949858619e+00
2.387698670344054364e+00
2.400516872905898769e+00
2.253023963258234286e+00
2.560381371638059012e+00
2.655699541943238984e+00
2.594863592253684459e+00
2.227951152398423229e+00
2.191180283933078954e+00
2.151926923411496162e+00
2.123610980374655455e+00
2.184134763666507606e+00
2.176683110412587219e+00
2.070698226373942408e+00
2.165237969579590249e+00
2.094482698546673127e+00
2.210035906606950817e+00
2.205293677852986800e+00
2.093170589472575394e+00
2.214174437986661026e+00
2.148215419424687855e+00
2.189697104456191035e+00
2.183363653095623302e+00
2.152208109452288465e+00
2.242761764509873412e+00
2.197360345095733081e+00
2.199350906638891434e+00
2.118199097941930287e+00
2.326689043334537743e+00
2.192048580964894633e+00
2.190539120825853558e+00
2.078160314959466515e+00
1.938800092389013852e+00
1.998012426225641347e+00
2.049300906608288120e+00
2.140727413955004543e+00
2.240963542377134576e+00
2.012762215214486616e+00
2.021544617067575711e+00
2.071543123713661672e+00
2.094451152577522457e+00
2.301429660925971898e+00
2.171909750915795190e+00
2.164105759718587763e+00
2.179726604799184120e+00
2.381701029277084825e+00
2.147061130064736645e+00
2.454886454263662809e+00
2.215189867487663999e+00
2.125658939259220226e+00
2.187349800053912219e+00
2.197775419773609684e+00
2.093399906607250838e+00
2.105108745956934424e+00
2.113474745029509272e+00
2.174099136496123297e+00
2.313640612750512915e+00
2.082011039545610842e+00
2.098303866090911018e+00
2.218495170359001456e+00
2.409390233494327127e+00
2.320449025592460135e+00
2.396498134976601246e+00
2.396555998732255777e+00
2.296005587335963050e+00
2.660526951732419931e+00
2.315606696096539352e+00
2.288112450849404844e+00
2.241367732572408400e+00
2.388824118605085367e+00
2.303286339049038567e+00
2.279905211104822360e+00
2.323075640808072606e+00
2.068808991955029430e+00
2.319738280523840235e+00
1.998574140901391294e+00
2.150545544979659773e+00
2.250657680713547659e+00
2.050851922499442814e+00
2.154156722413006264e+00
2.057840290624200374e+00
1.969300148925791305e+00
2.168479760820176239e+00
2.070181975325895429e+00
2.065721239574624057e+00
1.946523441245149755e+00
1.955260936903971958e+00
2.116413803970069285e+00
1.975646707596965257e+00
2.026689147630298393e+00
2.395708216432571813e+00
1.935839746155055163e+00
2.076999804936900507e+00
1.986732969886962241e+00
2.401112224626027025e+00
1.978853660691491045e+00
1.996796320069073039e+00
2.165401710239787114e+00
2.374908249265115678e+00
2.068393956870286043e+00
2.101029586430025020e+00
2.239369173991560658e+00
2.028624804488230460e+00
2.121065861552519305e+00
2.191915892717561931e+00
2.082231197101030773e+00
2.203995560623220218e+00
2.228305511299983888e+00
2.354205183344249885e+00
2.374153293035688339e+00
2.099481042400617170e+00
2.085224651226446735e+00
2.088483142678438043e+00
2.104280972499865232e+00
2.354255364333768252e+00
2.341422023330620661e+00
2.363022688274647010e+00
2.133587658984661850e+00
2.155619333803770576e+00
2.249206090902118316e+00
2.364616744314096408e+00
2.170251670912128894e+00
2.156912558097420440e+00
2.122553326160812937e+00
2.135487960446770472e+00
2.100092212101466682e+00
2.066115708960444497e+00
2.022894095448399820e+00
2.141913229121697348e+00
2.020067841530051034e+00
2.190868113240450832e+00
1.962880851911216640e+00
2.017349666480981796e+00
2.091302236550327542e+00
2.001297862772966063e+00
2.297278215614832586e+00
2.022400371106370720e+00
2.276492594058827645e+00
2.064328344902361057e+00
2.169430431404484327e+00
2.125896661382016717e+00
2.155325248694991647e+00
2.237208516435444494e+00
2.075344587962219212e+00
2.208864153826411325e+00
2.180584867674149052e+00
2.280498701022238173e+00
2.209596802688243766e+00
2.188841098273653696e+00
2.317586607603998150e+00
2.056691126433052741e+00
2.254709728093147625e+00
2.232125042159392780e+00
2.249495717662279848e+00
2.188496212365522275e+00
2.093431285670579456e+00
2.160947900889416129e+00
2.141816025027112325e+00
2.238939172316281034e+00
2.107722322621321531e+00
2.107197383601771445e+00
2.198589104905879665e+00
2.137624440613757670e+00
2.184780593696786344e+00
2.171212947717003239e+00
2.236674989491323373e+00
2.229062245052649605e+00
2.067190236531876391e+00
2.133987113961742121e+00
2.090836723148208343e+00
2.160256672790570320e+00
2.179744586817207175e+00
2.366336879535487547e+00
2.089501688374612698e+00
2.496527491249828312e+00
2.072134099958081066e+00
2.180194280669569107e+00
2.210827340546308584e+00
2.282081624638402140e+00
2.234117300121240657e+00
2.396206823782490503e+00
2.342235313603690194e+00
2.338206083500255161e+00
2.223855448381197863e+00
2.251700135748068821e+00
2.311647698033338916e+00
2.361826945285554924e+00
2.231962788861722391e+00
2.212022718926991871e+00
2.128403388580349720e+00
2.085467783316473867e+00
2.096321294571656058e+00
2.212343727435432506e+00
2.264923195242815268e+00
2.187878458814881188e+00
2.183864542064564152e+00
2.261075645469698081e+00
2.194411767179004880e+00
2.215515460247837076e+00
2.236345871613705238e+00
2.340566483749347615e+00
2.453780265198016508e+00
2.122108837206956089e+00
2.102161008249806340e+00
2.349873511729926534e+00
2.220119560002476344e+00
2.295535134214048423e+00
2.212776684468716226e+00
2.135157901805448954e+00
2.397544149617368170e+00
2.275651921847049231e+00
2.266322631325723869e+00
2.344905998696622529e+00
2.174364980100898403e+00
2.199494820181887356e+00
2.262396534384368607e+00
2.350487082815496898e+00
2.244642610096641455e+00
2.202012287597132190e+00
2.414102891498491221e+00
2.379332482214317146e+00
2.482513428741499162e+00
2.002357891476179486e+00
1.991154702081212813e+00
1.988498711919634232e+00
2.066921136015541283e+00
1.980012672952426556e+00
2.045569336405563821e+00
2.184233530987976124e+00
2.098979353005466120e+00
2.096769623200195998e+00
1.996384688371165339e+00
1.994640108771503773e+00
2.139302518653998231e+00
2.103116706880411080e+00
2.060361341003881019e+00
2.070096787311078490e+00
2.088307631619325644e+00
2.013733329479479472e+00
2.228030330808752346e+00
2.166861712398176376e+00
2.182863521257807804e+00
2.190245992091292226e+00
2.161772995305337730e+00
2.185285600945264584e+00
2.161990930761181762e+00
2.243287654730295788e+00
2.204786826625356078e+00
2.009495919203872827e+00
2.154123414344253806e+00
2.076327407322514418e+00
2.005044740186260110e+00
2.140198840847861828e+00
2.153219114492632258e+00
2.086493610980090008e+00
2.042517142798476293e+00
2.027432043121577987e+00
2.309183054660675971e+00
2.119158374513345322e+00
2.184030774690951748e+00
2.193344853858583132e+00
2.354852059070149384e+00
2.057149802298152252e+00
2.168961696608264766e+00
2.107008329068277508e+00
2.260191931259102116e+00
2.260701439648645561e+00
2.321251672613318995e+00
2.282628073564578308e+00
2.400565461099718245e+00
2.426309079980129457e+00
2.619654193800797781e+00
2.633921024990908411e+00
2.445942029750943547e+00
2.271252438378694727e+00
2.253251110533072143e+00
2.337719228859944653e+00
2.063236447929389428e+00
2.173378145901355030e+00
2.080117445908350682e+00
2.167403434298961873e+00
2.075871579732335270e+00
2.134463424100769835e+00
2.139035368138990201e+00
2.143965845195056286e+00
2.121820656538040417e+00
2.175252609360887934e+00
2.092404419753823852e+00
2.104275772844035775e+00
2.171342414490683659e+00
2.140398554107707962e+00
2.132228967894390870e+00
2.144529924590075520e+00
2.086099721337185908e+00
2.158342105848728210e+00
2.061656857084542160e+00
1.949365379169214929e+00
2.064330506879361149e+00
2.077964246012862226e+00
2.016151437523149959e+00
2.186744703062890149e+00
2.043144763950816678e+00
2.168610866475621179e+00
2.263189144572833822e+00
2.185081691371946633e+00
2.318798031050694597e+00
2.237030614230173242e+00
2.224526546743314181e+00
2.287686836037738036e+00
2.161847306658310597e+00
2.303082442030081722e+00
2.111734654152387147e+00
2.139413948956219169e+00
2.365028114236617185e+00
2.427889745364052221e+00
2.388950909554418356e+00
2.562637654790190123e+00
2.279996678620369810e+00
2.276038212098610014e+00
2.390501949358220468e+00
2.274967558083479613e+00
2.232379283323631558e+00
2.282054342729912033e+00
2.244249849358113114e+00
2.273656305085970164e+00
