1.687990285271046220e+00
1.636553845206523139e+00
1.645567372163529773e+00
1.619681435192077190e+00
1.617604452350311472e+00
1.733319091727928862e+00
1.770897774913800404e+00
1.783920496513809795e+00
1.763571364151884202e+00
1.645937550449924069e+00
1.735789919049395280e+00
1.766850057352985948e+00
1.749210810189407050e+00
1.777551761364908334e+00
1.877199002580176579e+00
1.761905481067920221e+00
1.756914191664571190e+00
1.932060592268152188e+00
1.712920478067433860e+00
1.863616281196470270e+00
1.798782324361521745e+00
1.782591364395874178e+00
1.813213550748847158e+00
1.770902461462401378e+00
1.753284455253702800e+00
1.714646847488364045e+00
1.735778283267011002e+00
1.837633781419645507e+00
1.782185644882991360e+00
1.851568490466935391e+00
1.675056987081869009e+00
1.727254599699418636e+00
1.679666290860315714e+00
1.818651090140159576e+00
1.707510835724974196e+00
1.961465333033559855e+00
1.904204820755783789e+00
1.676277359041768333e+00
1.635875231729614576e+00
1.719230055804375823e+00
1.888186740774567163e+00
1.688551681762734180e+00
1.694107119926359317e+00
1.757484170596147477e+00
1.711584593304519952e+00
1.821581060342591929e+00
1.744185261619690008e+00
1.753693488131366607e+00
1.971462643582093666e+00
1.938956909414457419e+00
1.394760151027264028e+00
1.371997924668141078e+00
1.347119289667363828e+00
1.371060129458882670e+00
1.480723478292589768e+00
1.581689769139030144e+00
1.537083831323963201e+00
1.688399558017933622e+00
1.721709522224320610e+00
1.328103213034786734e+00
1.374871045175205753e+00
1.409608593574982027e+00
1.369297119503943838e+00
1.554552120302988394e+00
1.558340132710028803e+00
1.747162634303959017e+00
1.574150276003772442e+00
1.519914692648551613e+00
1.516195055460784591e+00
1.797390029530239186e+00
1.747412023293905436e+00
1.455404346373457836e+00
1.656956627629035950e+00
1.802813416290521831e+00
1.418847111805442651e+00
1.417371626887935721e+00
1.690512534454491789e+00
1.819151431471479397e+00
1.455880379639886257e+00
1.143982765585973116e+00
1.530775938117062918e+00
1.560026724543231769e+00
1.518508500559255348e+00
1.441812034443468615e+00
1.568583587598517459e+00
1.545808788671850564e+00
1.900786575856980409e+00
1.807803708890443284e+00
1.849308174203560862e+00
1.492295034680054311e+00
1.252891452640885639e+00
1.290006348950193615e+00
1.859100651092569390e+00
1.412950058509939488e+00
1.393052078494079860e+00
1.626448314765892134e+00
1.734554032085214414e+00
1.528939206687794261e+00
1.853534028642761955e+00
1.839228998878522425e+00
