1.739602603419723170e+00
1.759332629509732238e+00
1.966770445974631132e+00
1.705509262631315526e+00
1.777955878186184613e+00
2.093349008538850864e+00
1.822684321856451906e+00
2.081404542884472519e+00
1.894157216352138740e+00
1.832815614334550425e+00
2.027118795984095279e+00
1.818926574838222177e+00
2.012312333098122963e+00
1.995653649421110121e+00
1.892697213321908434e+00
2.071382758246536504e+00
2.107872549238090087e+00
1.857819587752554957e+00
1.850600894963034815e+00
2.016730739548171059e+00
2.115134363980466947e+00
2.120608554387431788e+00
1.827074378149856848e+00
1.852663364508110533e+00
1.880835263474893715e+00
1.995472065015474916e+00
1.894913586201746991e+00
2.097885798146071679e+00
2.088953844653636871e+00
1.820161102968287148e+00
1.889565081446539452e+00
2.165592675767211706e+00
2.084516358806418168e+00
1.856048165543743966e+00
1.784931730568865449e+00
1.859498860901191986e+00
2.173608463763827103e+00
1.978559377546435849e+00
2.107528011981584903e+00
2.026679256607184954e+00
2.153022093648630619e+00
2.091430956205338365e+00
2.221893523762467737e+00
2.166562601706799374e+00
1.986441230919862244e+00
1.951411173634991725e+00
2.117906321956529503e+00
2.089748835219046086e+00
2.062482529170150070e+00
2.100624009180303009e+00
2.245889877905409282e+00
2.166270188740375247e+00
2.057314896349298650e+00
2.167590248748395787e+00
1.817619464417023378e+00
1.868134713743003772e+00
1.684031461789742501e+00
1.731347934905024033e+00
1.835759056241210052e+00
1.826502974984647309e+00
2.074980767806550386e+00
2.003946188221596536e+00
1.831987512847002675e+00
2.085262792898629147e+00
1.827630571597423703e+00
1.976802028283711543e+00
2.055575574058508437e+00
2.189656798751407507e+00
2.184498402448833865e+00
2.107074249329957905e+00
2.266231625788955206e+00
2.410431989433647448e+00
2.329706760711651281e+00
1.854285444400045613e+00
1.844921620670517015e+00
1.885043590799690083e+00
2.023629804896468265e+00
2.059195401296423533e+00
2.067001124436244730e+00
2.212777332987974965e+00
2.091263420417843300e+00
2.162749131247719614e+00
1.976992210877928091e+00
1.889565310136743559e+00
1.902765816199151860e+00
1.971525826373813128e+00
2.216798811948994530e+00
2.068554274698113371e+00
2.044908280297768055e+00
2.153807891372384375e+00
2.095606784089160346e+00
2.124334327028579938e+00
2.277819660769205168e+00
2.189138020989126243e+00
2.174020212360406656e+00
2.202303931440807272e+00
2.285521627995216853e+00
2.077462099672695572e+00
2.304330019083526082e+00
1.877054654522521293e+00
1.773139194073757086e+00
1.896358650885094255e+00
1.790227532801734300e+00
1.689694622145760938e+00
1.881681978577819603e+00
1.715296304470997235e+00
2.067858672790964913e+00
1.751672479068575150e+00
1.714650503469918430e+00
1.832372144189737595e+00
1.925253578927428544e+00
1.887724944714527009e+00
1.811446995389444314e+00
2.008755409607114295e+00
2.235419798271004233e+00
1.938166037907372186e+00
1.952050625264959649e+00
2.076496880154519165e+00
1.986376001417428760e+00
1.944025093413083827e+00
1.869891565666692568e+00
2.050401557547379294e+00
1.952247480039656091e+00
1.889444400767675392e+00
2.149982478188533275e+00
2.016701797292392406e+00
1.881389813193610427e+00
2.061419972328777828e+00
2.120276034724549064e+00
1.928822832664908837e+00
2.171795395686115793e+00
1.961250440835525799e+00
2.049165965336057216e+00
1.849997535970022478e+00
1.969898772434159007e+00
2.129074845049012232e+00
1.969287739515882540e+00
2.042076379167519384e+00
1.929349769631474754e+00
2.201105381765427804e+00
2.044756360105505433e+00
2.129374664499139147e+00
2.192448330395095901e+00
2.120637575040277056e+00
2.190758267948580418e+00
2.262309657432859389e+00
2.229767913725894335e+00
2.054032633823177356e+00
1.947782867692008146e+00
2.110302206090217680e+00
2.199809290817114071e+00
1.898155959136817117e+00
2.058902060476641260e+00
1.892024586438996403e+00
2.222882716957005123e+00
2.215162480790934918e+00
2.049801390991910832e+00
2.190406244913928102e+00
1.883804574852147251e+00
1.909551955728756800e+00
1.949918061480464093e+00
1.822258700425535949e+00
1.748683330686164883e+00
1.792720467454157696e+00
2.166860313655891268e+00
2.135739631861738985e+00
2.169527418356936632e+00
2.110646296962056301e+00
1.921715817427248840e+00
1.937657729928058625e+00
1.979704075747731551e+00
2.147502436608016652e+00
2.182874857435259663e+00
2.110449092620106271e+00
2.224066841726510813e+00
2.310589062100966817e+00
2.162604581544401050e+00
2.343655841254153049e+00
2.357513285128819636e+00
2.144653459216675717e+00
2.268773396722099545e+00
2.171560557588870566e+00
2.193118241537308055e+00
2.229082537561554389e+00
1.915771724340700644e+00
1.981869547947363586e+00
1.994478435373733483e+00
1.904090519464902709e+00
1.927982084961711085e+00
2.022665223520107691e+00
1.919419234048160172e+00
2.033640035969904947e+00
2.061817831664234824e+00
2.034219805222065247e+00
2.159097995557557770e+00
2.150717444781793830e+00
2.161679628753837790e+00
2.219915968240460113e+00
2.295746399443573171e+00
2.227600411572704608e+00
