1.754344251232394347e+00
1.793887499168238975e+00
1.886342379282254011e+00
1.702526537467768941e+00
1.748137813848289257e+00
1.961221878545473363e+00
1.748403678407923545e+00
1.972107023030716055e+00
1.757112723799412857e+00
1.810925691216866529e+00
1.935491136714758031e+00
1.956267770098407688e+00
1.977756034826089415e+00
2.006703220532174647e+00
1.715247265908452778e+00
1.838706321263298582e+00
1.960473392310634999e+00
1.929401651780660032e+00
1.816708916789409489e+00
1.907114333050492494e+00
2.015569040011051971e+00
2.100291360922736050e+00
1.757042464596535680e+00
1.775101047850204061e+00
1.849275032535279140e+00
2.024757058418260591e+00
1.855163132900501832e+00
2.053482076263885237e+00
2.124379783102675834e+00
1.886127223840665668e+00
1.821831710266476057e+00
1.932333042732025996e+00
1.952511611342668152e+00
1.829834110400371028e+00
1.757676683805017959e+00
1.862932882315758487e+00
2.009635400479762524e+00
1.957289738593277706e+00
2.120742954852959716e+00
2.085090409778772358e+00
2.071438757946743703e+00
2.083310297762959618e+00
2.064703956106490601e+00
1.975601987061195386e+00
1.915876298090523511e+00
1.959569937151689256e+00
2.170717354009795930e+00
1.936482215224072823e+00
1.998556196585948852e+00
2.127213463567553919e+00
1.963680438920677673e+00
2.166631834243196941e+00
2.029100369022053041e+00
2.175732856397432524e+00
1.824187496986999779e+00
1.808191480619881109e+00
1.712287789238180702e+00
1.758479227157565550e+00
1.832843419202997204e+00
1.709398765625678607e+00
2.052305243645279109e+00
1.945232914287275960e+00
1.883607527817555694e+00
1.876967616785899073e+00
1.762010425479039410e+00
1.833491155243895721e+00
1.926090067280604723e+00
1.965173910992380035e+00
2.183975730492907719e+00
2.048726439978601821e+00
2.123147916939072566e+00
2.248937662174721019e+00
2.276581933057946205e+00
1.877884346611691013e+00
1.787147893363523199e+00
1.727570996997133346e+00
1.810907655183412235e+00
1.948631498935837980e+00
1.909295737489882905e+00
2.034470241108510713e+00
1.927902096497423612e+00
1.984333392141581109e+00
1.869956131974731761e+00
1.826818164722647797e+00
1.833361824010256269e+00
1.886973600594099354e+00
2.055159217573153452e+00
1.972247647222153732e+00
1.919104755458319156e+00
2.139836986012697118e+00
2.031979739202868451e+00
2.126717414252628391e+00
2.043274897557775915e+00
1.994272877611461769e+00
2.196846865174085561e+00
2.230787989813233452e+00
2.071966983875792589e+00
2.007080919681769604e+00
2.032931488624806438e+00
1.814182335488991438e+00
1.741548201060808765e+00
1.788252112440938291e+00
1.759366857413006802e+00
1.717867066798726805e+00
1.855308435501661801e+00
1.716977200655863678e+00
2.082081345874839506e+00
1.722785157736479444e+00
1.738260986042470480e+00
1.851296062256918118e+00
1.966730443772460424e+00
1.829371862294221218e+00
1.766942812566079102e+00
1.973802135928909296e+00
1.985957250207080804e+00
1.872195354891308838e+00
1.760059403187632432e+00
1.948471810580605146e+00
1.815665664850043992e+00
1.907402609132964111e+00
1.844123263843302274e+00
1.884748400544092428e+00
1.993975052194885134e+00
1.774924524511685142e+00
1.863102163014905610e+00
2.092767920748886290e+00
1.792383286007530163e+00
1.837837659712492577e+00
1.973312935830206394e+00
1.891822515924305614e+00
2.043965825286238047e+00
1.929623023533807213e+00
2.048596884773793647e+00
1.839971756047758644e+00
1.865500814524760465e+00
1.983674703902799097e+00
1.900182255226409156e+00
1.862461137322622751e+00
1.779833763344605968e+00
2.091315533299884510e+00
1.843834201042910292e+00
2.047189624050428591e+00
2.238172798231575999e+00
2.049331907134853026e+00
2.037380129355391478e+00
2.018952817478255835e+00
2.087577488575222073e+00
1.821104112922351526e+00
1.821696912451024497e+00
1.994851720074546364e+00
1.969160425523161173e+00
1.821588599341166015e+00
2.049650077661695935e+00
1.880214677675143609e+00
2.090588147854493428e+00
2.161636212031396109e+00
2.011943523646377852e+00
2.181774857686605618e+00
1.886203675358231635e+00
1.894035500400452321e+00
1.895649696689045705e+00
1.803424660578607508e+00
1.777898387710299177e+00
1.759778701538341927e+00
2.055173435878950183e+00
1.901826650747762137e+00
1.925985516077695303e+00
1.886713478752851891e+00
1.926718572838350907e+00
1.884298083084423814e+00
1.889664367332112516e+00
1.905902795233178626e+00
2.143379012366549485e+00
1.928932057928369748e+00
1.919132357202868455e+00
2.174842514768867030e+00
2.114930884981510939e+00
2.255675221798954411e+00
2.295595938466541863e+00
2.085453905632673965e+00
2.181523326632874404e+00
2.008898475006107631e+00
1.880240569156340413e+00
1.979151436815900222e+00
1.831400625475634536e+00
1.843185515870709779e+00
1.766287903600908926e+00
1.706507793520382066e+00
1.670617160566515436e+00
2.030844798216086211e+00
1.866769760232471098e+00
1.935932196985221454e+00
2.026830474818784644e+00
1.948785538563771791e+00
2.000645538574089777e+00
1.951850842497411920e+00
1.965748884827962728e+00
2.219723190474157004e+00
2.160558705647420030e+00
2.083863708986566365e+00
