1.735885780055280270e+00
1.870875526831655922e+00
2.023959730484220287e+00
1.744454003167172251e+00
1.821377467213014301e+00
2.041895624359508332e+00
1.886228318487312983e+00
2.169451404369752368e+00
1.786143770684434084e+00
1.884248596892901473e+00
2.015316822260850405e+00
1.988344752371456359e+00
2.019207140812066648e+00
2.041121075430555099e+00
2.132206396602928766e+00
2.103774617398810776e+00
2.177640201514258411e+00
2.130236047271989008e+00
2.002909704249487888e+00
2.160037885373903066e+00
2.263923278216922519e+00
2.222488921888794433e+00
1.998368743843752293e+00
2.046483279520939114e+00
2.111874331473078126e+00
2.129192657830301094e+00
2.080278843478849282e+00
2.229076601644889077e+00
2.252219882510481774e+00
2.100785429603224230e+00
1.927927992602830098e+00
2.087053877358926890e+00
2.047217311653092064e+00
2.020828468978895565e+00
2.045131317758048350e+00
1.983383279752611195e+00
2.203952053997352500e+00
1.998041306124101801e+00
2.383899976496838935e+00
2.253432746585530388e+00
2.306703983892429921e+00
2.338435875543757536e+00
2.275970111433292864e+00
2.047240842192500576e+00
2.100791106520145224e+00
2.039637711890701866e+00
2.314632465562023622e+00
2.024386434306869376e+00
2.165182767268916564e+00
2.259498883107908807e+00
2.125043899609742049e+00
2.197214507846875442e+00
2.242987491054362792e+00
2.316178284650439956e+00
1.808330686766488116e+00
1.806479295270298380e+00
1.873352128944876904e+00
1.803654590915115374e+00
1.670778926027445266e+00
1.679869164155721073e+00
2.009654512290632855e+00
2.115799593803478373e+00
2.037341662768140882e+00
2.061612524440989969e+00
1.772457740699433737e+00
1.836803288715967319e+00
1.897414721059961673e+00
2.069203772090547400e+00
2.209100962041653293e+00
2.358552969276067390e+00
2.299271806909696014e+00
2.371738521931915145e+00
2.251987361448320790e+00
1.821122875787490214e+00
2.040079043019113136e+00
1.935822400570215596e+00
2.002731389619385016e+00
2.066525827133341764e+00
2.005010330510678340e+00
2.209146642856126608e+00
1.905159021238371775e+00
2.094676034043559287e+00
1.850419415448102622e+00
1.924147343167344593e+00
1.872648648440111918e+00
1.845144112104617040e+00
2.101097721239787663e+00
2.015588713936327547e+00
2.038918586818176504e+00
2.116369943975893619e+00
2.190228370353797693e+00
2.185175372508910030e+00
2.368426804644032213e+00
2.223365495759118904e+00
2.299420533932023059e+00
2.224335396519447450e+00
2.170726227639933725e+00
2.037519244665248142e+00
2.221770479116391250e+00
1.839078935648075896e+00
1.836049068391841788e+00
1.803481888204443440e+00
1.889002725510589231e+00
1.725715212976636215e+00
2.007603448506492416e+00
1.902801015205785484e+00
2.070792437014197240e+00
1.907048319575411988e+00
1.724926329141885706e+00
1.838771456915639479e+00
2.088470229002800771e+00
1.925762095558607001e+00
1.802799934440336926e+00
2.062698840261969035e+00
2.169222641616891600e+00
2.125502454828852805e+00
1.989789293939533854e+00
2.114505329257358124e+00
2.029933101707256604e+00
2.151116680205493736e+00
2.013862419680503724e+00
2.123823801071547113e+00
2.090064498761881939e+00
2.018241399118680057e+00
2.080435899322579552e+00
2.107594245742187233e+00
1.997315798900664463e+00
2.085712266014243976e+00
2.174234880899024169e+00
2.068581905921837993e+00
2.250269589331695741e+00
2.115181813417806200e+00
2.187494750761219020e+00
2.132367666100051906e+00
2.089719837599226526e+00
2.202447397132811790e+00
2.078194519220685876e+00
2.090768708638565787e+00
1.974899072348063722e+00
2.212578481057810187e+00
1.999157956901455480e+00
2.117443321072512763e+00
2.243405179220502088e+00
2.172713608677739217e+00
2.226502655664772234e+00
2.294899197196511587e+00
2.313412589708803591e+00
1.911928320442568330e+00
1.898326355672200760e+00
2.189977114724373841e+00
2.272900029261335941e+00
1.935081320002948413e+00
2.286961027266868118e+00
2.042741208226482197e+00
2.259183673259849368e+00
2.255705300069336339e+00
2.178036609756486275e+00
2.288108705246410857e+00
1.835740087975567869e+00
1.909958184014211025e+00
1.854338780539202425e+00
1.877791068783994488e+00
1.858685240842519848e+00
1.748563147140972607e+00
2.171469791615892042e+00
2.153531790690657477e+00
2.067696956461587021e+00
2.046153679459691510e+00
1.983187871420992732e+00
1.920676619283556485e+00
1.919659435407811143e+00
2.011027474962942652e+00
2.258823960742860404e+00
2.062813434225362119e+00
2.271493421042027894e+00
2.348240044091885359e+00
2.209220048342054099e+00
2.358511438301686081e+00
2.292800843639759556e+00
2.247573308497449851e+00
2.278225689385577013e+00
2.290987055704938768e+00
2.139109238985530848e+00
2.159956189027936624e+00
1.901427908896614838e+00
1.915704294696332743e+00
1.958959477279742289e+00
1.893243034967089455e+00
1.852282855056621269e+00
2.141085092685855340e+00
1.782859941951812077e+00
2.042155049597591976e+00
2.119936052992148046e+00
2.115546823133937160e+00
2.206180508277289398e+00
2.274309174648248000e+00
2.273496627679214122e+00
2.280567965215793080e+00
2.248300985658329143e+00
2.237915060566702863e+00
