1.656998727525260895e+00
1.537752542389301480e+00
1.505667905155864794e+00
1.505936199488685956e+00
1.505084798329924700e+00
1.562596561957479757e+00
1.605738663365655627e+00
1.616518776136879332e+00
1.601277925535339097e+00
1.538544019246310679e+00
1.548532340094952886e+00
1.529497991090917663e+00
1.534094739159478804e+00
1.569834934482550848e+00
1.621761188163182155e+00
1.553884959254382414e+00
1.527976994208406492e+00
1.693891671120985043e+00
1.498453348062158907e+00
1.531789774054975739e+00
1.560062574074896569e+00
1.592545582583399399e+00
1.615329565670861722e+00
1.536682161771327992e+00
1.652633832592843133e+00
1.599848487657040685e+00
1.549316606878016866e+00
1.722190143501995507e+00
1.532075986412933633e+00
1.646978138531642211e+00
1.741345555140742185e+00
1.617967016714427553e+00
1.545345641268981662e+00
1.590365003966655033e+00
1.531302418908734753e+00
1.638456180578999666e+00
1.694290161189472288e+00
1.574446055064548933e+00
1.539953527816318557e+00
1.553407551947778131e+00
1.640382272470481739e+00
1.639147733797079454e+00
1.592818606317096153e+00
1.745715924301848521e+00
1.680875184851861270e+00
1.655530914577321600e+00
1.576083390323496314e+00
1.548199977919918924e+00
1.780340332560698569e+00
1.680763489810879641e+00
1.674399919893587496e+00
1.530479078648902647e+00
1.710004261003839954e+00
1.608461705871870207e+00
1.641760948319483937e+00
1.674275448901359598e+00
1.735377337411403653e+00
1.744685962235422494e+00
1.456931896086059108e+00
1.507813953553135411e+00
1.503012918694640598e+00
1.470438913621845867e+00
1.479787866347174630e+00
1.483899311337800286e+00
1.478101132114221450e+00
1.577235863876689237e+00
1.603215443661314632e+00
1.447611758199587761e+00
1.510983396662973988e+00
1.679678261512340010e+00
1.557421673839999521e+00
1.600618597798234788e+00
1.553146445910876139e+00
1.444125448918844201e+00
1.457504724984030942e+00
1.644085925388385938e+00
1.539982676004425732e+00
1.651954564296961969e+00
1.730272045255216495e+00
1.693364800628708089e+00
1.424663430087656169e+00
1.565021252788595163e+00
1.658544544508314900e+00
1.526188974332021830e+00
1.566460898384244071e+00
1.555059269595386429e+00
1.671103233278848244e+00
1.681663056774757026e+00
1.782205360769551605e+00
1.477078851261119707e+00
1.641514244803377043e+00
1.547708368645103194e+00
1.482780367536424171e+00
1.644636236668318041e+00
1.595504860632064315e+00
1.686090468695609967e+00
1.692729524599188018e+00
1.542261982609870463e+00
1.759917081198190347e+00
1.727165085266239242e+00
