2.344121373847866785e+00
2.109424832128972582e+00
2.320570393233893913e+00
2.195267065816154162e+00
2.219136784636406290e+00
2.033852345525669847e+00
2.191279815627616312e+00
2.488585979499627232e+00
2.120337155011011276e+00
2.079201322209864422e+00
1.981228669714587332e+00
1.907387327517966913e+00
2.200777728421865920e+00
2.241611402317596813e+00
2.133969799499673137e+00
2.283240893073698263e+00
2.119219046966690279e+00
1.891891661088514365e+00
2.554340349087860673e+00
1.911941735692471722e+00
2.020816606347519251e+00
2.106582734409253366e+00
2.578397975579777235e+00
2.263859107417854233e+00
2.092095945304552895e+00
2.353847616235506646e+00
2.075271685849500169e+00
1.905438639102629450e+00
2.615373801028795686e+00
2.042723421105128612e+00
2.376506193352028173e+00
2.456200161036557805e+00
2.021751417089713065e+00
2.165861702444030978e+00
2.494306451971169292e+00
2.622701665048617681e+00
2.512258089871701738e+00
2.609699021251041362e+00
2.677918166696834579e+00
2.214178290242159619e+00
2.268032007429348518e+00
2.383648975999645536e+00
2.458115721897079720e+00
2.477665627990077279e+00
2.291072440200163651e+00
2.482259657897487592e+00
2.480850017417265185e+00
2.416844473416128736e+00
2.408791881230594623e+00
2.250607595765991675e+00
2.399868424501000685e+00
2.400757228513553887e+00
2.317512775075115439e+00
2.223959677442040483e+00
2.315814914463614649e+00
2.368742534267432198e+00
2.477701329827345145e+00
2.241859909894893033e+00
2.332642832920980069e+00
2.327723821293427253e+00
2.570604182035607810e+00
2.032121316591957161e+00
2.427492827436557921e+00
2.226008737800176718e+00
2.591058716577807619e+00
2.512041575373794355e+00
2.276731264971745272e+00
2.205826053294531519e+00
2.253519018141565855e+00
2.609382281187397012e+00
2.350205927516062498e+00
2.663925872783248217e+00
2.587248914853401693e+00
2.413475367815062445e+00
2.575717059663718445e+00
2.590320830513069605e+00
2.317778365151776043e+00
2.540179413805977671e+00
2.634735532255645829e+00
2.568498903076876783e+00
2.573973017258487594e+00
2.563289671617629217e+00
2.382422122549585630e+00
2.465810580214071734e+00
2.560582143666469079e+00
2.434228805475436630e+00
2.504398133983240182e+00
2.641471455523111800e+00
2.619282887812113270e+00
2.517659729743876973e+00
2.663646023899600479e+00
2.445329850893315449e+00
2.483597023734274156e+00
2.353974653180389787e+00
2.519564300348418939e+00
2.545276568495399516e+00
2.546455435201002704e+00
2.659688423650791833e+00
2.542689726871675493e+00
2.468806905094629744e+00
2.630172402253900810e+00
2.661595302130706386e+00
2.705222022669543147e+00
2.621423560881522175e+00
2.790913068407358644e+00
2.666471745385053271e+00
2.731438270405691870e+00
2.569428518323106925e+00
2.525372810275396063e+00
2.612208253067763497e+00
2.729487173038000147e+00
2.385034577605941841e+00
2.480272835529650610e+00
2.349992512152629054e+00
2.458086360699309747e+00
2.451882399887548303e+00
2.420503611143199230e+00
2.179638614490342796e+00
2.767982951552029114e+00
2.525743707870197419e+00
2.778620941417496937e+00
2.658678510287171282e+00
2.571922387324474091e+00
2.574389156763301045e+00
2.614694880807375110e+00
2.507665907568493058e+00
2.703792828930036585e+00
2.694505935540409958e+00
2.628288878401342732e+00
2.645045738800807289e+00
2.449103746544161186e+00
2.559139510871773826e+00
2.655217255068828663e+00
2.619385818402422572e+00
2.310651932320742841e+00
2.643628039706809929e+00
2.560665776496056978e+00
2.662102376544492000e+00
2.162833990638171056e+00
2.181243085659668957e+00
2.195420083419966417e+00
2.174312021935656869e+00
2.247741819261096285e+00
2.325717293040076683e+00
2.142768007415861931e+00
2.250037410973773078e+00
2.047077409040116258e+00
2.171746866922092956e+00
2.115243764491050005e+00
2.361886604998070904e+00
2.288270413393358016e+00
1.958616224995885169e+00
2.081673826236751346e+00
2.136424561473232675e+00
2.560080063637530934e+00
2.507773864184734691e+00
2.504504411309080414e+00
2.513050117309713727e+00
2.508945907475729431e+00
2.352872394748445561e+00
2.506621241262376287e+00
2.386669981369046845e+00
2.712221095907617840e+00
2.666110803726958522e+00
2.783695275938335545e+00
2.258783465740266116e+00
2.521621710907869574e+00
2.529177147066509423e+00
2.572922044541872566e+00
2.562030725362410610e+00
2.686664349715998767e+00
2.639751420953390326e+00
2.604501763498505262e+00
2.658069445395248032e+00
2.646894039315318192e+00
2.436856475035424463e+00
2.644068668299266456e+00
2.719421921001945019e+00
2.694529883576679108e+00
2.694924553229395947e+00
2.724430757337393594e+00
2.680108122928781089e+00
2.647437921591046628e+00
2.692768332936724462e+00
2.644794169148563689e+00
2.397941794481174949e+00
2.549505602697931028e+00
2.683424920486963128e+00
2.289934985185779759e+00
2.504976716939148140e+00
2.373496310552317912e+00
2.541074800177336890e+00
2.349006221848318532e+00
2.265503814394374427e+00
2.434846398948305790e+00
2.271040004881944352e+00
2.268628036851670249e+00
2.253170584989552694e+00
2.459711080379139325e+00
2.389673743801496109e+00
2.295428394308963949e+00
2.706654518058565717e+00
2.479428931546479919e+00
2.519688578900416864e+00
2.598819171935950134e+00
2.476917188876989417e+00
2.277714041110936005e+00
2.149387716050934483e+00
2.329039956086712326e+00
2.328804631555693838e+00
2.229190813999763598e+00
2.423828545969896719e+00
2.448951143594856106e+00
2.354006838010591629e+00
2.439069493687676005e+00
2.539316582368155384e+00
2.505042407319603814e+00
2.380582439656167004e+00
2.426515113277391222e+00
2.715903689017616252e+00
2.557016161326834958e+00
2.363564712149214042e+00
2.668646107071028339e+00
2.494079944130859872e+00
2.678951556223337249e+00
2.648830864023786535e+00
2.623688845960475025e+00
2.538404566460766620e+00
2.573221018373496705e+00
2.574096431753220227e+00
2.729181875531578871e+00
2.745375940416086014e+00
2.673531976386322562e+00
2.597400194721364297e+00
2.738635410907790835e+00
2.748778028154423847e+00
2.510837522119995668e+00
2.744813284289222111e+00
2.551909589922079391e+00
2.580051723886961135e+00
2.835267914443937887e+00
2.494622792400148281e+00
2.644282633747077949e+00
2.568279111263590320e+00
2.578146232304689978e+00
2.464435127323163943e+00
2.699886976190958077e+00
2.649425221933798369e+00
1.865409371031924168e+00
2.008711728239521044e+00
2.105952647752692641e+00
2.289746858046773692e+00
2.287147737108306433e+00
2.302843329909060266e+00
2.152978755087658236e+00
2.143862865136582752e+00
2.068000966034355237e+00
2.249534508970539637e+00
2.270188062813623286e+00
2.032777141280167399e+00
2.097977241599576992e+00
2.201848870516548651e+00
2.477164874629475211e+00
2.215127793587952532e+00
1.969685706520225343e+00
2.292892710632722597e+00
2.000947119784626693e+00
2.298796510055907127e+00
2.205206619100462007e+00
2.582177723328535901e+00
2.069233774071670862e+00
2.115994426634056236e+00
2.524344539354444805e+00
2.420328670995142595e+00
2.016539375979026438e+00
2.269585206533965671e+00
2.549544836017602734e+00
2.140214500354756133e+00
2.300413129255705069e+00
2.109234535524695975e+00
2.044291819264104415e+00
2.571135787006041618e+00
2.472152790214540818e+00
2.460708641957672693e+00
2.435202826144098331e+00
2.176958409369023961e+00
2.248554198470895216e+00
2.348132554371539893e+00
2.250691038379164954e+00
2.506290837162939766e+00
2.426004260026092485e+00
2.391562162593880547e+00
2.342867819194237811e+00
2.517670211667828006e+00
2.388121704269086987e+00
2.365227470629450046e+00
2.274881289920728911e+00
2.281535079611665129e+00
2.207425696693713135e+00
2.354708150128670852e+00
2.329884703009857727e+00
2.382109181608132786e+00
2.157973744746391809e+00
2.465255036720363613e+00
2.210809079095750196e+00
2.532348812847406982e+00
2.176669583469400315e+00
2.176905681334453391e+00
2.445155615643248570e+00
2.170732965750097776e+00
2.458563461312129217e+00
2.123703253267697377e+00
2.416094150916412442e+00
2.248314053291004644e+00
2.516635505428679753e+00
2.403582028457032838e+00
2.214536094317377746e+00
2.651047804408021680e+00
2.366433695894686995e+00
2.558845485714417389e+00
2.359603195812468801e+00
2.587465901472305596e+00
2.499851619994540197e+00
2.441367191079358179e+00
2.505526052080871757e+00
2.258019959206492011e+00
2.630920000403323744e+00
2.568930627691131452e+00
2.735331778815015547e+00
2.462981751448742429e+00
2.283295556223857048e+00
2.379515386682502065e+00
2.499755828305577410e+00
2.346482298914466469e+00
2.278437841256134799e+00
2.361248159488291698e+00
2.557355665164403380e+00
2.377751229017404544e+00
2.576519188830065588e+00
2.277501492268793726e+00
2.385706070920245558e+00
2.532198045212217252e+00
2.424140458252473707e+00
2.173698873059916270e+00
2.216637835913423782e+00
2.330275856716409244e+00
2.349741787404651561e+00
2.510535980532327294e+00
2.515744227900568397e+00
2.643257991375700833e+00
2.168224135083252513e+00
2.377378518683149089e+00
2.337850078784937669e+00
2.506500635703242441e+00
2.456499902324818851e+00
2.624802082946156023e+00
2.711825189768416688e+00
2.707702514690852436e+00
2.495565403821862649e+00
2.792393867187913603e+00
2.720256989902357869e+00
2.648438595694589281e+00
2.526281884136656330e+00
2.480100849621178494e+00
2.535222289095609760e+00
2.433226662322554024e+00
2.402211631456686369e+00
2.488351039568881262e+00
2.367969899986469340e+00
2.614183511108246538e+00
2.459973010510074776e+00
2.626395365334871279e+00
2.662250790624228536e+00
2.524529843597092427e+00
2.639984394442105753e+00
2.669381033131788428e+00
2.745983652288947585e+00
2.500289617070480919e+00
2.564428797874709343e+00
2.579800234248298185e+00
2.398110235248752442e+00
2.593518463434707932e+00
2.282932297089170337e+00
2.671939448750972890e+00
2.639984541608816127e+00
2.672816560057305946e+00
2.404331118299674497e+00
2.688541828950751000e+00
2.411749607611561874e+00
2.568914410702435092e+00
2.434766332137182854e+00
2.661330611724955997e+00
2.674870577625711565e+00
2.261796119649004844e+00
2.661703637975742609e+00
2.610030974347799404e+00
2.723745025158455402e+00
2.078010937867091457e+00
2.117389886362969431e+00
2.204605085810993792e+00
2.209268346010083484e+00
2.139386180444002861e+00
2.234372442938211467e+00
2.261886038072498994e+00
2.159153977094020238e+00
2.066350654161419609e+00
1.982017041690623760e+00
2.109465397197554104e+00
2.220591676990729457e+00
2.167909084182793045e+00
2.167110483727682446e+00
2.210590057186376800e+00
2.632853337274967398e+00
2.291094367895764261e+00
2.614902431584200215e+00
2.463585992675910941e+00
2.517503092951866694e+00
2.305198117067484453e+00
2.212263664307184907e+00
2.464660400294993448e+00
2.567668711901410106e+00
2.620849085384451715e+00
2.481379767967203165e+00
2.188071938659133409e+00
2.390607069944493013e+00
2.469552160312086464e+00
2.499224354121367675e+00
2.650184437945211968e+00
2.672757792945631206e+00
2.600325131668052681e+00
2.586180066036176228e+00
2.484823890327857221e+00
2.692909848201574530e+00
2.623953419744296411e+00
2.690658553281531251e+00
2.534688223657806994e+00
2.587228265189596144e+00
2.684320145622113074e+00
2.640670768607154439e+00
2.635099245676364887e+00
2.613764810239485925e+00
2.725328441489754727e+00
2.679443821615573817e+00
2.524954558310714692e+00
2.635930723461041847e+00
2.517726719575802630e+00
2.684478581930751950e+00
2.691239543257336386e+00
2.499660277126793506e+00
2.549692783919712546e+00
2.635407700394512887e+00
2.710657810954500757e+00
2.486457809693679799e+00
2.389724100346364288e+00
2.552386302561005849e+00
2.566255917337799897e+00
2.388445297630519271e+00
2.659132026129960469e+00
2.560634645864528380e+00
2.550058018213844591e+00
2.261575525742324899e+00
2.460243977509224411e+00
2.319281020513856983e+00
2.339515521708253942e+00
2.575301153568302137e+00
2.413002944828971597e+00
2.544164334253999460e+00
2.334815122649381625e+00
2.401143374902786842e+00
2.262604725824357566e+00
2.310415434809411916e+00
2.123718656546781158e+00
2.419584158867525758e+00
2.519111393821804601e+00
2.102912982366377026e+00
2.344797158605445908e+00
2.236160675968132505e+00
2.387369908638379279e+00
2.488325976739781176e+00
2.350770645315960028e+00
2.571224307494691441e+00
2.563788221031048753e+00
2.526095586682356231e+00
2.648322019838656782e+00
2.619905947326389040e+00
2.684768163467191382e+00
2.666061505780826568e+00
2.689962535626099438e+00
2.757350054073226087e+00
2.782940744604671224e+00
2.637910568743333073e+00
2.716899219195018755e+00
2.652808517946966038e+00
2.546431916323046440e+00
2.554156246024793298e+00
2.445809185953189857e+00
2.426337125814108653e+00
2.614866665802384471e+00
2.481051099628023948e+00
2.585584096644323981e+00
