2.175580852753550509e+00
2.405837895682666705e+00
2.311210245401452479e+00
2.316280403128045950e+00
2.259325644719889059e+00
2.242868016886560234e+00
2.371214517861975679e+00
2.338700832209410052e+00
2.261261057773111371e+00
2.234476451719245915e+00
2.158191942544441577e+00
2.133285008880315470e+00
2.278598613350726332e+00
2.292610216771564957e+00
2.123170757898076744e+00
2.312411783707587265e+00
2.344248683484792650e+00
2.193146358574327603e+00
2.368139755855223072e+00
2.147716958305296409e+00
2.281728289383670116e+00
2.241537392237602511e+00
2.611486127229409870e+00
2.480719682517300573e+00
2.282755461653172002e+00
2.324374355328648001e+00
2.235407041527668781e+00
2.348156918634942247e+00
2.444051029955915055e+00
2.333307256906786087e+00
2.359759454921443123e+00
2.499124774411545680e+00
2.388032580874061228e+00
2.258538185824959577e+00
2.367916537488811368e+00
2.420374024928270806e+00
2.490756928563608863e+00
2.573205131235283716e+00
2.509929212180949776e+00
2.397521810914008622e+00
2.393412471763167737e+00
2.558634347472326098e+00
2.443836712083725438e+00
2.596324565429695586e+00
2.558909063584272836e+00
2.505082118135396829e+00
2.394276768324446802e+00
2.532159895965861107e+00
2.424061977895241249e+00
2.305947340534356904e+00
2.510020836990778381e+00
2.437801205864666532e+00
2.401349969630604431e+00
2.396470113122624479e+00
2.327227374883278799e+00
2.375464913814670176e+00
2.366712071669006878e+00
2.205959595785896177e+00
2.393079821938965068e+00
2.294203832363687745e+00
2.515655355341631871e+00
2.008664098399827846e+00
2.247130951999734894e+00
2.156340297181498222e+00
2.489004734678958997e+00
2.475572153114195650e+00
2.196737359157503011e+00
2.102498468354148997e+00
2.452679830741269384e+00
2.434534322306146414e+00
2.454765597501995522e+00
2.431449743652745354e+00
2.520596155898926050e+00
2.302735396692614511e+00
2.413690909641230675e+00
2.205774539609185680e+00
2.493550284293979846e+00
2.327532885439660415e+00
2.549481625522189265e+00
2.382950128281286606e+00
2.461729723748543819e+00
2.470776467963086809e+00
2.391278390644008489e+00
2.491610741158816200e+00
2.450542121758727987e+00
2.412782405105710737e+00
2.214530653316037601e+00
2.405501366012511522e+00
2.560076910846675879e+00
2.488222159849644122e+00
2.464646255568937239e+00
2.462626841301063241e+00
2.394986399228400842e+00
2.195533740924653365e+00
2.242090755941357205e+00
2.292405467288540777e+00
2.183971000594808309e+00
2.458070914350745539e+00
2.171429575503763143e+00
2.212721856520779351e+00
2.171706640535708832e+00
2.225296019499795275e+00
2.634538178209497428e+00
2.698925673603025377e+00
2.463863056523742934e+00
2.648937484194751946e+00
2.520386610171930553e+00
2.473464268747680883e+00
2.488829992281980541e+00
2.517745529216205647e+00
2.528005101007484434e+00
2.414510031057905959e+00
2.432455733388036112e+00
2.423497492039410339e+00
2.382446741271574187e+00
2.428383699347932634e+00
2.476654240438348697e+00
2.382784845157760234e+00
2.443704895984381231e+00
2.343842860281696083e+00
2.851498889048023067e+00
2.556609450414594864e+00
2.345739254662716711e+00
2.391161370545388021e+00
2.397298778806396413e+00
2.415567460642362718e+00
2.562187906336998999e+00
2.462387890112407440e+00
2.623153631290854992e+00
2.614005106352409236e+00
2.615918724494611158e+00
2.460243178589895496e+00
2.544384404504142161e+00
2.535969313015845383e+00
2.426880446094081378e+00
2.532268061954333405e+00
2.457992184909547184e+00
2.564540097025908238e+00
1.996545455234632449e+00
2.076354216509489703e+00
1.965577525131649628e+00
2.027779326260152892e+00
2.041515679828000529e+00
2.128952977307766670e+00
1.905156641865742628e+00
2.092679904995629059e+00
1.939343809538604191e+00
1.961481124376676544e+00
2.165142106303951319e+00
2.241837744351104611e+00
2.283197262054810217e+00
2.535816918108682039e+00
2.071189681517313641e+00
2.246946739452704289e+00
2.341724999332265522e+00
2.475901729913247973e+00
2.532756453987838885e+00
2.366523993832856387e+00
2.606671846234191126e+00
2.498054453491396210e+00
2.232305588044686928e+00
2.377999132941714500e+00
2.636424655507319859e+00
2.614127971035063336e+00
2.502729807637528392e+00
2.083339506857562196e+00
2.435071453419715759e+00
2.328147533099449884e+00
2.479544964647769856e+00
2.400031715295678492e+00
2.477877969167185945e+00
2.527103706395173344e+00
2.514531232660222937e+00
2.463665018465851286e+00
2.555259353406852174e+00
2.379080872181127404e+00
2.659199497061206952e+00
2.652013567420324236e+00
2.670000902254079378e+00
2.646344884195807268e+00
2.855570006033873121e+00
2.678082304584509465e+00
2.496452457148219395e+00
2.514310311274051024e+00
2.557800025395992716e+00
2.339000339528227279e+00
2.461529972446184988e+00
2.416530654064388717e+00
2.190467247854891220e+00
2.454587082628568950e+00
2.170749698587297161e+00
2.628277911033806813e+00
2.420950425754721635e+00
2.298152402234244551e+00
2.569282072854545351e+00
2.298374568776809124e+00
2.406154082679407669e+00
2.396381623805698968e+00
2.518473538532442824e+00
2.444762719207598245e+00
2.465499113910555096e+00
2.551754781342614020e+00
2.560054488384202021e+00
2.479492111808731636e+00
2.626560150174857888e+00
2.597609324185241153e+00
2.193614672240652208e+00
1.879312643140759409e+00
2.052887793337314637e+00
2.111648587975996971e+00
2.023980071587364371e+00
2.173976615536387769e+00
2.228421330660145916e+00
2.155560227776562421e+00
2.282091430788897757e+00
2.227327863363247840e+00
2.462169839282684958e+00
2.177333503596980080e+00
2.260263341153732064e+00
2.512621396538370355e+00
2.424073919364344132e+00
2.378371336061613661e+00
2.586708295339995800e+00
2.351799606101862672e+00
2.374733143166360971e+00
2.387325567776062307e+00
2.492291041010507691e+00
2.429278817596273843e+00
2.513286598879266531e+00
2.441466605879782481e+00
2.702920213075368672e+00
2.656763085756987053e+00
2.680146548964486009e+00
2.493365324360068414e+00
2.626489951483764074e+00
2.644355010494993774e+00
2.426952643761070672e+00
2.644387337911270119e+00
2.510446508408523680e+00
2.521295863306921348e+00
2.792654131959460884e+00
2.676691531784352929e+00
2.589918450832563224e+00
2.455435109185499787e+00
2.420708592066398435e+00
2.400010856590272024e+00
2.713726643562477836e+00
2.693705577472797152e+00
2.229026179693861742e+00
2.272691286732242411e+00
2.068875954119453464e+00
2.188973153603081201e+00
2.312178441273052165e+00
2.158727953863348148e+00
2.352963361128960429e+00
2.269391718883907672e+00
2.206606673479719394e+00
2.304522542231194127e+00
2.204299357019479544e+00
2.054435796665491587e+00
2.117449974553053060e+00
2.355761981659764359e+00
2.332944230015779663e+00
2.215596801682784722e+00
2.104279200813166550e+00
2.558993401940252710e+00
2.149059673072942545e+00
2.156843944853887418e+00
2.232427502147843690e+00
2.653159368355438641e+00
2.226241432023278399e+00
2.201195704230479944e+00
2.448852511994539238e+00
2.598632502183321868e+00
2.171620556453962347e+00
2.284876457011264517e+00
2.402717090996979277e+00
2.300189723033430056e+00
2.280182365039364889e+00
2.209050381935661722e+00
2.259935192632381629e+00
2.415220221691031011e+00
2.487310421040100916e+00
2.415144957179039320e+00
2.632571204491663597e+00
2.314541254382881608e+00
2.268592143172154518e+00
2.411220280867123922e+00
2.324502349197273610e+00
2.642279284242263770e+00
2.468647498883920210e+00
2.470487378210070251e+00
2.376053018706244746e+00
2.472594629749969908e+00
2.480402238665131431e+00
2.553455217224356311e+00
2.463987059574593186e+00
2.358479232347012289e+00
2.259800708076815212e+00
2.413069048782810366e+00
2.336742462343222915e+00
2.278940482863322181e+00
2.168183970000590044e+00
2.423071974440655030e+00
2.298543041723722702e+00
2.403980007466374413e+00
1.995267362579284942e+00
2.199168545018426624e+00
2.560319280076840176e+00
2.185548337508268268e+00
2.391009709714500886e+00
2.069929792636691079e+00
2.314797843126717769e+00
2.100593663525757382e+00
2.486686255513516297e+00
2.306279881194889025e+00
2.082053901578371669e+00
2.394199667622127325e+00
2.135257652009905804e+00
2.471564640479572805e+00
2.283136208737679862e+00
2.432806571883002089e+00
2.345784755611246997e+00
2.414467526606602910e+00
2.530956063135642253e+00
2.154400769491496614e+00
2.400459166062584249e+00
2.437524128259630718e+00
2.486343917397532355e+00
2.363332569214873669e+00
2.329906070323613854e+00
2.345654833120385696e+00
2.401337289036759692e+00
2.218533232286250989e+00
2.334406617005097662e+00
2.414990200485291005e+00
2.517968778430787591e+00
2.314939785226905578e+00
2.558959413210858624e+00
2.345612924870760008e+00
2.542094092697284147e+00
2.525800320606546023e+00
2.310760931664259665e+00
2.184676207959450167e+00
2.140200453165781447e+00
2.268826606961098502e+00
2.347997169756488312e+00
2.535478967918773918e+00
2.399480284226516602e+00
2.615446659026728238e+00
2.175051051013885850e+00
2.140303061836964282e+00
2.309916594947468482e+00
2.566901289322354618e+00
2.466537072835521816e+00
2.661697267740902539e+00
2.582229687030197951e+00
2.470290365457764814e+00
2.591970182853927440e+00
2.626909168623262403e+00
2.488407660622479867e+00
2.587814971483082260e+00
2.522322593133377477e+00
2.476906718804172236e+00
2.416415769710773542e+00
2.465337331023341960e+00
2.265737735666100150e+00
2.562110886159161716e+00
2.409268708426568928e+00
2.504098576084110128e+00
2.452114662659071964e+00
2.525933504276067776e+00
2.494528662982393730e+00
2.541230286769796898e+00
2.483042175919239369e+00
2.464069340854347701e+00
2.587392761445266753e+00
2.341401743567214311e+00
2.510443638030061653e+00
2.533921312356749223e+00
2.522331264265644801e+00
2.591211640641912783e+00
2.569909016380735434e+00
2.374223274452934795e+00
2.617135996316815483e+00
2.504895230746174484e+00
2.325742155841659553e+00
2.487566679936273228e+00
2.314410945018624322e+00
2.434928568546022021e+00
2.242894665603553328e+00
2.489186596015493080e+00
2.428505471247508041e+00
2.181829274483531034e+00
2.583340950429537042e+00
2.542279402638474295e+00
2.638216090302027084e+00
1.813341800419526972e+00
1.936702579329873108e+00
2.033139938069131070e+00
2.132685471789403042e+00
1.835631528798622014e+00
2.000679135980943268e+00
2.186221287046357986e+00
2.092370181490414538e+00
2.067120592130080148e+00
1.900700315944152008e+00
1.938558254125477109e+00
2.234251772962716931e+00
2.170599573890388712e+00
2.076193590151333535e+00
2.053227518936578289e+00
2.041343899871782330e+00
2.310807905413418517e+00
2.526962300242348469e+00
2.519867099762761242e+00
2.458221285383414667e+00
2.198326730256495498e+00
2.208896227824647784e+00
2.430257995861893061e+00
2.388504926772708092e+00
2.575049517671515797e+00
2.353721712958498191e+00
2.152292552984967688e+00
2.295332787446736411e+00
2.384667714939564753e+00
2.408674452099234919e+00
2.268957521026844226e+00
2.527762560102348566e+00
2.445237203753233057e+00
2.492687667836496423e+00
2.256696958832351996e+00
2.417380765186652791e+00
2.444489673870026358e+00
2.496027484152920639e+00
2.448663222527358574e+00
2.422978497744386672e+00
2.503625191370963066e+00
2.613016697808721034e+00
2.446802538080854905e+00
2.540942502264230463e+00
2.632102682206399979e+00
2.704066246226667580e+00
2.483637734071657555e+00
2.601430524369492403e+00
2.535936814053338928e+00
2.701747883692517060e+00
2.660349943869177558e+00
2.545656729523546158e+00
2.495878094561147176e+00
2.469892692206996809e+00
2.553089019420285322e+00
2.344551750630430309e+00
2.365268697283002375e+00
2.432857264693594423e+00
2.318832959142555161e+00
2.552637086571608371e+00
2.517177432436572104e+00
2.497791765123006158e+00
2.525857118185800498e+00
2.361260369282140115e+00
2.409289625631618303e+00
2.369114039546115436e+00
2.340642361620831391e+00
2.510864826942274863e+00
2.284540773811519543e+00
2.212120204392382661e+00
2.285270744765884654e+00
2.199599006882202001e+00
2.400029848618323136e+00
2.215587102459793289e+00
2.139819499136675240e+00
2.374963613775979088e+00
2.402987367835220489e+00
1.875889948461539447e+00
2.048172510854061379e+00
2.065250645820664310e+00
2.231811344091571669e+00
2.346869704291218550e+00
2.208007006106555536e+00
2.523212019314377663e+00
2.395378006695437101e+00
2.428102270409131958e+00
2.624714302022473245e+00
2.432047295673408271e+00
2.582940891649287085e+00
2.484394734734747701e+00
2.545493397416052961e+00
2.633172027162157480e+00
2.648488319259890034e+00
2.560621389900873623e+00
2.751456799999301595e+00
2.450403911885421504e+00
2.487766340771580875e+00
2.462458903487060979e+00
2.316421280917663417e+00
2.348688267900439719e+00
2.473821401543011778e+00
2.459743552666051158e+00
2.467321719436592620e+00
