1.821030413192426645e+00
1.846288605737433031e+00
1.963724697608027370e+00
1.777411593140306056e+00
1.770243825743500699e+00
2.137465865035151680e+00
1.796614013372263230e+00
1.954590023438723234e+00
1.747944553658104638e+00
1.842541951009923684e+00
1.907894621170548755e+00
1.807922162105488617e+00
1.917536841134606984e+00
1.961845765487713278e+00
1.983180894462673205e+00
1.986692794424067543e+00
2.030021348411314985e+00
1.964958036812490594e+00
1.836859242211871912e+00
1.859038208223215527e+00
1.992974804885761841e+00
2.171565948672621094e+00
1.892990518077635853e+00
1.847528333114753174e+00
2.039636569979368375e+00
2.011026066571329540e+00
1.998947459159189144e+00
2.102286811625888596e+00
2.161593889086153464e+00
1.994478009185095102e+00
1.921420876667836231e+00
2.089746844095528910e+00
1.934069969992255000e+00
1.834476263693846754e+00
1.819600653115430955e+00
1.882455224563110541e+00
2.145291351783155331e+00
1.975055914324380435e+00
2.292307300987713070e+00
2.216331074024416203e+00
2.021925115414451302e+00
2.200907382684187841e+00
2.023969893813225784e+00
2.027391886767018647e+00
1.881294214849707824e+00
1.930171190111609203e+00
2.244329217271983090e+00
2.006946780695922250e+00
2.061464253875274100e+00
2.142072790114588177e+00
1.954223031497509089e+00
2.167995989753713992e+00
2.131687151153348836e+00
2.222126501840687940e+00
1.691245574174777389e+00
1.763290945389370590e+00
1.809162322699695125e+00
1.792903220996491687e+00
1.859029968558896240e+00
1.623803439796143611e+00
1.929195849937599405e+00
2.064418769518624241e+00
1.803798148063839202e+00
1.979271168405594361e+00
1.666503839940208342e+00
1.832672388059762625e+00
1.892504505776555490e+00
2.035487301318480657e+00
2.190656356558235096e+00
2.109459641054444390e+00
2.184324853390470444e+00
2.331599377912654258e+00
2.182367070668905118e+00
1.811002952210956085e+00
1.834980568209185314e+00
1.837713255253358158e+00
1.908989331094381736e+00
1.977149492665544406e+00
1.902426789641318505e+00
2.008334941688987740e+00
1.872978995101154398e+00
1.978951540399014553e+00
1.906606214446159742e+00
1.783544146613888604e+00
1.829723000629902563e+00
1.858396208087982115e+00
2.002103417584645939e+00
1.968070081701771779e+00
1.939850980969711314e+00
2.066985081418952763e+00
2.038142637654098532e+00
2.105709041179376406e+00
2.244104426089847948e+00
2.100356699693119999e+00
2.251003390032583873e+00
2.203672443575872109e+00
2.222246994526072328e+00
2.040905780638690104e+00
2.156353584860803529e+00
1.876856961217794995e+00
1.805184928715925619e+00
1.929901436343054444e+00
1.844009708145784909e+00
1.752680926025012464e+00
1.946056893149678224e+00
1.777388307717198579e+00
2.022224439237121363e+00
1.819685989886189015e+00
1.755661695696130176e+00
1.907562697333623936e+00
1.973253113431340466e+00
1.887834811096304799e+00
1.876480130144251302e+00
2.082706290791108472e+00
1.981553722922841709e+00
2.028693483152398169e+00
1.890085626521757378e+00
2.017731247940444117e+00
1.992837465272166542e+00
2.029379793776042717e+00
1.911138096519368057e+00
1.880519411104755845e+00
2.003773381062456060e+00
1.844879725251101554e+00
1.905934685646403448e+00
2.050611235756098605e+00
1.796016541180838866e+00
1.950548005730049272e+00
1.979048589959067517e+00
1.958104863196408196e+00
2.095764734929918660e+00
1.989890495846730056e+00
2.050408142444058335e+00
1.824441838079767120e+00
1.966702293380210964e+00
2.026748503245998645e+00
1.836097684890442672e+00
1.848811850978242743e+00
1.877788556701061262e+00
2.143779829082800958e+00
1.850786597934824140e+00
2.127834222378942819e+00
2.157267143751776750e+00
2.130466150254915814e+00
2.067478486018838879e+00
2.163244711475074133e+00
2.158014364675000518e+00
1.909770767687247517e+00
1.831089714534270829e+00
2.094337919601493070e+00
2.105829446847519382e+00
1.831678643642804527e+00
2.134605485036821015e+00
1.830029058782870477e+00
2.181394881094780303e+00
2.101251078922868665e+00
2.103198743988809127e+00
2.184377206805863558e+00
1.817678329917386870e+00
1.844436700280161823e+00
1.852731038312795731e+00
1.821860101361366002e+00
1.844690679671762146e+00
1.781651934353886357e+00
2.090513536546915407e+00
1.887140234228717794e+00
2.043688092452619287e+00
1.946357191229757921e+00
1.950153731730710494e+00
1.769424850856511355e+00
1.948319826219985451e+00
1.914425524042078441e+00
2.214235150670774921e+00
1.962466369709422453e+00
1.975424892072249694e+00
2.261835045264633415e+00
2.106789766431441446e+00
2.333014622094083279e+00
2.301731242970831648e+00
2.066947356306093830e+00
2.222070444598680528e+00
2.084878727433302714e+00
1.950507613287886022e+00
2.003907847528624941e+00
1.849221594529467438e+00
1.955350808154070696e+00
1.903751367966693975e+00
1.753991089973067519e+00
1.742575110481506151e+00
2.012025402045413358e+00
1.818380815591463806e+00
1.998344083716637520e+00
2.035606344112296018e+00
1.978248756943032483e+00
2.116110259846240460e+00
1.981332724880706664e+00
2.079304133094640239e+00
2.247017209462981224e+00
2.176675501756715203e+00
2.073759105852763795e+00
