2.225475868821233938e+00
2.231681573701890908e+00
2.260613795019278172e+00
2.149333124206510348e+00
2.186395148804793465e+00
2.072795500711020367e+00
2.091918717193849364e+00
2.359360081238507156e+00
1.920782800749884167e+00
2.126488655186478116e+00
2.037605159212578343e+00
2.018682226221851561e+00
1.950558179865089059e+00
2.201461584144821515e+00
1.976912369482132448e+00
1.883490351355486370e+00
2.232748552557488608e+00
2.001017675861628931e+00
2.419694916031854603e+00
2.022600833608628523e+00
2.024995237279529015e+00
2.091563673174598570e+00
2.608906118735276891e+00
2.471448816795646763e+00
1.931456612692546315e+00
2.208546954722601985e+00
2.263711770450036909e+00
2.121625915700619647e+00
2.370410420141542129e+00
2.091572010827624784e+00
2.052303702383209139e+00
2.429421228160683288e+00
2.267003312617944299e+00
2.339308527333431975e+00
2.260464388782401191e+00
2.350338753115806423e+00
2.288372871121627572e+00
2.444318028037325785e+00
2.455999913654320910e+00
2.028364925401385577e+00
2.052909301907510642e+00
2.227849515796810564e+00
2.084525896925711663e+00
2.423370291141150101e+00
2.086618371207224598e+00
2.345314060449977145e+00
2.262172375923869883e+00
2.368685417863865883e+00
2.303205328638918914e+00
2.213970990132283045e+00
2.462867271907405176e+00
2.232898789549317531e+00
2.268782260029810427e+00
2.231066417881485187e+00
2.158554806443484519e+00
2.210860950091529276e+00
2.311962905300209314e+00
2.106633260258868212e+00
2.178698747772904731e+00
2.149371805061141671e+00
2.352367200499485556e+00
2.073209004916543474e+00
2.130360963710264066e+00
2.158094697525681838e+00
2.346854671964362371e+00
2.472733418123245652e+00
2.187172394456557978e+00
2.109049095554521358e+00
2.289312745626275625e+00
2.329458169522722333e+00
2.354465144436113988e+00
2.409789741599822399e+00
2.581541343337246719e+00
2.210207543044286016e+00
2.360323195600543045e+00
2.290303054277836647e+00
2.298145092470202933e+00
2.362937181828386635e+00
2.500357915950082610e+00
2.227273937418918770e+00
2.435790767710946714e+00
2.280578578845204429e+00
2.283284524354535883e+00
2.365845417004300621e+00
2.282547298836353988e+00
2.222508211511084131e+00
2.190930810771536397e+00
2.273057453956591090e+00
2.337615882229427289e+00
2.217521971692851146e+00
2.389426383656730213e+00
2.354864535067336728e+00
2.320115406845834727e+00
2.136740330127814946e+00
2.252617558583727586e+00
2.314115228606168362e+00
2.319890456862195194e+00
2.417743755752325807e+00
2.310648590696440685e+00
2.247433527479100412e+00
2.348599165725080873e+00
2.413196499014738539e+00
2.509973789352078377e+00
2.577579460792699173e+00
2.511508134320250551e+00
2.364802854299079105e+00
2.377629607166903192e+00
2.297309702000045029e+00
2.408277184095061862e+00
2.424888592524637509e+00
2.488523465455125816e+00
2.485126467629341640e+00
2.406350050100973359e+00
2.521004278629259687e+00
2.296751340713960143e+00
2.498396669277795024e+00
2.125309594179316974e+00
2.025816719193525905e+00
2.545407824985383538e+00
2.260406737496876151e+00
2.632606961091441988e+00
2.441827875705845141e+00
2.327316101674353543e+00
2.352615294341033891e+00
2.412533991021625024e+00
2.323681076264873635e+00
2.466670799550853665e+00
2.331186471685059658e+00
2.581456865301536840e+00
2.488108343656494359e+00
2.414744020799854951e+00
2.400746069898595625e+00
2.594698530113634494e+00
2.374731125652726149e+00
2.343854609035052938e+00
2.561211458202554692e+00
2.593892631242419089e+00
2.550410623167311375e+00
2.156901738857828654e+00
2.145128924857597763e+00
2.163561613899993130e+00
2.128726285832172049e+00
2.189577724422625771e+00
2.292021696496575611e+00
2.169804133742448293e+00
2.233918422399192139e+00
2.037998888414802590e+00
2.116772258177244570e+00
2.249798834141991222e+00
2.221929120159698456e+00
2.170020346715833437e+00
2.305649911852437839e+00
2.099903688365978294e+00
2.165167008568223750e+00
2.243563074316671013e+00
2.482827636409181249e+00
2.324646588911778444e+00
2.310796653575520665e+00
2.308100497005547425e+00
2.323145588411094753e+00
2.149889717321552318e+00
2.356328350935189331e+00
2.273657597346785408e+00
2.433373119631573100e+00
2.520222737338206009e+00
2.072984568359473201e+00
2.187098575911899712e+00
2.350978828447285007e+00
2.092873567465924900e+00
2.277608388108287585e+00
2.365506577074371286e+00
2.256132549154861611e+00
2.322131391066494022e+00
2.344553218905476299e+00
2.263443485280858258e+00
2.402722631848534629e+00
2.495036074926134440e+00
2.422645132027791082e+00
2.636878993903754242e+00
2.677169756543639423e+00
2.727840160502563283e+00
2.690276593267146410e+00
2.478946819370150934e+00
2.578685690089004723e+00
2.573601502583394929e+00
2.125849050796667417e+00
2.245078195924175013e+00
2.268341782908108506e+00
2.026879616045218491e+00
2.196616264840891120e+00
2.043703309673599033e+00
2.097008538498551289e+00
2.071549186630790906e+00
2.072666967117324788e+00
2.165734051226250845e+00
2.062759354566552794e+00
2.147392479090777684e+00
2.165266137065668062e+00
2.354700120847104561e+00
2.447420325913247208e+00
2.183319524441683424e+00
2.396853178735022460e+00
2.199095066023351031e+00
2.260608466831845575e+00
2.349431159850945861e+00
2.340549285901213583e+00
2.290742646494558166e+00
1.948752892836561390e+00
2.082460417991072177e+00
2.156681176938242128e+00
2.202616404377325310e+00
2.320545541677721868e+00
2.117200027204943602e+00
2.320482664350925095e+00
2.070649537508843618e+00
2.193429921343585054e+00
2.450939444073624074e+00
2.327510639377357915e+00
2.343197910259971817e+00
2.421981906254745631e+00
2.337375249326858473e+00
2.434830093943249452e+00
2.502914084261818495e+00
2.404099717187063057e+00
2.364423084168871814e+00
2.389003519437641554e+00
2.531108898396263740e+00
2.411045141753158649e+00
2.432709797787568906e+00
2.472561047997071437e+00
2.474140901465442521e+00
2.481239247058094399e+00
2.426040482887220406e+00
2.474448501119258292e+00
2.640082580019490255e+00
2.617326574269232431e+00
2.464027792329266831e+00
2.662866855613784889e+00
2.532084274654542000e+00
2.548730436447872005e+00
2.724997078767722236e+00
2.432301195494848578e+00
2.508045227914854625e+00
2.592575672740617510e+00
2.547712545477344381e+00
2.519102147655798429e+00
2.512891629545334737e+00
2.593096893921260637e+00
2.348274275680186207e+00
2.446224836046957840e+00
2.135947882730314440e+00
2.230313895146053049e+00
2.311933073863320587e+00
2.132800539969046394e+00
2.099643615706087374e+00
2.061149135276068023e+00
1.953288862746150878e+00
2.280865864751395300e+00
2.155114492467988807e+00
2.044781063218103156e+00
1.986471080406126744e+00
2.022794371402677260e+00
2.415074803670091086e+00
2.034127683245270379e+00
1.994596839770331975e+00
2.286745749582228093e+00
1.934999607334606075e+00
2.245265352048912089e+00
2.079326560439781257e+00
2.577667050932387571e+00
2.074910880224505316e+00
2.078732241308456352e+00
2.366281169890159131e+00
2.133939841439574270e+00
2.112654245056217572e+00
2.197037479123952419e+00
2.339867658203554246e+00
2.146309135660620537e+00
2.214899904332636726e+00
2.244494937514120547e+00
2.273876298173887367e+00
2.293571272818836437e+00
2.361930862857767988e+00
2.514994216379951020e+00
2.452126596223162203e+00
2.158898067928633591e+00
2.139140026749711598e+00
2.142211496330470588e+00
2.338429546265564429e+00
2.467640287231037899e+00
2.470781797714156180e+00
2.426087174119074152e+00
2.260279785477113279e+00
2.373176142108188724e+00
2.388964176009015450e+00
2.443083307268080873e+00
2.400658512211014450e+00
2.347370933024956585e+00
2.291553555489125316e+00
2.377782221702555709e+00
2.305111765414605163e+00
2.253024064130791704e+00
2.116199264973338323e+00
2.310318992773515934e+00
2.256313505240326034e+00
2.439483436991316534e+00
2.219303476034319988e+00
2.246786223169090491e+00
2.333899897799749823e+00
2.183808017689145231e+00
2.545554734797029539e+00
2.110616788055388771e+00
2.488442598032942321e+00
2.243724977564017120e+00
2.406418514187157243e+00
2.346640600899648543e+00
2.216311158946966842e+00
2.360365958394214037e+00
2.456551495594247569e+00
2.415875429732168733e+00
2.328194414064423068e+00
2.516362645304476064e+00
2.185703055247006255e+00
2.308810303234996919e+00
2.451949989472365310e+00
2.253553231503377940e+00
2.209509100614070132e+00
2.359388606384885012e+00
2.568283403376280027e+00
2.389892470805770941e+00
2.368582881531913653e+00
2.226703665264663012e+00
2.310373531215865306e+00
2.082247588914008851e+00
2.238465562108729046e+00
2.297478764439860210e+00
2.399693550599988345e+00
2.364867039868153054e+00
2.336493213073601805e+00
2.317851084324781041e+00
2.283619047820085513e+00
2.329338711472099810e+00
2.403261210103149192e+00
2.251153810423717427e+00
2.324177634508469037e+00
2.331826032392117387e+00
2.311622033323436742e+00
2.388666950969650316e+00
2.263078531153086548e+00
2.484983265966876242e+00
2.245070897280061040e+00
2.278811634624332338e+00
2.283446338083679805e+00
2.548629983457963988e+00
2.291962279997681762e+00
2.425128174141730319e+00
2.639685143906955744e+00
2.385678204918654455e+00
2.474032397302845965e+00
2.391525659930406889e+00
2.429050695695068374e+00
2.472383301339284856e+00
2.306573144146196963e+00
2.371622310690229440e+00
2.446309192622190931e+00
2.268445463812625018e+00
2.266162668786777079e+00
2.399548664721374625e+00
2.446293852925408352e+00
2.481096235049722321e+00
2.324345679829685984e+00
2.497897438545842341e+00
2.505590078371711549e+00
2.463531257906982130e+00
2.373761029014149759e+00
2.495210920159744550e+00
2.570225914756369967e+00
2.304112064741404176e+00
2.310122259849719306e+00
2.530495458976017797e+00
2.426556918419986886e+00
2.491853010592775863e+00
2.363750896437009530e+00
2.265402259827599352e+00
2.499232843864250597e+00
2.494804305386616683e+00
2.471395691417499041e+00
2.554307085220434370e+00
2.344121100835044214e+00
2.351922928811356339e+00
2.380274174148387267e+00
2.616763954347564702e+00
2.450459847623998932e+00
2.351100694387393553e+00
2.588410036152181348e+00
2.575340018526743435e+00
2.628743768910459355e+00
2.012522077573774659e+00
2.007029094170681205e+00
2.138704785430622035e+00
2.132039465644351761e+00
1.989311527690113879e+00
2.220508743720682965e+00
2.195439132300132989e+00
2.282171426497008326e+00
2.156211166636161192e+00
2.069187246525570067e+00
2.132400800934319385e+00
2.253339663591583886e+00
2.284366815897944214e+00
2.175835570222874438e+00
2.240989311930838390e+00
2.400732950144510713e+00
2.033901187329803850e+00
2.352923606402826273e+00
2.446925197255806594e+00
2.509689761942214492e+00
2.427433202605757234e+00
2.252724361813131626e+00
2.366334542649908279e+00
2.251493424670065746e+00
2.443102579104934335e+00
2.354996929036712316e+00
2.148820713318178477e+00
2.249981226700929593e+00
2.239453060125296435e+00
2.339396280848078824e+00
2.240174079491699111e+00
2.469216669359927785e+00
2.545415844060302302e+00
2.276911916615776743e+00
2.317553973482480600e+00
2.458910971545767765e+00
2.381735099322303650e+00
2.440434594383331213e+00
2.354169158042086263e+00
2.426893015113167351e+00
2.483531169723896870e+00
2.595805020793959805e+00
2.452675833819400797e+00
2.580770355264663696e+00
2.582693363968298517e+00
2.442162386004072427e+00
2.469172366816657860e+00
2.584982683940493686e+00
2.564815524928620860e+00
2.741613990105826737e+00
2.688983834732487033e+00
2.525115418275147405e+00
2.451193248975652050e+00
2.516352774432267569e+00
2.521107138768125644e+00
2.297821142049083498e+00
2.404427645788120849e+00
2.347695642403921479e+00
2.414831170077011091e+00
2.199236080950323746e+00
2.365211533270239030e+00
2.330993861580414439e+00
2.257435056287811381e+00
2.250763164961592011e+00
2.276269182210854947e+00
2.109492972373521624e+00
2.171874622136550581e+00
2.294067308011068729e+00
2.152661799866737002e+00
2.298149307407850284e+00
2.160485129113680625e+00
2.196312232729097147e+00
2.274997186441041652e+00
2.276292317446344526e+00
2.154012363941190333e+00
2.327773527651743724e+00
2.338922654221298192e+00
2.037492347621279176e+00
2.254093453076850828e+00
2.155799877931493302e+00
2.232927905975961469e+00
2.304219485054859184e+00
2.213558673818679878e+00
2.442797314913035311e+00
2.303471478956203633e+00
2.370323751506618670e+00
2.399727557510055398e+00
2.288629856684582631e+00
2.522291544932869112e+00
2.341479785132838387e+00
2.381281636206583840e+00
2.633095794468742312e+00
2.646225599770383852e+00
2.529419059634574030e+00
2.785740408767211296e+00
2.502662016872160056e+00
2.523462972833454554e+00
2.512083797190311607e+00
2.429553672808228981e+00
2.456800663307395105e+00
2.473854482992755788e+00
2.449376702460915656e+00
2.500491013586718658e+00
