1.699374169185491557e+00
1.580017292853732602e+00
1.664620168865836858e+00
1.559602515444207915e+00
1.545430320516551603e+00
1.680723428019905263e+00
1.713240886903208304e+00
1.730293793795012913e+00
1.638262051865850166e+00
1.559295412146493920e+00
1.554889910054355173e+00
1.649080393170754943e+00
1.682634919973066134e+00
1.767141336009676156e+00
1.889335029527593246e+00
1.766727104235898294e+00
1.651201865736575458e+00
1.857993538117779675e+00
1.710457048519862466e+00
1.851994528604768764e+00
1.850850429678401188e+00
1.848501569912754938e+00
1.823335457189249942e+00
1.677290823671297559e+00
1.654313984344496946e+00
1.696270980990387534e+00
1.706945207149976440e+00
1.857264746170399494e+00
1.819358243998365321e+00
1.954255766072862999e+00
1.725806026738480270e+00
1.672668679087886634e+00
1.761847570129028373e+00
1.741853149552996527e+00
1.799765188641164082e+00
1.853608118959997109e+00
1.811737494270593274e+00
1.594593089574260381e+00
1.616943768009709181e+00
1.706596644088106185e+00
1.811271501645564719e+00
1.658506951396484297e+00
1.666213308168960294e+00
1.740038645523576122e+00
1.716906727037737612e+00
1.790996970827215762e+00
1.751183841255613993e+00
1.707114677410105585e+00
1.906000393336735321e+00
1.831376060872161649e+00
1.736872633183018211e+00
1.594334049487582616e+00
1.714967644215318110e+00
1.583876663426381892e+00
1.528024592197933185e+00
1.711717467715031527e+00
1.700099317925509945e+00
1.656591540858020961e+00
1.530470598124251680e+00
1.657328997830385342e+00
1.630021227432537856e+00
1.646613862864415578e+00
1.654291410536702367e+00
1.739207937324244391e+00
1.728280234652145309e+00
1.892150495050042736e+00
1.821440328094205530e+00
1.656927857605061005e+00
1.652083729839569859e+00
1.900260008048912486e+00
1.863122474451214261e+00
1.805202836882770834e+00
1.822281224305945857e+00
1.546327823327019013e+00
1.644543567966988862e+00
1.772234252554700795e+00
1.827106841042218877e+00
1.904940351950364930e+00
1.720728253776353744e+00
1.733114551496197642e+00
1.734080276668492404e+00
1.772807349773351859e+00
1.708551031207459214e+00
1.745010031953801999e+00
1.732365397865411216e+00
1.799695252083897579e+00
1.823840485904791642e+00
1.859764825316488013e+00
1.918120831168558027e+00
1.609593198863284780e+00
1.703077710899988606e+00
1.594240970388812961e+00
1.552330581543894805e+00
1.693930509208425361e+00
1.684674758098655856e+00
1.714669135368581232e+00
1.803108643427422830e+00
1.839168185191190519e+00
1.886772270731244205e+00
1.793801111734414144e+00
