2.157766647312343800e+00
2.113492266323165669e+00
2.241540237780704992e+00
2.115035199507297570e+00
2.075272902419311283e+00
2.043868615641351028e+00
2.111792654547199444e+00
2.326930333653208116e+00
2.048681254318929668e+00
2.048450807697323128e+00
2.047601781589978298e+00
1.999058676325605299e+00
2.062808437893802971e+00
2.155488175579868049e+00
2.086369625044503184e+00
2.110023890962724469e+00
2.118163376228001216e+00
1.968064148876578212e+00
2.294923864251774415e+00
1.958891133601550871e+00
1.994079471772188361e+00
2.059913226074978621e+00
2.517650442454434145e+00
2.381100595916680440e+00
2.001296168993857982e+00
2.164073790915413742e+00
2.106963334461393167e+00
1.989456005154407015e+00
2.315335354463455619e+00
2.037434309777796049e+00
2.116997482066183878e+00
2.431321552003833819e+00
2.085763705480144559e+00
2.190190916723558257e+00
2.297104952509346543e+00
2.400452724703447505e+00
2.366714277059788429e+00
2.460058027418919657e+00
2.501770608966425780e+00
2.241467724122845784e+00
2.172404030016959808e+00
2.594258381114583845e+00
2.267271785904750203e+00
2.543276197758284507e+00
2.167723550786279763e+00
2.470168183289922048e+00
2.341970332185193460e+00
2.409934528839992485e+00
2.255466960266753418e+00
2.313360358125395422e+00
2.329229189961330437e+00
2.230986661850105524e+00
2.345208693544643452e+00
2.263691744793558502e+00
2.094427591191106774e+00
2.178205913854935893e+00
2.243747758074037257e+00
2.000679350790738553e+00
2.209297650633097021e+00
2.123881049247745345e+00
2.305125196464323789e+00
2.203399465216570707e+00
2.140188421606258551e+00
2.193555062190023719e+00
2.320528486393592438e+00
2.538212333714005897e+00
2.227491401867315979e+00
2.246383701618747786e+00
2.283446694135814692e+00
2.362699645542207350e+00
2.319073109780723563e+00
2.498204604589852718e+00
2.607360598327673085e+00
2.275151581451770877e+00
2.489025552587577295e+00
2.319909290171417560e+00
2.267128145806875494e+00
2.307022440562233712e+00
2.528803916528888251e+00
2.346762550696985361e+00
2.465172213787121702e+00
2.326403723494838705e+00
2.265844223560559367e+00
2.336648801867690306e+00
2.326470512458287843e+00
2.326614998089534758e+00
2.188625363855741135e+00
2.250535177051304903e+00
2.468461692124413354e+00
2.425890909421285269e+00
2.410163766162762844e+00
2.437563877746971919e+00
2.247173451215782602e+00
2.118880016043797276e+00
2.124156790596998245e+00
2.515816299634766828e+00
2.511317187162275477e+00
2.552513029155539570e+00
2.260430491401366648e+00
2.284364708137475386e+00
2.515708905631241610e+00
2.616240827095460020e+00
2.669703194234984700e+00
2.631019906312669132e+00
2.696031516393148753e+00
2.572672666571124367e+00
2.729735007602490882e+00
2.530490072149797154e+00
2.562984756632560313e+00
2.475564180444132401e+00
2.509434988253464116e+00
2.348564932369417768e+00
2.469245121816389332e+00
2.305862357393706485e+00
2.313088704795734696e+00
2.409343796331750998e+00
2.401601384748341061e+00
2.075180557038198703e+00
2.622224595185511653e+00
2.318912332178630020e+00
2.677252935391075894e+00
2.512927930444585733e+00
2.360224605865173242e+00
2.502744391459505557e+00
2.582046320144534057e+00
2.407062432664113238e+00
2.584779271827460256e+00
2.351330837774074922e+00
2.661323043022911783e+00
2.585820601834236676e+00
2.502670453394268524e+00
2.466555409358589745e+00
2.647906726827484736e+00
2.540449963953571366e+00
2.424981532710038135e+00
2.590387325915180838e+00
2.583656430551793726e+00
2.630452462926633928e+00
2.245551149017924075e+00
2.184278025008958846e+00
2.205967040368921772e+00
2.165620601343596796e+00
2.112923091469115722e+00
2.377495395487715157e+00
2.081900716157958797e+00
2.087927606889840693e+00
1.979148006601164189e+00
2.153616894223323364e+00
1.919430811401190651e+00
2.303575707024655195e+00
2.013315102707388338e+00
2.001534162733876521e+00
2.040427206235686963e+00
2.125697212531993507e+00
2.408466079913359703e+00
2.383697200895732671e+00
2.409054527499538079e+00
2.282482162528780112e+00
2.448072770600890014e+00
2.350505995237697654e+00
2.275124484236344724e+00
2.343847013947612190e+00
2.410897568589319473e+00
2.657440660452434766e+00
2.691186118453921861e+00
2.237363243751104402e+00
2.282170840404918355e+00
2.300023328640481868e+00
2.333133084997506490e+00
2.279416934185674481e+00
2.439330980961357476e+00
2.301354692728454499e+00
2.368136857626959468e+00
2.492986551159839692e+00
2.439102890613441765e+00
2.345951007813678046e+00
2.567831507900098398e+00
2.591719787985953261e+00
2.619918080330398524e+00
2.581855409855388306e+00
2.514054527089507385e+00
2.626692039384867616e+00
2.509176102242162809e+00
2.554357027443188155e+00
2.482036891177854532e+00
2.179558759163898074e+00
2.311517785276161252e+00
2.423284383783209428e+00
2.148782111977434628e+00
2.309301277241959216e+00
2.199976041860577602e+00
2.390895861431666880e+00
2.305834141646837754e+00
2.273384733976015148e+00
2.437196579905974492e+00
2.317919674604435265e+00
2.305933340042781499e+00
2.249583671680089214e+00
2.485840966335191471e+00
2.346548006542474418e+00
2.319676126035949082e+00
2.506483223130289595e+00
2.452448685942792306e+00
2.363176084367969221e+00
2.514229918649188544e+00
2.385105733738507539e+00
2.196941535064819817e+00
2.091147531872235898e+00
2.159882572745429385e+00
2.166163464891723844e+00
2.277408565570251842e+00
2.370674273855717828e+00
2.149568985605010862e+00
2.309108539252300307e+00
2.240513036631643029e+00
2.339243752712758972e+00
2.453292033435166886e+00
2.376321569041857984e+00
2.362601424377034576e+00
2.593505158140577471e+00
2.434450999212062428e+00
2.401452652717671832e+00
2.454714910332782107e+00
2.399182257878262003e+00
2.283819610013722023e+00
2.359678830379380088e+00
2.455095434522347020e+00
2.352648833815841556e+00
2.426488078276276106e+00
2.428902423266605659e+00
2.653157166364868758e+00
2.632051001825774783e+00
2.556023638387190378e+00
2.501765782887371614e+00
2.650643924555737829e+00
2.673208675285690727e+00
2.456516881408415287e+00
2.651007287900839948e+00
2.477707342448442152e+00
2.547348648521484016e+00
2.668907582586193428e+00
2.501198379830398721e+00
2.498106342049999817e+00
2.455395895935847950e+00
2.460745981631445645e+00
2.424945395457787978e+00
2.552972710358409891e+00
2.497599375494525376e+00
2.094226863705003883e+00
2.219616031026345304e+00
2.100217122165949579e+00
2.212737797680827789e+00
2.171753630672795587e+00
2.127896255924025315e+00
2.121622173447160975e+00
2.068556927213299979e+00
1.982475222958357319e+00
2.131787103021041574e+00
2.102364364667085539e+00
1.965034119930517020e+00
1.859516592861537143e+00
1.865369012684112704e+00
2.273749755582537446e+00
2.015016064464236756e+00
1.921751929974586659e+00
2.162503497730595914e+00
1.872612479090955517e+00
2.121570689185481751e+00
2.016201671745105894e+00
2.489835969140036465e+00
1.924482033093994460e+00
2.043786760470972741e+00
2.351307741081149150e+00
2.144138478801639991e+00
1.966954874129258624e+00
2.178886630655127110e+00
2.380669995709272513e+00
2.104830643052276073e+00
2.230817647832331829e+00
2.205921421357706969e+00
2.019699422367739583e+00
2.412070129415631925e+00
2.484311013219323350e+00
2.468034795863132125e+00
2.467319016548997990e+00
2.138996041126234537e+00
2.168798968793104187e+00
2.195410318019814788e+00
2.197954658114215309e+00
2.323483854874504040e+00
2.374521084323051756e+00
2.314409914538482216e+00
2.302016751264897465e+00
2.314459173240691392e+00
2.175285870878970407e+00
2.137498017478882240e+00
2.099090693849034128e+00
2.074010854325051056e+00
2.093520710084757486e+00
1.939376218443922273e+00
2.074752482800856779e+00
1.960625678107076997e+00
1.969770637196688767e+00
2.196267520822972941e+00
1.975547250614815731e+00
2.341452142424478744e+00
1.995029007074498484e+00
2.040470831041598210e+00
2.240812387023124241e+00
1.994510097829816475e+00
2.498198312762729412e+00
1.950456967085913096e+00
2.332690967199292587e+00
2.053113369512496789e+00
2.278817656924787549e+00
2.266329367188570032e+00
2.019530725889060019e+00
2.303466433630897647e+00
2.154037181395056955e+00
2.411174880760027950e+00
2.125714561225069410e+00
2.486391766361112587e+00
2.179021188020007660e+00
2.189981053241347286e+00
2.499692199273711335e+00
2.112166367845000003e+00
2.288878813905841803e+00
2.279276528576369198e+00
2.595246299479042396e+00
2.108127521084521838e+00
2.081063178830441895e+00
2.189277443920035982e+00
2.058825404543853210e+00
2.157206445570256204e+00
2.178379325143506406e+00
2.256137459819926416e+00
2.442618063410777030e+00
2.406148341313960604e+00
2.360225652964858867e+00
2.080524787935514208e+00
2.442491600050674894e+00
2.512375106911755029e+00
2.263314066375633260e+00
2.157431896017171891e+00
2.255663343440028612e+00
2.178431662895886856e+00
2.298491327630204140e+00
2.556394743080237397e+00
2.430865130378724093e+00
2.592696158572672438e+00
2.080838981263080978e+00
2.315885422106763958e+00
2.289592948940972317e+00
2.400745536368056321e+00
2.604686648725448528e+00
2.622474005165387201e+00
2.679059253323594625e+00
2.558607266512757494e+00
2.469033777942245766e+00
2.559116994512166343e+00
2.511034820277959323e+00
2.512084202185242532e+00
2.364162823700897142e+00
2.430605475430159590e+00
2.429958137769380411e+00
2.305688271160350578e+00
2.158577748956614695e+00
2.320383936963722693e+00
2.108275509977905582e+00
2.336527765066674700e+00
2.125005390121425197e+00
2.182108864232346512e+00
2.299758003108526516e+00
2.510776308692214354e+00
2.318444066965608119e+00
2.443106157544801427e+00
2.518736741027266302e+00
2.226373641557531258e+00
2.326789299387460375e+00
2.356672310420236283e+00
2.441036247608274312e+00
2.489517314969684758e+00
2.334212246965573723e+00
2.341723864024612300e+00
2.478359694722516160e+00
2.514740392574571715e+00
2.311672873923663385e+00
2.606181856474653724e+00
2.291081516430257814e+00
2.418115174249699351e+00
2.261178144204717189e+00
2.591733383284197778e+00
2.403207452291729496e+00
2.225927369147966850e+00
2.656477787630010301e+00
2.601558779541019106e+00
2.678211125058342024e+00
2.086945410606707796e+00
2.188901030002925019e+00
2.090202400445604347e+00
2.257627323678812026e+00
2.123014485499912229e+00
2.234541476777285318e+00
2.336778149846764574e+00
2.161637186392935117e+00
2.058673476909801181e+00
1.959222260302568630e+00
2.109702455054110359e+00
2.029831390976803096e+00
2.178019517363843693e+00
1.994154515771704661e+00
2.125932227636201155e+00
2.128017735258000087e+00
1.996780800778107379e+00
2.293226864960423050e+00
2.318396206813157612e+00
2.396208231593886850e+00
2.278659599296856797e+00
2.228032935268911885e+00
2.457537485061151994e+00
2.215142532107603923e+00
2.333864563161547778e+00
2.299740283444519751e+00
2.167409467238261112e+00
2.428381466325597593e+00
2.397228712980708387e+00
2.298357677419386125e+00
2.396950550564637350e+00
2.498496143476946596e+00
2.412907660245181329e+00
2.455517608788910344e+00
2.326848853230440106e+00
2.436744481073592095e+00
2.374569929547655445e+00
2.350929690093027880e+00
2.365237107594413857e+00
2.326799030798834877e+00
2.446261445272926327e+00
2.516874051028128445e+00
2.509774292720376110e+00
2.599719425436860742e+00
2.641752082847274696e+00
2.602767906100867723e+00
2.236792575208868428e+00
2.412996717090870824e+00
2.430377997357789699e+00
2.344188943095255162e+00
2.590273417809318524e+00
2.427316204328948679e+00
2.477832652242991429e+00
2.388946583916263133e+00
2.562129921208915029e+00
2.260027528622185589e+00
2.273068815241950702e+00
2.331363480634732088e+00
2.148478416140294112e+00
2.419595766303368922e+00
2.293093016167966791e+00
2.532756932726290877e+00
2.462927433332081861e+00
2.093719331701235031e+00
2.222472837274985125e+00
2.078970811318177070e+00
2.183417664260736579e+00
2.284959582238365705e+00
2.148906885638212749e+00
2.193490565103493939e+00
2.192138481290006879e+00
2.154890027647879958e+00
2.109963017091643689e+00
2.198206122556381814e+00
2.066749568947218396e+00
2.258655094242600025e+00
2.253462837574097488e+00
2.147854101504020452e+00
2.288073337597799739e+00
2.232097713628478530e+00
2.377477861069899667e+00
2.400764927142581495e+00
2.374812174299767875e+00
2.404781695191936741e+00
2.379608184361998724e+00
2.409607616839949618e+00
2.457888603078020484e+00
2.464432595479957300e+00
2.500712658573032154e+00
2.471492812167731312e+00
2.453080612749320100e+00
2.665385304360504914e+00
2.604857072440133425e+00
2.443513131789895265e+00
2.642302471987365564e+00
2.441445810161965824e+00
2.420567047242505154e+00
2.327482019618968945e+00
2.276205918379984539e+00
2.326526152484957422e+00
2.389654865677171447e+00
2.294752804370069565e+00
2.340399221829628118e+00
