1.927649253223722603e+00
1.884736349667851529e+00
1.922933031468446075e+00
1.837983174997717351e+00
1.856219906683314935e+00
2.042745823937529792e+00
1.887627468884725435e+00
2.009165119974542169e+00
1.838601965858332798e+00
1.977390339108542117e+00
1.973397290234526258e+00
1.845530188601121280e+00
2.027999783427670621e+00
1.967950885706156505e+00
2.052784614007038488e+00
2.197640790301514269e+00
2.129459280314493608e+00
2.060466518013997383e+00
1.970388148059141420e+00
1.996723280512284759e+00
2.110826064080385756e+00
2.157555082163038485e+00
1.763441529271813080e+00
1.782389991742568291e+00
1.920839971642976485e+00
2.018300779827109981e+00
1.762591583610655155e+00
2.099478546549263580e+00
2.207841755687265817e+00
1.875614870821551206e+00
1.926985642291616951e+00
2.089357999554058765e+00
2.098345632096800362e+00
1.962748362249122858e+00
1.782799424757496753e+00
1.840082017609445009e+00
2.150550840832997856e+00
1.842927862718164889e+00
2.338280586450729004e+00
2.117772924269823775e+00
2.170084976614442773e+00
2.090149201948968471e+00
2.097100416039903603e+00
2.055842577288825357e+00
2.022015631975975669e+00
2.001630844558111466e+00
2.255105487316457769e+00
1.966627687852764206e+00
2.015881349810932477e+00
2.113093059427824549e+00
2.054346703129967810e+00
2.245053711036064215e+00
2.154900353508140576e+00
2.201039841420608045e+00
1.711890563656605968e+00
1.697864364908856505e+00
1.794539957599363911e+00
1.802554542722859754e+00
1.806512092223657051e+00
1.915909999501135941e+00
2.101796496281677307e+00
2.069610022317674325e+00
1.908462392224974158e+00
2.095641064838173584e+00
1.645419083064058707e+00
1.901762710988759597e+00
1.918079612936680611e+00
2.084887641551228743e+00
2.092542336091608224e+00
2.173471932686148023e+00
2.300416409788952343e+00
2.434575392645394132e+00
2.282624693476417388e+00
1.946762060663680849e+00
1.947113364212019526e+00
1.939478991783587292e+00
2.108632559728868650e+00
2.056880238851046094e+00
2.084737433855376576e+00
2.159290099003344565e+00
2.018770873082417427e+00
2.196666746764854405e+00
1.816549692844306563e+00
1.692312839712034611e+00
1.867068241470144940e+00
1.831304105131158932e+00
2.067182510549175234e+00
2.035928183955841408e+00
1.965194835171354182e+00
2.153018840130928702e+00
2.054856920716773061e+00
2.069913189091036720e+00
2.197165048159925860e+00
2.110714657600402333e+00
2.210127586690040058e+00
2.261182038667947314e+00
2.232860152933202613e+00
2.091518919747134220e+00
2.314221574328636066e+00
1.969709744756381831e+00
1.839537417345934234e+00
1.968610956696249747e+00
1.863625206265732581e+00
1.811548834215520820e+00
1.894581665338519461e+00
1.849216550338708354e+00
2.152036131336023228e+00
1.850892393228142030e+00
1.848987219667591608e+00
2.066438662939281024e+00
1.930716793236658013e+00
1.911417653081052936e+00
1.839339797732746362e+00
2.015675391625604718e+00
2.168384206036068296e+00
1.941506747391907428e+00
1.995769840116066840e+00
2.041314675913611154e+00
1.997415811846117828e+00
2.042108355941293141e+00
1.927005547877974623e+00
1.968931654750630811e+00
1.969264143913752818e+00
1.849727515379795850e+00
2.049892417845143200e+00
2.035141504517333111e+00
1.768629265174279652e+00
1.948721491310982490e+00
2.047887505594715662e+00
1.915483611558963739e+00
2.108192140054435004e+00
1.959071890828405049e+00
2.075286479123342964e+00
1.896819215418034554e+00
1.946914968575130356e+00
2.095787104421761526e+00
1.960302001175149078e+00
1.865979988266910139e+00
1.812816183998458230e+00
2.242525390066385516e+00
1.858617738162427591e+00
2.142962527933202299e+00
2.208050176089930261e+00
2.141994874067840726e+00
2.211880820180348373e+00
2.184044362471127876e+00
2.126882229103657540e+00
2.052292956281318137e+00
2.016428915097446151e+00
2.114289211293815640e+00
2.152965559593261080e+00
1.984071413214727020e+00
2.057914646348143695e+00
1.906367615086579148e+00
2.150364620422312356e+00
2.092840848570415968e+00
2.067841299838340419e+00
2.204049988012346084e+00
1.834961294487436056e+00
1.910071867665114498e+00
1.869295949097988574e+00
1.890609341175170321e+00
1.851820785666505875e+00
1.871381887621733187e+00
2.131756291735301456e+00
2.075881954570216958e+00
2.039473362164822667e+00
2.041513866968467372e+00
1.974842274310490087e+00
1.957706930007070856e+00
1.897941829699673955e+00
2.069065575085584641e+00
2.069704732167647165e+00
1.988964848252327888e+00
2.020490182733251316e+00
2.196684853792013392e+00
2.165378676889918808e+00
2.291192403176215198e+00
2.271790552635311933e+00
2.086850562544466214e+00
2.208800970637109007e+00
2.148492004135979183e+00
2.076733368591472839e+00
2.099290952651475362e+00
1.977218898879298914e+00
2.018161103729160466e+00
1.949638867143559384e+00
1.803736044812424222e+00
1.862353934282992229e+00
2.093679596115525676e+00
1.787705486089347096e+00
1.860207976327355572e+00
2.044696380447019735e+00
1.966224130556421645e+00
2.178134605133899004e+00
1.978362949820605010e+00
2.120945551734415346e+00
2.163442354241969845e+00
2.201217805712795794e+00
2.165610469359684487e+00
