1.599973927997624834e+00
1.487957221482532955e+00
1.440946209100564701e+00
1.523816044924840796e+00
1.445591663923432524e+00
1.592068386031556759e+00
1.831784425649646275e+00
1.750171842968127889e+00
1.657157403147675678e+00
1.577058770889264272e+00
1.643066721175084455e+00
1.663970000656297410e+00
1.711733505056184379e+00
1.780060276842028388e+00
1.881646355140665916e+00
1.650725474020702022e+00
1.694059381983568535e+00
1.950704221749609113e+00
1.697225174399629610e+00
1.865922374800941919e+00
1.886384773408284588e+00
1.927227198955898224e+00
1.965490634211544796e+00
1.792085837317334063e+00
1.683513224330388081e+00
1.830980096869207596e+00
1.779802538500890874e+00
1.964994583142206874e+00
1.841201530384225959e+00
1.967451881196414787e+00
1.571014460214068320e+00
1.371020867562767309e+00
1.516746404207337751e+00
1.892818062690257985e+00
1.730683205521870383e+00
1.851961917896468801e+00
1.850051476971801723e+00
1.444094529634603941e+00
1.519317677203867678e+00
1.674417970931400435e+00
1.933118725671731486e+00
1.613164488053719925e+00
1.695353867644540991e+00
1.643393465384947127e+00
1.654371683778907309e+00
1.890306550049679624e+00
1.969192800084096140e+00
1.827997185229169430e+00
1.931842033305047890e+00
1.825635797502791702e+00
1.659931432762014269e+00
1.566250581514816442e+00
1.655795985375673629e+00
1.536752121361905754e+00
1.541461819188882920e+00
1.720736611924196247e+00
1.620155645559349766e+00
1.765146004459725582e+00
1.709687683888862386e+00
1.720769299832888732e+00
1.676093871418598891e+00
1.655744279639463912e+00
1.689955593015813440e+00
1.757040054971869880e+00
1.710373666620883526e+00
1.851128615535893696e+00
1.764865671280218429e+00
1.655258405418990719e+00
1.794252419753501249e+00
1.915140753606774160e+00
1.912904099744848319e+00
1.999646038187818498e+00
1.873075303540181480e+00
1.662882774229404337e+00
1.748047575047220636e+00
1.943533056148445404e+00
1.808505645160957798e+00
1.951667246374399145e+00
1.647186800460613387e+00
1.762285041614782610e+00
1.829039686350207639e+00
1.827870810199704765e+00
1.672949357360637546e+00
1.766743185870421229e+00
1.843469560283002018e+00
2.026528597384837926e+00
1.952047542551776038e+00
1.988177724104411181e+00
1.922893539894142689e+00
1.734961164815026713e+00
1.729199316239088180e+00
1.637707579268002478e+00
1.566454208879481058e+00
1.658455799616163295e+00
1.760260487016711117e+00
1.671461904532287157e+00
1.908090965083280022e+00
1.944372946647143552e+00
1.886017834890182598e+00
1.863743146566274378e+00
