1.525332808221528280e+00
1.531716309161064826e+00
1.490281263935679723e+00
1.275815549312612651e+00
1.254140418063010243e+00
1.561437893060764859e+00
1.963847582105479495e+00
1.858409469081889753e+00
1.527149893204895470e+00
1.580097404839283071e+00
1.704257510305803969e+00
1.713684558510490286e+00
1.736320270912084185e+00
1.889254269119483132e+00
1.957588857829069440e+00
1.777759140277549887e+00
1.706708531953049945e+00
1.983585882179867754e+00
1.765936667918782677e+00
2.027975258168494666e+00
1.901611852940409797e+00
1.999670989505311303e+00
1.986104782513342881e+00
1.682555842772230248e+00
1.804093343511246728e+00
1.890731406354599908e+00
1.838528386442968010e+00
1.961377514863323013e+00
1.855334602408468037e+00
2.054729583825022576e+00
1.690475935998282608e+00
1.545120598760980846e+00
1.642881901687738955e+00
1.896783503417911243e+00
1.888820326692876694e+00
1.951907538147141130e+00
1.853442676290130153e+00
1.588317839963686806e+00
1.632530224312895628e+00
1.595909553539643699e+00
1.934374555168212551e+00
1.716926286048795491e+00
1.807064061669205746e+00
1.805959657078234359e+00
1.769537522043824085e+00
1.933746933057437500e+00
2.066226749301586452e+00
1.907271790440464132e+00
1.849449317855553110e+00
1.921754457530532756e+00
1.713223739464280859e+00
1.550290485701212084e+00
1.649729248087807632e+00
1.581199129084539079e+00
1.521311627202716288e+00
1.759369010795697852e+00
1.693516554319439704e+00
1.752734715622299211e+00
1.835766508971227617e+00
1.759008640026166859e+00
1.697173107095336198e+00
1.685205928728259028e+00
1.786193922799612199e+00
1.863072345272887231e+00
1.826093589060342026e+00
1.920757928541920956e+00
1.738038600695099856e+00
1.667211383378506717e+00
1.814921382704829833e+00
2.040329665009445570e+00
2.007247531725068423e+00
2.026946727212209254e+00
1.960927314197725924e+00
1.614931090783078949e+00
1.748189845036280943e+00
1.978498653321611123e+00
1.887016261885873902e+00
2.052132783833644503e+00
1.626599278182133235e+00
1.695154522187335422e+00
1.914789070564623330e+00
2.010412691714469346e+00
1.746850120378277582e+00
1.917499585202094625e+00
1.882961100128004661e+00
1.982989135194006325e+00
1.974207940878454970e+00
1.969322553170792522e+00
1.988311363715410174e+00
1.779111493435284963e+00
1.831175114771763202e+00
1.665403116457783605e+00
1.659608277925219921e+00
1.754906271182170796e+00
1.804804584216205932e+00
1.732359763073043624e+00
1.936395548548991874e+00
2.015829486308132967e+00
1.897021582666093664e+00
1.930802973517312893e+00
