1.779262897801636711e+00
1.779102656016984918e+00
1.836053637186283671e+00
1.713851002251827405e+00
1.737024812949643060e+00
1.963865147176808268e+00
1.757381762478450682e+00
1.914677181648570814e+00
1.700150313262002832e+00
1.772385253860275567e+00
1.863388698093105145e+00
1.877885014249605522e+00
1.893370528675695663e+00
1.920523134278942612e+00
1.660294010998730752e+00
1.791435877604985460e+00
1.835445253581509117e+00
1.738130721282658664e+00
1.683035805753695380e+00
1.765150663844768930e+00
1.786530990006107711e+00
2.068496365183762897e+00
1.719269909319250500e+00
1.718239866571764196e+00
1.851179054608819596e+00
1.857265030867111699e+00
1.768170157906800100e+00
1.987479650426883460e+00
2.055189197164891457e+00
1.749975441196274462e+00
1.863188660952299625e+00
1.811490614078071548e+00
1.897255965921636811e+00
1.728250606352798924e+00
1.707647071283689977e+00
1.739495101591090220e+00
1.991860099489607849e+00
1.816858219667363716e+00
2.131391206583170828e+00
2.008873078997511552e+00
1.896179046025723736e+00
1.924095573924037517e+00
1.814757142304958881e+00
1.819440186138376436e+00
1.797448087480971957e+00
1.901754112917228401e+00
1.943934558762926645e+00
1.806889346736559210e+00
1.782379526609865650e+00
1.737847783340681573e+00
1.894414239848897674e+00
2.051959018561820169e+00
2.029435398611191488e+00
2.083916221756129339e+00
1.753696422261512344e+00
1.828565503240630274e+00
1.793083353354658627e+00
1.811990264319920385e+00
1.818165419156045237e+00
1.688554240599481782e+00
1.901874518493675614e+00
1.765839337335855852e+00
1.749249382642986683e+00
1.815062887142541159e+00
1.740771638970707968e+00
1.803584011854991509e+00
1.836367833578710806e+00
1.832715309166046636e+00
2.033628328326996026e+00
2.073392073540663016e+00
2.139230673708260699e+00
2.264373464508814493e+00
2.153949210652072122e+00
1.751073691172691404e+00
1.813618836280021185e+00
1.723566841006715311e+00
1.747086735036340155e+00
1.796971714733661241e+00
1.772543632551460968e+00
1.984528525562887946e+00
1.805753068958828145e+00
1.889400458537200178e+00
1.878517700096961285e+00
1.883356036207762818e+00
1.782584926729080976e+00
1.897035642400560551e+00
1.841166387290072759e+00
1.987689019752368891e+00
1.938050892163892813e+00
2.001246559671513658e+00
1.943034687129757465e+00
2.010775159138021184e+00
1.814229475323167362e+00
1.827215036919697999e+00
2.045301827811177198e+00
2.188581261851771487e+00
1.989618187693626750e+00
1.952138015741045063e+00
1.988279561508943916e+00
1.891483745162746422e+00
1.836648235491656012e+00
1.822232220795281465e+00
1.781718176283841881e+00
1.712985300678841361e+00
1.860132080236757135e+00
1.696879390385063191e+00
1.875475879253603928e+00
1.706005648979780576e+00
1.712300449995097784e+00
1.772014728603075184e+00
1.962029051738327867e+00
1.833823734223985813e+00
1.768642606297412767e+00
1.980025849898856993e+00
2.006222378816742147e+00
1.758923942073983504e+00
1.724717045346955580e+00
1.920468689414669861e+00
1.790605078328905586e+00
1.858193323983278189e+00
1.816734946401473927e+00
1.848074983550660022e+00
1.972761226788398492e+00
1.817562399774973025e+00
1.886860766091715380e+00
2.046463553998199458e+00
1.781300687706806496e+00
1.877162789817314659e+00
1.936518549688627244e+00
1.838145063402664592e+00
2.002184506970215327e+00
1.898820801843441375e+00
1.939673301570048469e+00
1.835521407708726516e+00
1.916116021403907466e+00
1.955072201151818678e+00
1.841623788317461541e+00
1.903000664569047595e+00
1.834321203000811806e+00
2.101111441837296478e+00
1.878043887116978450e+00
2.014795998094158769e+00
2.061233415664973645e+00
2.036176136311517393e+00
1.998219420240264999e+00
2.040890653436415292e+00
2.078217424877259134e+00
1.844201266162248221e+00
1.789722653879390668e+00
1.923924597258339642e+00
2.000905457240362839e+00
1.840454343840607798e+00
1.891722305619774946e+00
1.915404723002585019e+00
2.066033933740198947e+00
2.105893309899750321e+00
2.005876240523341458e+00
2.111968217099034817e+00
1.862794526006204210e+00
1.904811810466436439e+00
1.922074140711799162e+00
1.817166289370834020e+00
1.827783692354308931e+00
1.783173173567475844e+00
2.005022800938940808e+00
1.875480586023999141e+00
1.996426262203463864e+00
1.933968562950252545e+00
1.947616616681937973e+00
1.911749507192691544e+00
1.912962414003510636e+00
1.957942436513620876e+00
2.091072046149460739e+00
1.945833574302628266e+00
1.984026894174692135e+00
2.160959809934807740e+00
2.054468108650604030e+00
2.223280169437979570e+00
2.209938559097013311e+00
2.010059202763442077e+00
2.123147064763678316e+00
2.025020448856771793e+00
1.954892786481335465e+00
1.990642524094462074e+00
1.844766014754291916e+00
1.872873675210859901e+00
1.752634969361400730e+00
1.813258615909057792e+00
1.711895448066880876e+00
2.012908322785594617e+00
1.888771690968806372e+00
1.959186373789314928e+00
1.942884075250232545e+00
2.036633209860130300e+00
2.043512599481537961e+00
2.004783603253884827e+00
1.992004278979962795e+00
2.145151648843147463e+00
2.096940235459482604e+00
2.019884519251720523e+00
