2.287049770428148054e+00
2.211935115727967194e+00
2.318405012294678880e+00
2.060554485442433137e+00
2.164845054026521165e+00
2.118082971087824617e+00
1.996721959467113283e+00
2.478282478484214568e+00
2.191593056134616635e+00
2.039435481820039975e+00
1.995633536629565885e+00
1.993807587964161243e+00
2.195305151917309683e+00
2.377140262542121629e+00
2.060022475368570305e+00
2.141238520729510153e+00
2.146409982949064599e+00
1.932319324978820863e+00
2.396119452654624560e+00
1.977375103152600566e+00
2.116132631011248488e+00
2.146350190580295081e+00
2.456565464903986751e+00
2.239181556453534672e+00
2.116065776069795401e+00
2.300764124967455970e+00
2.198018376870612745e+00
2.081336043989852502e+00
2.402126716113780702e+00
2.157690150242408400e+00
2.280527786389071832e+00
2.420190196663386750e+00
2.208338496023766417e+00
2.326865318950710915e+00
2.358433399059294722e+00
2.421455488100767273e+00
2.446043192268884781e+00
2.389385802206235088e+00
2.237110488953953258e+00
2.398463803463414035e+00
2.414625744107445904e+00
2.699835555388554020e+00
2.434269359630371721e+00
2.455563316670676510e+00
2.454685491409434484e+00
2.412566261121109168e+00
2.318686008156181089e+00
2.335864956411963345e+00
2.492697468238479264e+00
2.271794311066360983e+00
2.359256366302735053e+00
2.298492809172369089e+00
2.300969536379005476e+00
2.082867908850288607e+00
2.260924764620785066e+00
2.065784632616579408e+00
2.238282677386334463e+00
2.085737623230804250e+00
1.992482586644925169e+00
2.035953290534095128e+00
2.275029094434094290e+00
2.002859921971627433e+00
2.144857063551175891e+00
2.132908814244038886e+00
2.239056048218954320e+00
2.333123797231317020e+00
2.142308877849023574e+00
2.182299455573414537e+00
2.178870767396026586e+00
2.356380782468293855e+00
2.311439761649801916e+00
2.315126488288279383e+00
2.372810703593768888e+00
2.189826956313151829e+00
2.393179568911493860e+00
2.139132739392335836e+00
2.337479304986574746e+00
2.277031377755446062e+00
2.445138139270061739e+00
2.250203113724977833e+00
2.347894514523912957e+00
2.339234362310000925e+00
2.313607555560101670e+00
2.363958354594088096e+00
2.289213485305428453e+00
2.320410834154313040e+00
2.300395709760918006e+00
2.393435623788539246e+00
2.385983884222386386e+00
2.334471202231114706e+00
2.245114334184617366e+00
2.140251709167909855e+00
1.981411136268822704e+00
1.936299348230500206e+00
1.983143964188160524e+00
2.131531384022160580e+00
2.208580081926218242e+00
2.203030662993452182e+00
2.176628747476283099e+00
2.103191519720978953e+00
2.346163996379330374e+00
2.329935458552171212e+00
2.353020667786053455e+00
2.503370108707517971e+00
2.454792722366930580e+00
2.345218389967088868e+00
2.436673385024179517e+00
2.277969626548523863e+00
2.350782894685676361e+00
2.410769334972827416e+00
2.375977712679204767e+00
2.299058979279519299e+00
2.296936061852336231e+00
2.280448488320629963e+00
2.009215874598150542e+00
2.257869275726545499e+00
2.236731321392150029e+00
2.219081388815147715e+00
2.390071952489999152e+00
1.912891067095790376e+00
2.513601935253395148e+00
2.315037002150495127e+00
2.062308420981368240e+00
2.261594439104078091e+00
1.990943851072876303e+00
2.250595312197591458e+00
2.464444819311681023e+00
1.992560398171253855e+00
2.370919433763735373e+00
2.359246814490304711e+00
2.304540039808047336e+00
2.240135461588479870e+00
2.291729255025794387e+00
2.267741281345742710e+00
2.210884172485730215e+00
2.385859400461622926e+00
2.320900608800841258e+00
2.468875150193218904e+00
2.172689191458148539e+00
2.014984966605558814e+00
2.147919081025904564e+00
2.116568398700339859e+00
2.190396313325945865e+00
2.187823256095022373e+00
2.216893976950596201e+00
2.185020764027990836e+00
2.132563057326633427e+00
2.190733230950044685e+00
2.151174378846980595e+00
2.301310759154608476e+00
2.290446095868904575e+00
2.157066845099072872e+00
2.134885397255140482e+00
2.193011971091027856e+00
2.247673749018102907e+00
2.227260851428254362e+00
2.278625285647041920e+00
2.035427178709107388e+00
2.176378824381535182e+00
2.291518952725731584e+00
2.192456799561175451e+00
2.204220324162970979e+00
2.409927711663466976e+00
2.368079709672179067e+00
2.280423207633083482e+00
2.123805961899051908e+00
2.205543594531562679e+00
2.135293978774752244e+00
2.263799019444322713e+00
2.004539576661810596e+00
2.404783865469437565e+00
2.117976619233493452e+00
2.298308152657569714e+00
2.321425816232546513e+00
2.104456512846559324e+00
2.027795238588921301e+00
2.362620985159107789e+00
2.276344260217749493e+00
2.464488266324497356e+00
2.473884435116491254e+00
2.711005512059668998e+00
2.535160138723457468e+00
2.300253160656513085e+00
2.327454019367691362e+00
2.261842607565648589e+00
2.323779573549912048e+00
2.325103371633807647e+00
2.402597011550127171e+00
2.355452183838072866e+00
2.306157301254242231e+00
2.293728160866057575e+00
2.390546086727027841e+00
2.323343791603653230e+00
2.268079460913616341e+00
2.312495361358885226e+00
2.270518697905385519e+00
2.296396541426864779e+00
2.193337887743190162e+00
2.360173606437985683e+00
2.434271098536027189e+00
2.283179320218403863e+00
2.374217701928883262e+00
2.249005660195776191e+00
2.387060038309380072e+00
2.326973090601000216e+00
2.309364355095826937e+00
2.041964564991626929e+00
1.930412798450999334e+00
1.934762026437687910e+00
2.071407790929411519e+00
2.221637311027809147e+00
2.240875009109543292e+00
2.227032681519375057e+00
2.083490995892733011e+00
2.154542243385816125e+00
2.351653310318641221e+00
2.300730124766930285e+00
2.198656005640417188e+00
2.217232510371378140e+00
2.418755261425069136e+00
2.334032374182492209e+00
2.300567315983870653e+00
2.465974460805277602e+00
2.251091861191928167e+00
2.073161019166663177e+00
2.160730771452997967e+00
2.323425628570686019e+00
2.021996652564873820e+00
2.012409992630324052e+00
2.121948832208438773e+00
2.365243956528563896e+00
2.398086733071743026e+00
2.258904528420799362e+00
2.065090456768712723e+00
2.254066794816330876e+00
2.443634542073680915e+00
2.434103312304130018e+00
2.669994579582312344e+00
2.440108595101265099e+00
2.414551136744821580e+00
2.841289848310638799e+00
2.456210091679648322e+00
2.423995783747528332e+00
2.378852534460681678e+00
2.437230563750403700e+00
2.400969183138655705e+00
2.519658860390010524e+00
2.361928905753817975e+00
2.127048066529391157e+00
2.164288963721020309e+00
2.084845366682949397e+00
2.061883687580309488e+00
2.218998924322968858e+00
2.045959331206463006e+00
2.016687862367905648e+00
2.089926774176897428e+00
2.151987664178756532e+00
2.056467633394874817e+00
2.174537917891582239e+00
1.963632172163322087e+00
1.996754844957273844e+00
2.098248574101847286e+00
2.312967179088341485e+00
2.167064973121246574e+00
1.941268565968171878e+00
2.048379905778463961e+00
1.929500334007940854e+00
2.218728046984792091e+00
2.149667122890620785e+00
2.544765760450321324e+00
2.080782120885166453e+00
2.118028906473514272e+00
2.355076650675021366e+00
2.149032807459243077e+00
2.078420374068694620e+00
2.166240742454378143e+00
2.301625167120491700e+00
2.134244576921854986e+00
2.220404304911485216e+00
2.178453948062057499e+00
2.148189917538810612e+00
2.269684504999465613e+00
2.330333937220011364e+00
2.379615496241225703e+00
2.343478691774088851e+00
2.307047171176186851e+00
2.317866712855741085e+00
2.366566690220405889e+00
2.434641153425217919e+00
2.696977348194187218e+00
2.464663318915191859e+00
2.538357102431635148e+00
2.452250582040356175e+00
2.447285900180599771e+00
2.303368603011593851e+00
2.416289648982840266e+00
2.289829775909007825e+00
2.241623221761548379e+00
2.176618973232344434e+00
2.321961746452403386e+00
2.249353534484320072e+00
2.325267749379546167e+00
2.166410147185241275e+00
2.205011765843894800e+00
2.230338308642273226e+00
2.362161035408012033e+00
2.184806191198073400e+00
2.144256939081075064e+00
2.255664964119230120e+00
2.174483999960763470e+00
2.378309164404553311e+00
2.135345448787335343e+00
2.298833542388402762e+00
2.193078335273848545e+00
2.279417103490811058e+00
2.265229728984180291e+00
2.154307611774427311e+00
2.347846225432253409e+00
2.314593206846046414e+00
2.262401627842327567e+00
2.371233633127606488e+00
2.390852033298942025e+00
2.317803980978350165e+00
2.251799362861751863e+00
2.371837438161932266e+00
2.356806384139426669e+00
2.357933683747163389e+00
2.348060670669215533e+00
2.387019456250911276e+00
2.322493486195519097e+00
2.374413767788904117e+00
2.376438482135359909e+00
2.370750108020593050e+00
2.345820720836961915e+00
2.114293745635523081e+00
2.229307676233301283e+00
2.393459222095438488e+00
2.238446603240284549e+00
2.307219276871059765e+00
2.279434968447996646e+00
2.285221849336440236e+00
2.215591162961747074e+00
2.260089378477230682e+00
2.155465647285587760e+00
2.174657363070305660e+00
2.153862217039038018e+00
2.065578877314028450e+00
2.178400374033978792e+00
2.148343563799666178e+00
2.388916165610907250e+00
2.157852382808044922e+00
2.232133798998976015e+00
2.168551833673249885e+00
2.390471509432363639e+00
2.161400269430607590e+00
2.393243917688656630e+00
2.490829117997417352e+00
2.397406181720945995e+00
2.248253428393215625e+00
2.014183251682302167e+00
2.119086712266057493e+00
2.137453346935983767e+00
2.262891911756088614e+00
2.241157755404404650e+00
2.130848227115132776e+00
2.295425800078935374e+00
2.315456437209300944e+00
2.388089526142959773e+00
2.232278379210423491e+00
2.448576853128062059e+00
2.204174282642057836e+00
2.352303354878295671e+00
2.365259258091504169e+00
2.236086511924160636e+00
2.200732924246569411e+00
2.282746692764961338e+00
2.560133217054445964e+00
2.176309830593220251e+00
2.113273697103002835e+00
2.221782744973808121e+00
2.241966390694026146e+00
2.274428369988795495e+00
2.308025670841196586e+00
2.052842429722668172e+00
2.438176366066822531e+00
2.292737139670353308e+00
2.454001394905579225e+00
2.407168120558416557e+00
2.265897244635771468e+00
2.270695742350756774e+00
2.290294394395704369e+00
2.325339785108230473e+00
2.249374823394282075e+00
2.313836140279336817e+00
2.391874714995978479e+00
2.469074028110089358e+00
2.340982989687607763e+00
2.025249400024390134e+00
2.019133455937204946e+00
2.133322633185171568e+00
2.177478044838601967e+00
2.189558550496841338e+00
2.206412504935134411e+00
2.197769437587642205e+00
2.227958382931507497e+00
2.216677382449129485e+00
2.075925203115471351e+00
2.119610762285829342e+00
2.216050218673094818e+00
2.264675551419691679e+00
2.067271022732122265e+00
2.070825745836113896e+00
2.338526178177696924e+00
2.051451652350286814e+00
2.389057908221813964e+00
2.183014511924690648e+00
2.141815725512516977e+00
2.271083883337116305e+00
2.068892325365529139e+00
2.110268315799960881e+00
2.300614368519825703e+00
2.483822457090933966e+00
2.226203461171155418e+00
2.147230786695265792e+00
2.190845191759690280e+00
2.418148267160971532e+00
2.267717529677753419e+00
2.155322723131431140e+00
2.295894833412736258e+00
2.360457413304352770e+00
2.423449583604614155e+00
2.255053801576154537e+00
2.346460362389768850e+00
2.178492029046664946e+00
2.422778552077803127e+00
2.154346604391438991e+00
2.328922730745587089e+00
2.284506283361769530e+00
2.362256393335511184e+00
2.017480842519905782e+00
2.168982683049287541e+00
2.139203061618858204e+00
2.097015021950644709e+00
2.233515975036409529e+00
2.375125230163048329e+00
2.391620132251775388e+00
2.762443129910228556e+00
2.543114395845472497e+00
2.464565890261518621e+00
2.244109607052428235e+00
2.361016340914730005e+00
2.358407764132494311e+00
2.189964049607731056e+00
2.208704465586335264e+00
2.301145487601295336e+00
2.297905908075043246e+00
2.215551252732246734e+00
2.099626633182712698e+00
2.255258343530195386e+00
2.130339548372416125e+00
2.276054463364058922e+00
2.274180921962241531e+00
2.186634173599012687e+00
2.322434846407277043e+00
2.428215669160451728e+00
2.279613767405130886e+00
2.360644188289502399e+00
2.336364374157652080e+00
2.306633240969241605e+00
2.376543769777048176e+00
2.227568033760356059e+00
2.060729162046592400e+00
2.202496461376955317e+00
2.334546461556756825e+00
2.146765128282658086e+00
2.168174048671001941e+00
2.138098245673301534e+00
2.192266064215298904e+00
2.229616101730640398e+00
2.246204932015173572e+00
2.274317305427502767e+00
2.275673800373987365e+00
2.345315308306649804e+00
2.188414017974966264e+00
2.029861716697347607e+00
2.340255380729474144e+00
2.079445511374165889e+00
2.124216646601564840e+00
2.374810310922542467e+00
2.558426217655350943e+00
2.522269129498730056e+00
2.844355583382731201e+00
2.340494901475522749e+00
2.191478163731558571e+00
2.511536823973492538e+00
2.361104410040280488e+00
2.168153861934043913e+00
2.223763353574433665e+00
2.255141126191393397e+00
2.187602184082988455e+00
