1.635206074506778018e+00
1.569984945845154023e+00
1.534489579389870739e+00
1.632631994262938591e+00
1.570969484589480603e+00
1.611343574688421931e+00
1.687513983547304308e+00
1.706185216398048210e+00
1.666444571786715789e+00
1.864457446406349250e+00
1.725061678521576214e+00
1.682685956455850063e+00
1.634887475126196366e+00
1.741701914385548111e+00
1.823122540456787455e+00
1.692270452238460621e+00
1.584079710896841187e+00
1.745841040825209189e+00
1.576443117530199389e+00
1.781173096106916320e+00
1.762438653581587467e+00
1.732362348211163638e+00
1.711614431415554138e+00
1.744264062684014016e+00
1.787548130422244919e+00
1.692519045895243712e+00
1.494718854429433863e+00
1.844779499171082193e+00
1.736260221835598694e+00
1.809459668350723360e+00
1.650482164433511034e+00
1.733836289698952982e+00
1.662744776921643908e+00
1.673781687424618081e+00
1.550362233892385255e+00
1.777332796448318764e+00
2.005608061972051104e+00
1.668678122498770788e+00
1.627999672976151002e+00
1.615130231317825960e+00
1.745961668445392467e+00
1.579764858302904473e+00
1.718765499840283928e+00
1.748297735932316632e+00
1.668236357593627206e+00
1.697800286068029241e+00
1.589196665150727217e+00
1.568038763186366813e+00
1.836317273391536720e+00
1.882876296127371063e+00
1.662957668514010834e+00
1.524043070164669444e+00
1.659636713002119457e+00
1.545057044561381154e+00
1.500143039974940251e+00
1.571458743582530682e+00
1.613561375514542151e+00
1.607899429821287862e+00
1.753675463293004055e+00
1.724245392766516005e+00
1.679632110328475258e+00
1.591296670841994221e+00
1.537782370089127326e+00
1.619518465287579589e+00
1.663230945243116432e+00
1.777674819909716541e+00
1.662306479636137979e+00
1.619278030997816753e+00
1.579253908722151989e+00
1.695048657927103131e+00
1.774641370225497283e+00
1.669094754372794975e+00
1.679148727018078269e+00
1.599709228591271293e+00
1.669426847852673257e+00
1.732764881360741471e+00
1.703731580415457358e+00
1.830934369166488329e+00
1.734438957355107336e+00
1.712640015901141233e+00
1.573204468376938392e+00
1.563277593167146096e+00
1.706634239285857557e+00
1.630183205068385099e+00
1.619440371028877168e+00
1.577034537888952981e+00
1.924412755893152527e+00
1.855488968005965855e+00
1.739152753473426127e+00
1.529410127485635984e+00
1.730781927536249043e+00
1.671835628264591200e+00
1.618242204412198459e+00
1.674367301075380787e+00
1.679271747576294160e+00
1.729024433145224693e+00
1.709194693435928114e+00
1.543971183909816025e+00
1.829204056316773963e+00
1.717166142248341076e+00
