1.724591877991288325e+00
1.491415276300277704e+00
1.574605302052553446e+00
1.542606993019469908e+00
1.542539379308992320e+00
1.639221073513154936e+00
1.727367821207316911e+00
1.772529207794536710e+00
1.621611203509065291e+00
1.787484027840484435e+00
1.780508128842378301e+00
1.805034349707209884e+00
1.784109689384148378e+00
1.857138014661146030e+00
1.925789327654684691e+00
1.705653304319626473e+00
1.726388554411293574e+00
1.987752217360044371e+00
1.666927909702176525e+00
1.967092709015482832e+00
1.867904992195723590e+00
1.931314546832999302e+00
1.960611546517997406e+00
1.867321732390904376e+00
1.852039535994999486e+00
1.862118566308206491e+00
1.762085942197271216e+00
1.876228862985883428e+00
1.773980843012087583e+00
1.990173602160257849e+00
1.798616723554909980e+00
1.660485337564334918e+00
1.637713394505528663e+00
1.887872340124216564e+00
1.760838723350046875e+00
1.851029449536255367e+00
1.954937469061819311e+00
1.657144625010466221e+00
1.587860332673045605e+00
1.697203942694458068e+00
1.858911355860994430e+00
1.772113026214700016e+00
1.762506670608974924e+00
1.760176397421153505e+00
1.739865631790379341e+00
1.859709102250292512e+00
1.908104160769020563e+00
1.831535805161863095e+00
1.820821525591806100e+00
1.828869158545311402e+00
1.740106181738032998e+00
1.600527278796703756e+00
1.732052728572633260e+00
1.625924716372045387e+00
1.515819568326409517e+00
1.692746224724271498e+00
1.699102952794513399e+00
1.631860783350191912e+00
1.838973962678479790e+00
1.775568209333292069e+00
1.757824718323425683e+00
1.700944064551082269e+00
1.751359070869321855e+00
1.754650190648825880e+00
1.770231875135462207e+00
1.885028952554602899e+00
1.780633117236376961e+00
1.702998955977769402e+00
1.866117807148305330e+00
1.967737460658773418e+00
1.915230411981248215e+00
1.975369758136862108e+00
1.905899405256097578e+00
1.609367951326630353e+00
1.829890509347302574e+00
1.978128948815577770e+00
1.839164091512717425e+00
1.982306511241278546e+00
1.722708657814676636e+00
1.791998924395880710e+00
1.826191546665570042e+00
1.908160784456142345e+00
1.735142411115731864e+00
1.698545427390620421e+00
1.746137158412441215e+00
1.985290251539983064e+00
1.932136550699519173e+00
1.912375231070750914e+00
2.001188405314684893e+00
1.714505950191968164e+00
1.739423906358674055e+00
1.628931705780300110e+00
1.612576801017394867e+00
1.734280775394107854e+00
1.741982970269749353e+00
1.739703633862377474e+00
1.819198025062791269e+00
1.856640755514628038e+00
1.908047707210856370e+00
1.803839618888187113e+00
