1.661272750140263987e+00
1.554351151518061025e+00
1.527553363085427218e+00
1.537161486161591872e+00
1.543548766690657548e+00
1.650791960077599763e+00
1.678744037840379066e+00
1.679387981768505567e+00
1.684783236315862576e+00
1.627987021988506422e+00
1.690005144366767187e+00
1.694433534754186121e+00
1.693462723065529030e+00
1.723540786171378292e+00
1.701347446388681517e+00
1.715045669868776823e+00
1.709716751262977841e+00
1.770111190115571276e+00
1.633053586294027859e+00
1.659641040336234052e+00
1.638920427101882460e+00
1.755996035918562681e+00
1.719781133222509695e+00
1.772742280493775358e+00
1.755722975799825392e+00
1.786669363648658804e+00
1.584139472463427456e+00
1.791819388143262914e+00
1.669493037432325577e+00
1.729392691064726595e+00
1.668470737634256684e+00
1.671723004249531686e+00
1.624825564218800533e+00
1.738792415614034859e+00
1.628087663146535524e+00
1.727741865308165092e+00
1.800929371579636618e+00
1.623185702413438847e+00
1.563241710222228464e+00
1.660658112818951260e+00
1.806073636672104854e+00
1.663237290641426558e+00
1.677934456812944619e+00
1.711798098259730727e+00
1.671367156323614767e+00
1.684161986908971897e+00
1.687769001256290258e+00
1.620484130276941714e+00
1.860217332465612161e+00
1.756175962673211188e+00
1.616621904821762934e+00
1.527173508705416349e+00
1.565307077514504597e+00
1.482233428562082178e+00
1.488316561824399420e+00
1.740506089855109018e+00
1.512467753519668445e+00
1.643423790269629592e+00
1.340299192608847001e+00
1.223857929204559492e+00
1.421015120274033983e+00
1.315038839042159013e+00
1.372167606949944219e+00
1.331684019604642666e+00
1.300963798389327852e+00
1.442036339661395994e+00
1.576920525649516902e+00
1.427510461055620183e+00
1.478463340978679375e+00
1.494039364153299632e+00
1.488010052854612741e+00
1.543544358790942095e+00
1.483259016594697943e+00
1.348301670358765580e+00
1.346446578409774997e+00
1.604791138293489183e+00
1.460453927773522453e+00
1.561225560295083081e+00
1.510534752668417857e+00
1.697290163704457067e+00
1.419024953647503473e+00
1.387103170767489013e+00
1.597621462191739727e+00
1.496181478660113751e+00
1.470057164094854318e+00
1.463626123257361522e+00
1.886388493086054385e+00
1.693735415456845583e+00
1.657437024663896086e+00
1.359404343617590438e+00
1.551943003548194699e+00
1.470582310923036262e+00
1.370952753251100775e+00
1.571697476219242162e+00
1.605240331869098203e+00
1.622183005337986428e+00
1.658306627628350682e+00
1.502836596711297101e+00
1.860973854233482161e+00
1.739489791452499823e+00
