1.712996298820636643e+00
1.744005192548025995e+00
1.836054582758956721e+00
1.629097915286477960e+00
1.676028874179147810e+00
1.878673942822093546e+00
1.677844348033019406e+00
1.921141335085655655e+00
1.673325836918815535e+00
1.737865767381564952e+00
1.878292152057458475e+00
1.743646230899476901e+00
1.938405859069223913e+00
1.928560811662614949e+00
1.778874912876173608e+00
1.918437576195334504e+00
2.041832813745504183e+00
1.887594872887695008e+00
1.847130511339720949e+00
1.812758181677919689e+00
1.881420751853089657e+00
1.973291869281526889e+00
1.656501464590986572e+00
1.662755603139473903e+00
1.863218082960693245e+00
1.929570149765560627e+00
1.737188861500277293e+00
1.999104234082131004e+00
2.017905353369587207e+00
1.805102140162376134e+00
1.836095677381227587e+00
1.955350445946444138e+00
1.989981645590079173e+00
1.788314351166094829e+00
1.739870851044133637e+00
1.838506673658663715e+00
2.087776929028432704e+00
1.947263380332594274e+00
2.066142302989068646e+00
2.054227386414482659e+00
2.008454780399785200e+00
2.073254085252286494e+00
1.919334353560907092e+00
1.947428063702933754e+00
1.869940838901402724e+00
1.848794213739160197e+00
2.203592758874622248e+00
1.853706222304847717e+00
1.978096688318702556e+00
2.036751718560428248e+00
1.915262875563465972e+00
2.057002014573976911e+00
1.968070791926935126e+00
2.076615596288496235e+00
1.740140121241058102e+00
1.758704189752444247e+00
1.691908100973232187e+00
1.763257097659977735e+00
1.760233802454610919e+00
1.747933749496758393e+00
1.880180799074037790e+00
1.830845506952773816e+00
1.807538843376022664e+00
1.817015400704366401e+00
1.672133408702260571e+00
1.749874315045129025e+00
1.810095015897195125e+00
1.873538185644971987e+00
1.968253973972255544e+00
1.990727089445687659e+00
1.983753862469878282e+00
2.186237879538247331e+00
2.087831356019798523e+00
1.808184616755402097e+00
1.823623227827762427e+00
1.801791713504305781e+00
1.834489887724798152e+00
1.898332863873393617e+00
1.905500522667873398e+00
1.945592536943106188e+00
1.911357121626179989e+00
1.892791145334580927e+00
1.884298597339917780e+00
1.853655781419073945e+00
1.710384766942230073e+00
1.822167555410252104e+00
1.898980095840328008e+00
1.967818787001335501e+00
1.882163229206850641e+00
2.054961724712278670e+00
2.004011714395431021e+00
2.076560249856427287e+00
1.955248052061748787e+00
2.035848795255897237e+00
2.139826418496072691e+00
2.055549716818664052e+00
1.956879162071649469e+00
1.921081636064711606e+00
1.998931782874000751e+00
1.806154612521824188e+00
1.701472274591633527e+00
1.721382057568467072e+00
1.777055610510849704e+00
1.402060182153065604e+00
1.805095418546542874e+00
1.540931862097672633e+00
1.894350208901268040e+00
1.592994101522616113e+00
1.532296329056744622e+00
1.533626422404695600e+00
1.926174521992888966e+00
1.684330293692938296e+00
1.662887559770545254e+00
1.998036074025523856e+00
1.940962127261709913e+00
1.874476241921026354e+00
1.854170099988827314e+00
2.011931008120422693e+00
1.901554233289946660e+00
1.881860068851500589e+00
1.831757991280013709e+00
1.864908143605797486e+00
1.858066508837823871e+00
1.717137471416705363e+00
1.830612939227885594e+00
1.916617888247488022e+00
1.692767238532367546e+00
1.911397195429244800e+00
1.901108809700964075e+00
1.784368476949680371e+00
1.944400994470534938e+00
1.881075431198512282e+00
1.935825000570428944e+00
1.814669579267463417e+00
1.845289565061718040e+00
1.904555042546940191e+00
1.879762555061218476e+00
1.904579509159899597e+00
1.800401875009141950e+00
2.037134832798374262e+00
1.895258511270899726e+00
2.011616831911256842e+00
2.028235532606628588e+00
2.049158052869056945e+00
1.992875527120719470e+00
2.125329305366636223e+00
2.052056054186321088e+00
1.850139325172478921e+00
1.905411803006584970e+00
1.980626374087016028e+00
1.980876869722933087e+00
1.828691490975494771e+00
1.914371328558695629e+00
1.829196278762578398e+00
2.079697791888971636e+00
2.059273955267876932e+00
1.882662118435110443e+00
2.101896873119012632e+00
1.864732983651359532e+00
1.860930662645469136e+00
1.804499915701088142e+00
1.630794816157769445e+00
1.664228634661526485e+00
1.492623452685885255e+00
2.003073905676301614e+00
1.924623620572410099e+00
1.939015185362567895e+00
1.854588884511581437e+00
1.859106706329087366e+00
1.827690712214883551e+00
1.832280823497622890e+00
1.832577706671222106e+00
1.982707517151959031e+00
1.862137790443043839e+00
1.879743048716044695e+00
2.170176280858633788e+00
2.001275005060153767e+00
2.135508220943618696e+00
2.062223193549495903e+00
1.983787923284658916e+00
2.126213987199897293e+00
1.956651711115618308e+00
1.932661747975561006e+00
1.964855899987517418e+00
1.757010380911977032e+00
1.832424011484772075e+00
1.816026634421177066e+00
1.798762162762638672e+00
1.809541496625355350e+00
1.929812567804774170e+00
1.813343833279545514e+00
1.886367742839933248e+00
1.962491970655971807e+00
1.895591027356489322e+00
2.039473442903771083e+00
1.954596120634819689e+00
2.034864132472237408e+00
2.042930862247144486e+00
2.030481940341855918e+00
1.973274585937493164e+00
