1.812422984418925243e+00
1.841964703187161767e+00
1.888588616857554747e+00
1.745608446669373093e+00
1.786566560101948031e+00
2.022169119886129796e+00
1.770778387955462385e+00
1.996748811237073484e+00
1.764687036601526593e+00
1.885792699340138823e+00
1.937995256656883880e+00
1.841210753910451636e+00
1.915744261010109639e+00
1.905172497549858068e+00
1.867842682676716271e+00
1.998269920147654366e+00
1.958791595486943704e+00
1.918688538225945317e+00
1.904970799238701495e+00
1.858820934859010787e+00
1.870007212796706231e+00
1.965308200385727844e+00
1.733599985792290354e+00
1.727278907365434213e+00
1.802771784354055828e+00
1.813143900508134232e+00
1.763389072641808886e+00
1.877360359127310252e+00
1.972709908256004674e+00
1.831745972726820604e+00
1.892614207155881800e+00
1.912900678693137513e+00
1.964019184084995207e+00
1.818935430023206123e+00
1.707963364330706169e+00
1.770608237255501205e+00
2.010609286125934148e+00
1.845672253789895523e+00
2.118256751827003459e+00
1.990348410681313851e+00
1.866789064426542355e+00
1.926119792830954580e+00
1.956898809890692537e+00
2.007880935682441415e+00
1.917933295946222527e+00
1.926412598423862699e+00
2.012323480015108856e+00
1.935126493552048466e+00
1.985746338069361627e+00
1.994759882511507376e+00
1.740523714821208712e+00
1.992681523106189845e+00
1.973255793242545186e+00
2.038859868152365973e+00
1.815134259204135070e+00
1.844859388487842811e+00
1.851044151543636884e+00
1.846822072794133351e+00
1.878670619768062711e+00
1.811325909012939883e+00
1.931150870758423066e+00
1.919839166697711264e+00
1.839899272320938417e+00
1.882192762541531117e+00
1.765158300572106320e+00
1.741685340665232840e+00
1.794693094522493926e+00
1.762540301971718515e+00
1.767317878274583753e+00
1.893516343552331005e+00
2.111348164678385153e+00
2.177476514196092783e+00
1.930495815079158017e+00
1.888394075000917827e+00
1.937908168406265785e+00
1.929008974749883754e+00
1.931121489464814101e+00
1.977461507986423506e+00
1.965242208667230095e+00
2.020335715489652628e+00
1.948643041665993447e+00
2.021285803455821650e+00
1.880982523137429974e+00
1.828617033081477938e+00
1.767017653907958286e+00
1.874571828090073611e+00
1.903907680879660891e+00
1.890194531397163757e+00
1.844242724093474450e+00
1.897027667534785245e+00
1.823278652845800929e+00
1.874393056052275464e+00
1.803162905718792119e+00
1.747260301995342324e+00
1.922183061480928545e+00
2.139285244393521079e+00
2.039767349942177344e+00
1.963526147609456096e+00
2.056024507493452447e+00
1.894728355157771604e+00
1.779200808997538186e+00
1.843827043491504503e+00
1.760333352962875075e+00
1.696037979210583968e+00
1.860455990749470656e+00
1.721439250474761984e+00
1.932499290032374972e+00
1.786326492900225160e+00
1.718287657599971485e+00
1.928792178829257464e+00
1.909221455936692236e+00
1.848838853636869617e+00
1.769514144788420396e+00
1.982998732844405421e+00
1.961970639801511984e+00
1.497820813962481790e+00
1.564681168301904401e+00
1.664504496091465002e+00
1.696269396199909130e+00
1.720157024827527303e+00
1.638046721759282232e+00
1.810648067440900011e+00
1.885494666972804101e+00
1.693365536628568702e+00
1.696020596811697034e+00
1.782671586278326670e+00
1.643769648216060864e+00
1.730616362415862142e+00
1.740928511232009424e+00
1.666944301987751453e+00
1.749202013892545704e+00
1.671668034968524674e+00
1.732156044651688820e+00
1.619714095000906795e+00
1.845255209324386136e+00
1.898902764515172814e+00
1.721082426952083688e+00
1.775038013579091967e+00
1.755523388907170412e+00
2.018265735605973887e+00
1.828295893931670468e+00
1.900347350372415978e+00
2.045477573062556509e+00
1.855840960794406413e+00
1.762310935327380923e+00
1.763269681750060602e+00
2.000692624857011825e+00
1.826505672852968276e+00
1.787961528186407412e+00
1.747781479916479475e+00
1.811828067354844585e+00
1.718371254329180253e+00
1.629736291485168076e+00
1.776794960223707864e+00
1.903673761360521910e+00
1.998039359845059204e+00
1.928891864094202546e+00
1.920053201209793725e+00
1.888939144527623348e+00
1.845246446614049463e+00
1.866062829685967150e+00
1.774237701440084525e+00
1.754559577807358384e+00
1.841941093571266119e+00
1.833195606895440699e+00
1.861092624838332155e+00
1.929899523483435519e+00
1.815730061469242651e+00
1.846547324078386731e+00
1.777301282712597130e+00
1.727900394254308747e+00
1.708523163584833693e+00
1.791809784518575865e+00
1.699692553678932239e+00
1.660472447977073163e+00
1.775917786013354149e+00
2.104412929139245936e+00
2.114387851914548477e+00
2.124223236732881492e+00
1.852052476466775621e+00
1.850760931511419738e+00
1.957963412166723316e+00
1.927578521674189416e+00
1.924195667741396498e+00
1.763032291967681964e+00
1.826693732664953052e+00
1.609972734584575349e+00
1.751927063663829109e+00
1.658634210315109492e+00
1.768636460316734826e+00
1.927309833070771417e+00
1.890606232191194724e+00
1.989039369710153826e+00
1.865089887960908355e+00
1.775473382123133437e+00
1.738147545775552860e+00
1.742861633963536550e+00
2.116454207627361583e+00
2.078873599010780282e+00
2.134205707208892910e+00
