1.545757854938445863e+00
1.477815202446216114e+00
1.385928966529458073e+00
1.495494414208837775e+00
1.445158959040375946e+00
1.457384055664306732e+00
1.616510387291099748e+00
1.661238139165718719e+00
1.599814557517475144e+00
1.647860027971368879e+00
1.679019874886559682e+00
1.680298201998835284e+00
1.675361834369150982e+00
1.741682887077642627e+00
1.800785746630254369e+00
1.633012194072120504e+00
1.626963898108606754e+00
1.808486261533890360e+00
1.634877854117825713e+00
1.745057382870727203e+00
1.768315505597442439e+00
1.731226011118925490e+00
1.823800432499983026e+00
1.670912494518659530e+00
1.763393657767135192e+00
1.758668541268005647e+00
1.614260288234287355e+00
1.793121723770148446e+00
1.672396368288017188e+00
1.831277188773239750e+00
1.580931786709104392e+00
1.558206314583183261e+00
1.597803775734327747e+00
1.671443330904981872e+00
1.626155196434927674e+00
1.683819046878575421e+00
1.705427270983449040e+00
1.593681380502289358e+00
1.579991467947826411e+00
1.646675383152186090e+00
1.722069612524137261e+00
1.620183671082016552e+00
1.614002646654445483e+00
1.686547486016546138e+00
1.608047292071824286e+00
1.788729294770679878e+00
1.666576667383880661e+00
1.699870402742186037e+00
1.657238153336667796e+00
1.712936251061980109e+00
1.532275505521299541e+00
1.537733431341280488e+00
1.598735619882858172e+00
1.534155377465804104e+00
1.471936181198715499e+00
1.575331317924939967e+00
1.654138930065598645e+00
1.651106650832113054e+00
1.651098041665607141e+00
1.734485473302232128e+00
1.692911921256844865e+00
1.675293525106259507e+00
1.670669464663444570e+00
1.687457963056174570e+00
1.723578678089719984e+00
1.786126335526907694e+00
1.665282670204671911e+00
1.651861375030924339e+00
1.675083411164024483e+00
1.777345579008389631e+00
1.768053098414655411e+00
1.791887983069940793e+00
1.789872221372377226e+00
1.643257155627407595e+00
1.723086499334299804e+00
1.846324719237958822e+00
1.663431150383980706e+00
1.862202811053350615e+00
1.632226506276374556e+00
1.642046725478444769e+00
1.695857819138989919e+00
1.731086715868858539e+00
1.617876680492743136e+00
1.646107280674915740e+00
1.624309751298212090e+00
1.726849569800531947e+00
1.715909477284992768e+00
1.764177701210185800e+00
1.720652964024043774e+00
1.636530388686706416e+00
1.645664586808856633e+00
1.643701677552769524e+00
1.613029897556116365e+00
1.675839589260399221e+00
1.681254174251774369e+00
1.652051267175618010e+00
1.735148078957572393e+00
1.746400377653680058e+00
1.686509758408419657e+00
1.632045291829524958e+00
