1.438615354306257643e+00
1.504219007930502672e+00
1.544425752253775430e+00
1.539023324009131777e+00
1.501221020442043974e+00
1.653065561101124903e+00
1.837310521265992369e+00
1.746569852490714281e+00
1.657094642322628042e+00
1.550725789109479447e+00
1.721013998500110942e+00
1.712034753524377395e+00
1.753105926292683581e+00
1.844518184971332131e+00
1.892674768865393542e+00
1.680318899819645662e+00
1.730136161565226649e+00
1.925940701583091608e+00
1.736301521686920202e+00
1.862961803732922084e+00
1.908709413671677346e+00
1.967712853778795790e+00
1.970075791402440712e+00
1.751446968757508937e+00
1.727757201175064816e+00
1.828428265042051359e+00
1.771770892881518566e+00
1.942600798920368188e+00
1.803442657858579601e+00
1.967817042381124981e+00
1.597999341048448985e+00
1.448206158167703927e+00
1.537470198850558356e+00
1.880284974793401842e+00
1.736055246249782469e+00
1.864073231176366807e+00
1.872650858314206301e+00
1.501158344344080797e+00
1.580571351325825491e+00
1.721027521034349972e+00
1.931914458334214491e+00
1.668312968540302421e+00
1.699504603457813845e+00
1.653313654231010510e+00
1.649200427157046844e+00
1.878322534657790088e+00
2.026920416319760943e+00
1.858918429747734136e+00
1.895071942684396715e+00
1.863322869249910418e+00
1.516226365410460408e+00
1.504491817564406420e+00
1.570092773393119812e+00
1.507846674105098206e+00
1.454566439279534107e+00
1.615806074731138020e+00
1.632945734383891567e+00
1.723218294301519515e+00
1.746251115821142230e+00
1.687584246236067065e+00
1.679404956687326811e+00
1.599676978946657391e+00
1.690526484974009591e+00
1.726804745479823655e+00
1.714846650268790906e+00
1.839922436042286336e+00
1.704499290937454337e+00
1.634254545541457881e+00
1.744373149267568035e+00
1.867155435667873897e+00
1.874434517560657598e+00
1.948060118548425201e+00
1.861545229404699686e+00
1.640023018858542736e+00
1.688972171556745616e+00
1.912854032839626184e+00
1.793747407391603543e+00
1.921151830653244241e+00
1.575361238277347864e+00
1.583204513712002548e+00
1.768781334875253020e+00
1.772876055009899865e+00
1.648001715543902179e+00
1.737449283741291373e+00
1.819649382142899174e+00
1.992343819081905831e+00
1.938196891200769212e+00
1.980546100612248006e+00
1.880599033182276392e+00
1.682387956706603127e+00
1.597407614994875491e+00
1.575059040474705352e+00
1.524408120817922319e+00
1.534824456741658905e+00
1.762664139413756992e+00
1.642449551690480458e+00
1.878040022195644143e+00
1.889885881855895011e+00
1.806149507409295252e+00
1.826323213015475844e+00
