1.603961618833776637e+00
1.541636411189683198e+00
1.489196053453086366e+00
1.512528465320868154e+00
1.476513991947072002e+00
1.606077463272031824e+00
1.702829302092639274e+00
1.674615057005236496e+00
1.601345328414365277e+00
1.710392861723880165e+00
1.749502926445356321e+00
1.793766453175475784e+00
1.778779186238272692e+00
1.841413397821913822e+00
1.945334589194416264e+00
1.648434207917558902e+00
1.740588200839279676e+00
1.890401032931865677e+00
1.711138095958945282e+00
1.863219422254407842e+00
1.883771378558446896e+00
1.879831019089641675e+00
1.891693892251712805e+00
1.743298068202551176e+00
1.775635532255264604e+00
1.822347723552295795e+00
1.702925596337996339e+00
1.952465169982055215e+00
1.761030010929764744e+00
1.944643688598874709e+00
1.747519793451579595e+00
1.649312327206640338e+00
1.552402614801156266e+00
1.764922909261205319e+00
1.686986776769088037e+00
1.741358110301473472e+00
1.845901382793040169e+00
1.538996733775270798e+00
1.491460899686881447e+00
1.633215278598078024e+00
1.872792129541820838e+00
1.767164862732099051e+00
1.706464055608786445e+00
1.742198883871567183e+00
1.727181282177334687e+00
1.792241675782441312e+00
1.809045135962096706e+00
1.709574406227399868e+00
1.822312818086012420e+00
1.778730209760031489e+00
1.603909757244088352e+00
1.445306658226115815e+00
1.586352955660713437e+00
1.427404825688226797e+00
1.402143546385750117e+00
1.553055738080433068e+00
1.649821237061445567e+00
1.597291526866825961e+00
1.632720956012225333e+00
1.672383115846191259e+00
1.725933921287184258e+00
1.614276880910004319e+00
1.677835740850095458e+00
1.729478875434012464e+00
1.682950556020331723e+00
1.837160743820579700e+00
1.634096658570874050e+00
1.646080552136336639e+00
1.639416757670181912e+00
1.804417627701899507e+00
1.867742397230560680e+00
1.911754994164823307e+00
1.844472296961265023e+00
1.552016117740301127e+00
1.706013079403061461e+00
1.873418799622489805e+00
1.780878367364865822e+00
1.949382397322125593e+00
1.704239091223062053e+00
1.708777403191413358e+00
1.695037556087733766e+00
1.634437946953634757e+00
1.691206255760333121e+00
1.618212503369815591e+00
1.698013255489106976e+00
1.766860004633372450e+00
1.932963875363932882e+00
1.942239524216710533e+00
1.858559407340774516e+00
1.639348333734901964e+00
1.630166747872046296e+00
1.566636716867804147e+00
1.498508855814172147e+00
1.686400859584056500e+00
1.684232405168137214e+00
1.707884380103147803e+00
1.867361086100580714e+00
1.801312270607101862e+00
1.944589875354552744e+00
1.771023527213874349e+00
