1.682097887600747077e+00
1.553759728702020171e+00
1.460873918236506031e+00
1.612571265699505707e+00
1.539361673620867066e+00
1.596861247491707880e+00
1.711175204396009120e+00
1.757019063615054888e+00
1.587766884111840193e+00
1.691513313807457175e+00
1.750575751061349106e+00
1.784587373602215310e+00
1.804253985853898623e+00
1.864074976805414341e+00
1.938202279687135876e+00
1.701649837616280747e+00
1.720340152422602076e+00
1.952774417447915578e+00
1.733073605408026907e+00
1.877003009781848641e+00
1.882087174649770489e+00
1.917145320502919192e+00
1.961132118548147840e+00
1.787087221327307240e+00
1.900074983877678925e+00
1.863019638024271174e+00
1.783768698556482457e+00
1.871340563761056730e+00
1.828686751983422232e+00
2.002978395600236272e+00
1.645140288145766183e+00
1.593103637751963841e+00
1.617801097021837942e+00
1.862101297812628786e+00
1.771596855236311274e+00
1.860334013870401426e+00
1.798151622903720881e+00
1.584764537615641178e+00
1.605426890303030429e+00
1.680948412865062025e+00
1.851437368048041376e+00
1.591740885732489952e+00
1.685872271995098926e+00
1.702976000331471784e+00
1.698322945223958769e+00
1.909745526810417093e+00
1.938296286650446953e+00
1.859717243866842784e+00
1.822189906260238024e+00
1.833754893093012761e+00
1.595428002582132354e+00
1.571179391213072263e+00
1.642033300906251325e+00
1.615367480629323005e+00
1.536561252891950113e+00
1.644524147156669613e+00
1.709271385177731917e+00
1.743373935690499144e+00
1.667504416532733291e+00
1.740311629861151177e+00
1.794680160950621994e+00
1.689623566861867099e+00
1.697854384238935310e+00
1.760877528395263125e+00
1.738637819276406260e+00
1.870410741752997597e+00
1.687715449953590019e+00
1.713355648153465971e+00
1.754559086795979939e+00
1.924648205111115118e+00
1.866750386582981314e+00
1.890515613376477333e+00
1.877907091552059926e+00
1.546408652733342937e+00
1.789625474835841112e+00
1.930341660322067332e+00
1.812684538842041615e+00
1.967729494009884617e+00
1.648556662583740451e+00
1.553972816934824364e+00
1.785132139346625513e+00
1.768495660198711406e+00
1.680771363844067778e+00
1.734227250355999894e+00
1.762361001482485090e+00
1.958771539266060957e+00
1.873834228340900632e+00
1.912328057232228762e+00
1.892537284238342554e+00
1.613678470957639055e+00
1.613989658746050493e+00
1.490303395593771230e+00
1.530575583003402684e+00
1.599067766280002134e+00
1.710427687090663396e+00
1.700007082315325935e+00
1.843765651867777411e+00
1.900102450053475778e+00
1.809543435179597148e+00
1.786180807487738775e+00
