1.785658852805598107e+00
1.859513492118142430e+00
1.920608390832219126e+00
1.744869240194327764e+00
1.778819422688799001e+00
2.141290924657853978e+00
1.829202823332022332e+00
2.043010601451085151e+00
1.760912834027139384e+00
1.804787200767493438e+00
1.957822275621092345e+00
1.856472378349214081e+00
1.985858469892886502e+00
1.981947156296847812e+00
1.793432657699581823e+00
1.838067109637297136e+00
1.984851536904559843e+00
1.941530007379423051e+00
1.839108463167645313e+00
1.868521231430104512e+00
1.940066676664939260e+00
1.960207293815042107e+00
1.781824608149239486e+00
1.782300432481483510e+00
1.927431420135681028e+00
1.920517522953461231e+00
1.819260448649180573e+00
2.057122039717143913e+00
1.984256103932600546e+00
1.826738951468401817e+00
1.925354724561921582e+00
2.065046189047480052e+00
2.104075752994048365e+00
1.764709733887160237e+00
1.716298071970932204e+00
1.761855045535815956e+00
2.217187278281019136e+00
1.909047408181216765e+00
2.212647561772745686e+00
2.051602352034033405e+00
2.176724071424052998e+00
2.220524714648399733e+00
2.055287650348406103e+00
1.957704978988364042e+00
1.858415340189035980e+00
1.892636021255523104e+00
2.233404351051333059e+00
1.954698387487795674e+00
2.025962223856102362e+00
2.131845607584070823e+00
2.059868127652165537e+00
2.184526083072171332e+00
2.034983356037830315e+00
2.081365664122685644e+00
1.744630076667279539e+00
1.816405902334439659e+00
1.693260421790838244e+00
1.740815038896324607e+00
1.821821619973590600e+00
1.782698176895774589e+00
1.928481345141372927e+00
1.940977741906552145e+00
1.769106036053723408e+00
1.962807185418550260e+00
1.706005118568327816e+00
1.890346637473695024e+00
1.967249573277994878e+00
2.122812715879724976e+00
2.184677384733610506e+00
2.191955072621262879e+00
2.131116572157480960e+00
2.199939632863860961e+00
2.223441515592518680e+00
1.895366082963112708e+00
1.813950297425304781e+00
1.857516820947339609e+00
1.904356716556607321e+00
1.982112014754967344e+00
1.961598320579815091e+00
2.042007347819516649e+00
1.883534099599104339e+00
2.024357456665421662e+00
1.837665156934375155e+00
1.892791485523541928e+00
1.826072675074264184e+00
1.888656437719261172e+00
2.098080323789848212e+00
2.065112007219278567e+00
1.999078410644264281e+00
2.129391417282270993e+00
2.058564170928443904e+00
2.102643901845178576e+00
2.252857787320601712e+00
2.137914466379559286e+00
2.233645599210722033e+00
2.228748294484706793e+00
2.076340523623278589e+00
2.017618128500292318e+00
2.050719707780472412e+00
1.889108734248661881e+00
1.808040481144735701e+00
1.917682131945203539e+00
1.847974733039501327e+00
1.813064414154946347e+00
1.884316632653474155e+00
1.809060154004038079e+00
2.051155504477379932e+00
1.805422536746503104e+00
1.847020968265803864e+00
1.938995602812432217e+00
1.996395285674411157e+00
1.881015944438500398e+00
1.890625993373036273e+00
2.095715744735737740e+00
2.032311516136027674e+00
1.690278212884892328e+00
1.693898342170783833e+00
1.891109341605493821e+00
1.689603428661596407e+00
1.839428919493152348e+00
1.802872840351722905e+00
1.885658067592911324e+00
1.901798618058635482e+00
1.742908494028697630e+00
1.965410422797436496e+00
1.977214616077335840e+00
1.690803796712198048e+00
1.831912701313506586e+00
1.917108759112516880e+00
1.837227667739111947e+00
2.070791739600203130e+00
1.847505303876175509e+00
1.902986516773560455e+00
1.749114638357282203e+00
1.907864619349415314e+00
1.943449005530715867e+00
1.838987251649314203e+00
1.831969699155254760e+00
1.773914290609909017e+00
2.085908843978275140e+00
1.910730054252516741e+00
2.073552920722132598e+00
2.139032097988396330e+00
1.969433792526270377e+00
2.104537741113953420e+00
2.162046656463057381e+00
2.129875744427705886e+00
1.821481213205373706e+00
1.847963411621980745e+00
1.978725137562951764e+00
2.081650554032099087e+00
1.884425683725934331e+00
2.100195474171322019e+00
1.862585681470666055e+00
2.082247545309412029e+00
2.087827891337393993e+00
1.976945705514371543e+00
2.157063035335161860e+00
1.761838161069304354e+00
1.875077408432971771e+00
1.803067175908188879e+00
1.816474549220814971e+00
1.791084671318900812e+00
1.776549622123748451e+00
2.028967829749295682e+00
1.982711220551667264e+00
1.946829873358710827e+00
1.979744674069309651e+00
1.943595995569627810e+00
1.863050579664766282e+00
1.901604697237730957e+00
1.953798393641516196e+00
2.142531914534078652e+00
1.910595107775360235e+00
2.017538982458920049e+00
2.273700836663178571e+00
2.163108342755555746e+00
2.151067584280618838e+00
2.245664632563915575e+00
2.101401708627146370e+00
2.178181521082636518e+00
1.998268509968882833e+00
1.959994829549401629e+00
2.061713402914398419e+00
1.885246676150712730e+00
1.879722480306970311e+00
1.756702171167091153e+00
1.784757789798403493e+00
1.707595398948209553e+00
2.007605195513109120e+00
1.750052889756744223e+00
2.029130751938391430e+00
2.054922463929102605e+00
2.000159763845545058e+00
2.044277653421021856e+00
2.014108552600875512e+00
2.044031373670825769e+00
2.242858278877629008e+00
2.166642891194463072e+00
2.164734487536688068e+00
