1.665867853638247187e+00
1.560875392845436638e+00
1.533693138771250242e+00
1.563365255705239321e+00
1.495076726966859004e+00
1.702829333447989590e+00
1.750570905996512439e+00
1.723244063330375386e+00
1.616059462648619549e+00
1.765241939829632845e+00
1.762857831463671809e+00
1.742466290686082830e+00
1.739535193938835711e+00
1.813164023218547971e+00
1.962259161410266017e+00
1.704444345802588634e+00
1.638642575742455421e+00
1.871531578864791490e+00
1.592537105136185849e+00
1.840405814115877892e+00
1.784133443846808831e+00
1.918082694274418021e+00
1.847445709747848275e+00
1.807549062966542497e+00
1.821289534485708295e+00
1.845631059955850084e+00
1.746025850407237234e+00
1.996591325655189930e+00
1.736432083062518617e+00
1.999863753402811639e+00
1.750553264482841431e+00
1.698524532294759748e+00
1.647760279473197587e+00
1.734237564427171030e+00
1.838854597478156050e+00
1.942225106178751215e+00
1.974318213426473401e+00
1.640073149104125605e+00
1.584028112077378259e+00
1.652041895847928155e+00
1.904529355646955358e+00
1.728599108954745445e+00
1.735923612199288257e+00
1.761427287382773210e+00
1.737107890662977772e+00
1.832143935027148673e+00
1.829885190137658268e+00
1.738193887770636659e+00
1.884100137870715175e+00
1.937837590813830557e+00
1.725015268616349129e+00
1.522496628455983991e+00
1.636470335654756969e+00
1.553584194294677534e+00
1.450568637678171680e+00
1.670532532805055315e+00
1.766712051478107393e+00
1.720338195959559613e+00
1.722492729145023382e+00
1.688803195975681959e+00
1.715360395601576382e+00
1.535652402930580251e+00
1.696609511993981911e+00
1.699381691865245125e+00
1.542294771582559232e+00
1.827713162740654651e+00
1.723624322260332908e+00
1.611241134869121128e+00
1.666778853187939058e+00
1.956879508575604110e+00
1.794110387212887181e+00
1.957718646706711585e+00
1.902901130274041286e+00
1.525477429228739634e+00
1.718469629284701927e+00
1.985430171118142795e+00
1.726017293452998702e+00
2.039341921333855279e+00
1.739605808856279801e+00
1.806319543798110772e+00
1.712529291679977028e+00
1.921192765055093732e+00
1.738476491148877257e+00
1.755677137605150095e+00
1.743210278010384195e+00
1.906618169379585614e+00
1.937061985454186175e+00
1.934474257129349395e+00
1.973018546215738800e+00
1.518537652894760948e+00
1.685662806065395092e+00
1.657269438519422211e+00
1.502803804986182268e+00
1.701176432806597916e+00
1.749649498536545167e+00
1.734999721457252564e+00
1.819771829651440020e+00
1.772532426138596851e+00
1.879503009837588001e+00
1.863675060150723484e+00
