1.765785222252386211e+00
1.788388132671643982e+00
1.836233590137879901e+00
1.723934703815652281e+00
1.725088761600363840e+00
1.942740829676654402e+00
1.759811305533241832e+00
1.896382591899749670e+00
1.690197447331766023e+00
1.772635739382869335e+00
1.921663315892833790e+00
1.850322016392717872e+00
1.942572062769088337e+00
1.894640825273629314e+00
1.666786117161750846e+00
1.720734477819631403e+00
1.728412060393566207e+00
1.705227758929145798e+00
1.621163179187721015e+00
1.713488361345598010e+00
1.773770205188968108e+00
2.053570215025014800e+00
1.697256010426538619e+00
1.694635980852261525e+00
1.820794568131697488e+00
1.834179450221644636e+00
1.788731921881213438e+00
1.918519691539326111e+00
2.042665085707219497e+00
1.755736550693850040e+00
1.874885281228838130e+00
1.821424520665710034e+00
1.906663718519624240e+00
1.683646533776115950e+00
1.678476053194851492e+00
1.699996194913646619e+00
2.073026304495389827e+00
1.808277225711119041e+00
2.078551526734951693e+00
1.986932670944251189e+00
1.881193190585506381e+00
1.948069694383406603e+00
1.701155960964562563e+00
1.802849133318523034e+00
1.782554318272928651e+00
1.895183075672258965e+00
1.929038244103808752e+00
1.801225577260289423e+00
1.744349026953616155e+00
1.713432178451976817e+00
1.842927337351362604e+00
2.008493976570228767e+00
1.997027981214075432e+00
2.082108973117152928e+00
1.734724843277221096e+00
1.835701081544190982e+00
1.804393067241483406e+00
1.800648752246077233e+00
1.783823983407708091e+00
1.672912363207158748e+00
1.888135786249360404e+00
1.710829518811643135e+00
1.705284480578731943e+00
1.813671614681324762e+00
1.706870993203075892e+00
1.796192978189989464e+00
1.810072507719023616e+00
1.852154890390811603e+00
2.050715804358437477e+00
2.099614892044606496e+00
2.125515053463333359e+00
2.266870545847222473e+00
2.128177946648952545e+00
1.757300150701839092e+00
1.819244074621809926e+00
1.704400341417496412e+00
1.765004312762188610e+00
1.790276182572431818e+00
1.764779301418119672e+00
1.976310617113592683e+00
1.803302496113544873e+00
1.872014973807871074e+00
1.877904912311038954e+00
1.885746721505308532e+00
1.823511445773279727e+00
1.891076203922410714e+00
1.862925076035349958e+00
1.990272876885141651e+00
1.924689628020366694e+00
2.004056164549176788e+00
1.900088277337913523e+00
2.000721565338491104e+00
1.814153373547689352e+00
1.831707703731813464e+00
2.008410284179891203e+00
2.224779908613593093e+00
1.961739212783914610e+00
1.943832339126814857e+00
1.964216195364418827e+00
1.904565861147462069e+00
1.846016080036601004e+00
1.832228660401133302e+00
1.798929314402288204e+00
1.718443207578526533e+00
1.926926310407955256e+00
1.709715384773866864e+00
1.782588029272341279e+00
1.730799790325131760e+00
1.723361379628624235e+00
1.796537386756747567e+00
1.977524750513609986e+00
1.854907016761208949e+00
1.786335035701076768e+00
2.029164628303312679e+00
2.028521144038296864e+00
1.846128833058767515e+00
1.726848900529709407e+00
1.923092396076569344e+00
1.790562903022241859e+00
1.878450023868878827e+00
1.830895118140077216e+00
1.853119277572404577e+00
1.958262029662498849e+00
1.814421216485500254e+00
1.854214822597396450e+00
2.049322817989914114e+00
1.775905944422806249e+00
1.870430536450294667e+00
1.911073691846352007e+00
1.862198792568400707e+00
1.992183539215931942e+00
1.879908127321158195e+00
1.929236953730723014e+00
1.821504848094881668e+00
1.935819900820724193e+00
1.980968935182055857e+00
1.868675278193015599e+00
1.917006259268163593e+00
1.820779423459197632e+00
2.129960811838586654e+00
1.844250060372495614e+00
2.029206862423583502e+00
2.067541159367448866e+00
2.074863213686211960e+00
2.033851514796881421e+00
2.077923962435416882e+00
2.084933782001951119e+00
1.856814652452394521e+00
1.781439808437735639e+00
1.934815333985062447e+00
1.998182770562192845e+00
1.872965343392581472e+00
1.953118262834204533e+00
1.933282916039716248e+00
2.111293069341176665e+00
2.120268774249053134e+00
1.993646469629168250e+00
2.121334664759630950e+00
1.862012807604997544e+00
1.914234799873821613e+00
1.924869970940855657e+00
1.837477621894939350e+00
1.842189527211003597e+00
1.788030915019453770e+00
2.010455202583270040e+00
1.884758126963938629e+00
1.972441949355330681e+00
1.955697283268517772e+00
1.965220405755133015e+00
1.916651881132133806e+00
1.913489019082500020e+00
1.957682538284273299e+00
2.120052879124697309e+00
1.935269652610579483e+00
1.970989167283840660e+00
2.193145528821532242e+00
2.053346513561099762e+00
2.249706155839531707e+00
2.214022996543087540e+00
2.029823859339369374e+00
2.138555636184189090e+00
2.041484830325069222e+00
1.993595930799421323e+00
2.017156418117234562e+00
1.848660522284177876e+00
1.881324717289213355e+00
1.750984071105710971e+00
1.806666363161946398e+00
1.700263639135503491e+00
2.029871504337961152e+00
1.900548092836728209e+00
1.956346650572588608e+00
1.954943623752212645e+00
2.034258038037234151e+00
2.044391862008537952e+00
2.019731823356861078e+00
1.972261022120078477e+00
2.169716943973500012e+00
2.114909752169498613e+00
2.006353000007982779e+00
