1.747494883197512117e+00
1.813835740893102066e+00
2.025342027069832795e+00
1.690855514540345661e+00
1.860491925961204052e+00
1.750997808295513325e+00
1.815085382332874531e+00
2.113657136495642241e+00
1.813150752804910226e+00
1.834178878618048847e+00
2.070977893013421944e+00
1.781096684323495660e+00
1.997098505322211226e+00
2.015773615850689371e+00
1.734458313768654891e+00
1.992729995258908815e+00
2.185752162454284164e+00
2.080602758230326366e+00
1.933973365545162748e+00
1.977887132598773690e+00
2.148969179423252829e+00
2.128613284069532874e+00
1.994612288716812065e+00
1.973191639593110169e+00
2.202221236356922685e+00
2.083223964836453224e+00
1.976017465448096422e+00
2.125363454688337317e+00
2.171508372660316155e+00
2.030462578005764573e+00
1.993246610808570241e+00
2.044278643405536666e+00
2.169321292028499659e+00
1.965890206002042229e+00
2.044196049373355084e+00
2.099933912325286478e+00
2.334402711862170854e+00
2.321175064906443097e+00
2.315628430240470603e+00
2.204488017200473937e+00
2.256987123063706413e+00
2.278074663091664398e+00
2.115213766929192385e+00
2.030653863097569456e+00
1.954894884713026970e+00
2.145451108149080355e+00
2.309992836162642504e+00
1.963370780620887990e+00
2.036875034832715148e+00
2.243193349940391101e+00
2.157492961536620957e+00
2.213724107119480866e+00
2.101267731605518385e+00
2.263360137880433776e+00
1.692409758463535363e+00
1.838919954188865447e+00
1.522268260348453417e+00
1.775600646390742332e+00
1.553280860090034743e+00
1.693123038755051768e+00
2.184434366363002589e+00
2.246756312326616545e+00
2.054836370700344528e+00
1.966461100643658311e+00
1.638596125580386254e+00
1.964547030127013816e+00
2.029078782770639577e+00
2.231596468042830850e+00
2.393029207791872448e+00
2.254104879329865696e+00
2.308334551225530440e+00
2.383013516385920738e+00
2.278309951816840151e+00
1.888240299504804431e+00
1.898822565988611766e+00
1.755508182489179836e+00
1.906440186428093542e+00
1.955878435181240604e+00
1.947266236941567197e+00
2.166912597795180861e+00
1.971321994750029338e+00
2.189873481470742789e+00
1.939043202674189725e+00
1.917015690574953135e+00
1.823286207943313197e+00
1.929449417607780326e+00
2.125989387003763387e+00
2.130221675856229790e+00
2.096713175460817258e+00
2.162809511643298599e+00
2.171351569325270958e+00
2.217077420880669614e+00
2.326340453602928182e+00
2.152020196636287519e+00
2.330658333085531719e+00
2.286637743468246331e+00
2.311454740799113949e+00
2.017385081642047773e+00
2.325740276522694661e+00
1.732711756573422246e+00
1.702485419921892174e+00
1.855019104836572064e+00
1.842823662907454141e+00
1.777767543907615044e+00
1.882630347219025557e+00
1.865474572387381791e+00
1.940005358670515045e+00
1.868882298771321615e+00
1.795218666409240438e+00
1.916362919832517164e+00
2.023266143491757152e+00
1.903002635295401479e+00
1.879453818248759012e+00
2.058790917054297953e+00
2.141320034572599340e+00
1.926976393666463228e+00
1.880368759383572952e+00
2.041463965039694184e+00
1.770742449656294237e+00
1.946810117582752131e+00
1.844102735811433469e+00
1.935769559493194514e+00
2.075516884336148671e+00
1.892435371133103894e+00
1.878335800734969308e+00
2.158195726787454749e+00
1.917595278139465842e+00
1.877019906566637752e+00
1.983992481380383310e+00
2.023312372556735461e+00
2.195147319113678552e+00
2.010500859386530781e+00
2.076852625689448839e+00
1.945961803974140203e+00
1.922144156713052832e+00
2.091144271238768670e+00
1.984299745398361958e+00
1.784748187040510858e+00
1.827988172111701948e+00
2.227020636018249622e+00
1.846781505280036928e+00
2.167985897230677139e+00
2.247363249308423239e+00
2.204889962991239738e+00
2.104966147722000080e+00
2.286833284431650348e+00
2.162894029226858805e+00
2.032652500071675306e+00
2.029388207364168029e+00
1.953458539152945983e+00
2.036595230424792291e+00
1.908937974600795284e+00
1.940628592441575817e+00
1.952706367617710770e+00
2.161330684413267367e+00
2.173575536634873018e+00
2.108046920707001615e+00
2.278888523976278613e+00
1.912771481833029474e+00
1.919781062440580666e+00
1.944626195199244734e+00
1.683998976405147507e+00
1.671665630113987167e+00
1.687253677800786500e+00
2.278910564847770992e+00
2.085083249776274350e+00
2.173931249389985609e+00
2.061458903772417806e+00
1.982882751823722201e+00
1.938954879959196909e+00
2.010983368641501734e+00
2.261674505439646765e+00
2.239955757127216174e+00
2.178351185404015844e+00
2.153883831112930469e+00
2.315995409074244282e+00
2.143362410099477255e+00
2.393964657976831223e+00
2.327786211112511161e+00
2.053047648232564359e+00
2.240040749878055681e+00
2.179991019254203799e+00
2.141731183604898003e+00
2.260921393180148620e+00
1.811179351748965827e+00
1.953351867209707882e+00
1.850259189152052564e+00
1.993538149764384260e+00
1.744205968998609357e+00
2.137212810432520982e+00
1.876483884497110566e+00
2.009547826627755551e+00
2.107547440922325155e+00
2.095494339921738280e+00
2.180357120022269779e+00
2.174594140941558784e+00
2.209387673428123477e+00
2.299189651081192221e+00
2.429769559865038620e+00
2.316218894571086651e+00
