1.707188330848091518e+00
1.575938554280184922e+00
1.506363022986234146e+00
1.625578971572892328e+00
1.537392223617489062e+00
1.566046850586730432e+00
1.687369846017266584e+00
1.685976343359020246e+00
1.590179165551763640e+00
1.598697029466221498e+00
1.730751381516250964e+00
1.714916873933151509e+00
1.784229055557125410e+00
1.814119907143772359e+00
1.934839410068075471e+00
1.793134816424412747e+00
1.701490953251366234e+00
1.889429284318658420e+00
1.708385526570581403e+00
1.832030513831953256e+00
1.889358762657215474e+00
1.901844950396549772e+00
1.910494073690053529e+00
1.730049206678647700e+00
1.725234990218290632e+00
1.864218515807251952e+00
1.753209943534341120e+00
1.907457403617554226e+00
1.815404779965466897e+00
1.969023917533328616e+00
1.690093430528698759e+00
1.703884924364267306e+00
1.821075441233622527e+00
1.790141045899561689e+00
1.785911823971179313e+00
1.815702272796619443e+00
1.842101327578332226e+00
1.590532410280044218e+00
1.540385958297258551e+00
1.584974567760407904e+00
1.767104030842119755e+00
1.703766385349406054e+00
1.745701558555198263e+00
1.745002124466148885e+00
1.714701088729856160e+00
1.891400109649456152e+00
1.963825349534348952e+00
1.795435905782797992e+00
1.790812627599420059e+00
1.830065296041912815e+00
1.740523876808481196e+00
1.646542486657653903e+00
1.740724905578429960e+00
1.647372909707696786e+00
1.623263047373449508e+00
1.736247126965438037e+00
1.773774221724200073e+00
1.752138296895783265e+00
1.603472709214941672e+00
1.656449129872459736e+00
1.661827384313058875e+00
1.682579342947353451e+00
1.784962351246728973e+00
1.728992001196296258e+00
1.717439035519129131e+00
1.898715667161251952e+00
1.726133241687465514e+00
1.639806616455513177e+00
1.670226450831825193e+00
1.850383494198039935e+00
1.893759865178820112e+00
1.875996474006150327e+00
1.916488344362755614e+00
1.575919003625951831e+00
1.599320765453816406e+00
1.942125788164601463e+00
1.830856597808289576e+00
1.997004620003384856e+00
1.711843813755738575e+00
1.769509231235991020e+00
1.718554574047596928e+00
1.761833418260907891e+00
1.707934536042490681e+00
1.708651612440244882e+00
1.720936281014145086e+00
1.927980332544075415e+00
1.944321404959064248e+00
1.869104786656835326e+00
1.899983560231567781e+00
1.622605584241967769e+00
1.743224276595647826e+00
1.575820289106082850e+00
1.565913063336512812e+00
1.736955330778107154e+00
1.741131647045666808e+00
1.691219781220553386e+00
1.839865509687027334e+00
1.824518224554663837e+00
1.857271660809535652e+00
1.847694108419686287e+00
