1.723432082720418590e+00
1.628764245668272492e+00
1.908638303501722699e+00
1.662360495783031356e+00
1.670754612342422396e+00
1.997040483000477096e+00
1.577044545827979816e+00
1.957214566267691191e+00
1.612788817304615874e+00
1.795760936926310114e+00
1.769639902818085808e+00
1.706023967261537155e+00
1.936162838008521181e+00
1.847492019961928023e+00
1.686909084520357816e+00
1.946712522970909687e+00
2.102551162748011571e+00
2.049047338278219943e+00
1.877307447938162177e+00
1.972978499614365999e+00
2.112848056037144762e+00
2.147225832545787139e+00
1.851402597828275987e+00
1.867726859698116915e+00
2.044245668462145726e+00
2.149398749678393283e+00
2.043410266808252551e+00
2.149616107189205483e+00
2.137199177900536373e+00
1.997979364088472876e+00
1.785419794625112244e+00
2.022018320342376274e+00
2.172396464791110038e+00
1.908628954441182080e+00
1.899968803213932800e+00
2.024782019072884687e+00
2.241590022115127034e+00
2.209446075435349766e+00
2.376278954417602396e+00
2.170918479759893938e+00
2.210789275936299259e+00
2.239248054300914781e+00
2.170842418155882747e+00
1.965497909929075027e+00
1.937292727937189873e+00
2.019547754996226629e+00
2.225859483704679231e+00
2.003823879786913675e+00
2.118160092568161623e+00
2.218187999780574682e+00
2.139748832767619291e+00
2.310113966353448234e+00
2.153627920995177636e+00
2.216548462435397493e+00
1.850624565068229588e+00
1.825587230074776857e+00
1.708971405698244350e+00
1.706659482015326690e+00
1.704258410955916014e+00
1.639576822337253326e+00
2.170986396418266740e+00
2.184704453769411359e+00
2.013033570338133682e+00
1.963200796002588122e+00
1.712600824492600315e+00
1.927652656206291448e+00
2.020436735808320616e+00
2.055797672229247919e+00
2.203618468168447198e+00
2.298338016846939169e+00
2.241275247615143407e+00
2.288639026897353101e+00
2.282962193883835589e+00
1.727977693293884842e+00
1.871628058977171216e+00
1.738612153467459676e+00
1.860820770909365596e+00
2.001496200077275578e+00
1.981626751652693974e+00
2.200087468171799454e+00
1.939467829965676904e+00
2.211439349412263500e+00
1.962035783554766155e+00
1.861373338469211269e+00
1.800304565131165102e+00
1.924965558744841765e+00
2.114891222561777973e+00
2.061059827991896576e+00
2.011827950133958876e+00
2.119124274664688556e+00
2.089216271194257679e+00
2.116806066349944615e+00
2.300086207195755961e+00
2.175685590436576167e+00
2.212401166644596184e+00
2.232905120062488535e+00
2.184421617110124281e+00
2.132898880302461109e+00
2.223392672088071897e+00
1.857509906720153481e+00
1.773881348846050310e+00
1.806366137538045757e+00
1.804590052441755965e+00
1.708262453557050087e+00
1.798069581424005303e+00
1.775643566509298665e+00
2.055638961532972875e+00
1.780452631580480727e+00
1.689546679582831112e+00
1.819757890792575106e+00
1.921848413609747785e+00
1.838310769884554885e+00
1.719904860137956515e+00
1.973858689832464819e+00
2.095284349994776196e+00
1.965828643609615733e+00
1.945726717100117131e+00
2.091105117521254275e+00
1.921211219064522968e+00
1.923771870201179235e+00
1.885987210420090543e+00
1.963917557142980996e+00
2.062356836664037463e+00
1.941202120573531698e+00
2.069585407721802106e+00
2.098523065423346878e+00
1.881468321485760598e+00
2.025659280195717393e+00
2.074672630877673285e+00
2.033103577525104289e+00
2.121277255979018506e+00
2.068011136920653303e+00
2.104898092173358659e+00
1.967739675866924332e+00
1.867593230629051249e+00
2.024446112763002681e+00
1.943735016901217305e+00
2.067904417697516095e+00
1.976688288196164045e+00
2.248792984963806418e+00
2.067084817953029674e+00
2.219582784183385726e+00
2.326143752627505279e+00
2.211881743781679344e+00
2.141929546791666361e+00
2.200548518475015758e+00
2.253447811732292028e+00
1.987233888259232417e+00
1.938636579756911171e+00
2.145168818187886295e+00
2.160392258931300269e+00
1.879874713279123588e+00
2.074005134844787435e+00
1.942290958350741281e+00
2.239629372947710362e+00
2.184030049121322037e+00
2.145780767537110112e+00
2.235610759147240501e+00
1.871286029470744294e+00
1.881259299290322096e+00
1.914204814158242174e+00
1.768229029482869752e+00
1.799170591209181769e+00
1.685098350124657030e+00
2.188915068761797311e+00
2.149223778601048185e+00
2.217345811139267209e+00
2.013023417411748728e+00
1.988548365456287659e+00
1.866275824772287040e+00
1.973405607072652446e+00
2.080481992834180005e+00
2.195098923428524085e+00
2.067440243381352349e+00
2.116602401720942606e+00
2.271627851263271491e+00
2.221632448308089369e+00
2.290642281154740445e+00
2.335707215708203055e+00
2.132243821658413196e+00
2.227848519247499048e+00
2.088271110688790788e+00
2.064511718112936212e+00
2.265010514044600409e+00
1.831307109344523676e+00
1.944432097581766161e+00
1.822818986486669735e+00
1.812409018882216172e+00
1.839114031738581012e+00
2.077591300197726198e+00
1.860140381527728426e+00
1.967987500393320488e+00
2.032346584444290283e+00
2.052346514716707926e+00
2.159731873314074235e+00
2.145589753572806568e+00
2.158948861464047297e+00
2.192275646877419604e+00
2.281743227809957197e+00
2.224828682651059708e+00
