1.777246754925999150e+00
1.818506910061101101e+00
1.909444094418125681e+00
1.690888108330506512e+00
1.736367907590327109e+00
1.840454258188476411e+00
1.704139174224872599e+00
2.007287765460703977e+00
1.711226460961976503e+00
1.714988305684967074e+00
1.940822843506249784e+00
1.679229123197558904e+00
1.838152192602532597e+00
1.857037752717453749e+00
1.834535578275787504e+00
1.955211830029670583e+00
1.995978411757345583e+00
1.981336767414109579e+00
1.991815152266881883e+00
1.884594560848011469e+00
1.981427986241438788e+00
2.114569911758505505e+00
1.860709052993859469e+00
1.865976357992480184e+00
1.967191383779422154e+00
1.976490244520652917e+00
1.976684905999824160e+00
2.089880378577629649e+00
2.129936259136199439e+00
2.033632655339036255e+00
1.773582738200965681e+00
1.969902632906661122e+00
2.161407804205476513e+00
1.834442969012880731e+00
1.847548859694643220e+00
1.800674380798205965e+00
2.283204351041642433e+00
1.955141767144994214e+00
2.277738850240887292e+00
2.198119451970913296e+00
2.105061076348809124e+00
2.135968558537602480e+00
2.045562279579113962e+00
2.044526428742748703e+00
1.980271091081750034e+00
2.019988100654994234e+00
2.235645159370173385e+00
1.969394383929124581e+00
2.056100075798925175e+00
2.200625621112281216e+00
2.039426744782495415e+00
2.219637143999941387e+00
2.071652885286514589e+00
2.198282355477284344e+00
1.695204194816567256e+00
1.786398462826993105e+00
1.646265328452945820e+00
1.653926920917914156e+00
1.658439131002719336e+00
1.739724554835463621e+00
2.034005133644976482e+00
1.988297360481341869e+00
1.794985058280355261e+00
1.852228395255839155e+00
1.681378130064017151e+00
1.892051324339302454e+00
1.911210733251261118e+00
2.064641705338357891e+00
2.224542385776529851e+00
2.138738645196986532e+00
2.157320562144934506e+00
2.218359994377056221e+00
2.309045806519518518e+00
1.747289417414433332e+00
1.787281133284253087e+00
1.759057836386322515e+00
1.890475954685778337e+00
1.962718037099839608e+00
1.952781142617062482e+00
1.981437089669339846e+00
1.990548013960803830e+00
1.972128901078180840e+00
1.883747663644505854e+00
1.770637923380489420e+00
1.802428128070354019e+00
1.901178788271446374e+00
2.120517472478851140e+00
1.891276251243077411e+00
1.963734641059914576e+00
2.083115296460199328e+00
2.068228216085489901e+00
2.137825312978649084e+00
2.198814842674906789e+00
2.097352477513650726e+00
2.196392775461561087e+00
2.128339023900615690e+00
2.088804878707799517e+00
2.021452926342283352e+00
2.071405736181602286e+00
1.870824682468353428e+00
1.826825236059313795e+00
1.819100439205435293e+00
1.799300830597790668e+00
1.690008968462868744e+00
1.962544700388750840e+00
1.685750713417524027e+00
1.967498587819200395e+00
1.728743373791514992e+00
1.678339410418608679e+00
1.821189528442725303e+00
1.930864718350809639e+00
1.773070322848472991e+00
1.674878129246555103e+00
1.949678576324842982e+00
2.087400386414728803e+00
1.823481080697820333e+00
1.777418601550300181e+00
1.981378040595882739e+00
1.829482375659054583e+00
1.977566584136299710e+00
1.871659163903989453e+00
1.850398241497624330e+00
1.969841285138607123e+00
1.894590469765626617e+00
1.836967594913682111e+00
2.098181972369502102e+00
1.855319000683752773e+00
2.055561400413290052e+00
2.003957497367470530e+00
2.114444973560618557e+00
2.118094726426894781e+00
2.039975111536908692e+00
2.104872321950148173e+00
1.951448721321697111e+00
1.902453510660905067e+00
1.951900736697181449e+00
1.835564158015210667e+00
1.936964855963186904e+00
1.901442040671208700e+00
2.213661394923810199e+00
1.906818573225678826e+00
2.179141240924501233e+00
2.228042023733891597e+00
2.176650184101233343e+00
2.002616401553829029e+00
2.061936716973880479e+00
2.195188348638768883e+00
1.900427145936048223e+00
1.866060644938777324e+00
1.913026937233620606e+00
2.006833207224853588e+00
1.878714786348174792e+00
2.110529332259582169e+00
1.899614024716792082e+00
2.158364879435974437e+00
2.200659901701339738e+00
2.016389538528473580e+00
2.208604523562752942e+00
1.844016909696676310e+00
1.825988650169740435e+00
1.888551969119113050e+00
1.817424108890415058e+00
1.752106707094801763e+00
1.825857355337639376e+00
1.981027445632211004e+00
1.961892205597314698e+00
1.979603491413621130e+00
1.871938151438127029e+00
1.922172421265051945e+00
1.850845171195440342e+00
1.920570217146698067e+00
1.989914704118780131e+00
2.135349805580975424e+00
1.988875058742694213e+00
2.036480888885146889e+00
2.164323032308395511e+00
2.110448969409400632e+00
2.135552725397696694e+00
2.245540376670571714e+00
2.056394159228236429e+00
2.182141079674813966e+00
1.969785470514779702e+00
2.020592968553560187e+00
1.985029854589882792e+00
1.806680948254973051e+00
1.839850486766890558e+00
1.752969440808006096e+00
1.771136990203418637e+00
1.655591533717740926e+00
1.961301478066666215e+00
1.870947729106631430e+00
1.943239103328903816e+00
2.061258771956928637e+00
1.982150935157171556e+00
2.055032585471484818e+00
2.023664322496429691e+00
2.002623461189264820e+00
2.135656755648478899e+00
2.058615487389558574e+00
2.016783073175957064e+00
