1.672901893213319058e+00
1.658504909259457483e+00
1.638876908522785225e+00
1.617918325479269726e+00
1.621796371582505003e+00
1.670969432848202318e+00
1.746230397693302461e+00
1.749185201389556132e+00
1.674579989050584361e+00
1.726958158635633733e+00
1.694700950899715508e+00
1.725681750298974082e+00
1.796587257348254640e+00
1.864088413839911640e+00
1.912384300498153111e+00
1.872827504994702963e+00
1.689220016963904447e+00
1.775976181106982299e+00
1.683286984240820683e+00
1.837228575897257077e+00
1.823968532535472198e+00
1.838760907387837706e+00
1.951425659153963155e+00
1.733842183864087172e+00
1.859432616833938789e+00
1.823368258022717736e+00
1.742326655281804859e+00
1.884880957209933650e+00
1.788672594209559152e+00
1.931992240632318669e+00
1.772506635642890460e+00
1.754241708966246094e+00
1.775824218587188863e+00
1.737358200229512706e+00
1.766108095911147480e+00
1.799953980909792639e+00
1.879385582188678017e+00
1.693599160917331092e+00
1.591356795214126540e+00
1.702027267971033098e+00
1.898047869308676416e+00
1.686961173478637610e+00
1.753831911164928758e+00
1.762200577784780675e+00
1.707062055874394524e+00
1.833448918720944620e+00
1.907213770969008904e+00
1.838995212685922365e+00
1.828447526423482961e+00
1.799302461246242713e+00
1.764766941291963764e+00
1.653531008451563755e+00
1.760883667748848636e+00
1.654526046457345245e+00
1.603297787864620183e+00
1.718008921619220031e+00
1.698639237350187292e+00
1.705154382739591634e+00
1.683449715397112634e+00
1.694540070266293164e+00
1.722188912654423865e+00
1.695837527423902591e+00
1.801327898838263941e+00
1.798732511628214681e+00
1.682816159278838208e+00
1.874062770560983804e+00
1.704890117817807083e+00
1.653556694936824778e+00
1.654630882363055555e+00
1.852461698131666390e+00
1.863220421221197798e+00
1.826808684123419679e+00
1.893395996182337671e+00
1.589873107893090776e+00
1.661983812159031793e+00
1.925267339016971446e+00
1.775629767823532879e+00
1.923075408315868540e+00
1.756573201907526638e+00
1.817725135168460460e+00
1.652688670584636643e+00
1.782479029579175700e+00
1.775756100589710895e+00
1.737680803392803508e+00
1.752968996458291073e+00
1.867056724055291328e+00
1.879441288236126661e+00
1.843888536273570189e+00
1.847181799645883915e+00
1.659209293249947370e+00
1.831684031821406711e+00
1.652798227192326719e+00
1.604092687774957948e+00
1.724178866446995473e+00
1.753588662134857534e+00
1.756084299964621342e+00
1.811631191187550227e+00
1.898100513302685144e+00
1.824405984953667570e+00
1.780707227709660501e+00
