1.749739656816249100e+00
1.523352911269090004e+00
1.527576626138493321e+00
1.544689849235652002e+00
1.534521226779689052e+00
1.618823090707602663e+00
1.755985148732014389e+00
1.721498164934482267e+00
1.610770036210479761e+00
1.702200742589067062e+00
1.741357547424122076e+00
1.759909137820538483e+00
1.781785597621264650e+00
1.769818146773242340e+00
1.894644933104089546e+00
1.707640622912758532e+00
1.721365041026877929e+00
1.871630599037932940e+00
1.658182665222279084e+00
1.907622407528608788e+00
1.836100159126726750e+00
1.855977199071053629e+00
1.917350134797032313e+00
1.714685095208720478e+00
1.705123697819620032e+00
1.847657358757810897e+00
1.731535286472263069e+00
1.947289093911153124e+00
1.804713333436922973e+00
1.907834918330193918e+00
1.681634969657183287e+00
1.692264913253157754e+00
1.703242064748586859e+00
1.794687445183374530e+00
1.744460860456867879e+00
1.885774923265660652e+00
1.885581350088945118e+00
1.663512284832614263e+00
1.579537853278019988e+00
1.652479449302924008e+00
1.918001251596487267e+00
1.693601197853122686e+00
1.727303186424430814e+00
1.671351497781260909e+00
1.690573211968436240e+00
1.848807112479317949e+00
1.876751730738683621e+00
1.780997931328555994e+00
1.827467227209910394e+00
1.894090420629410687e+00
1.731592581365110073e+00
1.526377222521563271e+00
1.714206862583759206e+00
1.550221382189418184e+00
1.506346909429196135e+00
1.627880961812401495e+00
1.626935801069850696e+00
1.714914068140033443e+00
1.708960010002847252e+00
1.717788289937621560e+00
1.761243477583375405e+00
1.633032262636550103e+00
1.634926939503202448e+00
1.747787067769607683e+00
1.727948446522120207e+00
1.884207957337656003e+00
1.761962977430402644e+00
1.670101730874498980e+00
1.684373826326722501e+00
1.919566602510941689e+00
1.877653174186427742e+00
1.796470669357262961e+00
1.838987637653957341e+00
1.591715431768487843e+00
1.706015882164372055e+00
1.925456451348322995e+00
1.776655913116786056e+00
1.932720344251369626e+00
1.708729504303124092e+00
1.803322953822639407e+00
1.698712976143217812e+00
1.795920270198286595e+00
1.717079326295362529e+00
1.690166151776185899e+00
1.762547169184449203e+00
1.829613831311355021e+00
1.912039269860424717e+00
1.932650085304026488e+00
1.866179620799879757e+00
1.609643515790499357e+00
1.718091298515903143e+00
1.669228885519511207e+00
1.559146655493421685e+00
1.689935812121285519e+00
1.708439363576320202e+00
1.734118943577862337e+00
1.860631313517423502e+00
1.782283491589738755e+00
1.756439566327704149e+00
1.833859921511255653e+00
