1.659576720917801618e+00
1.486219759549436192e+00
1.486913665781302463e+00
1.445514167672386607e+00
1.443323438899491995e+00
1.509755718214424558e+00
1.624375226202417810e+00
1.638759680710139666e+00
1.545771670621700622e+00
1.701864091490813857e+00
1.705956027111499296e+00
1.670380546234250030e+00
1.639818772298390570e+00
1.667207235625991935e+00
1.811220313674371418e+00
1.671028070244110930e+00
1.598397617744396371e+00
1.769818491287114215e+00
1.603505807334841160e+00
1.649271779106308511e+00
1.696002008668162642e+00
1.685564341103114483e+00
1.700823017770865864e+00
1.721098526867749001e+00
1.700673190234976095e+00
1.717486721822240048e+00
1.570626357204093271e+00
1.812269074159640336e+00
1.702873676125321367e+00
1.817818488081301087e+00
1.695099297426828855e+00
1.708351279280006185e+00
1.655759685859891306e+00
1.686767953463344627e+00
1.556598627058216167e+00
1.747880004035701207e+00
1.875351265347173557e+00
1.635672530414087555e+00
1.601692630757921787e+00
1.657740152835877723e+00
1.747712410517273218e+00
1.640332490238498142e+00
1.629350960732460774e+00
1.726333968695719756e+00
1.659247192311418262e+00
1.704338719711359529e+00
1.580442798931179560e+00
1.600910540880065902e+00
1.790452894081796531e+00
1.700516426977276785e+00
1.682786046312323647e+00
1.531427813735629195e+00
1.602213543335869961e+00
1.506563870237552116e+00
1.492535041457204281e+00
1.665433574818527385e+00
1.608300093918979545e+00
1.606988088000209647e+00
1.632462631909146866e+00
1.685776883294467732e+00
1.638241260738196425e+00
1.535332036248481025e+00
1.519350986361433620e+00
1.609133675398038088e+00
1.655273876883342155e+00
1.780700450316710537e+00
1.593646909130770339e+00
1.603061055895059095e+00
1.646407986108676225e+00
1.781609146591677240e+00
1.722710733119948490e+00
1.675106218861243779e+00
1.673937622781288992e+00
1.528876223908284260e+00
1.643877204516567492e+00
1.730200370302493296e+00
1.698620193583596283e+00
1.812122129602509402e+00
1.682739825862130001e+00
1.715716528200635027e+00
1.586299540213395476e+00
1.548847014930387900e+00
1.640792586907492856e+00
1.539966185110986041e+00
1.527003795949016807e+00
1.611510937697099521e+00
1.876389569964882265e+00
1.789515926447787342e+00
1.737240936025200799e+00
1.486467783962579503e+00
1.646666541013346308e+00
1.606939331627354806e+00
1.548787815560574987e+00
1.619339838410652543e+00
1.606949347409629247e+00
1.711097434723026778e+00
1.723044415940544916e+00
1.583119698505640827e+00
1.765994438706015801e+00
1.727634731807504931e+00
