1.767478398318138799e+00
1.858825005894515270e+00
1.923496361732414339e+00
1.755995275016969170e+00
1.810171358994661084e+00
2.093008499190342153e+00
1.802857905877176314e+00
1.958450146313975848e+00
1.811915400725685021e+00
1.904216524679772871e+00
1.956461662349532338e+00
1.951734902956608453e+00
1.911422703108573984e+00
1.880941801950469783e+00
1.743846422887126435e+00
1.780231023544994740e+00
1.916263634908822011e+00
1.791914393027111974e+00
1.729940076685291039e+00
1.775466025163657369e+00
1.947658084610061957e+00
1.992460104906677243e+00
1.780692810530179138e+00
1.821073260607749100e+00
1.995034671751811262e+00
1.931518927311191458e+00
1.900413247008111428e+00
1.987826809647874615e+00
2.029806202455261666e+00
1.933354270467929625e+00
1.823390427321530671e+00
1.879620870421659040e+00
1.937776707842004509e+00
1.740294888886140479e+00
1.759201811032271134e+00
1.786961418811100488e+00
2.031455249894807302e+00
1.838229840659485470e+00
2.119029572877600742e+00
2.103496710720876184e+00
1.952850202620020514e+00
1.971068533925353528e+00
1.893851156819609693e+00
1.869040480541201976e+00
1.762479456455939175e+00
1.821131724153471687e+00
1.996750232618678345e+00
1.934204574042426517e+00
1.867768086528331040e+00
1.877390533791847727e+00
1.995636234241324747e+00
2.035344986535051248e+00
2.010329407447348338e+00
2.046313261793000660e+00
1.745567394581892806e+00
1.795373562838775694e+00
1.741884074811557381e+00
1.729896994059778592e+00
1.844071593075838678e+00
1.724107869367354162e+00
1.873539985456681434e+00
1.861461670043567995e+00
1.770117579636267369e+00
1.778394880994634608e+00
1.710811299204683777e+00
1.798919448732608783e+00
1.848503414065618244e+00
1.902755676429227494e+00
1.883047502959399822e+00
1.950064063799400005e+00
2.101163216602232264e+00
2.126867319418841884e+00
2.074915470638515114e+00
1.801288373211659355e+00
1.762542038785484655e+00
1.769592371257995955e+00
1.764307923733366978e+00
1.807552784789693723e+00
1.807829863607835374e+00
1.926447461874074785e+00
1.827419569737608107e+00
1.960945266746669802e+00
1.784886160197335148e+00
1.833748689939908916e+00
1.828379143715559874e+00
1.869407633230414145e+00
1.884115410688813608e+00
1.974549991590463183e+00
1.950368043031124321e+00
1.970887193634991874e+00
1.974332546808087674e+00
2.033480276797119846e+00
1.919035832013075149e+00
1.918273308063120908e+00
2.064164579044933667e+00
2.144895046656922322e+00
1.992040601179591253e+00
1.961852745988061919e+00
1.978166322020977308e+00
1.925571251873721357e+00
1.742623276919032627e+00
1.912998247626469528e+00
1.769494386973947897e+00
1.775958044429168492e+00
1.850680478289817410e+00
1.750600996063846893e+00
2.058822772982633609e+00
1.770550791841887017e+00
1.808483708702368631e+00
2.009209956807660014e+00
1.869787328705554641e+00
1.823605033692177635e+00
1.886503587512166291e+00
1.980115477653840772e+00
1.886791952906688108e+00
1.672237760462779166e+00
1.700762075555884323e+00
1.743236059151228146e+00
1.768430688544241347e+00
1.720155454260118733e+00
1.698535855900439984e+00
1.784484813741584519e+00
1.916287402742260504e+00
1.680134217003653063e+00
1.811781478610088314e+00
1.932351146338234349e+00
1.701209019926875898e+00
1.782248496154487327e+00
1.818894583079191163e+00
1.803754964400215988e+00
1.865477361464830564e+00
1.909906934444782767e+00
1.930441447652675224e+00
1.903801514112851034e+00
1.838772005002780041e+00
1.831914663160820300e+00
1.724542621865863268e+00
1.747880210765409226e+00
1.741111675918822765e+00
1.983061449218955774e+00
1.795325219879863488e+00
1.915430097139187549e+00
2.090177528977388288e+00
1.971525975165104194e+00
1.886757926158081355e+00
1.988097526772894419e+00
1.838976469594486796e+00
1.665515655894747704e+00
1.780049882689358931e+00
1.962993327509996666e+00
1.849307039552183785e+00
1.858747169120490650e+00
1.661984332195587610e+00
1.763691391644185424e+00
1.871860463540771624e+00
2.000043804529507252e+00
1.940315778354226195e+00
1.993139804629867839e+00
1.730897930192990763e+00
1.687602791268374425e+00
1.824888674559858259e+00
1.613811156241953038e+00
1.696276953583271796e+00
1.655677116869070042e+00
1.889813632780393604e+00
1.846292984024415107e+00
1.755566104141023764e+00
1.739887411958755736e+00
1.695039912155932527e+00
1.798630373069569410e+00
1.819438987199188063e+00
1.850641541844826765e+00
1.779225255223725544e+00
1.896715892840743267e+00
1.887710800911926112e+00
1.861342858308597581e+00
2.037447894848276597e+00
2.145110466586400921e+00
2.072605495255999575e+00
1.940320515382956579e+00
2.022069953572490864e+00
1.830627907222673434e+00
1.801624627067649920e+00
1.763395315018756682e+00
1.772280565273641972e+00
1.715659361156085083e+00
1.597178852724358888e+00
1.596440519706527450e+00
1.604356469117349970e+00
1.777506111495225305e+00
1.811049366306409336e+00
1.903034771906802591e+00
1.959232027459558045e+00
1.925040421171319904e+00
1.950523807287994016e+00
1.834474925878822216e+00
1.858248833233450803e+00
2.157209016660257994e+00
2.046027528449902544e+00
2.025767280674040993e+00
