1.772159087852501758e+00
1.762965029261303940e+00
1.846960930225832298e+00
1.708865603791549725e+00
1.717835931507577962e+00
1.953679642388257420e+00
1.734411038984436049e+00
1.928175950419888318e+00
1.734142175824030518e+00
1.824917826618077443e+00
1.905943905355872436e+00
1.870468671704471175e+00
1.860799738302762574e+00
1.870618560055154145e+00
1.645033073298958870e+00
1.810747805700671620e+00
1.945084530360093211e+00
1.862865220951392509e+00
1.758466289423132656e+00
1.788747308095917088e+00
1.795846649431617426e+00
2.065772190975463385e+00
1.733206081063260129e+00
1.815278713328101645e+00
1.739447386928699713e+00
1.842377603115268325e+00
1.753566250381776825e+00
1.933617207345043498e+00
2.103705731911113652e+00
1.773959633962792326e+00
1.849946895852231155e+00
1.896616840988621933e+00
1.926295765150293215e+00
1.744089725468977559e+00
1.706046833232894855e+00
1.722165625002371803e+00
2.071948517724268690e+00
1.772360740094779841e+00
2.311643935980641995e+00
2.174534078063724785e+00
1.912973592644658716e+00
2.038003925470419642e+00
1.889723685836372180e+00
1.808050327757616316e+00
1.836821189233176499e+00
1.840143981461679346e+00
2.172486058392693042e+00
1.905602295868237928e+00
1.945564287939088421e+00
1.965036016701737775e+00
1.994207760531042428e+00
2.119046529649864841e+00
2.112949960638950575e+00
2.065309828327493769e+00
1.746094700305386382e+00
1.715668505174186897e+00
1.710233894185503978e+00
1.735397714819885806e+00
1.647332453079918713e+00
1.541229435749083221e+00
1.888267864205998015e+00
1.940917912689906100e+00
1.794680841257872750e+00
1.813013867482849095e+00
1.625858204960005882e+00
1.781394404278301424e+00
1.906940230870739716e+00
1.829392263453642586e+00
2.055561458806694386e+00
1.911454870853202204e+00
2.234568809372607490e+00
2.270965057497631445e+00
2.182248274731432236e+00
1.713509813434171747e+00
1.772864982906968701e+00
1.729955419197291233e+00
1.756675204605802287e+00
1.814967133563654134e+00
1.808626352699513884e+00
1.987340503787802692e+00
1.819014880839985526e+00
1.960221510535566258e+00
1.784394921377104648e+00
1.730559296037708084e+00
1.732889479001918698e+00
1.842057139430634427e+00
1.850386579250097752e+00
1.871770166179341999e+00
1.913681421796915139e+00
2.094553157253809861e+00
2.037722094553288343e+00
2.056989238907178663e+00
2.032632168974071174e+00
2.042270221338085445e+00
2.164525920892331090e+00
2.151305207932177943e+00
2.111298568703141587e+00
2.055813998927345398e+00
2.158076904611899494e+00
1.860750894416196788e+00
1.860229372592921537e+00
1.875438098251067887e+00
1.806728700057587789e+00
1.731414339489807608e+00
1.903861128537273295e+00
1.732322179192306022e+00
2.047834027050075445e+00
1.775343242499668017e+00
1.715128145985828301e+00
2.014353088147341264e+00
1.979015618876945215e+00
1.858108861264800016e+00
1.723469772656592847e+00
1.993715037122595568e+00
2.070714196395770035e+00
1.723615242478741871e+00
1.684926788748072779e+00
1.862509554753471797e+00
1.751754759500476100e+00
1.796322094541322079e+00
1.735321571772650229e+00
1.826901974995809974e+00
1.929438176232132429e+00
1.750625623234060457e+00
1.794899517065909222e+00
1.993638034664724223e+00
1.680793973389704599e+00
1.940379639147322921e+00
1.840885549082461603e+00
1.808868932593374446e+00
1.976350502829142153e+00
1.852228377478999377e+00
1.944404812221264489e+00
1.813409962152068733e+00
1.956310995420144305e+00
1.946744907944472303e+00
1.796763854138736294e+00
1.961128919989588937e+00
1.785606461502468711e+00
2.123765473698124406e+00
1.961918398622761295e+00
2.153623535029029146e+00
2.084085567803954486e+00
2.114373871922829995e+00
1.885540426378595313e+00
1.944155235508097102e+00
1.995099317171619813e+00
1.691796605139654242e+00
1.798524991013815688e+00
1.930077641519052589e+00
1.846553911406366266e+00
1.831230496645622319e+00
1.900035614588269306e+00
1.821286520546113286e+00
2.047743415222635033e+00
2.053984241690057999e+00
2.006979332182892151e+00
2.055291320099225771e+00
1.851547354493058517e+00
1.797738956284154366e+00
1.887883656333404048e+00
1.793438294384640530e+00
1.790761248743178990e+00
1.787371960344945387e+00
1.991123693130769867e+00
1.959758213881572120e+00
2.051561590762482901e+00
1.829917420362142888e+00
1.757158773773265015e+00
1.783039191364254927e+00
1.843811990070356899e+00
1.847327254132801411e+00
2.004685672313407441e+00
1.909956309485802306e+00
1.850200300762583794e+00
2.017819805645379994e+00
2.046089956806386390e+00
2.252307794221847903e+00
2.223196172801324089e+00
2.062695246211292854e+00
2.071467502685711892e+00
2.039908407493930653e+00
1.988260895100262271e+00
2.060687114256908981e+00
1.676979236602291978e+00
1.784865077585199078e+00
1.587204731061659935e+00
1.653667922163705173e+00
1.628810957306727758e+00
1.941863872409457459e+00
1.882152040473704879e+00
1.997296628177969380e+00
2.086572498507837103e+00
2.027103832852414023e+00
1.985538383259506379e+00
1.906575759319895758e+00
1.921110364801112969e+00
2.108925116867925276e+00
2.132111277156796270e+00
2.047622258058108713e+00
