1.737204047894651548e+00
1.793290354683395815e+00
1.891666552998265916e+00
1.721024161078045900e+00
1.742662118225411394e+00
2.045969371805417492e+00
1.722797752541713079e+00
1.924466774216741394e+00
1.661931552731980677e+00
1.763896257048756855e+00
1.856270621992626602e+00
1.750071647757759807e+00
1.875400780180340954e+00
1.890075956983024774e+00
1.759103348053299154e+00
1.907818339894690851e+00
2.012615161056832136e+00
1.934984572156420723e+00
1.865683275687490816e+00
1.859259818662982733e+00
2.026958343209091407e+00
2.084463066644576479e+00
1.752540212144927390e+00
1.773481128313192823e+00
1.944530871223548063e+00
1.959687855558666314e+00
1.899027516010743710e+00
2.059048587734046087e+00
2.101973504016326544e+00
1.921830283929432781e+00
1.857054968247025872e+00
1.959313236600404018e+00
2.033418990830737183e+00
1.789143872902088317e+00
1.819076526918297354e+00
1.805280686617092512e+00
2.104521474252809554e+00
1.995106815037019476e+00
2.188767807384759845e+00
2.136090882387322143e+00
2.019518631322249291e+00
2.065863605192431063e+00
1.982551711165766450e+00
1.971338568681535230e+00
1.909879147376212449e+00
2.020182712831325222e+00
2.118639711177724649e+00
1.950523603057142452e+00
2.011143681230339819e+00
2.018372264943256500e+00
1.935724194313555246e+00
2.121437180489523122e+00
2.083672386825526246e+00
2.128962547050549770e+00
1.787570759842483925e+00
1.820297092422573204e+00
1.725453583867601726e+00
1.742737969497024197e+00
1.807671432225849584e+00
1.711661857684834809e+00
2.003067937744438254e+00
2.027490324416206580e+00
1.861028810421678115e+00
1.881882449285241954e+00
1.715925378342489704e+00
1.863305496193226274e+00
1.948204587800027143e+00
1.910157544808494645e+00
2.055805170402815296e+00
2.040365015940047488e+00
2.122958006233608863e+00
2.226042724640541870e+00
2.192306848504638417e+00
1.818950556645181349e+00
1.841352024109905061e+00
1.807059259223416259e+00
1.806632229904607145e+00
1.957636392467327013e+00
1.911155238156892144e+00
2.003583618893045148e+00
1.897029746142436579e+00
1.919016525621741520e+00
1.931792815322732837e+00
1.754874837735693083e+00
1.817483743576386201e+00
1.886433173844432432e+00
1.960200785293290782e+00
2.053214453582498766e+00
1.981032029575052533e+00
2.078377584605723083e+00
2.013277757111271882e+00
2.009224292874991491e+00
2.080422916794749888e+00
2.000993448326996660e+00
2.161361887612663235e+00
2.191702110834613748e+00
2.089970822196155709e+00
2.008461477638277426e+00
2.072684162637905558e+00
1.813811390621556940e+00
1.746462392315038858e+00
1.924665665232736078e+00
1.838904541297840867e+00
1.737640253748897523e+00
1.900887831329679090e+00
1.740507066997783570e+00
2.003568047065420910e+00
1.773764763128554467e+00
1.739573593323898715e+00
1.891261658148474689e+00
1.959611759696662459e+00
1.829628840657872013e+00
1.792239915224633773e+00
1.916295821260926457e+00
2.068158570685388220e+00
1.839295938717419920e+00
1.792173342077101994e+00
1.960789209850495096e+00
1.856531959316896963e+00
1.872378983663086860e+00
1.826872655277017143e+00
1.843522328562458901e+00
2.009420015350498190e+00
1.775348164153778496e+00
1.834600829312532433e+00
2.045660194427282974e+00
1.763271186658089240e+00
1.949026802838032202e+00
1.976341007886103451e+00
1.920823065211589631e+00
2.096211159534232316e+00
1.953031294414048213e+00
2.035803338093905346e+00
1.885971449170145364e+00
1.891550384505298110e+00
1.977020162475965126e+00
1.814067643129992247e+00
1.885398933358266582e+00
1.852174998343397272e+00
2.110760486208406395e+00
1.919307365386599296e+00
2.035172965132925782e+00
2.119008084459428787e+00
2.066297397519353485e+00
1.966541658474834531e+00
2.111459609598260734e+00
2.083175702131404794e+00
1.857398478803369279e+00
1.807906563996880323e+00
2.071879124992538124e+00
1.904552193367040624e+00
1.925386324107927205e+00
2.025840029843649859e+00
1.899546934649128271e+00
2.109008998442041705e+00
2.091284912061898815e+00
2.006151492985473794e+00
2.145720315731507455e+00
1.893507424963864150e+00
1.901078343091993972e+00
1.897797925530177343e+00
1.870102513672482925e+00
1.746279685020265982e+00
1.736980653403113584e+00
2.023113560637765040e+00
1.920854511988125068e+00
2.040072968053045610e+00
1.849309308572471000e+00
1.960597258228152784e+00
1.878650416602655859e+00
1.957116843870522871e+00
1.873701036075343662e+00
2.044120709457641460e+00
1.918143324652548110e+00
1.862657958097695854e+00
2.088915493546711577e+00
2.060403457468072297e+00
2.183113686596225289e+00
2.183311968690140770e+00
2.026306922454540693e+00
2.150911762303708841e+00
1.944480426036725440e+00
1.867477703157232272e+00
1.887209818698486918e+00
1.851353868247403112e+00
1.851060259725793689e+00
1.733536950821291889e+00
1.717126023039385885e+00
1.706427123027372872e+00
2.015536135330389111e+00
1.838314923721557692e+00
1.932940391875788144e+00
2.022373286391005998e+00
2.014242685542675382e+00
2.025729001985868916e+00
1.948009920658061667e+00
2.013804294399957673e+00
2.158727927304218586e+00
2.124982232521636316e+00
2.060842889169998138e+00
