1.795785204709094529e+00
1.788881147374394631e+00
1.890416643080250925e+00
1.726176362040176437e+00
1.750719665650974255e+00
1.970161206821870792e+00
1.773313232588086041e+00
1.915724276492474010e+00
1.780152675434892862e+00
1.798084145023753466e+00
1.860494615955335718e+00
1.748225554566240403e+00
1.877786599203965734e+00
1.910245235389044005e+00
1.740913913323044016e+00
1.827757217943255741e+00
1.932386823766724993e+00
1.841236772059147597e+00
1.744028191093058400e+00
1.790489017651537118e+00
1.793018835885342943e+00
2.041296314981527971e+00
1.743219912790704873e+00
1.747985059068053237e+00
1.858119282969660446e+00
1.783239987671598747e+00
1.792650717180737763e+00
1.946164231780273868e+00
2.077767533077674589e+00
1.867095133713428945e+00
1.847400062702383217e+00
1.987751668576682729e+00
1.922112557369337393e+00
1.784716901431465663e+00
1.735917642547523121e+00
1.713572400845876587e+00
2.067340409522192779e+00
1.778212954258676204e+00
2.156415905129535293e+00
2.083311295323225121e+00
1.942765207777927605e+00
2.010232391014552089e+00
1.891740309840277634e+00
1.901151934651670539e+00
1.856475430263029525e+00
1.954851817973138672e+00
2.060040496164727841e+00
1.873469004766586288e+00
1.885178367020453383e+00
2.030575180743233066e+00
1.876588064164263381e+00
2.102637682930625918e+00
2.009374109777175565e+00
2.117307522930345076e+00
1.738861270828105265e+00
1.804480156432759053e+00
1.740385553849035594e+00
1.775066432524765814e+00
1.820688372810228550e+00
1.736483291647659577e+00
1.867563002106180203e+00
1.826537560873749078e+00
1.759218316372232360e+00
1.899603775843534903e+00
1.711926105428930978e+00
1.788515435903767603e+00
1.850075739066584068e+00
1.883148276271975341e+00
2.104246919095438262e+00
1.950218657957025759e+00
2.217465407135911004e+00
2.188954577283071856e+00
2.120984752108464377e+00
1.861929408627682303e+00
1.845090660683651906e+00
1.797526139196452988e+00
1.797628861344335194e+00
1.852995358322778063e+00
1.828513261631368847e+00
1.939839351727751682e+00
1.773570953851119070e+00
1.923193829813692801e+00
1.879608071472691266e+00
1.816536064737328982e+00
1.780493069920394689e+00
1.861242389750928705e+00
2.027567007208634031e+00
1.962613452561940086e+00
1.916500696060712050e+00
2.034979965805068236e+00
2.016159800621634801e+00
2.077278774634676584e+00
2.028675628867743441e+00
1.934312582693971105e+00
2.166028629110242854e+00
2.168096657564592356e+00
2.055950832677314377e+00
1.995656803734079165e+00
2.039712315900248374e+00
1.915808245512043761e+00
1.777499648502262941e+00
1.789026856782182762e+00
1.809647070251547918e+00
1.724343276439484818e+00
1.940735025168272898e+00
1.744602719745708352e+00
1.900658904721347131e+00
1.791502687105784419e+00
1.716862099315718648e+00
1.799463701886818701e+00
1.965880245805130100e+00
1.868211307325163162e+00
1.732392372424319538e+00
1.978159058803059089e+00
1.985387197436007556e+00
1.950584150500582536e+00
1.801587650048398492e+00
1.904735557548511649e+00
1.807455868496367080e+00
1.905608442583948348e+00
1.823697913811389126e+00
1.796262907826452260e+00
1.939854301551235061e+00
1.724362057171322071e+00
1.793131871794840348e+00
1.986323094552816748e+00
1.681366778840071463e+00
1.793402883411186144e+00
1.857852557784822611e+00
1.766359344047820024e+00
1.984869654532456451e+00
1.959332055391433292e+00
2.004944590882960842e+00
1.828346268336746849e+00
1.847380984040962071e+00
1.871026974185035385e+00
1.801356313539262066e+00
1.784626847693273843e+00
1.720223091732376641e+00
2.161813693321933627e+00
1.755695692781574335e+00
1.932428986052583841e+00
2.090710685481350417e+00
2.009146636442875167e+00
1.825050481575634098e+00
1.916250000339300597e+00
1.955574180692017494e+00
1.765954021811077412e+00
1.771744308247044541e+00
1.953332223976694149e+00
1.851779777225595058e+00
1.915036740003877025e+00
1.946353889685707550e+00
1.858699040118702017e+00
2.051575282848560278e+00
2.079756461948226498e+00
1.942681474404364117e+00
2.143350679879373555e+00
1.882194378628910814e+00
1.877960929178839278e+00
1.841790476818945921e+00
1.816515783586295951e+00
1.789539791447981143e+00
1.759556866319508472e+00
1.918472657726980390e+00
1.832923246950396878e+00
1.879290490070500974e+00
1.891872944764010800e+00
1.919497639045349535e+00
1.852397076292392031e+00
1.832956877230752069e+00
1.799235695853268924e+00
1.832381818432714526e+00
1.812323518181333970e+00
1.832400129746351469e+00
1.968899629459511580e+00
2.117669289028630608e+00
2.181113180561309317e+00
2.170579050780323094e+00
2.063435529000856583e+00
2.143845717744062185e+00
2.002500194446916737e+00
1.821687547117284867e+00
1.906708219143530503e+00
1.853227446435180781e+00
1.922192419344132652e+00
1.818701607993323588e+00
1.734047448460645402e+00
1.728017379586881175e+00
1.946342253116705834e+00
1.836831816843843557e+00
1.886645663731569611e+00
1.995010464095678282e+00
1.975371461043278432e+00
2.029084340243103579e+00
1.893282696722049963e+00
1.909553989783661976e+00
2.118934524784073847e+00
2.087531360289100579e+00
2.020054397558757042e+00
