2.093659840245344128e+00
2.023104566384253289e+00
2.186299423525681629e+00
2.090613294925144583e+00
2.114642026680164655e+00
2.013241049834163299e+00
2.093368696395617512e+00
2.220779977604201871e+00
2.014302492879219919e+00
2.106961097381123249e+00
2.018041069725220904e+00
1.928470232948287233e+00
2.038723397192736542e+00
2.161834120822143657e+00
1.983101946529987947e+00
1.995849222500240883e+00
2.330303933050863918e+00
1.957487927317439924e+00
2.221253084053457894e+00
1.987479546495196425e+00
2.021637826521510917e+00
2.079726883578104424e+00
2.499421973949512044e+00
2.376665050696868953e+00
2.007077243459673976e+00
2.214279182557520542e+00
2.138274097274490249e+00
1.973489430437538550e+00
2.277150487311601523e+00
2.039145568278082798e+00
2.124357275759892971e+00
2.367889195117474532e+00
2.073260593549830499e+00
2.150198268908081634e+00
2.401207158429212285e+00
2.354626842629247374e+00
2.409853191013237694e+00
2.442593704677876953e+00
2.344235002833592318e+00
2.056188833711688702e+00
2.060723034611922078e+00
2.352173212994357332e+00
2.176034323389629765e+00
2.443160531478086650e+00
2.126654311337737191e+00
2.456026403046311035e+00
2.267826056228055442e+00
2.389499413880543432e+00
2.228255358861375157e+00
2.292092887872146267e+00
2.398740997844775791e+00
2.320879692734557853e+00
2.327574468394484342e+00
2.260346778866611839e+00
2.280347478926563198e+00
2.306759458412325436e+00
2.371737633261308265e+00
2.157513145857321124e+00
2.270083638276644056e+00
2.164718573798064760e+00
2.438744298185122616e+00
2.149174491179064006e+00
2.268937672340078926e+00
2.236368895163712622e+00
2.389589122927319398e+00
2.473148337170766542e+00
2.276760159838072006e+00
2.188389708882523266e+00
2.302949380358336295e+00
2.359454350826955871e+00
2.311874333092204914e+00
2.368912954504886148e+00
2.570262164328763976e+00
2.365677915579041279e+00
2.396601186686361906e+00
2.358042972219496214e+00
2.316640685756088835e+00
2.312624792195565160e+00
2.462117028112503547e+00
2.432829870785890858e+00
2.368323171269914429e+00
2.291067917741476112e+00
2.270404911662498915e+00
2.326682954428485495e+00
2.325434175677115523e+00
2.309274640497034792e+00
2.075748638745548824e+00
2.199224636970614988e+00
2.291843003892771513e+00
2.277580944949777475e+00
2.336753548476559139e+00
2.232197612848388246e+00
2.295659402119749615e+00
2.235598232592092227e+00
2.220059608114206107e+00
2.324903715172828012e+00
2.415537533111967505e+00
2.419689974530012222e+00
2.146028033072145291e+00
2.222880703364900068e+00
2.241528679012712466e+00
2.391269162000001280e+00
2.474309269764827235e+00
2.657404133517227596e+00
2.559595668881754715e+00
2.475570500088745796e+00
2.508298224807953947e+00
2.462103071388440867e+00
2.513260795836652406e+00
2.481121014651506584e+00
2.569671109531235675e+00
2.302970831009699015e+00
2.430235945830967026e+00
2.263639796846439456e+00
2.409595846319910972e+00
2.397067572769729260e+00
2.353554094061860891e+00
1.964318838027380387e+00
2.496914687784956843e+00
2.283986170066876653e+00
2.667204755007525740e+00
2.527574508506366779e+00
2.398056660562078779e+00
2.455967901180527768e+00
2.486255253166993917e+00
2.410506514142256584e+00
2.548126724474534033e+00
2.322638833265644909e+00
2.591946041749376484e+00
2.600571442684723955e+00
2.412844114523511330e+00
2.455830907023032861e+00
2.578589094831789996e+00
2.439212995881247181e+00
2.379910692130879024e+00
2.552720462117875400e+00
2.585282189861070723e+00
2.577911526992612945e+00
2.029364555711983709e+00
2.081491798681387007e+00
2.071843489193812449e+00
2.104447498886919732e+00
2.008418353235351450e+00
2.236340900208237503e+00
2.104741753831029794e+00
1.988481502030501336e+00
1.965984578806430738e+00
2.105446500358442830e+00
2.241426270717179925e+00
2.122228869435916820e+00
2.108870836006889071e+00
2.083775894595290445e+00
1.948004785973973751e+00
2.177432025267562299e+00
2.224035116657519850e+00
2.359652389589038002e+00
2.364053719803667075e+00
2.234847061013311098e+00
2.333206352512910531e+00
2.216592104150235887e+00
2.096891432643960496e+00
2.232194147505492943e+00
2.404615599506138235e+00
2.542202475899927983e+00
2.504861711078708808e+00
2.148397380041313198e+00
2.206621672602021356e+00
2.365390407828150465e+00
2.243006497136487809e+00
2.191936026928009706e+00
2.522452481712142092e+00
2.225760157903685865e+00
2.487591880824792323e+00
2.515431069449571400e+00
2.334203139418855599e+00
2.326960798622613957e+00
2.547406828903413523e+00
2.487456777902848692e+00
2.530370506443895717e+00
2.611163851857625673e+00
2.659788217266242150e+00
2.637074899639962222e+00
2.512133509694141509e+00
2.497352817355115384e+00
2.471395269216015489e+00
2.096741120021711424e+00
2.185560115464083797e+00
2.262300680930278585e+00
2.003054663133056579e+00
2.164202790586111647e+00
2.095657495536085158e+00
2.305128699844550599e+00
2.245971962882542527e+00
2.167753739371403032e+00
2.273418792701412450e+00
2.132615195136538411e+00
2.216796777585972489e+00
2.229137437091013751e+00
2.314696764280230301e+00
2.312650412104689579e+00
2.286576240813166461e+00
2.432671318138040828e+00
2.292847745598723730e+00
2.315770616671236404e+00
2.374221360112082291e+00
2.327483301435223417e+00
2.192329577742483160e+00
1.973498964271722667e+00
2.145578330849931881e+00
2.140139323349435241e+00
2.124053241311626206e+00
2.090975453780326898e+00
2.206441586451871384e+00
2.265546055088798028e+00
2.171951668859844364e+00
2.240730695863214716e+00
2.341917624971217027e+00
2.299498801888068211e+00
2.319925892754641783e+00
2.489235104766668538e+00
2.407301763363712599e+00
2.388602574425416680e+00
2.501876655181635378e+00
2.362860430548360480e+00
2.329907211457254768e+00
2.437488480849015371e+00
2.404920802595857943e+00
2.335556685945090472e+00
2.321873277678041969e+00
2.403722721195109546e+00
2.640620576587803914e+00
2.585074643240392156e+00
2.497197842589242267e+00
2.354025213484634893e+00
2.589490502271574623e+00
2.583342179978928232e+00
2.444410687016626227e+00
2.640333803385820133e+00
2.442288584746163060e+00
2.488589094062622298e+00
2.733437220210376051e+00
2.484947594615720234e+00
2.477018945858064480e+00
2.417367185403815455e+00
2.517581816108837245e+00
2.452278673544292964e+00
2.524445363061294856e+00
2.599693852453267784e+00
2.105273234288507211e+00
2.017235029209195840e+00
2.085413797305947448e+00
2.155606444963119372e+00
2.122442977651505913e+00
2.172051585121323125e+00
2.088142942284306081e+00
2.094338935183146511e+00
2.037181618236070690e+00
2.318790143442198914e+00
2.171083359169405202e+00
1.988444502430154026e+00
1.977737749122931099e+00
2.021313744731310535e+00
2.283282266324409893e+00
2.067975458802045363e+00
1.891427989001823740e+00
2.433928321192967648e+00
1.921391356809226458e+00
2.227792575262649510e+00
2.064335668683578096e+00
2.601007248552775319e+00
2.022141334407625557e+00
2.094567813626943664e+00
2.319439978488188281e+00
2.125984784082769252e+00
2.035258959808675883e+00
2.206453244624774879e+00
2.351715332631147959e+00
2.153736465760299534e+00
2.280274025314426911e+00
2.124833406229137189e+00
2.113050116736729489e+00
2.338689325159863941e+00
2.364430778817181000e+00
2.480079757804153129e+00
2.404455103361191615e+00
2.233807753148241204e+00
2.199355771031465512e+00
2.226747706806446292e+00
2.308778093120254837e+00
2.547354464678746488e+00
2.422644252783956009e+00
2.399173227272863418e+00
2.347163948487501983e+00
2.304467379658267312e+00
2.426482397262303081e+00
2.472997901722234104e+00
2.349748516043927093e+00
2.306720824302070483e+00
2.294090871614049121e+00
2.314523642831463945e+00
2.285767271359041786e+00
2.315695689152693859e+00
2.183750189541847853e+00
2.265593820871496966e+00
2.203190932980796379e+00
2.499730719813839652e+00
2.199635142493114426e+00
2.298448069038875108e+00
2.322785184106581191e+00
2.223561654415724398e+00
2.576340905681085758e+00
2.168803506412768645e+00
2.313269326315351648e+00
2.305934291120339097e+00
2.320754884854629108e+00
2.341100186597068422e+00
2.267002930895541279e+00
2.365358785450125012e+00
2.214121826669706028e+00
2.445040235840875820e+00
2.283060380874742723e+00
2.425713114287865402e+00
2.344952752484394498e+00
2.336813013332430522e+00
2.470000612284144914e+00
2.251098672609531004e+00
2.274320863020162786e+00
2.227335124994957560e+00
2.456257875301953497e+00
2.329056753264568513e+00
2.327388143357688843e+00
2.304996883923397633e+00
2.275136942257359518e+00
2.347263292493207754e+00
2.157553824377026253e+00
2.219513381525821671e+00
2.291169375978128198e+00
2.396179365618003487e+00
2.325550616473553767e+00
2.286455243885006539e+00
2.301970837022437433e+00
2.297209936047046597e+00
2.206086686392466856e+00
2.143364045411220609e+00
2.285026124101840139e+00
2.190818519256260810e+00
2.254914915283054100e+00
2.373939511516995005e+00
2.254894961132755782e+00
2.550766408995426282e+00
2.237075637423326935e+00
2.201885860772949233e+00
2.277430719579653928e+00
2.500059292712148551e+00
2.379441115329331780e+00
2.515880845051545744e+00
2.562027724175361065e+00
2.445822359441912397e+00
2.548153661343544485e+00
2.538504098650530061e+00
2.482485136522550206e+00
2.453982327005934660e+00
2.413050889952029099e+00
2.397797124896070997e+00
2.414141938914884378e+00
2.308218893289622375e+00
2.206000533778938788e+00
2.304193501424269375e+00
2.425075355987113213e+00
2.354259931890000601e+00
2.327504763195038073e+00
2.359104284884930181e+00
2.359521719166242981e+00
2.484328521006912815e+00
2.466898079856903792e+00
2.514599537849519173e+00
2.716702438873312531e+00
2.279651371744491062e+00
2.308157157959186634e+00
2.545447763608418956e+00
2.495740167096418993e+00
2.492471719764932203e+00
2.451789936774871670e+00
2.155536136826704308e+00
2.574237899503946991e+00
2.439157005177148729e+00
2.460036353276945142e+00
2.600242429820653012e+00
2.313307916237891337e+00
2.438887650386847739e+00
2.283024474845578133e+00
2.564879189582879526e+00
2.451069792011230764e+00
2.249158524338570775e+00
2.590658842296580833e+00
2.582999290435640916e+00
2.594379423847113841e+00
2.041533916949324290e+00
2.059754068097529256e+00
2.078698780305126892e+00
2.148907229791554574e+00
2.011181019497527700e+00
2.067596499066279403e+00
2.168500075777135550e+00
2.165006060862242343e+00
2.155642929639014937e+00
2.099607280175641577e+00
2.115208776224973608e+00
2.253060336099599326e+00
2.221323875498507405e+00
2.176214822452060105e+00
2.137864667622209502e+00
2.327734889942223440e+00
2.111199456026016552e+00
2.273859089274559597e+00
2.324262537212280044e+00
2.297724200132068351e+00
2.235443394733873212e+00
2.198564261942839604e+00
2.204392890445196151e+00
2.249691977164354650e+00
2.309038922165786101e+00
2.389068950186881146e+00
2.127411921665248506e+00
2.259821993174519594e+00
2.275268283626041832e+00
2.164069375222519298e+00
2.254025134093672555e+00
2.368050128503821572e+00
2.241513442353328056e+00
2.140103712134817648e+00
2.220014804037313105e+00
2.410915380265140850e+00
2.163995052601507929e+00
2.462317839694367461e+00
2.377853389024623620e+00
2.332059343773097204e+00
2.289443948713355770e+00
2.537015729770577543e+00
2.339892691579174677e+00
2.571252909681180032e+00
2.597500652412642719e+00
2.481584138132462591e+00
2.432295867703605730e+00
2.542398075624587861e+00
2.520057390289471400e+00
2.684937571877774598e+00
2.669892156300429864e+00
2.527989770121044533e+00
2.400569511502099740e+00
2.437000389301639647e+00
2.506820998937036471e+00
2.334489811345038746e+00
2.433404434739055766e+00
2.228034994519593859e+00
2.214162840498595575e+00
2.220824518670489578e+00
2.224199949597102766e+00
2.301664951521627867e+00
2.369178127230934461e+00
2.246304349960169144e+00
2.353978910915649703e+00
2.191111106702824163e+00
2.243111561766623296e+00
2.234530663954836349e+00
2.239597140111802887e+00
2.171680341062145914e+00
2.252207372959010190e+00
2.187473072321086676e+00
2.246184596283460344e+00
2.258391789623335200e+00
2.051065593134069331e+00
2.223891963702629315e+00
2.237467624016809875e+00
1.974755029294830377e+00
2.219936623546041599e+00
2.121023918930529994e+00
2.308323928941443448e+00
2.364166390037444554e+00
2.276275659881762170e+00
2.476464962159459215e+00
2.352017616576163928e+00
2.393603850119895959e+00
2.399322249444411081e+00
2.349091918351182695e+00
2.485106332756460201e+00
2.361221949154320932e+00
2.407467433607776819e+00
2.578051698911027589e+00
2.578449486223182596e+00
2.498921377793634324e+00
2.641619800198286239e+00
2.446540493959147966e+00
2.406292213435502703e+00
2.494636346505321178e+00
2.423956059896661408e+00
2.334062661206763867e+00
2.390118617910764964e+00
2.408055597002368042e+00
2.389645402041151279e+00
