1.840125592858945947e+00
1.781961802295258801e+00
1.963019566779655278e+00
1.712408653108525414e+00
1.704750887872120257e+00
2.000642283408767597e+00
1.776845941354303182e+00
1.994470775072326507e+00
1.718024707001219342e+00
1.900041573382716731e+00
1.917917800769931791e+00
1.910625578515519063e+00
1.970211858978113018e+00
1.925017282341179525e+00
1.761407849388326952e+00
1.831504193381922274e+00
2.047976241887794036e+00
2.008617653425834426e+00
1.841082459689050710e+00
2.029548692744548521e+00
2.163521061930668843e+00
2.139146974359887210e+00
1.843895639467876713e+00
1.864289929574747262e+00
2.027075251809215217e+00
2.033441598113194804e+00
2.006346146032702116e+00
2.117790957150871289e+00
2.175648379114471620e+00
1.996491308368246953e+00
1.832534098771102515e+00
2.056527255912089736e+00
2.020252192481647668e+00
1.943261590961070429e+00
1.879692205265921068e+00
2.013740026175446118e+00
2.076577535090955884e+00
2.153878632263812154e+00
2.389813205086568360e+00
2.239963051470585498e+00
2.151228988469831904e+00
2.210106014403633967e+00
2.135384302429786274e+00
1.918853315569014617e+00
1.939795155327552978e+00
2.066824667310576125e+00
2.245038919872766492e+00
2.016798251560483646e+00
2.066250121384061611e+00
2.169349170008856298e+00
2.173315194293223840e+00
2.261829494527809903e+00
2.166642002982928972e+00
2.195391502463917011e+00
1.826194933720529878e+00
1.883488432715736849e+00
1.670037353925882373e+00
1.698767133098616045e+00
1.891334848365977095e+00
1.778549792332575263e+00
2.108765971582254206e+00
1.990457275644674784e+00
2.021723762847293937e+00
1.974771924551609104e+00
1.787103848214970148e+00
1.975538071101453186e+00
2.031159964592756495e+00
2.175236047185598931e+00
2.300192836270725572e+00
2.127917284497477191e+00
2.195843341469297716e+00
2.295616824163758007e+00
2.216881813018526159e+00
1.894971272960012776e+00
1.828336995661652864e+00
1.788612538041072897e+00
1.778073453454299901e+00
1.871838429265261894e+00
1.927200022046267280e+00
2.043148347471848147e+00
1.963860401993541283e+00
2.093267696669358635e+00
1.967055150669739794e+00
1.870680398564507740e+00
1.891488439865425919e+00
1.990148997466617997e+00
2.081001697051732435e+00
2.092204133000893584e+00
2.115823210124416764e+00
2.173803381087759945e+00
2.198669550228533609e+00
2.230649329831619010e+00
2.254472402911216644e+00
2.223621692120965498e+00
2.279469397484796822e+00
2.211103407650661268e+00
2.164646308799338392e+00
2.084700320711412314e+00
2.141323159323063052e+00
1.858371941585817977e+00
1.718584746539067343e+00
1.868340125604956548e+00
1.808659072232732923e+00
1.720093561743910593e+00
1.925172871887856685e+00
1.707802951404151059e+00
1.949635316250051043e+00
1.727970869739214210e+00
1.711261437472573865e+00
1.835276864438569078e+00
1.886102157749310226e+00
1.891455295544833159e+00
1.802950170037896926e+00
2.011416756651458027e+00
2.099871611780192548e+00
1.950574905297217443e+00
1.842847901236249752e+00
2.039677214639442404e+00
1.781072061032938914e+00
1.987450434762032536e+00
1.884404506360833231e+00
1.961762707739275413e+00
2.070706844750692444e+00
1.930625825660874151e+00
1.991099541231594383e+00
2.121556967257837378e+00
1.925730306403623748e+00
2.133411206338917676e+00
2.092316103801551641e+00
2.069376935755502078e+00
2.100168414051135191e+00
2.013258443271574105e+00
2.084770850646332718e+00
1.929435783104921365e+00
1.885943588378119484e+00
2.056180297558226844e+00
1.937598160542364667e+00
2.040618822152398426e+00
1.931535984504546333e+00
2.200260880566731636e+00
1.946508697558793743e+00
2.243077782406658116e+00
2.263706032748237007e+00
2.236347938298736349e+00
2.116658273621078390e+00
2.183672870720191117e+00
2.212132746665294469e+00
2.036716879185437534e+00
1.897660775433432701e+00
1.921137171747098416e+00
2.173424940852687115e+00
1.900278320361286744e+00
2.063414313069694916e+00
2.033761436878703588e+00
2.212562432123294176e+00
2.196362202187351897e+00
2.121228207398879739e+00
2.253216211978857686e+00
1.917199171837714822e+00
1.976416481794282864e+00
1.973051810518786642e+00
1.798788084335299686e+00
1.728692563703460472e+00
1.764848136654766808e+00
2.101539073367473254e+00
2.101315623703496449e+00
2.129774886988676563e+00
1.951648130488230493e+00
2.015715184943861704e+00
1.994584338316429228e+00
2.064589205299656172e+00
2.189469938224254619e+00
2.252616605127427007e+00
2.140592218595672502e+00
2.220777989524246099e+00
2.305897093019134481e+00
2.117682238424317909e+00
2.200937795934782226e+00
2.259996057238112588e+00
2.105294941535580833e+00
2.291462080561378123e+00
2.017390480295396582e+00
1.994547809073712097e+00
2.045783600925425105e+00
1.854465083360413713e+00
1.894513754764766800e+00
1.755265123984979692e+00
1.752974753228245586e+00
1.746572461546470389e+00
2.152390954599704642e+00
1.883853772749766842e+00
1.978314757751239217e+00
2.097160697928494688e+00
2.146485212783626473e+00
2.285279790631188135e+00
2.210318806819068005e+00
2.274238176004354628e+00
2.114291392411412840e+00
2.211927375801612250e+00
2.104245086692593691e+00
