1.673040047221778792e+00
1.735733796900078785e+00
1.828839519016800308e+00
1.632497907706977225e+00
1.676412641114066737e+00
1.807159108043494333e+00
1.703886083038531174e+00
1.918274514040972489e+00
1.671239499252690441e+00
1.784683878013891389e+00
1.804093614598139439e+00
1.756427733832201632e+00
1.804932038198816535e+00
1.848382134899796414e+00
1.846859725566717403e+00
1.995538716946631652e+00
2.047997526020348236e+00
1.983121108828505674e+00
1.915583714221897660e+00
1.897332728397873813e+00
2.013334097968674907e+00
2.022815301030448154e+00
1.847703728458748085e+00
1.842773018395008622e+00
1.893687784744377600e+00
1.941809519143115281e+00
1.877252008484519452e+00
2.010307940059745668e+00
2.059452141193206298e+00
1.882046905257098279e+00
1.799836428152402634e+00
1.848603330936256839e+00
1.907323767439762063e+00
1.852154061801466689e+00
1.822827536995177855e+00
1.826874681801542888e+00
2.032144676363974778e+00
1.896709832996953615e+00
2.106116098850852936e+00
1.984083587579252406e+00
2.115759705402565860e+00
2.022971622030699912e+00
2.066862929226441548e+00
2.005779094577418764e+00
1.973069958790975909e+00
1.909257954479843589e+00
2.164080374567692644e+00
2.014422758956766035e+00
2.078233148347285564e+00
2.111286177071790338e+00
2.046396539976695017e+00
2.136901789356571602e+00
2.014263274114445057e+00
2.078480368447551907e+00
1.776161656080961881e+00
1.833417301634912455e+00
1.710555893292735163e+00
1.737587157366262680e+00
1.837260866818511307e+00
1.791433534428380714e+00
1.894484479555116119e+00
1.887212808987128732e+00
1.819587930588670188e+00
1.871660370206788659e+00
1.747961685930947029e+00
1.835805627018051389e+00
2.005120803319382805e+00
1.969872756404116965e+00
2.014542652404014866e+00
2.008117858954950208e+00
2.014789585607452249e+00
2.233463875363422169e+00
2.293441783626894992e+00
1.846497407743597829e+00
1.745551064731726276e+00
1.771031104778979737e+00
1.782012939468196278e+00
1.904961464254978587e+00
1.844398485036400581e+00
1.951846728663616304e+00
1.872094338911340472e+00
1.938910639787939871e+00
1.879377763476663077e+00
1.813539327798395107e+00
1.804709384677385620e+00
1.938508953911206145e+00
2.044632636103913548e+00
2.047986199414472352e+00
1.974764833998480462e+00
2.137145982232881991e+00
2.008202149700292427e+00
2.076536285864901465e+00
2.084831355075327242e+00
2.071491741810164822e+00
2.111437751276111108e+00
2.056736880173491766e+00
1.979319458758751704e+00
1.966306226300998494e+00
1.980908009782208712e+00
1.814982536255887124e+00
1.443080398667627273e+00
1.446228884190140285e+00
1.466956804426476024e+00
1.404115032637788696e+00
1.617912804310678521e+00
1.327957229226735425e+00
1.851385903916229037e+00
1.385788170825388077e+00
1.395652794815187780e+00
1.493855942270660986e+00
1.594384706417871334e+00
1.499138989232794206e+00
1.521115495616885083e+00
1.604218908287504020e+00
1.699984864439222809e+00
1.705461762270796156e+00
1.699108901689264428e+00
1.954527903521202203e+00
1.826533903071733800e+00
1.903710419099219786e+00
1.843132742415012570e+00
1.862491315612297083e+00
1.955831246816458036e+00
1.781923620133874397e+00
1.812490722867376114e+00
2.018634519627720003e+00
1.754766268374434501e+00
1.827502508275529181e+00
1.875004255946567833e+00
1.850246051904518518e+00
1.943891971254114281e+00
1.865281441381963168e+00
1.984400459801736849e+00
1.828390285434646323e+00
1.668662064564928382e+00
1.768641814857207617e+00
1.826639488270682898e+00
1.842210559066612463e+00
1.795330722562686221e+00
1.773501854687623336e+00
1.765192895515993010e+00
1.849237830831932383e+00
1.835637886537718089e+00
1.925847541126413320e+00
1.921533901139965472e+00
2.061362169783515608e+00
2.120189936199380565e+00
1.725404904690990948e+00
1.719628950873343110e+00
1.898393427294459368e+00
1.957167582777228798e+00
1.796758560466956034e+00
1.839428041937145819e+00
1.901033284788635092e+00
2.107954923496105248e+00
2.054120759582923395e+00
1.928597119515172764e+00
2.131648900989963735e+00
1.941103935437276551e+00
1.916935598917127725e+00
1.951746995038150301e+00
1.655259929491897264e+00
1.617813801620348491e+00
1.484407097459818914e+00
1.900670913136814688e+00
1.808431214747085791e+00
1.800942825386195434e+00
1.739927976974778634e+00
1.950331173066577106e+00
1.882544152917275504e+00
1.995205715840068228e+00
1.988898652750082485e+00
2.073541449494030076e+00
1.985339418743129025e+00
2.028834199070063793e+00
2.108570583362198825e+00
1.655166547082281836e+00
2.141538845105496858e+00
2.287593917810149868e+00
2.009522291418763817e+00
2.085971873648977848e+00
1.819661820413972730e+00
1.837882020713815345e+00
1.840545386189856636e+00
1.806068498319224114e+00
1.776163707192587315e+00
1.721447444246081648e+00
1.701622113640630873e+00
1.675061406156172161e+00
1.947551009216381690e+00
1.899922076490895062e+00
1.993466693483269658e+00
2.077756999087997603e+00
1.994748000093347517e+00
2.045458873331261973e+00
2.007909145807424967e+00
2.024411906012428819e+00
1.993541529329772244e+00
2.056850588212043807e+00
1.781239538263338806e+00
