1.786731219609582810e+00
1.781180237818634327e+00
1.934397854836002351e+00
1.705174839488810656e+00
1.727931917660188832e+00
1.922935729108842695e+00
1.769017032642813181e+00
1.966715339819458119e+00
1.697392622001056672e+00
1.774224309276420941e+00
1.973548883497610928e+00
1.787852641439555468e+00
1.988250697802335321e+00
2.030446340207297418e+00
1.821990029097303454e+00
1.985918673478683782e+00
2.010385593442203689e+00
1.990777362923872751e+00
1.872966760424164434e+00
2.027835262125239346e+00
2.136928922582458146e+00
2.164414237932164919e+00
1.833477128583973714e+00
1.870867432480425974e+00
2.132090294736678437e+00
2.087747700065349044e+00
2.078215349943682178e+00
2.167794641408978595e+00
2.153046475869069276e+00
2.062947038569715730e+00
2.010029648084003639e+00
2.095076145956067393e+00
2.124154001649023904e+00
1.901290117493592557e+00
1.850147948473946702e+00
1.963427024044902769e+00
2.242206541834733891e+00
2.128909672582988577e+00
2.298189637306379929e+00
2.228572288886959907e+00
2.146403951557934953e+00
2.210049125990585228e+00
2.218622447457621938e+00
2.021431890140423349e+00
1.956949309632119549e+00
1.995186028827693914e+00
2.306014838631086139e+00
2.079426659139461009e+00
2.095493604912826324e+00
2.200907050657989750e+00
2.131666368640304565e+00
2.261745048351495591e+00
2.114838807755111016e+00
2.258481379770439723e+00
1.788942399163828245e+00
1.847312308845486140e+00
1.720164553355444825e+00
1.801477037662007286e+00
1.803166731371136366e+00
1.826496219886214911e+00
1.998331844205898378e+00
2.026863252011277261e+00
1.922460078962913377e+00
1.999948909883519477e+00
1.818652270006737126e+00
1.954987637814807888e+00
2.015072478326350502e+00
2.112084629636264754e+00
2.265291035983566736e+00
2.211466476733261022e+00
2.179267868027216615e+00
2.338912303561500927e+00
2.271879079080549868e+00
1.904144206061549882e+00
1.887499294392541493e+00
1.867810835321481067e+00
1.849839406957635379e+00
2.005638676079356308e+00
1.917277979069027527e+00
2.148708985754454570e+00
1.913433850397401104e+00
2.077028105782274370e+00
1.992178453282645423e+00
1.896462374661312067e+00
1.924417269023529053e+00
1.956883947819564540e+00
2.198685918622460100e+00
2.077727088352838258e+00
2.040941815855065844e+00
2.153441468172216045e+00
2.148129016707480243e+00
2.199713166578650902e+00
2.236651615468706833e+00
2.165906023375415490e+00
2.329418870831614807e+00
2.234483781418657333e+00
2.149719969016064436e+00
2.070366014125714305e+00
2.193581793946454361e+00
1.838239317113376625e+00
1.837054852699362417e+00
1.865974672303921222e+00
1.820114335846842124e+00
1.699728707154218199e+00
1.927173633064853675e+00
1.760763567197640045e+00
1.923076477288064634e+00
1.759977627145880019e+00
1.709326377268746588e+00
1.794263663516944440e+00
1.966280763532486153e+00
1.855213826620328188e+00
1.725821379535735778e+00
2.013280983166485960e+00
2.035118849620345838e+00
1.802051986950872875e+00
1.822386128767065072e+00
1.971903506989588051e+00
1.791118543595646484e+00
1.923802667320150039e+00
1.885605368663144876e+00
1.971171480166795886e+00
2.048027845875787012e+00
1.921443124274580860e+00
1.990111874564076233e+00
2.095834461505580837e+00
1.805423206577899231e+00
1.996934287045307732e+00
2.047529984253717128e+00
1.973290666946126759e+00
2.145187438905445276e+00
2.024553290987816556e+00
2.116356206018249697e+00
1.948539887608590426e+00
1.889029081280725331e+00
1.956419694088252337e+00
1.913846055277985236e+00
1.922668093467928330e+00
1.807467436107575098e+00
2.187122572775188178e+00
1.940818088042950862e+00
2.140831185908105727e+00
2.237101863254143286e+00
2.255856102606113467e+00
2.129790306192746563e+00
2.223304691750963791e+00
2.172832547201702713e+00
1.853135486630004269e+00
1.816052849512311829e+00
2.051859952241974039e+00
2.080737488456871009e+00
1.957998713555151982e+00
2.064375445527905750e+00
1.995350122500881174e+00
2.115461818596310994e+00
2.213514456203314218e+00
2.121611464669789449e+00
2.253929995664682551e+00
1.925363115499531208e+00
1.959164616194551733e+00
1.977090226443482646e+00
1.862010900663157109e+00
1.818483350590812453e+00
1.758653562054503405e+00
2.190841719783379826e+00
2.021979842904292557e+00
2.020975451500117259e+00
1.941966772650659756e+00
1.961941069411522909e+00
1.943111605717956047e+00
2.031464263991394237e+00
2.052822439962696865e+00
2.238850157083540182e+00
2.090683108724393779e+00
2.139104608031676236e+00
2.226837288058772568e+00
2.182192349762956063e+00
2.303318565750064550e+00
2.250992239195321876e+00
2.188736293313549464e+00
2.289682792438604064e+00
1.965955064277285613e+00
2.085535187897429754e+00
2.066776441230612438e+00
1.857289105154462883e+00
1.918127690776598726e+00
1.787610818091912357e+00
1.693960304788504123e+00
1.608683217094084128e+00
2.113961847682529260e+00
1.935228270196530431e+00
2.010193509383965793e+00
2.061728542747266246e+00
2.130453210162094102e+00
2.223236463322725065e+00
2.128458512544579850e+00
2.128259329159162494e+00
2.225879666968392900e+00
2.231321017578031363e+00
2.163181404567475763e+00
