1.755594233295711737e+00
1.820503194697431493e+00
1.898711535567505715e+00
1.737030637156315338e+00
1.728549582381673666e+00
2.065468895537452720e+00
1.747983670824756475e+00
1.993528247188169233e+00
1.726067850369784384e+00
1.913390938517400608e+00
1.913985606901241088e+00
1.811870453297812267e+00
1.880053136702242389e+00
1.913808744725405298e+00
1.704116035498951298e+00
1.939880048608237262e+00
2.004916177207100692e+00
2.058905040742836867e+00
1.873499285586938568e+00
1.983839923570620112e+00
2.138310224337056198e+00
2.033624163156400488e+00
1.897648542758266998e+00
1.899059033178751577e+00
2.022839857666768548e+00
2.095579664909444695e+00
1.995345047626837731e+00
2.085751701733789432e+00
2.164910054637782189e+00
1.978525821032365073e+00
1.852516942628561258e+00
1.882981156230820075e+00
2.000618630439782386e+00
1.885192185165402545e+00
1.885908112447596707e+00
1.863302671294773560e+00
2.142614983542512785e+00
2.044678717633987564e+00
2.192103670904847590e+00
2.184202412944455940e+00
2.114118182412599634e+00
2.039473318748874497e+00
2.062253294453085140e+00
1.853436836981362967e+00
1.913556581557049441e+00
1.988602824127106539e+00
2.216039534650810161e+00
1.979156290757047243e+00
2.115146051562858176e+00
2.136913743325306481e+00
1.993430320231392994e+00
2.172665434721974709e+00
2.053594288951678504e+00
2.201894042188212275e+00
1.815739237618619883e+00
1.866158424589704046e+00
1.673085028323218593e+00
1.743094083806034922e+00
1.865402908420955352e+00
1.602061396284286010e+00
2.091123512044133825e+00
2.081112277744370243e+00
1.976500140629264601e+00
1.881588635336197912e+00
1.773891464911832472e+00
1.824002388726803758e+00
1.958356034902331899e+00
1.969294473393767397e+00
1.991190015021802484e+00
2.107141878399608537e+00
2.079788186253315629e+00
2.352510332020425032e+00
2.369209828072387669e+00
1.667459677920964278e+00
1.726053778977332698e+00
1.683257376862135946e+00
1.759935294985456533e+00
1.812642712289648017e+00
1.984124917362014129e+00
2.091510905096361395e+00
1.871308813748784772e+00
2.160727154813528728e+00
1.886198038693094547e+00
1.944690521117509396e+00
1.820916113255223179e+00
1.926518937726938274e+00
1.966549692280314510e+00
2.029782352681367641e+00
1.962109975598921308e+00
2.152330019053640964e+00
2.043572432387563698e+00
2.108684525533150556e+00
2.124626065304058731e+00
1.989649966891012145e+00
2.183172814553189678e+00
2.215598849247433666e+00
2.010943104330203735e+00
2.015991735846734301e+00
1.993240585975081469e+00
1.727252309529880847e+00
1.806126954039687371e+00
1.779842031724718776e+00
1.770844245794838345e+00
1.683594257790834714e+00
1.876273768091732741e+00
1.657792997771690535e+00
1.982401853397981473e+00
1.739815661141204117e+00
1.658389069964497420e+00
2.019725920788101536e+00
2.032593838321376190e+00
1.861510275025165750e+00
1.794431889167333205e+00
2.015348543996710262e+00
1.959149768537779890e+00
1.971547586624222692e+00
1.731823877173479742e+00
1.998572926646395187e+00
1.845456239693485934e+00
2.014236809259194239e+00
1.871681080440355416e+00
1.965125406376971195e+00
2.008071281182680856e+00
1.893350583145736898e+00
2.028372274267879138e+00
2.091805353117714983e+00
1.821926582004701034e+00
1.913756376214724275e+00
2.011053692943516769e+00
1.983471915184148893e+00
2.048048426038442393e+00
1.953960611737420860e+00
2.007001022692093350e+00
1.878907081853009142e+00
1.852962010733407716e+00
2.035109312931091097e+00
1.938655855792115190e+00
1.917758950207044011e+00
1.927063584653450956e+00
2.081492090618652036e+00
1.819964146592231824e+00
2.057281363017254616e+00
2.172251393834871092e+00
2.104383688627932791e+00
2.199866746376242244e+00
2.158187363035705353e+00
2.171437353388443903e+00
1.940681097867217542e+00
1.844289941352018403e+00
2.020938083395982687e+00
2.137896116660994661e+00
1.802174431858280856e+00
2.043335844820522329e+00
1.899506611283151569e+00
2.145946656972272493e+00
2.151787773073444487e+00
2.055149022820004223e+00
2.170752516478260841e+00
1.866754889450334742e+00
1.951283227495390182e+00
1.896274752781835771e+00
1.758257712161416020e+00
1.705886180134076335e+00
1.774566851665579037e+00
1.961681815799049433e+00
2.034387519187577542e+00
1.918823779819297082e+00
1.886974210940544738e+00
1.887760466479575294e+00
1.848816504455090826e+00
1.925977374056717650e+00
1.860053691698587031e+00
2.065272735674668514e+00
1.950092725165061491e+00
2.013360883005768542e+00
2.223766660354897340e+00
2.139639466653363353e+00
2.277488757487334148e+00
2.360866635986536899e+00
2.150372527897347119e+00
2.157333056727734011e+00
2.116343911481071594e+00
2.010323337163915980e+00
2.046092858476407983e+00
1.747880697323699328e+00
1.846464695101095010e+00
1.692702623207597901e+00
1.761285931907130342e+00
1.727826875313809740e+00
1.922529652873018913e+00
1.881505627818419679e+00
1.983583259391485720e+00
2.062337066846765765e+00
2.066415843390685847e+00
2.078595980406233057e+00
1.979937349327426155e+00
2.013741514102322938e+00
2.200317199681677049e+00
2.124248045448147160e+00
2.046299378724220741e+00
