1.661424380711316484e+00
1.602048539993098153e+00
1.649916952667851877e+00
1.563881741131081249e+00
1.578040348309971863e+00
1.697899285993073493e+00
1.689011800833243093e+00
1.699435689467896804e+00
1.664586890180444367e+00
1.579625400092595555e+00
1.579548903723528852e+00
1.636527284818035444e+00
1.714403845345434441e+00
1.761920488908292892e+00
1.870756435488578173e+00
1.735720413816700392e+00
1.651062721973584502e+00
1.826377960368096520e+00
1.658164040080544188e+00
1.848284521384389256e+00
1.858114614373517881e+00
1.812718739213608821e+00
1.814878587065263948e+00
1.659194345201348453e+00
1.673565654264976610e+00
1.703666282186980796e+00
1.690609198600127039e+00
1.840530885528420368e+00
1.804244958800395260e+00
1.941629580349971462e+00
1.690336526729800060e+00
1.663303823294761674e+00
1.738186237479597995e+00
1.729337075550935854e+00
1.756564233311416201e+00
1.848902459323532144e+00
1.803002987841246574e+00
1.592200031845304009e+00
1.584492148539463852e+00
1.636764671327181953e+00
1.786666629284940688e+00
1.654233833603137693e+00
1.677724541106480283e+00
1.731393014020559784e+00
1.708943309892498430e+00
1.818183806204461739e+00
1.728028212338533764e+00
1.674661845635923685e+00
1.881416008718546085e+00
1.817534042143380768e+00
1.684363659650697009e+00
1.640299116171036298e+00
1.716010869500897540e+00
1.629601379900597058e+00
1.586189007508683746e+00
1.726949912483539906e+00
1.729611193282211357e+00
1.691326247887375400e+00
1.567604879941202789e+00
1.670960607715424429e+00
1.662680555630572377e+00
1.687473630981738415e+00
1.693644682684027014e+00
1.730988138238828355e+00
1.726475626517240736e+00
1.882328599883287712e+00
1.782311679109935376e+00
1.677555608602750770e+00
1.670654964256694575e+00
1.880304754045931670e+00
1.864851858052853473e+00
1.827689864069684589e+00
1.840074867541474646e+00
1.571515634398786387e+00
1.681520644354323135e+00
1.768396297893991553e+00
1.826403382601143655e+00
1.883270330180977670e+00
1.713100797600958680e+00
1.723912644108217318e+00
1.707159110329855567e+00
1.766281637388270154e+00
1.717501226098406608e+00
1.717412542719935376e+00
1.722555871003003114e+00
1.770503251103154874e+00
1.813524367139564664e+00
1.846315023883279949e+00
1.875479984770948461e+00
1.614061658359633000e+00
1.707415662769819376e+00
1.594212944936730825e+00
1.571039795558158092e+00
1.691578454147626198e+00
1.708322537731551183e+00
1.720602426204427271e+00
1.816525799546813147e+00
1.800661652640100474e+00
1.848525003297559977e+00
1.808066128614953749e+00
