2.328380401635472996e+00
2.252246062368683521e+00
2.240558097527953763e+00
2.236357532863463060e+00
2.209365245786081733e+00
2.193008144718513908e+00
2.179605799646919806e+00
2.348679554388524604e+00
2.213283968758061437e+00
2.180425764989897264e+00
2.151743392472551086e+00
2.091091327322037507e+00
2.166739251824287837e+00
2.282625069810453766e+00
2.073927853347996564e+00
2.105495566210110248e+00
2.429665918386309187e+00
2.096392438701798699e+00
2.310196221279215312e+00
2.085818591732659932e+00
2.076979691107185388e+00
2.189844512524341091e+00
2.580960305768409846e+00
2.470874069736794354e+00
2.091872118513691703e+00
2.297312677227282940e+00
2.185586526258600504e+00
2.060505424019833054e+00
2.333769274968052976e+00
2.083241599075367656e+00
2.312761342283586874e+00
2.394915235318455071e+00
2.115106305909124185e+00
2.281623215111290737e+00
2.331377705122679611e+00
2.345931931268024240e+00
2.422052827072893155e+00
2.533719078000317371e+00
2.504813872791324947e+00
1.949139454748362699e+00
1.910104542452510712e+00
2.038436036257290418e+00
2.028495152276293734e+00
2.342812432395660061e+00
1.986009101217421247e+00
2.218277984656351620e+00
2.182981073086307067e+00
2.107725481917204213e+00
2.143531498962951698e+00
2.077003471735102913e+00
2.258241601253331510e+00
2.232637644320120351e+00
2.145539692673359866e+00
2.138710063355041768e+00
2.242605810117650478e+00
2.259551680038359933e+00
2.254387914262733439e+00
2.099885890512930509e+00
2.196445393669049562e+00
2.106621068237291006e+00
2.379536773116738502e+00
2.164122700407101085e+00
2.192760733673520424e+00
2.209831068976746860e+00
2.330738434730601938e+00
2.495988710432423652e+00
2.247128526053236985e+00
2.182333533820881577e+00
2.284081586489372651e+00
2.342300779755863704e+00
2.352020953918514845e+00
2.380466028040879145e+00
2.576042505450823583e+00
2.293315070314892790e+00
2.364871614624670215e+00
2.316066964918431115e+00
2.214609715608676144e+00
2.381143774318142281e+00
2.504731405105419917e+00
2.278290969072451322e+00
2.442748585058646338e+00
2.263603251963538288e+00
2.230271575499868764e+00
2.359484824784073620e+00
2.341377452517986679e+00
2.173183326423282047e+00
2.425230700683090213e+00
2.422935140022280276e+00
2.473914741322238875e+00
2.319315320294713434e+00
2.304072111948847645e+00
2.302148063697083469e+00
2.183255554415862942e+00
2.150887443219970940e+00
2.076547874954386419e+00
2.508616687051693717e+00
2.290911963352487479e+00
2.511282292076299605e+00
2.176804464584584764e+00
2.173040917876911671e+00
2.332391867062285851e+00
2.475067493943968966e+00
2.508457255321686397e+00
2.600684421802943902e+00
2.489886950675458177e+00
2.434469721206887094e+00
2.461171272788457820e+00
2.450956645185526028e+00
2.524697787471282151e+00
2.450715449857370665e+00
2.559202253442212527e+00
2.283349705129421814e+00
2.310851241629509722e+00
2.203000671582534764e+00
2.216427005204564260e+00
2.344989322680415267e+00
2.277188642497343096e+00
1.949818644368018550e+00
2.503651969161846402e+00
2.316349315547492349e+00
2.486070638118101694e+00
2.424672086628333556e+00
2.405922490383456847e+00
2.343779233262217598e+00
2.466861556895819430e+00
2.317105939559097827e+00
2.484674010752912832e+00
2.288101342556817297e+00
2.529690416621616755e+00
2.593239964994121571e+00
2.430972215992334817e+00
2.423689536142270562e+00
2.501669826664663088e+00
2.473821134083158402e+00
2.410639492543300566e+00
2.506764963573001825e+00
2.455781777948511824e+00
2.639704278289081607e+00
2.182354416471015579e+00
2.053751680502716059e+00
2.175243837190611096e+00
2.025432559758921780e+00
2.258684874424037314e+00
2.255577060013751023e+00
1.935386575658265329e+00
2.026315236786690566e+00
1.971009689805132803e+00
2.512954632014198886e+00
2.005827687778778401e+00
2.408731155021352155e+00
2.042666113271768058e+00
2.092936453985030809e+00
2.083834768336407350e+00
1.958413931417492870e+00
2.309040628477972756e+00
2.288596191326861096e+00
2.258241255041285367e+00
2.095212676161728460e+00
2.336806534162363391e+00
2.152239329802831058e+00
2.210061414880599262e+00
2.151497705718620423e+00
2.400852163999523281e+00
2.520309598199325318e+00
2.563904429817418062e+00
2.094668684519759516e+00
2.298992139865358997e+00
2.244860575397455094e+00
2.342669569640294380e+00
2.359366384458653876e+00
2.395095300800171412e+00
2.397878427966841919e+00
2.433035079156460778e+00
2.422011860534540872e+00
2.332968550474942671e+00
2.313884263952174614e+00
2.522045160254320351e+00
2.516800621748349176e+00
2.497494904971458762e+00
2.528551459047021943e+00
2.559881023796312327e+00
2.618128025087096411e+00
2.429243298509974558e+00
2.543558516896550881e+00
2.502327933610251076e+00
2.126027186673138392e+00
2.288602544771312086e+00
2.471056515295427580e+00
2.017003976571685175e+00
2.164697545730137840e+00
2.008861554831408824e+00
2.295730853866225551e+00
2.109389921443179272e+00
2.022516372144838037e+00
2.246223679817732855e+00
2.046203385544180353e+00
2.104901346172782350e+00
2.108302183262448004e+00
2.300417634455293570e+00
2.247641908967514812e+00
2.247417399656472803e+00
2.281729563970283703e+00
2.213151062266420777e+00
2.226053042465419018e+00
2.324425522905846364e+00
2.314695169080320358e+00
2.059190383896607912e+00
1.926723692009629563e+00
2.080042557222183230e+00
2.109750540300716182e+00
2.263459609319106391e+00
2.319827083147669722e+00
2.241191589427922182e+00
2.206541798537433596e+00
2.210581134755606580e+00
2.388910235394519965e+00
2.377387009394674067e+00
2.322977656102640065e+00
2.283709052532143069e+00
2.449261436676271053e+00
2.275405811639276354e+00
2.393014339084969855e+00
2.422896790498358044e+00
2.377591873842356041e+00
2.259999625659665501e+00
2.358973982301151295e+00
2.495990295706683515e+00
2.290003813717440551e+00
2.282956559986872858e+00
2.401325112968714315e+00
2.565862758123773624e+00
2.584638067646369830e+00
2.449012642700424180e+00
2.344147139370919675e+00
2.580836868256662697e+00
2.615118440091239282e+00
2.409663850011035890e+00
2.543361513374749361e+00
2.331400105438215409e+00
2.371015858337582660e+00
2.728306099131512674e+00
2.488942571731745712e+00
2.446738161215428864e+00
2.422318940802258069e+00
2.393990964082559181e+00
2.419967483165633926e+00
2.477910919345637009e+00
2.502525793607155880e+00
2.334090329220535942e+00
2.178953758881152059e+00
2.185620432010466629e+00
2.272372422594932218e+00
2.277289760844726896e+00
2.232371024891571132e+00
2.271867082861691589e+00
2.252452384659747064e+00
2.206630555804831140e+00
2.306585721620365348e+00
2.280638850972845688e+00
2.120009814034718776e+00
2.117281126390889501e+00
2.117163891333778469e+00
2.314780577196790201e+00
2.190509877154078744e+00
2.070566566088572369e+00
2.397529732323954832e+00
2.061464807367579422e+00
2.281474345261505832e+00
2.160952733772037337e+00
2.537610038301238546e+00
2.196814973995454334e+00
2.172818241165118458e+00
2.295762773554828051e+00
2.367852222620726366e+00
2.174043906222853373e+00
2.306797213079944786e+00
2.413212675131088503e+00
2.214693285090956643e+00
2.259097550097907359e+00
2.267594621580357295e+00
2.264653574005232706e+00
2.533556774444308157e+00
2.497753173604152277e+00
2.572518519660525360e+00
2.470077089431212958e+00
1.933383904686059918e+00
2.011488367371436325e+00
2.104567342842047051e+00
2.019099440568763448e+00
2.187836358521685565e+00
2.227016478874719319e+00
2.199451685195008999e+00
2.124615534997182920e+00
2.261097467054314247e+00
2.170222954951328109e+00
2.166428563422904130e+00
2.142080905820302306e+00
2.129734313606877816e+00
2.059817495601155457e+00
2.232053879634004367e+00
2.192448405604183304e+00
2.159488797281853945e+00
2.138210767245005695e+00
2.170841562107979961e+00
2.181230812617103165e+00
2.464622796638514579e+00
2.108343013861506687e+00
2.098015143756902123e+00
2.474764910712892618e+00
2.138178346011220921e+00
2.523041953196820231e+00
2.087444990579574000e+00
2.462913878636660225e+00
2.135008962187634918e+00
2.261417375420668119e+00
2.245934746884883371e+00
2.131452178156014732e+00
2.294405178491321973e+00
2.122355270126141669e+00
2.378349425499611147e+00
2.220701603371585175e+00
2.316346114774536336e+00
2.227955684707091155e+00
2.274124573777616121e+00
2.493920440548146544e+00
2.055076711791366861e+00
2.315002221207576927e+00
2.330250768315938803e+00
2.399242316717738355e+00
2.267643843241593515e+00
2.177155145925606661e+00
2.138850755356553890e+00
2.295288025195195480e+00
2.032559478180246515e+00
2.256530975791850580e+00
2.437340051261116525e+00
2.509622498868380625e+00
2.414166662276143516e+00
2.403787774619612794e+00
2.131714359260593827e+00
2.408555342429655521e+00
2.383889115784569857e+00
2.152228008468964227e+00
2.093258446169040887e+00
2.101533758677660568e+00
2.089338087331217064e+00
2.262691004767129588e+00
2.375457160428960712e+00
2.294975829281929336e+00
2.457674426005393986e+00
2.131792916858699982e+00
2.160290923287956577e+00
2.142974853769885613e+00
2.348271495218787308e+00
2.340302542188073431e+00
2.475313124945456966e+00
2.471986684325679917e+00
2.383368522842701953e+00
2.464389275064290175e+00
2.488661711578796343e+00
2.495126630776473675e+00
2.491483505366110851e+00
2.386639124418745705e+00
2.360341264935438943e+00
2.374966238480978653e+00
2.160117114339835886e+00
2.153468133411024610e+00
2.280942368057589320e+00
2.077654819354594284e+00
2.346361541787393090e+00
2.097510203494529879e+00
2.139301574621701896e+00
2.252268184439531584e+00
2.465087992984477339e+00
2.291302924877327118e+00
2.445954501988908625e+00
2.396920545567477134e+00
2.326039536868004909e+00
2.364282829522225793e+00
2.337881048125272532e+00
2.388315347406960498e+00
2.477748275632966291e+00
2.404615878126691531e+00
2.233918257837654409e+00
2.464987951075355621e+00
2.407421464578306303e+00
2.392655745781969046e+00
2.540922072805330334e+00
2.293925705108209367e+00
2.425525087345775432e+00
2.320933298651973953e+00
2.522193398862730085e+00
2.298549789410900157e+00
2.296497158566634056e+00
2.576065331390683166e+00
2.583440929700389965e+00
2.633228395754440676e+00
2.007475136338468413e+00
2.056227256339981047e+00
2.119563609409175875e+00
2.200826066895476885e+00
2.240583727828034721e+00
2.319093210314744802e+00
2.242015892174548330e+00
2.092522287665654179e+00
2.074346857497374685e+00
2.003584943927088524e+00
2.071723231982361746e+00
2.101315697969591501e+00
2.196470440359416632e+00
2.088377074495257446e+00
2.180401232247897614e+00
2.188564233514693314e+00
1.930448190442199508e+00
2.337025848844778597e+00
2.322202540014175032e+00
2.445185721163970261e+00
2.115195838155659036e+00
2.107390701786043596e+00
2.357555761758272084e+00
2.337859432727875220e+00
2.382777756170054939e+00
2.267312233105103658e+00
2.138585284211711013e+00
2.212217418403843006e+00
2.301733421516070965e+00
2.235326358698025651e+00
2.317622720115447787e+00
2.441667362861740465e+00
2.377224909477816617e+00
2.323053525536663333e+00
2.293191042109471667e+00
2.388724822889415123e+00
2.305183622335984062e+00
2.446332912721536079e+00
2.289323500999111971e+00
2.387680964399471861e+00
2.370884071842208840e+00
2.543973043939669498e+00
2.435098795661847504e+00
2.526360904428770482e+00
2.588518610947806664e+00
2.495962161629373455e+00
2.439122728187907096e+00
2.440977765575787828e+00
2.454224419338082441e+00
2.563630047653648436e+00
2.572510769096473471e+00
2.517054412225606885e+00
2.366873731150651139e+00
2.433737710764587003e+00
2.482838090513599827e+00
2.207571538560828106e+00
2.280534126815456197e+00
2.376572427219797223e+00
2.168030850535423326e+00
2.365202770109232855e+00
2.432201783064420475e+00
2.391785319299902124e+00
2.355099581213164761e+00
2.088905546670963176e+00
2.259157955001890095e+00
1.997317095845002388e+00
2.147347055469412069e+00
2.294772535147335368e+00
2.044178296597984890e+00
2.185953939555003167e+00
2.064508892631906178e+00
2.081871982358967976e+00
2.128827960294693789e+00
2.200174028712050589e+00
2.084490415916673278e+00
2.298193411585513601e+00
2.350534114996684298e+00
2.161814320513565146e+00
2.256828264548698115e+00
2.198175511735076082e+00
2.331070943118802585e+00
2.366117566267663896e+00
2.293917123745821574e+00
2.346127954831286555e+00
2.379899104216105510e+00
2.376715005339822717e+00
2.393992336335857285e+00
2.378611861251219484e+00
2.409014056765819589e+00
2.434927669475712708e+00
2.330677548023117662e+00
2.525883444181536763e+00
2.548124943222779937e+00
2.444609534143640239e+00
2.621900963697056941e+00
2.338666151945468563e+00
2.272177398901177536e+00
2.318249992235074330e+00
2.349650509261028475e+00
2.355697249287165285e+00
2.343810051410879502e+00
2.313868134215089523e+00
2.367563424544426809e+00
