1.683657269755684194e+00
1.735762010838246105e+00
1.690888973654530947e+00
1.675377416304586697e+00
1.687207299530592230e+00
1.754969614940746325e+00
1.749820366440781205e+00
1.655245564577261241e+00
1.516716644425786686e+00
1.745156565476993382e+00
1.617176256201647844e+00
1.765600876680594400e+00
1.728831981994411349e+00
1.695861607281023975e+00
1.661474874524399237e+00
1.758260010885792202e+00
1.895578060310521229e+00
1.879559714540466997e+00
1.786579347197382095e+00
1.817487890970139963e+00
1.772082313156383204e+00
1.960038874596895075e+00
1.723614057974501623e+00
1.765952110128649055e+00
1.724225990367275418e+00
1.815662138953662019e+00
1.778841739597480043e+00
1.865527087959221619e+00
1.917639236176930773e+00
1.773386975521516140e+00
1.667723695356129410e+00
1.689649172173962821e+00
1.758895388845405749e+00
1.778723561418186216e+00
1.728960184093751407e+00
1.685957066798885240e+00
1.721960260269434828e+00
1.688416922973673850e+00
1.791829224847881985e+00
1.745736326604149680e+00
1.823535645420263807e+00
1.869232444968675466e+00
1.813976492121881723e+00
1.735045557239915714e+00
1.767436550643867177e+00
1.769950997543816129e+00
2.024015303025157753e+00
1.779696479080947746e+00
1.931604382884526849e+00
1.811552773241367653e+00
1.828401835039242807e+00
1.912362764476539523e+00
1.908302292823522484e+00
1.946192128062870008e+00
1.522232164994446801e+00
1.425857997005596234e+00
1.481096963995649052e+00
1.652312001277919329e+00
1.475702715839471102e+00
1.580035720074912442e+00
1.692457379862354339e+00
1.679372993021397642e+00
1.709213384661068869e+00
1.720780329611521164e+00
1.526665955530055463e+00
1.638845532685637485e+00
1.707280717660946801e+00
1.761094987306899506e+00
1.872512329353739347e+00
1.849357569091703235e+00
1.853539450925276943e+00
1.876757963549361641e+00
1.877687915210493275e+00
1.505310234327265961e+00
1.687643868998879526e+00
1.677768817665352463e+00
1.747623258315182504e+00
1.753197679488472271e+00
1.730419075630959647e+00
1.710809532310723524e+00
1.726872976221716094e+00
1.720474947579536673e+00
1.571835241996669463e+00
1.410136839192318581e+00
1.581525955455130417e+00
1.475643452759168639e+00
1.734478355799904170e+00
1.771935264322628933e+00
1.742847252974330408e+00
1.866428802367472439e+00
1.852055997442946467e+00
1.820599724736228886e+00
1.900820858278655434e+00
1.875093580824746420e+00
1.898427683759818407e+00
1.878109812221882891e+00
1.883556463861190799e+00
1.883358920574769835e+00
1.830881185405050626e+00
1.724321194046908978e+00
1.655702645581650367e+00
1.698319702495291184e+00
1.710517284569868623e+00
1.671975783486418177e+00
1.733035932471714835e+00
1.778546400038798492e+00
1.748799206707170262e+00
1.713243558123223265e+00
1.775023574577817564e+00
1.766751709592783603e+00
1.808719978724648847e+00
1.789549672039208117e+00
1.724630079556759288e+00
1.709049437079766864e+00
1.787804426070828345e+00
1.631797424740979219e+00
1.594764979076840783e+00
1.799247038532873599e+00
1.678905169836663713e+00
1.742201668517905810e+00
1.628142193431196372e+00
1.683289512035088364e+00
1.868316594426073340e+00
1.616744622850332602e+00
1.689224023095516225e+00
1.819213149370106031e+00
1.648625713465379006e+00
1.691512190065467713e+00
1.766943806322500476e+00
1.715959983751131457e+00
1.820871201263753569e+00
1.771935642292515878e+00
1.801144740986158288e+00
1.722394457388996658e+00
1.722339250715959391e+00
1.724959776769765085e+00
1.645001270013442207e+00
1.531806835558428892e+00
1.669433761945019690e+00
1.832644493934959096e+00
1.560588999071522487e+00
1.797385465436502461e+00
1.795221412964478569e+00
1.764353216218280451e+00
1.891538977423520507e+00
1.798753577562344885e+00
1.770606193988530253e+00
1.679884610709181825e+00
1.630961974435001682e+00
1.712595329317166959e+00
1.636248485357822968e+00
1.804577139049623691e+00
1.708479074304830814e+00
1.756789375576591983e+00
1.818577335895552372e+00
1.883102590109784868e+00
1.807352488002833990e+00
1.870482652279142011e+00
1.401687249858543094e+00
1.587763506135870362e+00
1.461977221873903776e+00
1.482186274604097909e+00
1.561316125237480534e+00
1.570109383792558821e+00
1.592184463714209519e+00
1.507695949339205921e+00
1.720326026022759081e+00
1.682344204285468381e+00
1.561747842785689455e+00
1.529122220282919553e+00
1.633782903770492068e+00
1.663292561590442586e+00
1.760513345669456831e+00
1.770067633062808010e+00
1.764678282185898617e+00
1.835537508818885888e+00
1.882148448551344666e+00
1.934620237204850435e+00
1.993926372752390819e+00
1.909067026784679655e+00
1.846915003275673817e+00
1.781312738840196142e+00
1.715397512583485495e+00
1.673957567314901862e+00
1.564391887065825326e+00
1.680101126845633841e+00
1.642450810120805293e+00
1.614417187747027249e+00
1.593830221602552610e+00
1.669533132068327985e+00
1.378729852019680902e+00
1.771682266362946789e+00
1.886571461789400939e+00
1.749926474714399660e+00
1.844735409066931897e+00
1.776207330507686200e+00
1.768185695611942165e+00
2.058366536602557861e+00
1.942719117769408088e+00
1.855994767168716253e+00
