1.820910900665602128e+00
1.768959531251636852e+00
1.846168717840310114e+00
1.691452236261008935e+00
1.683285264114891211e+00
2.045431043005057958e+00
1.718619565257102799e+00
1.888067143039391604e+00
1.629034085936082787e+00
1.733040828169941872e+00
1.801855764733236942e+00
1.855339509737019776e+00
1.827989843140748416e+00
1.845783947960199400e+00
1.743319935208449634e+00
1.770457979366611312e+00
1.874445826763797562e+00
1.777646999538794903e+00
1.727670056471922511e+00
1.727587308448717884e+00
1.873968129163311236e+00
1.848602787953341320e+00
1.600401623979901267e+00
1.612083644222199741e+00
1.731624713974434293e+00
1.764774712227591413e+00
1.666372718725237734e+00
1.773411139926712732e+00
1.812374851980665724e+00
1.684106726537128340e+00
1.853479465197779730e+00
1.840849834811886021e+00
1.817949084631381940e+00
1.735085139595296200e+00
1.725947897882820214e+00
1.720634687860637335e+00
1.830158291910082280e+00
1.756989772472824063e+00
1.840318364151941610e+00
1.793197902445954783e+00
1.799376890743667579e+00
1.852322377991334701e+00
1.877898993042319775e+00
1.835731537535195024e+00
1.803640472414656193e+00
1.824478006779437500e+00
1.966990071942718910e+00
1.893989795418587363e+00
1.928085371615566590e+00
1.901907532042198978e+00
1.821797834403229066e+00
1.923946857574551972e+00
1.835721166157698869e+00
1.842895667213706234e+00
1.771345470570847569e+00
1.856001177910695743e+00
1.701779928577051848e+00
1.724636993226470238e+00
1.835157618410136138e+00
1.748501150413713345e+00
1.885071086417621666e+00
1.835820663441564804e+00
1.761357494514198097e+00
1.820557112936706190e+00
1.750671648556805904e+00
1.828271454312141220e+00
1.812993428199577206e+00
1.847401172304846906e+00
1.851505977102580580e+00
1.866804843211238518e+00
1.908462948252804825e+00
1.995986309603287934e+00
1.968659429131244254e+00
1.802913997294222304e+00
1.785691571214175211e+00
1.746944504193267633e+00
1.789288653160670872e+00
1.813097341353449909e+00
1.831937368368791619e+00
1.862381183757067182e+00
1.808591634485867905e+00
1.903969635625190282e+00
1.829359337184930157e+00
1.843766395574918615e+00
1.784205166925540320e+00
1.870992407612806607e+00
1.869784390792596618e+00
1.880713061715145296e+00
1.870672739869129408e+00
1.901242350741089160e+00
1.862137410733163190e+00
1.883454897664210703e+00
1.873653280937705334e+00
1.857286086971775330e+00
2.001093362129680475e+00
2.066303547125106110e+00
1.912482384315951300e+00
1.833688600221631715e+00
1.828630460397515645e+00
1.795119320608140612e+00
1.696238429412821658e+00
1.902361237714132569e+00
1.726345965751914013e+00
1.684630114819755331e+00
1.716131061546471992e+00
1.610680858472653743e+00
1.963361366650161699e+00
1.609620603758018298e+00
1.696769264799185439e+00
1.797829933272378611e+00
1.756306601988745886e+00
1.658493532249768698e+00
1.783474169907674156e+00
1.834694581556415738e+00
1.799358417883528460e+00
1.466795311547331337e+00
1.504741002775353831e+00
1.562061392039930219e+00
1.550254718655065256e+00
1.625968312573829122e+00
1.649173014384848424e+00
1.659117261948934052e+00
1.730445161100510720e+00
1.557854114622866826e+00
1.663347195199694317e+00
1.665917218953895107e+00
1.543427811634015434e+00
1.561683880442339634e+00
1.607107810589339936e+00
1.551544204888217759e+00
1.697650643801738690e+00
1.573674043777081089e+00
1.603992118732321837e+00
1.501759482742391683e+00
1.764380417489466391e+00
1.670345289379630671e+00
1.667890847992322456e+00
1.625181899753372683e+00
1.603357427546766356e+00
1.731255014898293698e+00
1.582215943283671766e+00
1.605740766866817548e+00
1.692140457740137993e+00
1.680180223741707168e+00
1.695028873193338503e+00
1.739604923504103340e+00
1.726150057495957180e+00
1.596566630225536576e+00
1.549068513332174435e+00
1.638526802327320731e+00
1.708691304225453678e+00
1.757375898462453456e+00
1.641740365725460338e+00
1.628359875553991643e+00
1.712004752093229110e+00
1.894660020243041032e+00
1.694762017538841370e+00
1.881168143192952558e+00
1.727039711897773611e+00
1.745636146301883906e+00
1.826686407588140604e+00
1.656591121873318251e+00
1.633459322729412744e+00
1.620544628275748300e+00
1.574653286247138073e+00
1.521407509279541825e+00
1.568391871515687486e+00
1.681848166837911718e+00
1.638558746166005164e+00
1.718548702004221385e+00
1.809160700286949863e+00
1.741109346409616121e+00
1.750163438992906384e+00
1.702051504312361185e+00
1.688582192238023527e+00
1.744545979633562061e+00
1.792951653493888298e+00
2.062835626802564271e+00
2.088318564826464829e+00
1.922403430173878824e+00
1.947762680033042981e+00
1.681369915047637997e+00
1.514460487927541399e+00
1.551283061478998304e+00
1.644119444260867757e+00
1.647780226069156528e+00
1.534683026746260559e+00
1.565816221730955915e+00
1.572041674635003217e+00
1.683147107920528018e+00
1.803382831263069974e+00
1.906517539004734862e+00
2.004407577505714411e+00
1.887657573409123657e+00
1.842520443864727353e+00
1.711669592459831746e+00
1.716110574347666784e+00
2.044792542148582193e+00
1.948393302573147912e+00
1.786865625674869840e+00
