1.516853814460539018e+00
1.372149741316675886e+00
1.361851661712710992e+00
1.371798683013897291e+00
1.258656183638353188e+00
1.342728857492540895e+00
1.673099973977817401e+00
1.539777153778973506e+00
1.297982385604835809e+00
1.524367840849974343e+00
1.665138167450264106e+00
1.711631312126604909e+00
1.650060296310343233e+00
1.706565831965269231e+00
1.942358016959458533e+00
1.608540859928247357e+00
1.651507619010780248e+00
1.833563809877061690e+00
1.598802855449560134e+00
1.730344569720530412e+00
1.706801422958013514e+00
1.769608733032797421e+00
1.848266834086724986e+00
1.713746471897343637e+00
1.684208220960023317e+00
1.790007682310782222e+00
1.599267871960053489e+00
1.875112865398508744e+00
1.779501113054746231e+00
1.983336976893550041e+00
1.734730920814399946e+00
1.607402874388165426e+00
1.483356570688703524e+00
1.739594788051121999e+00
1.601117491653750280e+00
1.758099685626063335e+00
1.774086666416984759e+00
1.445115911085129712e+00
1.464170471561762943e+00
1.598118349845569774e+00
1.820860306545513785e+00
1.657138501441764999e+00
1.591595391819664806e+00
1.740662037381233151e+00
1.569002707772496619e+00
1.684746459739063562e+00
1.812538050906359777e+00
1.841393609420561628e+00
1.702039836265255124e+00
1.665275809424759279e+00
1.600043673780054299e+00
1.394604182047701757e+00
1.612505208175978533e+00
1.412965285654542935e+00
1.328055130066582823e+00
1.611391146103479555e+00
1.606148670245186594e+00
1.488772678585751352e+00
1.710799996348344010e+00
1.704486598282476173e+00
1.662144294681098922e+00
1.558411955950537164e+00
1.543530645113342370e+00
1.562925578765236523e+00
1.589900617596632371e+00
1.764282611305839410e+00
1.686952804709894060e+00
1.580928558171494913e+00
1.643241587507977552e+00
1.791733750656235857e+00
1.848182556980423552e+00
1.790077288236211039e+00
1.815984631475520805e+00
1.484238745999457709e+00
1.660104060239234069e+00
1.877456265605711438e+00
1.793350069863980822e+00
1.992288246266881613e+00
1.659632061341313136e+00
1.709445467351768944e+00
1.593744719182603520e+00
1.548558716759119491e+00
1.531302116709821526e+00
1.595524123020599205e+00
1.612509130492319809e+00
1.808798853984027399e+00
1.764790156911697050e+00
1.811107474247125371e+00
1.781527477377829349e+00
1.476470025247208495e+00
1.613088755305812416e+00
1.564667959721130597e+00
1.539149458586582364e+00
1.644810153594346236e+00
1.598999648621372227e+00
1.624068962391772120e+00
1.596719288452662644e+00
1.818700326152770774e+00
1.664697354131552620e+00
1.563199437441558759e+00
