1.862706195217112670e+00
1.788239964865722564e+00
1.849195028148326703e+00
1.757325397566136482e+00
1.701849919386444032e+00
2.205147330519552362e+00
1.756199500708275796e+00
2.007837237519689122e+00
1.710470976371104124e+00
1.958821642941695362e+00
1.928282240655460500e+00
1.981180051951311194e+00
1.995774166048697396e+00
2.018400752536318787e+00
1.571165739422012209e+00
1.835189916134113641e+00
1.993613357825820831e+00
2.007287157869316996e+00
1.876874667364419214e+00
1.997263401128143823e+00
2.065412982073711046e+00
2.125242438194636208e+00
1.702513490250849637e+00
1.730037444873514518e+00
2.086749057286367837e+00
2.040006537013403065e+00
2.075068575505397028e+00
2.140486723427592164e+00
2.187295862130714585e+00
1.952988275447493871e+00
1.818562303142301717e+00
2.130161563883960607e+00
2.131715536754761775e+00
1.865226188365440407e+00
1.667161058884654601e+00
1.901623520967868908e+00
2.166626749750597991e+00
2.132832886275760398e+00
2.203688471283831607e+00
2.279245470532694107e+00
2.116937956445081426e+00
2.168801960708532928e+00
2.169269034967636234e+00
1.905080290572014778e+00
1.941477307625321780e+00
2.110410001640022237e+00
2.266345284637572455e+00
2.090319991412654232e+00
2.143173557117574290e+00
2.215996909395848036e+00
2.093306000329524519e+00
2.341363256051970598e+00
2.147718614454491082e+00
2.250953906695644768e+00
1.850395512792432529e+00
1.767384112455374412e+00
1.644753525363699120e+00
1.729031849662277187e+00
1.633967214240169108e+00
1.673646136737626966e+00
2.130696222473923207e+00
2.140620586981344164e+00
1.956122902727021051e+00
2.090804927631933374e+00
1.755997661192971071e+00
1.972550557804674698e+00
2.014325829095218623e+00
2.057670046165722244e+00
2.254403270857200159e+00
2.227447846332572645e+00
2.237316146879925416e+00
2.297358247024230415e+00
2.313630978190773124e+00
1.796378418597304183e+00
1.819060747986906756e+00
1.709750816427172193e+00
1.927281114193429401e+00
1.881060302170570298e+00
2.015353322019457050e+00
2.122792440847000695e+00
1.944033110174205214e+00
2.022866028896522117e+00
1.961157596259938352e+00
1.793133297323151520e+00
1.916101331328109003e+00
1.880893492027924996e+00
2.108876806152858219e+00
2.067171825211453928e+00
2.079059090913949692e+00
2.249234002522758402e+00
2.107310521236910983e+00
2.198564523378915059e+00
2.293339675729586524e+00
2.107834085485332132e+00
2.249908582178054672e+00
2.285170205525243414e+00
2.184994176292170298e+00
1.998092697753427682e+00
2.120759284194140726e+00
1.858784058748826240e+00
1.814983782150609182e+00
1.904347641770798516e+00
1.803205527147922593e+00
1.681493093481025491e+00
1.893732871096101888e+00
1.749328497697791640e+00
2.077351923224242114e+00
1.824819938399879771e+00
1.662950800002470642e+00
1.838671874286610386e+00
2.065461339138828567e+00
1.995518530696192228e+00
1.842968802645235771e+00
2.120827781169194015e+00
2.166478423461286607e+00
1.921541489717843554e+00
1.924552014816677037e+00
2.063813651331829480e+00
1.941422169838215694e+00
1.993395388206336438e+00
1.978374540018780658e+00
1.968767638654707719e+00
2.153420895581285244e+00
1.928554670193515452e+00
2.039627658179359759e+00
2.119026550807467046e+00
1.833885468770187543e+00
2.080978840815073116e+00
2.038423078639761243e+00
1.999065487964981180e+00
2.128413832976079334e+00
2.107278914554455262e+00
2.131188011934831650e+00
2.030392376891873241e+00
1.964829179638394985e+00
2.147543781782093930e+00
1.992494895387262543e+00
2.100254181317344759e+00
1.937043620935905208e+00
2.346299272183993256e+00
1.953767565629941361e+00
2.190413810582973575e+00
2.292350402225126871e+00
2.277247909271909787e+00
2.211568651116205597e+00
2.257412325231507921e+00
2.281482281118230038e+00
2.121253228475330044e+00
1.951361893908562406e+00
2.156084637217189570e+00
2.075303160316485318e+00
1.971828592680342274e+00
2.147292918719172938e+00
2.020683797865060249e+00
2.288359428682419150e+00
2.316481283262797231e+00
2.213138235778931762e+00
2.261803197044650826e+00
1.856651060415960064e+00
1.971285196091081771e+00
1.884680009197065909e+00
1.740731032644851739e+00
1.802194611808377145e+00
1.889425549699148776e+00
2.055451756355063164e+00
2.014698806795259589e+00
2.078188757442060552e+00
2.151262827597494098e+00
2.035968432394040128e+00
1.906209835932304308e+00
1.963625437360938975e+00
2.075787262041634218e+00
2.222771638059655164e+00
2.086029160951106576e+00
2.250581135751187567e+00
2.353521401223646947e+00
2.250671154207422919e+00
2.287717610915985134e+00
2.333937710512220320e+00
2.282852828389318134e+00
2.273370616744232020e+00
2.173618954747244647e+00
1.827709941459471965e+00
1.960476802446651678e+00
1.814270310221003824e+00
2.018068073669126772e+00
1.864469984865023466e+00
1.886120776421964296e+00
1.767191940117351256e+00
2.112353080200203070e+00
1.811304322822944846e+00
1.873819319058143140e+00
2.026813170952931120e+00
2.071906664271631726e+00
2.199021840391472971e+00
2.102929922617886582e+00
2.089695384737573658e+00
2.230317269143580194e+00
2.226963196464761374e+00
2.213430011280254739e+00
