2.147589884769793400e+00
2.266750850018891317e+00
2.301418437825390129e+00
2.183244196861922060e+00
2.201974918144622873e+00
2.151919612528629955e+00
2.381296302257211117e+00
2.331490718542291951e+00
2.164577147336429253e+00
2.237146868116714149e+00
2.220580721759547238e+00
2.071112707130052133e+00
2.106023516624428993e+00
2.102956037366094488e+00
2.151677731504625157e+00
2.113889117218444635e+00
2.416663878652701936e+00
2.076150554510372892e+00
2.401347294020931944e+00
2.064094134150318283e+00
1.993655737918580639e+00
2.048335543670798842e+00
2.477165884355019276e+00
2.474057486403958173e+00
1.986304945434670177e+00
2.279427832107756124e+00
2.202377802873705548e+00
2.081189997630859878e+00
2.372788068609683165e+00
2.014051521048850990e+00
2.154731927913548617e+00
2.417824043537469159e+00
2.106155571782161395e+00
2.194766078227868178e+00
2.306538508050682168e+00
2.429101812045804554e+00
2.308384859396495514e+00
2.427884271231652402e+00
2.508347413235174184e+00
2.017193908616128795e+00
2.032653501179926714e+00
2.070887601745879270e+00
2.101869384825524101e+00
2.374853666617158687e+00
1.982880871328638106e+00
2.272348002437975190e+00
2.211646613465718225e+00
2.247875291972711409e+00
2.158935748804614807e+00
2.117180922074385574e+00
2.191886941808843137e+00
2.223380177697415139e+00
2.093556342513338553e+00
2.165270943655275282e+00
2.203817191315377677e+00
2.164787552055313036e+00
2.268908700798208056e+00
2.052684209309305174e+00
2.138302272309843932e+00
2.091107518750780603e+00
2.314470520832234701e+00
2.035417696660261289e+00
2.128743132697085372e+00
2.174536767114750635e+00
2.326591925112408532e+00
2.434516952119340605e+00
2.180651237348302462e+00
2.095524906142067767e+00
2.276651551040690169e+00
2.312939318409829248e+00
2.354913368341136959e+00
2.432767590222889798e+00
2.475721500958565802e+00
2.194934731198028288e+00
2.409032500979283231e+00
2.258273042638486050e+00
2.329101563013165954e+00
2.255007691250887181e+00
2.483062166803683191e+00
2.428930983497328722e+00
2.364722040180851526e+00
2.457381134910782361e+00
2.339295992161721127e+00
2.298818843510574972e+00
2.368486670926157167e+00
2.387003581141705855e+00
2.385257615195689684e+00
2.467877644453379204e+00
2.464708061968102992e+00
2.421690949754877309e+00
2.427451467120828266e+00
2.280737262310804869e+00
2.144211569836294018e+00
2.158648448606584225e+00
2.163348086016033900e+00
2.295427480435165979e+00
2.158953682801705298e+00
2.447173786025842013e+00
2.141369158575249010e+00
2.145719465699671868e+00
2.362592223912992839e+00
2.416720977836190443e+00
2.480758793811995488e+00
2.580520173159137176e+00
2.532253255620739996e+00
2.395036023949171700e+00
2.544118671811297805e+00
2.370522662945625303e+00
2.450654664985015163e+00
2.392836176253122282e+00
2.491049015924115650e+00
2.240433247436804276e+00
2.107218028924385145e+00
2.378718031968946711e+00
2.136663134808029607e+00
2.310401096843362811e+00
2.302803852311042565e+00
2.067492392855919903e+00
2.416455056752857544e+00
2.107492684343027722e+00
2.572060233395283557e+00
2.450366157091719010e+00
2.200494629099785104e+00
2.300559835238312090e+00
2.384955069085308299e+00
2.304032295704470990e+00
2.504416136059373077e+00
2.217912792068136962e+00
2.575999031436432052e+00
2.488961935048586760e+00
2.417556793805605508e+00
2.344823627562338419e+00
2.607909984243674373e+00
2.433222951079574869e+00
2.390798727369172649e+00
2.618660099039396449e+00
2.517050185631966475e+00
2.534319967453181111e+00
2.164665387567800803e+00
2.078527349045752093e+00
2.185184328906776940e+00
2.104318747415597102e+00
2.212285380058531370e+00
2.269546406744994638e+00
2.072139187341587974e+00
2.057294520088379208e+00
1.904871035367116772e+00
2.031984596602537607e+00
2.129908122679906146e+00
2.149537472022733819e+00
2.205049995280381925e+00
2.382460439195997814e+00
1.967414668286321167e+00
2.089406034173366233e+00
2.308516469807766480e+00
2.499788996540505792e+00
2.449588448127713480e+00
2.145082954080584248e+00
2.205116413960974242e+00
2.148335352684489052e+00
2.190078306587778911e+00
2.085219362806167709e+00
2.475554055580026613e+00
2.548024288848602215e+00
2.593522954093006039e+00
2.067174995543715976e+00
2.139003643953873990e+00
2.333347420129293859e+00
2.167129227394009927e+00
2.329919979443368927e+00
2.412775757435277946e+00
2.374894018444468013e+00
2.373350052893856255e+00
2.474388782584687974e+00
2.345054404642215484e+00
2.261728495972330943e+00
2.501186861226727398e+00
2.506490664868231022e+00
2.424792809673266269e+00
2.471595104750627936e+00
2.494080898118931966e+00
2.434929367619703022e+00
2.463330838181065463e+00
2.419362241343353315e+00
2.565599164536059185e+00
2.216532231855549817e+00
2.270694711488457695e+00
2.422577913315228759e+00
2.126346080055956378e+00
2.202249616216215067e+00
2.079549642270151377e+00
2.332109005469120255e+00
2.268519683370308737e+00
2.132601849982821207e+00
2.289384607222748613e+00
2.184371197729118919e+00
2.202938157609965142e+00
2.168729780322952827e+00
2.403758438287849408e+00
2.234004521933007137e+00
2.225471353971697042e+00
2.420886064175749031e+00
2.384754690066828609e+00
2.253943735450787855e+00
2.366251609603759132e+00
2.307377103798385676e+00
2.180024484517728123e+00
1.949998969230671175e+00
2.082249419730061835e+00
2.057115256840948536e+00
2.175278257913033197e+00
2.220523803469026447e+00
2.036862439405942915e+00
2.259985688907481638e+00
2.071732681360377359e+00
2.172917453227883655e+00
2.365442852834522824e+00
2.254376647792741828e+00
2.336892635895859271e+00
2.478557647561376420e+00
2.371854518966425296e+00
2.258791251179925297e+00
2.442208386476467652e+00
2.312870372000496832e+00
2.246370623244243525e+00
2.307096829409475802e+00
2.325410730841891205e+00
2.213241580084347682e+00
2.261613730621593987e+00
2.278525113585541551e+00
2.434619297984696118e+00
2.537445507380354126e+00
2.354329777740023832e+00
2.338057302111891556e+00
2.389330718825532607e+00
2.623973590415991541e+00
2.463908955113232491e+00
2.570722095548320763e+00
2.542030618892610505e+00
2.414131022890339207e+00
2.653086589781139537e+00
2.423322875720248515e+00
2.390539110826347624e+00
2.315606265985518331e+00
2.399694400271776384e+00
2.350198728366821310e+00
2.419785813407827391e+00
2.481757360406158242e+00
2.046135134435131508e+00
2.057788370660209143e+00
2.144108346533141862e+00
2.241959645439903781e+00
2.309765408061553060e+00
2.187332883130995054e+00
2.294780757159711193e+00
2.131843291028860499e+00
1.989365347435291920e+00
2.376053463524176124e+00
2.260829675788166515e+00
2.127506944378370068e+00
2.087705643011905643e+00
2.119034854602120710e+00
2.386532190241786200e+00
2.086246756923437307e+00
2.105670782087150972e+00
2.465756863008871314e+00
2.097941212337225636e+00
2.345913546159131169e+00
2.064919106303042984e+00
2.537052484391042917e+00
2.041507149710670266e+00
2.082232406824118698e+00
2.468372663216502172e+00
2.330643204447152339e+00
2.109666699619715313e+00
2.300824822390405977e+00
2.437883328969729035e+00
2.099845765578777002e+00
2.309336184271402193e+00
2.175703550579946022e+00
2.131436520647810973e+00
2.469502156878991439e+00
2.353033326173773254e+00
2.412118090297851847e+00
2.562479336847082845e+00
2.081920990352188028e+00
2.164523634448866307e+00
2.159173772190786433e+00
2.105429513110303574e+00
2.420558982682493365e+00
2.309259963185571252e+00
2.376795903693657674e+00
2.084136025534163217e+00
2.238744708988487542e+00
2.348264332507913998e+00
2.302427005856041209e+00
2.264709365160539001e+00
2.224577734053010403e+00
2.212644329606384463e+00
2.237426956588584037e+00
2.237191487349154517e+00
2.238710129895471024e+00
2.160452273957402358e+00
2.201346846173369620e+00
2.149395026570785738e+00
2.367980774249417220e+00
2.195344029806653996e+00
2.136903115790557361e+00
2.298785905686144382e+00
2.180840646536782668e+00
2.468636645183089229e+00
2.079349246013423524e+00
2.321896582119957753e+00
2.219355807026204719e+00
2.329665234162931142e+00
2.227982602903036291e+00
2.174681770778595258e+00
2.366926605366924008e+00
2.296394805414391005e+00
2.416613824888219408e+00
2.302499280887341460e+00
2.531408268760984015e+00
2.382914585752198722e+00
2.339084631910076428e+00
2.536647646747855589e+00
2.230451021424593172e+00
2.402798115569492410e+00
2.383074993299666211e+00
2.420300002237493420e+00
2.330735774494276935e+00
2.324094055530158798e+00
2.338975919240244394e+00
2.338859536331561628e+00
2.315220029322061723e+00
2.329845598633856874e+00
2.516377093563960443e+00
2.536426460907755587e+00
2.402368268090113279e+00
2.533417618207649102e+00
2.312661112396886764e+00
2.471353546623717534e+00
2.399996612758418024e+00
2.236470190845265993e+00
2.090758099585882324e+00
2.062641756061928788e+00
2.032030601298438377e+00
2.145878882108990915e+00
2.426905343724333974e+00
2.269795795272486760e+00
2.544444166248515327e+00
2.080460192172377543e+00
2.046476808722247132e+00
2.109787903703787215e+00
2.584214290916918344e+00
2.315585526107086789e+00
2.414826723916863926e+00
2.563811486261398542e+00
2.386755128615196231e+00
2.458369724423242975e+00
2.495419775429375431e+00
2.399431144512522263e+00
2.467414674436124944e+00
2.400860257604354953e+00
2.333795358304869616e+00
2.425072139530377591e+00
2.368305101827890446e+00
2.201039011691670488e+00
2.392113236825396783e+00
2.351310057300535217e+00
2.317132709599480034e+00
2.375898273676398720e+00
2.484559701817897093e+00
2.345532388802782364e+00
2.452253796993690393e+00
2.312249332417873671e+00
2.371101350988544354e+00
2.478397980057059247e+00
2.248741166344707665e+00
2.312758428515168774e+00
2.388954339626091272e+00
2.374048520324501865e+00
2.518989589546434260e+00
2.345077049917575263e+00
2.287858981333171116e+00
2.584151055530700347e+00
2.379408549018423802e+00
2.339245280485606759e+00
2.466563364158048000e+00
2.395568223268456975e+00
2.506243102292080138e+00
2.322213825487706274e+00
2.606981963182772422e+00
2.551685281614850975e+00
2.365425325206504503e+00
2.549128069898074944e+00
2.561625164779095964e+00
2.587604422013364935e+00
2.025038944063561885e+00
2.051542488122801267e+00
2.071498861855502582e+00
2.185406970976389474e+00
2.022567643176100383e+00
2.095366172885341438e+00
2.253016510761517655e+00
2.108680752232720224e+00
1.999425695193720376e+00
1.884724600802542449e+00
2.038492696372765867e+00
2.212928517160427155e+00
2.173867187757204444e+00
2.070599047896403366e+00
2.121449413285566354e+00
2.558805434754833019e+00
2.106995284846730598e+00
2.386823853530930961e+00
2.305322024775872336e+00
2.355443399264329329e+00
2.132953643559735823e+00
2.172764236788956804e+00
2.359068071787038257e+00
2.438570026748668518e+00
2.416082889405967826e+00
2.292599812964716044e+00
2.224840597069267289e+00
2.256645365319157825e+00
2.409084374319799604e+00
2.365848663110514227e+00
2.405264555075813604e+00
2.386213797736438380e+00
2.342420198369345563e+00
2.479938890474926882e+00
2.392148208154895705e+00
2.489729416280076268e+00
2.453083377310722124e+00
2.431861051846289090e+00
2.320059424188916974e+00
2.385096643890821877e+00
2.333765025025595463e+00
2.408738166944190073e+00
2.334964313824585247e+00
2.521900446121105865e+00
2.568921846868130299e+00
2.575862973346481066e+00
2.422448443897071702e+00
2.539174446570966026e+00
2.432026182463603359e+00
2.634274331807764380e+00
2.559398811117125305e+00
2.390106464539452080e+00
2.333605611424036219e+00
2.435041817648794904e+00
2.458386231692686330e+00
2.283659584367995432e+00
2.409548676777021115e+00
2.297971245024794662e+00
2.197031755409095233e+00
2.318518682508669215e+00
2.343592731589448253e+00
2.438396959689302257e+00
2.381627800345571977e+00
2.256373897811758233e+00
2.328401086773179252e+00
2.160724304760392123e+00
2.223723113609657798e+00
2.305683516967993008e+00
2.211178243857814252e+00
2.276110323751660669e+00
2.294536831422272716e+00
2.296209206547529469e+00
2.254864097006080925e+00
2.258818094030764723e+00
2.130629127999366990e+00
2.279665900582877214e+00
2.380557199903510668e+00
2.042183496748051219e+00
2.137682313826372305e+00
2.107110002150388350e+00
2.319515603301203654e+00
2.274819708311705657e+00
2.267816485491657819e+00
2.303310383566422370e+00
2.360602070120757734e+00
2.350485696299015714e+00
2.390379172593702695e+00
2.333882484563001292e+00
2.432324787755409723e+00
2.575324576875530624e+00
2.574797398370235246e+00
2.532283164309212964e+00
2.505510472952741985e+00
2.448860816169305732e+00
2.648147188151341425e+00
2.352017482085327238e+00
2.346509358350375329e+00
2.385643147272129561e+00
2.392495916264294031e+00
2.335756825903766654e+00
2.362976611636567359e+00
2.490643023670464640e+00
2.395327713051563112e+00
