1.600226884740710398e+00
1.532016391662250676e+00
1.493368808173232587e+00
1.539288611480135183e+00
1.495673164704912406e+00
1.501427519740740735e+00
1.709588109638408904e+00
1.682907675326218877e+00
1.525635803042680871e+00
1.662260380587147424e+00
1.703127425150375407e+00
1.772850577892314705e+00
1.726361450982502266e+00
1.811572689102482148e+00
1.904762141091669081e+00
1.702457582981820705e+00
1.713362077197603472e+00
1.869990392966963011e+00
1.680460216443854904e+00
1.859731102017757154e+00
1.923573314528515210e+00
1.930755015679552322e+00
1.875465431783114312e+00
1.743650150060232829e+00
1.876092704265978517e+00
1.818879546022421856e+00
1.742700664938830357e+00
1.923648998362977647e+00
1.774538587411355284e+00
1.954964777087191630e+00
1.712328597772758254e+00
1.658103359020238754e+00
1.569520773995553231e+00
1.760336699471040989e+00
1.822471269403260763e+00
1.821003181025669937e+00
1.813268586430183182e+00
1.621878192953376319e+00
1.559074893189019484e+00
1.711610412549420923e+00
1.749402064406701429e+00
1.665863830598170114e+00
1.708502343503614851e+00
1.667638365057961369e+00
1.705669787002199067e+00
1.835225320450062148e+00
1.915670659966063782e+00
1.795378079480661748e+00
1.810128341171012289e+00
1.811955849570647814e+00
1.576147267081594361e+00
1.547801979484126678e+00
1.614341932288626769e+00
1.531271746069827966e+00
1.476448175365004500e+00
1.670938667323947024e+00
1.590822630459532538e+00
1.598520597704399915e+00
1.612416560792184539e+00
1.744469328797961793e+00
1.721653578588461242e+00
1.609611337050774083e+00
1.624557875859545586e+00
1.728341345661278394e+00
1.859733985854322036e+00
1.928232496955185837e+00
1.591232131896090030e+00
1.642639046692541349e+00
1.649275561286140945e+00
1.907988265849185350e+00
1.924434116147584639e+00
1.905204408132345151e+00
1.861527243622681516e+00
1.546435014035369093e+00
1.629197149313027726e+00
1.905027530587708906e+00
1.785155956858188064e+00
1.971837220791830214e+00
1.663990049363008206e+00
1.709586278290439409e+00
1.659980107502244007e+00
1.689407237014915353e+00
1.686671873110662467e+00
1.680290174107552659e+00
1.686972877494625767e+00
1.818607245987913235e+00
1.796819069218471343e+00
1.858146012986520601e+00
1.782329639816957911e+00
1.639862944217030272e+00
1.602738557188282176e+00
1.576980248970706766e+00
1.509961667370814498e+00
1.597812411314588177e+00
1.707259626037144873e+00
1.669036489386443112e+00
1.798615125870796749e+00
1.723340593981632640e+00
1.795478387966514378e+00
1.717816763779475009e+00
