1.831565467298336580e+00
1.840492087597237925e+00
1.917724527742368901e+00
1.648988308334218944e+00
1.812921321306226075e+00
1.771258888705804946e+00
1.767176789091378541e+00
1.987037842977585678e+00
1.753342751747459793e+00
1.783035145957820644e+00
1.940111489019800350e+00
1.726970534057100881e+00
1.809850366937169053e+00
1.921022509330728045e+00
1.643522397803482304e+00
1.791997542481682082e+00
1.880593188113520275e+00
1.831705892777450329e+00
1.741124217626154325e+00
1.719359585393482659e+00
1.781836614161334653e+00
1.985139721671182578e+00
1.595005828601779418e+00
1.641687716497529648e+00
1.863301980891627130e+00
1.800303301447691018e+00
1.760111662620279294e+00
1.924859052867895937e+00
1.975089828722416563e+00
1.865040857914147976e+00
1.863862949752226550e+00
1.982045007456773034e+00
2.002351668308649746e+00
1.735008087673131083e+00
1.689805469820792938e+00
1.838595808594839065e+00
1.784213058972176080e+00
1.750635681821243406e+00
1.940640623454345848e+00
1.818865487728358987e+00
1.947600701466510875e+00
1.969729207154048645e+00
1.834755509201806190e+00
1.844907769625433458e+00
1.806141120116958598e+00
1.725153280801863254e+00
2.014994521338437483e+00
1.886231805964773800e+00
1.905600591518741282e+00
1.918200785219079219e+00
1.743452475588021855e+00
2.031451344225641442e+00
1.996471837450973119e+00
2.022276689019363083e+00
1.694140317377408556e+00
1.686408292660825259e+00
1.704407051798855655e+00
1.730428602061513166e+00
1.605690959827630326e+00
1.574549410220869250e+00
1.753786200665113926e+00
1.904800012396940856e+00
1.809161011805875852e+00
1.840316533863010973e+00
1.592886542304935205e+00
1.594323690770998780e+00
1.699102391858371419e+00
1.759489994572711158e+00
1.836633613980910740e+00
1.938380957868611532e+00
1.989806064770629712e+00
2.023944228863736594e+00
1.947429690101727395e+00
1.588169882777982211e+00
1.600185751005358092e+00
1.585338348234026418e+00
1.780972668189892527e+00
1.848532730930339874e+00
1.935119504442569971e+00
2.035068376886573382e+00
1.888849623468036087e+00
1.908111180258361239e+00
1.874454590404439625e+00
1.726903738407624678e+00
1.590147416075935904e+00
1.649916260674206603e+00
1.824410257233006760e+00
1.569347758234311385e+00
1.728642021717300636e+00
1.871283520145540447e+00
1.769897527950983429e+00
1.897082037271694333e+00
2.127969277799888204e+00
1.892180749607113022e+00
1.994296992918050959e+00
2.080899620708533959e+00
1.924857975906560048e+00
1.808751305722400060e+00
1.899861294787780430e+00
1.737758860084917423e+00
1.836049101308489861e+00
1.803247107626634982e+00
1.849434413231381802e+00
1.703152039220301228e+00
1.857089417194023762e+00
1.738585897854942219e+00
1.857135797128842247e+00
1.785676507191451767e+00
1.723770111202981736e+00
1.951160281755786485e+00
1.940754186761848299e+00
1.811607821863663093e+00
1.781289753020818267e+00
1.921856856280896864e+00
1.968213290197985854e+00
1.684826069899492351e+00
1.729315048023105428e+00
1.873481140148939961e+00
1.870569559305776286e+00
1.848696181051334930e+00
1.743117947757812702e+00
1.753489829622222995e+00
2.084901166090374680e+00
1.602249992759737340e+00
1.656028870360124472e+00
1.882135993389314255e+00
1.573165318413354941e+00
1.809113148108430602e+00
1.576998374117408064e+00
1.624563009898251753e+00
1.679576122665874083e+00
1.614493073063087092e+00
1.609175139552788902e+00
1.683510205120531955e+00
1.938879329228085480e+00
2.057344390505055909e+00
1.774598247303055043e+00
1.777430383774660561e+00
1.744698699925531615e+00
1.820384854147674814e+00
1.744407310861707305e+00
1.776734346163640677e+00
1.891289324608232070e+00
1.759156833924201857e+00
1.918020965553770107e+00
1.985737297489399200e+00
1.855174190961961456e+00
1.880807253852893268e+00
1.877489446027521547e+00
1.846696126448152508e+00
1.848319700373510122e+00
1.721369465835606238e+00
1.785776445889822206e+00
1.704038737546106352e+00
1.896333608340765586e+00
2.111846838789987135e+00
1.888248530995144003e+00
1.957294873910600197e+00
1.790683441814144627e+00
1.783448073687561530e+00
1.616079917591261461e+00
1.619902517134951259e+00
1.764579097308204725e+00
1.694280812717273266e+00
1.783060326692046615e+00
1.824297390806461916e+00
1.733884334731152110e+00
1.885805629084841728e+00
1.734840969908125530e+00
1.637498768811911143e+00
1.626686069980922245e+00
1.677126396652547813e+00
1.751286734748368490e+00
1.677091002667137287e+00
1.719683394993076764e+00
2.165015039451179568e+00
2.094731985143446718e+00
2.156269951444916622e+00
2.061946502834961059e+00
1.965446102984046872e+00
1.885528753928655377e+00
1.846153261904914356e+00
1.879826318071192048e+00
1.638454101503677096e+00
1.644240726995655155e+00
1.723429564144913329e+00
1.672996653612673690e+00
1.748248233708272537e+00
1.853873210065489108e+00
1.754999604945712166e+00
1.687841457209573015e+00
1.679165599174755830e+00
1.735686351536847694e+00
1.709628578042295954e+00
1.734312990696198487e+00
1.826695634870789009e+00
1.761324807023218142e+00
2.008878384507475801e+00
1.988708072707015884e+00
2.057687054934078219e+00
