2.119768009954862364e+00
2.078164898814171657e+00
2.354781821394076324e+00
2.193781525231654150e+00
2.163555926346636848e+00
2.165861154962337665e+00
2.235235426775964651e+00
2.389416837448316233e+00
2.088088497446773495e+00
2.158914991275333151e+00
2.052083881137675814e+00
2.041787836152805014e+00
2.052825842392906885e+00
2.311807632886513364e+00
2.102569147012271156e+00
2.033988188684538123e+00
2.374327396636258136e+00
2.010633084192100295e+00
2.493124781212100682e+00
2.006543663521487719e+00
2.018376262759956408e+00
2.059262983240541800e+00
2.578272390268031344e+00
2.451712713948072331e+00
2.020289374667580962e+00
2.387482937282301432e+00
2.096885287625326555e+00
1.999173945285857679e+00
2.496174128604864428e+00
2.072727911737914042e+00
2.279750224632757227e+00
2.402083690139539485e+00
2.092556643001857175e+00
2.098700131945905767e+00
2.388460992669338978e+00
2.517169322423903566e+00
2.393307891485393579e+00
2.401190940101382676e+00
2.496478501622589441e+00
2.246158902667484636e+00
2.363718338099536354e+00
2.362910388447080123e+00
2.310136340808976563e+00
2.413626906915486980e+00
2.423811032487590111e+00
2.479101409394982802e+00
2.308273550072458047e+00
2.436109414713033328e+00
2.443156340145138827e+00
2.364834359713881007e+00
2.615696200928001591e+00
2.459940689925164126e+00
2.425002792800899254e+00
2.368693274402490889e+00
2.238797022486274990e+00
2.322468181791415009e+00
2.358248567227190229e+00
2.147638449557291551e+00
2.233309170545041855e+00
2.253815975952446760e+00
2.511302022208837137e+00
2.121147552212153897e+00
2.401325563254782303e+00
2.226348134503089771e+00
2.573475967559487376e+00
2.586870495032022266e+00
2.268111348894819468e+00
2.259931328332654754e+00
2.299518803335860895e+00
2.480804138591230501e+00
2.296472366464695547e+00
2.485661410156360773e+00
2.583078191358025855e+00
2.340388211683091857e+00
2.518156514827238457e+00
2.448741515593424456e+00
2.240635889338394637e+00
2.344394070502230143e+00
2.541981494664458108e+00
2.511215191079865239e+00
2.497736708413505369e+00
2.607695843591670393e+00
2.260027878250100208e+00
2.383277236449000469e+00
2.383642576139458846e+00
2.328633535756975181e+00
2.089001156870402554e+00
2.386752068743357658e+00
2.511785048811064236e+00
2.490519452101085385e+00
2.419494295147525786e+00
2.492511184854443229e+00
2.377979211495936163e+00
2.341966630191835819e+00
2.341953824846645826e+00
2.559119613253286296e+00
2.552576313139538922e+00
2.748308576161346384e+00
2.379537167180121315e+00
2.288433084998166667e+00
2.501904123941546043e+00
2.708373604773135046e+00
2.743327172727171082e+00
2.684116287321778316e+00
2.770155226122680947e+00
2.644667657662528093e+00
2.506504084041563551e+00
2.612540550402940642e+00
2.502632369949733260e+00
2.593630957384503333e+00
2.504583438953277952e+00
2.519473652812540099e+00
2.633838926207605180e+00
2.492980386365245327e+00
2.399631673576693380e+00
2.593868874567237803e+00
2.381999937194495764e+00
2.075405172753279182e+00
2.622571029795939257e+00
2.287999150080539223e+00
2.712569849714189907e+00
2.634827508203191559e+00
2.400305200953368523e+00
2.549767047797788067e+00
2.591316305320853886e+00
2.564579953172689386e+00
2.686949177058055582e+00
2.421633762221798047e+00
2.645733838073645927e+00
2.683848780603133921e+00
2.534042043552496182e+00
2.508180057599382895e+00
2.674719900755297530e+00
2.481789646845003361e+00
2.308193124430429677e+00
2.615206051190217984e+00
2.489521470501651734e+00
2.645167679661069915e+00
2.202598220912228566e+00
2.301099925792039702e+00
2.229471161311017191e+00
2.204901818743842501e+00
2.239917200872178604e+00
2.311705943002775321e+00
2.206129100729911752e+00
2.196178411591713786e+00
2.029302678708170493e+00
1.990733935841607405e+00
2.165243666312498760e+00
2.135089961474136544e+00
2.179754668198951251e+00
2.464264370429162909e+00
1.908758388100319836e+00
2.160066139293139731e+00
2.428229090352129749e+00
2.556146478865116478e+00
2.567377719325071972e+00
2.388471170732965110e+00
2.544135047893895774e+00
2.403610752494171443e+00
2.187726794280190123e+00
2.304091359994042243e+00
2.522742243205509105e+00
2.604971188333526033e+00
2.575090535619608545e+00
2.338940359654725576e+00
2.358787326127892214e+00
2.343179826806899957e+00
2.535452548947177309e+00
2.373264669208575928e+00
2.566706527094581247e+00
2.391846028773032984e+00
2.558655111985886244e+00
2.483437901667739922e+00
2.502616380878161184e+00
2.359190424075656711e+00
2.682589435389663546e+00
2.695906369463414443e+00
2.753295603286565640e+00
2.662292856689233211e+00
2.724605622783734304e+00
2.742672078353472376e+00
2.522752716904885339e+00
2.560272389787882741e+00
2.543365036642056598e+00
2.200315379981104602e+00
2.334758797333624791e+00
2.414386903105302018e+00
2.067606415942871756e+00
2.401933961997962719e+00
2.120371293511487121e+00
2.479133245511459194e+00
2.285865170277906699e+00
2.230160279971403980e+00
2.472982844487533693e+00
2.247996727227203895e+00
2.279223412943256477e+00
2.294494424156071855e+00
2.413856693265668873e+00
2.463252733068149514e+00
2.310910600960376815e+00
2.509924080886208664e+00
2.403162904710907544e+00
2.448396571433612223e+00
2.550388005668150271e+00
2.492557635379766268e+00
2.339443119506953384e+00
2.119024129350437935e+00
2.264281674029270164e+00
2.295699312506082279e+00
2.252115228819183912e+00
2.313289235313665149e+00
2.284446682920078686e+00
2.349644414697927175e+00
2.363921128405280125e+00
2.464736319941699172e+00
2.352812395216707930e+00
2.248303981999703716e+00
2.357718140036702437e+00
2.616442346107401118e+00
2.398446564057616914e+00
2.417261202662503106e+00
2.488326651408782730e+00
2.335022926187336090e+00
2.377021036020776634e+00
2.377544770531636154e+00
2.442315959961708138e+00
2.356111903027368282e+00
2.523795113793651179e+00
2.363480928816807491e+00
2.658203477589876851e+00
2.629769245525058086e+00
2.537359326906244661e+00
2.359264524417255426e+00
2.467105444500669265e+00
2.644219873086825157e+00
2.557904042417431523e+00
2.643575593628697540e+00
2.506441772722539874e+00
2.393191807458149523e+00
2.809437097119917404e+00
2.546974287201399623e+00
2.448450674620270551e+00
2.359916853248635871e+00
2.626706935401187160e+00
2.316644780769696599e+00
2.498526623126277268e+00
2.555349258773053744e+00
2.526053003269450592e+00
2.146799610855392171e+00
1.994443598353295544e+00
2.219523696552418990e+00
2.122609529404595463e+00
2.248808259882028704e+00
2.206469032479700942e+00
2.151269400370788176e+00
2.098236703297367445e+00
2.386634001055286003e+00
2.238565247451070661e+00
2.026822882689522043e+00
2.012356918952641571e+00
2.123271682288352391e+00
2.428080156044748694e+00
2.115727941322463224e+00
1.989830040267255074e+00
2.357470438720309147e+00
1.952576410566345455e+00
2.260161103614937161e+00
2.151759108967795431e+00
2.560125236130866178e+00
1.985877167459723092e+00
2.057715494340653706e+00
2.465722773566657811e+00
2.492188742743036922e+00
1.967725303566435713e+00
2.242164364025414969e+00
2.491638552282855024e+00
2.205152852698923471e+00
2.260337078331039695e+00
2.143220573535734363e+00
2.039007246399354933e+00
2.471188319182026749e+00
2.405819373948344886e+00
2.381546027946641608e+00
2.521640821753457384e+00
2.315783267157767167e+00
2.243197860295400581e+00
2.293648763461769935e+00
2.449109146024412986e+00
2.488317346629464577e+00
2.547039800514646846e+00
2.430554601285887628e+00
2.447596316456441379e+00
2.393210065912367401e+00
2.477783835674426616e+00
2.483609594432305556e+00
2.426234365908895185e+00
2.415236709045430974e+00
2.406636666171209527e+00
2.378528239701338531e+00
2.352780210143810891e+00
2.329776043834793864e+00
2.320574832113274866e+00
2.289491093220287432e+00
2.323947513479379445e+00
2.490248287795305604e+00
2.258041330429504168e+00
2.394449752358199568e+00
2.536175652272107506e+00
2.203868608465392231e+00
2.493504408238271797e+00
2.222974430840460869e+00
2.417404486956703735e+00
2.306360703916951138e+00
2.455359208139804128e+00
2.414127477935995802e+00
2.289588277837241392e+00
2.648832153119472732e+00
2.289040406147691442e+00
2.488546295448380796e+00
2.279864393911133824e+00
2.530743976469457479e+00
2.452982757212129439e+00
2.392449555197721622e+00
2.553601747347350237e+00
2.191206831389729714e+00
2.420818459677958501e+00
2.502258147319899706e+00
2.533183850509389323e+00
2.340826945726078190e+00
2.302347674792414534e+00
2.391442132281683897e+00
2.430139032495704843e+00
2.225817521249136455e+00
2.270149266406633615e+00
2.471765333243016283e+00
2.529553476231323650e+00
2.501824606326697342e+00
2.559683935128040932e+00
2.333480479182819867e+00
2.488508620051923526e+00
2.524973308093881208e+00
2.458632719998464111e+00
2.151966302081715909e+00
2.323718078168350409e+00
2.424247929800306345e+00
2.613436066196279661e+00
2.566111569356576805e+00
2.597889269813959068e+00
2.705674357027916255e+00
2.236522359085013179e+00
2.373175891682974825e+00
2.528822332213514823e+00
2.626087107046216840e+00
2.524872654699329644e+00
2.586946615728825449e+00
2.627281048901754623e+00
2.588259156322808341e+00
2.631419619915935204e+00
2.544632811192163668e+00
2.579387344160340767e+00
2.429701045562013384e+00
2.587765498575245182e+00
2.422557055650444546e+00
2.481202654164011534e+00
2.409729166991019245e+00
2.289327858692366657e+00
2.683612827806229451e+00
2.592419005505829155e+00
2.594853904876019079e+00
2.378766635285324060e+00
2.642694326876494859e+00
2.607188189011362844e+00
2.569545539937942991e+00
2.458151715320638697e+00
2.588766909334407451e+00
2.659788271074583044e+00
2.431283047659674068e+00
2.446492051267036505e+00
2.626555894086228804e+00
2.550003817527955352e+00
2.609117542453084582e+00
2.553156385421750052e+00
2.458021484684709712e+00
2.659855468148595747e+00
2.466110990065706332e+00
2.421829164794719436e+00
2.567586725154436866e+00
2.287034180151391816e+00
2.419210975531885577e+00
2.306761432288615410e+00
2.531564904322310294e+00
2.543028484119271848e+00
2.284893380445565558e+00
2.615464461793163498e+00
2.640893076188683075e+00
2.612125458914327680e+00
2.109564067549972943e+00
2.178710607825628198e+00
2.125146415868207406e+00
2.223928249265812784e+00
2.186926067991289635e+00
2.223354175687432210e+00
2.240412241244525759e+00
2.278526498538346434e+00
2.036012456650624802e+00
2.120788928499603987e+00
2.051916987048508112e+00
2.164405614157798308e+00
2.267280147083528874e+00
1.991098345441206341e+00
2.155576918318069968e+00
2.618230736067326259e+00
2.081112323058964542e+00
2.504794764457123790e+00
2.481339022534668093e+00
2.495247336794543802e+00
2.441834069869472046e+00
2.568693740910767964e+00
2.475033515380961280e+00
2.311680144797800818e+00
2.528358033495589297e+00
2.447310351436774667e+00
2.263687974202161168e+00
2.307553833072816474e+00
2.418554780895550316e+00
2.367801723922246193e+00
2.338214122833915720e+00
2.565776396249321412e+00
2.496339297993700246e+00
2.477569386242370886e+00
2.336913850844097418e+00
2.486356379710525477e+00
2.390380195471421221e+00
2.532369202966349153e+00
2.268988059919178291e+00
2.548016547089477335e+00
2.502662787362566199e+00
2.643564385617417134e+00
2.533197620679540130e+00
2.600560959294778041e+00
2.711199255683212517e+00
2.504826727478667969e+00
2.558257513049679854e+00
2.702307530107693090e+00
2.624507730264573624e+00
2.677965014677163413e+00
2.769015068607085350e+00
2.611523116062079541e+00
2.440466316857217599e+00
2.505987430781681180e+00
2.587593646737766484e+00
2.282881039815422231e+00
2.479303690496591273e+00
2.439570008014554592e+00
2.394155534417023112e+00
2.492525394513037895e+00
2.412529554961876599e+00
2.585272472439141378e+00
2.529462029537419276e+00
2.218846799859321095e+00
2.252672587477079880e+00
2.194941536009712202e+00
2.240114045421893962e+00
2.351685095078388521e+00
2.213001686879095153e+00
2.395674963405209024e+00
2.382899735179049738e+00
2.294924461287407791e+00
2.277889078705978676e+00
2.208030320243297595e+00
2.093299479445061451e+00
2.377139406452850601e+00
2.413173103997118485e+00
2.148084518311816904e+00
2.397978395178092637e+00
2.209676375140237514e+00
2.298806427978524525e+00
2.417176942980642007e+00
2.288652890197563128e+00
2.477179664258499336e+00
2.323281320283946627e+00
2.370644861944248394e+00
2.397723486962614725e+00
2.429794642773542623e+00
2.455537678586316108e+00
2.467259225582256743e+00
2.416103806860360859e+00
2.605885790495440446e+00
2.684234969002861959e+00
2.616126770744909180e+00
2.810006646903193683e+00
2.362470523536771339e+00
2.351707805179080069e+00
2.406307043028474979e+00
2.345680831069202998e+00
2.274984721196945614e+00
2.373497317558644681e+00
2.550188353196785496e+00
2.436542001906592869e+00
