1.858734770532890490e+00
1.908176322830888783e+00
2.060210350227773546e+00
1.789272444767711301e+00
1.915597861590881079e+00
2.048217645839520262e+00
1.898765619747882605e+00
2.153584008373324643e+00
1.872188653926366575e+00
1.841241471702556254e+00
2.065130435572430034e+00
1.841873766333638862e+00
1.962238445705137835e+00
2.043730538080593018e+00
1.859492475957622348e+00
1.844360089151283466e+00
1.978253126514230464e+00
1.937998059647443316e+00
1.895176879092711486e+00
1.881305066811975735e+00
1.956898730504286865e+00
2.111579079790568692e+00
1.817110433645036993e+00
1.821899890499491415e+00
1.947540885415635525e+00
1.981136635425653214e+00
1.866791280802086117e+00
2.042901866454224447e+00
2.088497898300639033e+00
1.942464414444228682e+00
1.971524331629556759e+00
2.103489522266878797e+00
2.027384280450276854e+00
1.826504776359566318e+00
1.842125232563816439e+00
1.942097359370761334e+00
2.121146690874416318e+00
2.047073942682258618e+00
2.273736777550218413e+00
2.042251605414331372e+00
2.082496815310818761e+00
2.088253613430120392e+00
2.030309001722812035e+00
2.018225551543798790e+00
1.907806066807034240e+00
2.001893334878575015e+00
2.210402566842199601e+00
2.092053280657697911e+00
2.038458997146925356e+00
2.144322976497790023e+00
2.054196393807504073e+00
2.161088648167212689e+00
2.085733993599562019e+00
2.163009466902477751e+00
1.808972081883219341e+00
1.879441236847317676e+00
1.759090278132666940e+00
1.875311267560815454e+00
1.838560332787835483e+00
1.841426184058833959e+00
1.981281994986301864e+00
2.175188948487885021e+00
1.995439155748182758e+00
2.016241962768371199e+00
1.783448346378131211e+00
1.905316560234481038e+00
2.025259622718470265e+00
2.015772358661038322e+00
2.174804576580161797e+00
2.090793768349306969e+00
2.283226873062076390e+00
2.318651235666396193e+00
2.286172822519543235e+00
1.907257523512246644e+00
1.876133989456635121e+00
1.836109008005169407e+00
1.838909672911168691e+00
2.001803361707629403e+00
2.021442939173980768e+00
2.094050021045569032e+00
2.059422942123018796e+00
2.172879796043970746e+00
1.847547937906095505e+00
1.867357476709810893e+00
1.858897009681244050e+00
1.992960330102566457e+00
2.215770299046737168e+00
2.005379234374497610e+00
2.059030439724151673e+00
2.137278468019871092e+00
2.131520906628520784e+00
2.176069798331942362e+00
2.199949454940770543e+00
2.218588343715312217e+00
2.261146580634432635e+00
2.214744802853835459e+00
2.207341470833665831e+00
2.059249049347653404e+00
2.187403055369740112e+00
1.907182898710580332e+00
1.873053045564053054e+00
1.830261372628374072e+00
1.910310034224707021e+00
1.755925990465436515e+00
1.983153645573814572e+00
1.887653555438990827e+00
1.975952601583644830e+00
1.916455377367092039e+00
1.781956678824157869e+00
1.918446747279881848e+00
1.995256053630661164e+00
1.927559916516963456e+00
1.874335158190435502e+00
2.028917846453596852e+00
1.827934487639281347e+00
2.163773527585441503e+00
2.339528471087997108e+00
2.113277078009161869e+00
2.300715639201722063e+00
1.864944331581360748e+00
1.830203039279717725e+00
1.808038535463641905e+00
1.939993200912661475e+00
1.661651218339890823e+00
1.880152983624731045e+00
2.063455437909990753e+00
1.702432842610930974e+00
1.627711164808547606e+00
1.913906440798735176e+00
1.907377067821746985e+00
1.974720897171912348e+00
1.925071844898629259e+00
2.008410628964043099e+00
1.831557569220469084e+00
1.983452075822230709e+00
1.818321724362129910e+00
1.622036816502406165e+00
1.406877620479327629e+00
1.500272058235030181e+00
1.981136716060031278e+00
1.479441084404207629e+00
1.657044443308338888e+00
2.018977780177423131e+00
1.968309389894773664e+00
1.957280718107777151e+00
1.977148689884491439e+00
1.934740796658717565e+00
1.575887581778361080e+00
1.353541045869915749e+00
1.867843462160361012e+00
1.905890130476563638e+00
1.929822201730791331e+00
2.280209572056413503e+00
1.868089083449241627e+00
2.007209362795167706e+00
2.163158924342383660e+00
2.004678490243027245e+00
2.122988474891279953e+00
1.850816265498000712e+00
1.865965985830753793e+00
1.932624269658941296e+00
1.775513845154424564e+00
1.756913011427761351e+00
1.669739783308754610e+00
1.457951185211650680e+00
1.453712083319220527e+00
1.534940748365933194e+00
1.908307449097371489e+00
1.879527895779065316e+00
1.878492855057038113e+00
1.907277450224559745e+00
1.825339892783543139e+00
1.855494330826019667e+00
1.937602255895252812e+00
2.008723957358861334e+00
2.049205541155135979e+00
2.083437500817340915e+00
2.227046600472624149e+00
2.295897378938339450e+00
2.089502624091749361e+00
2.183482664885911806e+00
1.815006148259497909e+00
1.461888648821051184e+00
1.488157810373445189e+00
1.671677980768185856e+00
1.616055351461141765e+00
1.643959195445247268e+00
1.686317186386671052e+00
2.145224234290458387e+00
1.875554214851286705e+00
1.865154247253197672e+00
2.010379391910404046e+00
2.048311571178222934e+00
2.073066994903984828e+00
2.011694003776157480e+00
2.071438641029196503e+00
2.015279836139852954e+00
2.169839974195456378e+00
2.195035013992257866e+00
2.160734494501884484e+00
