1.602048866292184792e+00
1.554472343531500655e+00
1.504357946329628382e+00
1.553496503436338605e+00
1.514747382546858701e+00
1.565012039461956439e+00
1.729193734207058242e+00
1.747209737503865323e+00
1.611737760410688614e+00
1.793549840617795432e+00
1.787327062224031371e+00
1.755429275783339405e+00
1.767732575560094110e+00
1.824585492165310407e+00
1.902413148872475812e+00
1.691838077961923537e+00
1.737854041375162417e+00
1.860271361187883388e+00
1.730679022691881785e+00
1.868969370195029844e+00
1.888393714095398357e+00
1.844270709802175556e+00
1.841099797845713315e+00
1.795235868108490784e+00
1.714576540494283874e+00
1.825553596133307810e+00
1.713929532681469636e+00
1.938004884891728175e+00
1.813021221570411790e+00
1.902857811559490520e+00
1.693454624377114692e+00
1.627809156945461133e+00
1.606100955046753542e+00
1.720288116636288667e+00
1.742367058662798618e+00
1.861516153054400657e+00
2.008173690949850432e+00
1.647446433384183839e+00
1.600611928010459151e+00
1.668873165579312312e+00
1.812662073736819535e+00
1.689597180956635469e+00
1.723710962579954709e+00
1.687691197125458231e+00
1.712756431945329894e+00
1.793560512866135381e+00
1.770094891886355937e+00
1.707941116675682824e+00
1.877156504099042333e+00
1.889947613088651224e+00
1.614775447990973278e+00
1.590329643890792344e+00
1.713514219553620377e+00
1.613147828110120807e+00
1.520619899827112542e+00
1.629979308327393239e+00
1.725671911909695488e+00
1.682313425691676301e+00
1.672758364408379217e+00
1.532669226162762133e+00
1.551545492199678522e+00
1.533565680567178013e+00
1.615200309542541790e+00
1.665618732039687355e+00
1.674466646830494954e+00
1.862769940109058275e+00
1.771447593124124698e+00
1.556046667591584720e+00
1.610335362618786181e+00
1.941497012986179493e+00
1.871701993362377303e+00
1.674262908744519995e+00
1.787953010182795843e+00
1.608110524387075024e+00
1.634565364434126700e+00
1.692973533396380237e+00
1.826847016706650617e+00
1.896141652573033021e+00
1.668780058606147421e+00
1.716637115410809322e+00
1.602532434149907870e+00
1.740462985160042386e+00
1.667660568421336587e+00
1.624678060127670687e+00
1.633870836385496128e+00
1.667203258286899192e+00
2.016530310229912804e+00
1.834581134175280459e+00
1.893368671783540513e+00
1.619872513011294091e+00
1.651103870761549075e+00
1.628314272584744149e+00
1.571331324659540396e+00
1.668703238372197806e+00
1.672435435226884426e+00
1.656224515567217948e+00
1.744308054871160030e+00
1.676400095832941695e+00
1.854727903846336901e+00
1.813427141373242790e+00
