1.974577110283997072e+00
2.094610450316158445e+00
2.106574690937084160e+00
2.002414714901978421e+00
2.077920912216824956e+00
2.002956978350945771e+00
2.110126406993416470e+00
2.274969488049863209e+00
2.051511744197486831e+00
2.199621971835711953e+00
1.951500068566253354e+00
1.970030474174602197e+00
2.097355418976134089e+00
2.166282556455623620e+00
2.045205026131775128e+00
2.144859466519336344e+00
2.284433723466871236e+00
1.999824373847217673e+00
2.389532095380898280e+00
1.870218133803126070e+00
2.083066832489055109e+00
2.080226327024838895e+00
2.387553780853538754e+00
2.122023126387466707e+00
2.107071448973294014e+00
2.432548972086177486e+00
2.017738397248650006e+00
2.026086898721671581e+00
2.407481585408307811e+00
2.171865999936589908e+00
2.222126839435892176e+00
2.283278511406711786e+00
2.136118489621473326e+00
2.083403690792648089e+00
2.229360657089433762e+00
2.163294605103039281e+00
2.248719131542887162e+00
2.387104601425887207e+00
2.273919701880895872e+00
2.090660382137738083e+00
2.158711166496707801e+00
2.291135502735937912e+00
2.092536131273092792e+00
2.398404349547108350e+00
2.108609594672166576e+00
2.331639435735763044e+00
2.179767296883518224e+00
2.180795385541313358e+00
2.259585138734037990e+00
2.110375132106296014e+00
2.259227917006501052e+00
2.244941901039892773e+00
2.148576849725413851e+00
2.165450997781658504e+00
2.190334998951085854e+00
2.222314995270976645e+00
2.172027248511507302e+00
2.109814916349657121e+00
2.106672259185302210e+00
2.234176428572836048e+00
2.305151956601846130e+00
1.986659946165473256e+00
2.223714745299671058e+00
2.143752186332054332e+00
2.323392697143174424e+00
2.400839804035662439e+00
2.108075446227787531e+00
2.157837424616790845e+00
2.268712103765710086e+00
2.377543912522118497e+00
2.331882012188273290e+00
2.248886665136585084e+00
2.328423131518479572e+00
2.229684802198566906e+00
2.447719765398415959e+00
2.279503029287262894e+00
2.313743236734118192e+00
2.335382903844830160e+00
2.583624392541325143e+00
2.479084201302326651e+00
2.371010807736699810e+00
2.438359902105222687e+00
2.282713720089113441e+00
2.357310713323075291e+00
2.302714662533859702e+00
2.293214416058914296e+00
2.034992026847889157e+00
2.153118020309982228e+00
2.271309004517099162e+00
2.378987925819987748e+00
2.198601606307161394e+00
2.310317120892699805e+00
2.164287681427326415e+00
2.116727900831502751e+00
2.186200962362905731e+00
2.310840338316686005e+00
2.219704166339369955e+00
2.338341701194043498e+00
2.145345555271224391e+00
2.164987467374751784e+00
2.153517814065941671e+00
2.262353893702340635e+00
2.406958766458112020e+00
2.606547268559679775e+00
2.588819019763476170e+00
2.481824799525084391e+00
2.557164578716025094e+00
2.597126471328029318e+00
2.331188651861917371e+00
2.463327315001402784e+00
2.367506170298740109e+00
2.209486411794616245e+00
2.180063295080930885e+00
2.306897950245906603e+00
2.205793229952408119e+00
2.216302023843343072e+00
2.150651095747937447e+00
2.020916467703221198e+00
2.356972515838929638e+00
2.162156012631205826e+00
2.636538981775088608e+00
2.406400047487977201e+00
2.410960283312125974e+00
2.334502799813399143e+00
2.414984487166427218e+00
2.195403797961938075e+00
2.497692354156763272e+00
2.211068909389228843e+00
2.715254756985179263e+00
2.663387774942625796e+00
2.737383556414621388e+00
2.661802380217120234e+00
2.490678152665990908e+00
2.428074439168451004e+00
2.494057744302328850e+00
2.357600422388106853e+00
2.395067424589038652e+00
2.349617411651766297e+00
1.920469797151602487e+00
1.963112520921295623e+00
1.987716668412214505e+00
2.062933387431486132e+00
1.956096579056329832e+00
2.076394982886804907e+00
1.891393210010235304e+00
1.941358527930404199e+00
1.778481422418536573e+00
1.911268961984862846e+00
2.107799695182772659e+00
1.911169183992334375e+00
2.158638250771300449e+00
1.831180588966433653e+00
1.894461892447442564e+00
2.112172405852585921e+00
2.262154802307489110e+00
2.308967026056473859e+00
2.306385016213122530e+00
2.208181041584760251e+00
2.293665821195923993e+00
2.216189371728861879e+00
2.222636718652139631e+00
2.148901379518100008e+00
2.251218010255661373e+00
2.512501942416247580e+00
2.399499159845077667e+00
1.953792361439252723e+00
2.117731108700880327e+00
2.215874373673686115e+00
2.422047437274580606e+00
2.074135803454220550e+00
2.429723918150512585e+00
2.045334262287135996e+00
2.532597877214424642e+00
2.357481081691340297e+00
2.400521019910141884e+00
2.190449697804186080e+00
2.380097625557552554e+00
2.510125796330195058e+00
2.457617008036300454e+00
2.653252215685945270e+00
2.678441558718873239e+00
2.669631708957459271e+00
2.550010530142558629e+00
2.474935877374650151e+00
2.505376047740420553e+00
2.209828922749869751e+00
2.136057709025640072e+00
2.160325512031976203e+00
2.163148801176997704e+00
2.240737696867697526e+00
2.129455571653718238e+00
2.306920001218493166e+00
2.205890912037092644e+00
2.128519210460833477e+00
2.250441074315254752e+00
2.145544675591646744e+00
2.217851175014117437e+00
2.125795910062646676e+00
2.288102189768403072e+00
2.299027355446043863e+00
2.172361567887730605e+00
2.363780249336296713e+00
2.246652627136680014e+00
2.289743151148553757e+00
2.367342947151490851e+00
2.278043315951417735e+00
2.040607086412689508e+00
1.857605523887781551e+00
1.964683752271543238e+00
1.902052968898190421e+00
2.112781189263899684e+00
2.127584316797118014e+00
2.003677272976975843e+00
2.040863831374340354e+00
2.115424666672051313e+00
2.274499555482675017e+00
2.281126290874444518e+00
2.186135676421156138e+00
2.096772954829274394e+00
2.504544946113911763e+00
2.327141805117787676e+00
2.306261588964732212e+00
2.655201837481528049e+00
2.062258278218555230e+00
2.126076068839901634e+00
2.045664807496823556e+00
2.293840341671180116e+00
2.137031875383881285e+00
2.286072049248570881e+00
2.048022117157499267e+00
2.464669159890676031e+00
2.408974950175685859e+00
2.418390276964607288e+00
2.457318815614921270e+00
2.356778846262850724e+00
2.404424298118088998e+00
2.275898706545555594e+00
2.415442093380791633e+00
2.379256850101413523e+00
2.392737020940562953e+00
2.675697370955685273e+00
2.292700755616868591e+00
2.264091242272959104e+00
2.351730949940551429e+00
2.523319861592765445e+00
2.636187561489738762e+00
2.360316310206424628e+00
2.389822692796915060e+00
1.790269001623103318e+00
2.028536370361315733e+00
1.903624034276844679e+00
2.028780671227795374e+00
2.129505319586766365e+00
2.057654296258431881e+00
2.085427535857219183e+00
2.065551506874663268e+00
2.090575069751357429e+00
2.142176580090087601e+00
2.165549255727096334e+00
2.014180139682073989e+00
2.028754198625313254e+00
2.121562904647481762e+00
2.259707654534025334e+00
2.149064525443715734e+00
1.916752968915450106e+00
2.269091242581159573e+00
1.947670657914415404e+00
2.230913081918478369e+00
2.124596702978708063e+00
2.423158264249513305e+00
2.000164849044027804e+00
2.137308238877194011e+00
2.253243099292892015e+00
2.141163280064128038e+00
2.045842077816697469e+00
2.299342104658208541e+00
2.349714474784085017e+00
2.161398693151377337e+00
2.230070818384157327e+00
2.224369285098861226e+00
2.125960154825101256e+00
2.309957500125388918e+00
2.365496550033452827e+00
2.403307317185219283e+00
2.404114102292615129e+00
2.141219270956369769e+00
2.210595300640472161e+00
2.175463717920157691e+00
2.270818485156230082e+00
2.562942743578371818e+00
2.425141823838518729e+00
2.374660083325360382e+00
2.234095785320804328e+00
2.150661083539327390e+00
2.271609653489493397e+00
2.232934709070988344e+00
2.144405098635895346e+00
2.119875518035889694e+00
2.190666839992621462e+00
2.143097109742750028e+00
2.215553891526896635e+00
2.210898885252706947e+00
2.197973073115852216e+00
2.230315399002559928e+00
2.136582736500109547e+00
2.640886989411895591e+00
2.131604856868688280e+00
2.133096111466626255e+00
2.335309965509464458e+00
2.108505809959812627e+00
2.448645386412570346e+00
2.101653430786476484e+00
2.295335415156525283e+00
2.149343875322884401e+00
2.290516153524205567e+00
2.218903749305853434e+00
2.197762188360055546e+00
2.392257962453947062e+00
2.235523000919441561e+00
2.342648898866707796e+00
2.266504501840752361e+00
2.464102644797683261e+00
2.422608312384550100e+00
2.252652529658702552e+00
2.283755506124029111e+00
2.225077970166537522e+00
2.433152737290466217e+00
2.335773432809627348e+00
2.407788135785275063e+00
2.322730274027361208e+00
2.473103476317980665e+00
2.247500555043983272e+00
2.305282411151768240e+00
2.299324673983056844e+00
2.059174034910391526e+00
2.159949871184238646e+00
2.243111609245896698e+00
2.292027891249975635e+00
2.307406614337082829e+00
2.134037274157266406e+00
2.298705137460685499e+00
2.363708178351695999e+00
2.147431053408175305e+00
2.078362532375429783e+00
2.163087735407141388e+00
2.237772681024623456e+00
2.152589031154781285e+00
2.369585288620795982e+00
2.220457389917692037e+00
2.472210900519197452e+00
2.065690510475663100e+00
2.276652916583233655e+00
2.176692935346679736e+00
2.499539190148133638e+00
2.295390036731578043e+00
2.471736487024221329e+00
2.556886285409367243e+00
2.443842945081687645e+00
2.377448794835213874e+00
2.398905974849832035e+00
2.384569962642908880e+00
2.270975285800103105e+00
2.402404514308032368e+00
2.296964357592654160e+00
2.350122119493057049e+00
2.243508297908973770e+00
2.021004211630167635e+00
2.390890750550699106e+00
2.241561917787978420e+00
2.264833993611856666e+00
2.201150374083468808e+00
2.291398094901831772e+00
2.315485449941561580e+00
2.332884754536095340e+00
2.484298695766850251e+00
2.462484615125308807e+00
2.601925036162384686e+00
2.268834256856232301e+00
2.352765059301308526e+00
2.359561974284345442e+00
2.206974643671937297e+00
2.493138343522304456e+00
2.359413790698025259e+00
1.999962270605239567e+00
2.490951230736752287e+00
2.446536755726206103e+00
2.556504976045571809e+00
2.622929219848698423e+00
2.491647010549514096e+00
2.466329192391185199e+00
2.433742957268264728e+00
2.266428262456701148e+00
2.479040641393174038e+00
2.372096049130877571e+00
2.370487848086328952e+00
2.303589151649865219e+00
2.328588546356608280e+00
1.768924408961654926e+00
1.787208978041040952e+00
1.666932629225310381e+00
1.824518181845585563e+00
1.755775967971388241e+00
1.790127587744324122e+00
2.038916425840187507e+00
1.997439714601712213e+00
1.863101872921276936e+00
1.706398565898660014e+00
1.954133881125931671e+00
2.082293727376034465e+00
2.050152791588923940e+00
2.137475529237786276e+00
1.975733074881740103e+00
1.669974664289596955e+00
2.126950242683072645e+00
2.298928378669976347e+00
2.305538144150412361e+00
2.310359689786646964e+00
2.208207965375132087e+00
2.190106762821045994e+00
2.244729091303123258e+00
2.188836133179106191e+00
2.242085020934705852e+00
2.154246465592988269e+00
1.795267395210469408e+00
2.043193347391917047e+00
2.348586583557858543e+00
2.408720345184727663e+00
2.157952076556338472e+00
2.354811838177504502e+00
2.258835009658565873e+00
2.218345741688881212e+00
2.148042413939150297e+00
2.420832063542714963e+00
2.041639302895999819e+00
2.264336931498429628e+00
2.004899939261194586e+00
2.489438685957804154e+00
2.319857874352200255e+00
2.324746125165602972e+00
2.289741111574110644e+00
2.222847808426256400e+00
2.350918327017986087e+00
2.310892678313469784e+00
2.268286308003383489e+00
2.423684112315206640e+00
2.481272359305210173e+00
2.597253801441853138e+00
2.684807424356279171e+00
2.637000835590180170e+00
2.372766809494971874e+00
2.318855261816307411e+00
2.353116628648381337e+00
2.251286569233231116e+00
2.153413741810988213e+00
2.314380707482105670e+00
2.129999945475602896e+00
2.266189507321104024e+00
2.304055745053059656e+00
2.362909598042230108e+00
2.330669062675748027e+00
2.090110285481847185e+00
2.179002196283849280e+00
2.059912552798695451e+00
2.015892225047710706e+00
2.168764738843046658e+00
2.142970949563161920e+00
2.106893652692525709e+00
2.208758966427653014e+00
2.075549857167442447e+00
2.122358637814642623e+00
1.845243890894886718e+00
1.782534257043523196e+00
1.970033442906159005e+00
2.170259362866186148e+00
1.893984485087882197e+00
2.059711602366970151e+00
2.065696268162716454e+00
2.113170344688616087e+00
2.276296440362144846e+00
2.141156009636167923e+00
2.355451240208256802e+00
2.035468966543869662e+00
2.099524366760618044e+00
2.050085111000582216e+00
2.265583609543854848e+00
2.213630077952298603e+00
2.409122201894041915e+00
2.202995741093677573e+00
2.369579038119058900e+00
2.510612973351031396e+00
2.504891822428314541e+00
2.618592593574886163e+00
2.386549920671239278e+00
2.339588323959985061e+00
2.479381908480805752e+00
2.364198387280837199e+00
2.374017846395389153e+00
2.406054074235517870e+00
2.475735319347046826e+00
2.393887770347632227e+00
