1.710704207447960146e+00
1.551162301947175193e+00
1.563541463626967110e+00
1.544878894219436027e+00
1.534792599147822401e+00
1.584050425385382432e+00
1.710740561500377455e+00
1.753331188224598547e+00
1.601418271354495992e+00
1.776651589007905763e+00
1.762738885276081469e+00
1.783612280051744214e+00
1.792789321185375595e+00
1.835111623152346105e+00
1.899492270819078676e+00
1.703635662760574210e+00
1.716591839044747214e+00
1.932444332493553629e+00
1.709006195282055440e+00
1.898844679099362942e+00
1.818507525794410551e+00
1.913357339922596490e+00
1.924239985744126136e+00
1.850152259891253204e+00
1.811239441081077928e+00
1.863605262079391034e+00
1.757550793972353365e+00
1.866617185865102835e+00
1.774037060420450507e+00
1.971750499329593120e+00
1.775057091933087472e+00
1.701447711233551985e+00
1.674241725158001071e+00
1.842413644034031073e+00
1.775051475728289363e+00
1.866025776073935161e+00
1.936930088916310577e+00
1.635853343127596116e+00
1.613878554762110840e+00
1.715095638649398291e+00
1.829581045809408613e+00
1.735005703937767763e+00
1.773718678438217511e+00
1.733273669977220655e+00
1.732593930055270182e+00
1.838122866040205805e+00
1.885831842644034584e+00
1.850079535791317342e+00
1.825684295162730564e+00
1.838033123867768071e+00
1.742730764273909605e+00
1.609436438411643522e+00
1.718313869584245257e+00
1.609935805010134890e+00
1.522195000027460887e+00
1.697918873990182709e+00
1.690561840798055382e+00
1.630018282816370956e+00
1.777642242994490251e+00
1.776780111241819116e+00
1.754088453305625350e+00
1.694838207266393448e+00
1.712418849005438393e+00
1.746830421347855600e+00
1.821721782699004866e+00
1.881477747771514775e+00
1.745549963705309349e+00
1.727442960664587801e+00
1.852665027859634383e+00
1.933260408906368077e+00
1.905947173071513623e+00
1.932660507840213926e+00
1.908830717716880399e+00
1.621720072690710834e+00
1.805239311374705835e+00
1.952379140008398739e+00
1.806028855754709728e+00
1.956477132196351443e+00
1.764698475323479565e+00
1.786537216171322662e+00
1.794523642913922856e+00
1.852272964546070266e+00
1.722236716686516012e+00
1.706984126996252460e+00
1.739107495343464427e+00
1.961959279599864159e+00
1.893041795114297043e+00
1.880265510607151525e+00
1.954241520350783023e+00
1.711931667084945152e+00
1.758504966308344741e+00
1.644136959458566860e+00
1.603867980070973420e+00
1.734744429451008374e+00
1.747083075831414423e+00
1.746903989865622453e+00
1.806216173436300698e+00
1.846111109716510157e+00
1.885869495651354200e+00
1.803147737199617850e+00
