1.742031535215766036e+00
1.794849099126051728e+00
1.902939950303542460e+00
1.766469348059129807e+00
1.764303356923185850e+00
1.998492017704597279e+00
1.810611141476254460e+00
2.019086664090318450e+00
1.785487601017934578e+00
2.020806176659230236e+00
2.014911018039837742e+00
2.005577860031375170e+00
2.012550772966582802e+00
2.031226258834516685e+00
1.797521055879127694e+00
2.033242604447770496e+00
2.049931024552107406e+00
1.945582114794984552e+00
1.816080564109851192e+00
1.890069227555038811e+00
2.023740294432700093e+00
2.095720027142831121e+00
1.713163274808922498e+00
1.748635305341939894e+00
1.855911811836885805e+00
1.990689820655492381e+00
1.793614854995226882e+00
2.029321990354106653e+00
2.083859542384384422e+00
1.893325344203844240e+00
1.849079680918815916e+00
2.115641340786161617e+00
2.107427021769582964e+00
1.822247697431699232e+00
1.830253991832530902e+00
1.919574904296998952e+00
2.214952624284054927e+00
2.151927642729809076e+00
2.174709808763288343e+00
2.099381618813314976e+00
2.029948913907696717e+00
2.048287892390989740e+00
2.040644396747236300e+00
1.989601982045726469e+00
1.857569375810227630e+00
1.902309056482702987e+00
2.075564300553533137e+00
1.926995769344913123e+00
2.026828887599443352e+00
2.038908744282978081e+00
1.977527072137066799e+00
2.153588863693444377e+00
2.100496098803212863e+00
2.115931212102859948e+00
1.697485967445509836e+00
1.769623771722127925e+00
1.574096926783201011e+00
1.699822194945098230e+00
1.716793219226404377e+00
1.756738721486445387e+00
1.927238070763073186e+00
2.036175062118596557e+00
1.911573278276668786e+00
1.885545824160800299e+00
1.575593268708582739e+00
1.774533444084575029e+00
1.863198162354680054e+00
1.957735801205254589e+00
2.118890432003958324e+00
2.164788706316330469e+00
2.192365475766390848e+00
2.282113074929784879e+00
2.210664996900458146e+00
1.785524375541841735e+00
1.815445415927979589e+00
1.759359453223020342e+00
1.844213205345200501e+00
1.912971903138996010e+00
1.980536108380817506e+00
2.084903675339873086e+00
1.877517028596162652e+00
2.056932485125245069e+00
1.809183714246798802e+00
1.777506553051799942e+00
1.727281695418767082e+00
1.761227855144353649e+00
2.085142765548964938e+00
1.851343288658315656e+00
1.880361841821919011e+00
2.107896520745839553e+00
1.953757567580514332e+00
2.026037349986874236e+00
2.175159024340696412e+00
2.044305361694356282e+00
2.138319595493548331e+00
2.228942381012979812e+00
2.136193200121687674e+00
2.077774247425447474e+00
2.133266264789379640e+00
1.694470818326479833e+00
1.844695837347012590e+00
1.896571444225667147e+00
1.882737102072328028e+00
1.797313942029874267e+00
1.941760701771034325e+00
1.767946523847762297e+00
2.104023295187033682e+00
1.862631818571148790e+00
1.780968499046004183e+00
1.968887272637917629e+00
2.020932953491655582e+00
1.859081258464917896e+00
1.867129618044371719e+00
2.026886576974087362e+00
2.163644848008762445e+00
1.900238233066170679e+00
1.838031421051653735e+00
1.969962135092732991e+00
1.853198619265348901e+00
1.931813155503280255e+00
1.897201278766473376e+00
1.880235260592270086e+00
2.043664806065924378e+00
1.749896747006121078e+00
1.883198459949197545e+00
2.058126189299743558e+00
1.728839349671644987e+00
1.871972761094852222e+00
1.938611587358083810e+00
1.839092636966743965e+00
2.044948737890808221e+00
1.990491149623153433e+00
2.059492851910488032e+00
1.850649018794750411e+00
1.945753114796762606e+00
2.042962796395239256e+00
1.893285746312249440e+00
1.912273409392424739e+00
1.869996907995542301e+00
2.210017838443721683e+00
1.957168947455622865e+00
2.158614769161460778e+00
2.234896378640765846e+00
2.122376195731428883e+00
2.049506930944541061e+00
2.099898611722481601e+00
2.045836568039014924e+00
1.855812185434843498e+00
1.848059361100697018e+00
1.968338825487140564e+00
2.005357879380732733e+00
1.900158954732219962e+00
2.005993927879720307e+00
1.865655957488836503e+00
2.097207911738074415e+00
2.124535809941522579e+00
2.015774187322536548e+00
2.150374794640949272e+00
1.814496735249964354e+00
1.852120137841559044e+00
1.811687508663313517e+00
1.866330693595629198e+00
1.779178537993277853e+00
1.807322121606592003e+00
1.994332827485907567e+00
2.064616533215619665e+00
2.079982930244112183e+00
1.859900364155664620e+00
1.912305597047174066e+00
1.805639809398990936e+00
1.787225721600888884e+00
1.875671229951008323e+00
2.060751746380945715e+00
1.952189291125311366e+00
1.924709146891128819e+00
2.167539876448487668e+00
2.151093211365569857e+00
2.255809520505114740e+00
2.234271060949595267e+00
2.073494035358118381e+00
2.149677052108706743e+00
2.048371692927639209e+00
1.966229591001202204e+00
2.049277888715608231e+00
1.904185735388830736e+00
1.859122244054213224e+00
1.814487955414102016e+00
1.810293205759487822e+00
1.750908347511245022e+00
1.958570390565124386e+00
1.811474396417546151e+00
1.902380191144952715e+00
1.984208240462569828e+00
1.961986567238274137e+00
2.050496336002967990e+00
2.016704459172685038e+00
2.032250779344650482e+00
2.229354274414731663e+00
2.211182937036321405e+00
2.147996935932001694e+00
