2.053783637622412339e+00
1.998352236150366279e+00
2.156850526712690730e+00
2.090097530848267660e+00
2.112044810123038463e+00
2.043162822000699652e+00
2.094508545636395880e+00
2.259308827376378837e+00
1.999173036289053629e+00
2.130465451234995644e+00
1.983238487716851406e+00
1.885934130302389322e+00
2.035346601857659810e+00
2.187438898000954701e+00
2.008843231552858821e+00
1.950851879636673392e+00
2.151024440524507586e+00
1.938381217831427694e+00
2.309818615211163717e+00
1.885139019358949231e+00
1.945090508964698595e+00
2.209078700306909671e+00
2.444378337130498569e+00
2.224982440100810699e+00
1.958847915769128312e+00
2.344256678930172644e+00
2.064241641427985829e+00
2.006844936753305664e+00
2.354652360069317663e+00
1.981602700442703702e+00
2.293061428691151260e+00
2.374467645660875093e+00
2.038408798912057840e+00
2.103503140335816202e+00
2.359409613066402400e+00
2.382745278750075801e+00
2.268209541938888130e+00
2.346222878881242924e+00
2.393846232513294758e+00
1.997256944085556096e+00
2.031129397024534100e+00
2.287210908016479305e+00
2.011306553853775547e+00
2.307821331041590707e+00
1.995359739288881107e+00
2.286570177012741123e+00
2.164129576770596142e+00
2.174565777667573752e+00
1.976012913933949289e+00
2.133139848110380932e+00
2.250699991218511720e+00
2.262175887075370539e+00
2.173474102601322677e+00
2.127124296322839392e+00
2.154109747240569472e+00
2.118736531633703901e+00
2.195666129720403426e+00
2.100088866871504312e+00
2.105812805995487924e+00
2.113217366466072722e+00
2.230528026337896819e+00
2.152468701150381580e+00
2.177462757287438322e+00
2.122653942889183298e+00
2.189100143903616846e+00
2.341524343754176396e+00
2.169994960409634022e+00
2.081329593709251302e+00
2.225290385942206850e+00
2.237605857447181990e+00
2.173093013043987387e+00
2.324685706610352565e+00
2.440966955632869251e+00
2.175067434097650132e+00
2.253842956698074662e+00
2.273904119774955657e+00
2.111326328062024693e+00
2.189918709063544799e+00
2.351479151955693236e+00
2.230512206653328722e+00
2.316422297720619028e+00
2.113520655243387392e+00
2.083668720726123968e+00
2.146470360515910336e+00
2.077019388186465143e+00
2.169959907629674500e+00
2.106244578222104646e+00
2.185408877206056033e+00
2.378699103692916594e+00
2.381055991491643820e+00
2.386090319049788633e+00
2.339735409738059602e+00
2.200705514305399735e+00
2.134275868626065886e+00
2.151012281857375363e+00
2.422247630431145105e+00
2.362061421679654050e+00
2.491949296741659658e+00
2.144476663021074980e+00
2.131276890815427372e+00
2.152824079901054954e+00
2.390156009278794347e+00
2.487158813085479814e+00
2.573281350262689671e+00
2.558409396170008954e+00
2.408021689187878511e+00
2.400505911535349757e+00
2.376416482465607327e+00
2.319651556607809528e+00
2.353967448310601895e+00
2.322178034439624561e+00
2.327344024182104398e+00
2.248597688565821429e+00
2.407944572589645116e+00
2.162251437027539858e+00
2.312575767848439767e+00
2.228618574953425746e+00
1.909644517347306447e+00
2.491569596846725076e+00
2.227517612592937457e+00
2.509971335609160192e+00
2.434119321361490229e+00
2.269972287909112652e+00
2.400615261736714245e+00
2.420658423051257557e+00
2.294947776633153413e+00
2.490820296688161850e+00
2.334562700096423971e+00
2.468532317628051587e+00
2.374202185328071035e+00
2.246899980024438026e+00
2.281863985809577944e+00
2.472192334192643060e+00
2.291771913745874745e+00
2.263921032141004819e+00
2.496853238331914415e+00
2.437189434747452754e+00
2.414794734600178128e+00
2.176658858827668297e+00
2.133397489007787584e+00
2.189886876968947238e+00
2.157322391950759588e+00
2.160401262516606913e+00
2.227930346130261530e+00
2.027047517683557398e+00
2.082878474271472324e+00
1.917161441183283577e+00
2.038696045173993276e+00
2.093405525284787405e+00
2.167878782760872536e+00
2.088894559510284132e+00
1.773800822954510137e+00
1.965298933295988704e+00
2.080948805934662360e+00
2.417552479212487171e+00
2.383751500278082691e+00
2.352786164068934482e+00
2.260879007082218894e+00
2.367428643267927235e+00
2.314961159731691254e+00
2.233026538597270516e+00
2.172058372330222920e+00
2.338331352480954362e+00
2.443437150886870857e+00
2.471681086483512146e+00
2.178297526796579398e+00
2.244959936243334120e+00
2.262980612541583447e+00
2.377867782664498275e+00
2.332323958811716391e+00
2.490287669011508331e+00
2.416642161564928060e+00
2.409949238265487015e+00
2.480333740197016912e+00
2.459579936733637506e+00
2.311685227111109686e+00
2.502221645201956335e+00
2.505352325996120122e+00
2.505340700600050763e+00
2.627512250330505061e+00
2.622089412005922160e+00
2.598577883297156887e+00
2.395008179273922178e+00
2.453029734640701509e+00
2.457994738991446937e+00
2.099381584799414391e+00
2.294652765816680873e+00
2.317572541950427834e+00
1.947831594029457492e+00
2.179580416119333286e+00
2.055030077947044731e+00
2.288715659486808995e+00
2.153763303367735471e+00
2.021329390469033704e+00
2.351485622609601922e+00
2.004929430761833054e+00
2.276237394134706715e+00
2.225628014439132052e+00
2.266608663299496396e+00
2.285240834385619202e+00
2.288605331955745115e+00
2.411777208583694598e+00
2.266329894603936079e+00
2.316606651032864228e+00
2.390061309015369950e+00
2.287691644332043861e+00
2.204506016324604190e+00
2.040644734726250853e+00
2.131450801060893685e+00
2.081417020443613097e+00
2.153148009747792635e+00
2.223058389691186854e+00
2.129332280308085856e+00
2.172679794937200093e+00
2.215981379796756023e+00
2.255548745796346122e+00
2.373655148605927412e+00
2.181459657757188531e+00
2.242669640505877915e+00
2.438251947019833832e+00
2.394516273573142229e+00
2.293076532911312970e+00
2.542985785177112046e+00
2.289333981979019494e+00
2.291341613453924175e+00
2.346927607578508823e+00
2.383405005401983967e+00
2.315715828507358243e+00
2.387086963003025364e+00
2.400564972608763004e+00
2.519234559364750048e+00
2.388356975981199781e+00
2.408386200382059528e+00
2.345961937053039126e+00
2.544944163597560483e+00
2.532984764141900325e+00
2.385223254386492631e+00
2.574105109333919117e+00
2.482590632673636222e+00
2.473220514551535576e+00
2.634201212097444955e+00
2.464178254620440711e+00
2.447676946431201372e+00
2.361548775271011813e+00
2.360860541379816713e+00
2.327204546362426019e+00
2.466956917051833287e+00
2.387380605077384033e+00
1.899926252851615649e+00
1.971674189586598569e+00
2.009368014429701255e+00
2.207399418488678489e+00
2.104021461763191603e+00
2.194037047434178156e+00
2.125244772728761333e+00
2.141994624602002961e+00
2.067446979055494349e+00
2.149152574037885621e+00
2.199394398585279298e+00
2.019154815199843966e+00
1.973970488630176545e+00
2.063711439615770082e+00
2.225891856970934057e+00
2.093557760967481585e+00
1.969666177533237361e+00
2.252293547173361166e+00
2.027647865316970499e+00
2.207216845233201941e+00
2.071612698800386010e+00
2.478698113681586435e+00
2.050276887285732208e+00
2.098823398219562097e+00
2.280135782352150642e+00
2.129633967018003560e+00
2.088031818416838270e+00
2.202992054543662093e+00
2.327463490350796693e+00
2.102199904441265588e+00
2.271846639236857701e+00
2.224346906484374387e+00
2.116629741565747569e+00
2.425657911251370535e+00
2.323736942573705555e+00
2.413524982306197941e+00
2.445084632467715569e+00
2.113456942678883621e+00
2.176722880302302432e+00
2.218401898319624088e+00
2.270669443764069317e+00
2.437892633233210482e+00
2.406409622636400680e+00
2.331644595298739908e+00
2.184386287478358391e+00
2.261963847064639044e+00
2.319768572735611212e+00
2.378811686305366546e+00
2.204049637050582433e+00
2.187715754253297007e+00
2.169253658838116383e+00
2.193212579918560223e+00
2.152529872215803497e+00
2.118139391051480747e+00
2.006410550656519742e+00
2.116611746925861848e+00
2.036030224776558040e+00
2.357560827041953466e+00
2.055703818114093195e+00
2.145415564232022287e+00
2.156203377772119012e+00
2.023245615861241742e+00
2.398837165294479323e+00
2.038277015853326102e+00
2.286134486632329654e+00
2.112104526686100492e+00
2.254663871934359243e+00
2.141029803262154196e+00
2.160488617600241135e+00
2.318493699982237644e+00
2.162352039498929734e+00
2.275623691929243630e+00
2.203657944609515251e+00
2.315337540119243531e+00
2.203175815215326683e+00
2.155684078957700756e+00
2.342863599103338856e+00
2.051592778815798823e+00
2.216561706155537603e+00
2.256275588813114297e+00
2.400688151089939382e+00
2.139835967718390464e+00
2.099979771831891995e+00
2.177003436362028754e+00
2.079436423479367413e+00
2.109362979689886064e+00
2.160557212697727714e+00
2.220455912179338132e+00
2.320249861162650973e+00
2.284580447078813137e+00
2.327438277285019286e+00
2.111214471716277963e+00
2.422018127060752590e+00
2.449568251555596987e+00
2.128753966292156186e+00
2.053429602280720800e+00
2.168248595199107509e+00
2.200962248996543025e+00
2.211772819047262750e+00
2.413580201239816425e+00
2.250999078022348332e+00
2.456932369840207464e+00
2.071784506210605059e+00
2.192993484866427867e+00
2.180809256598481127e+00
2.392650587045809907e+00
2.328711500161896986e+00
2.436913629206054477e+00
2.504026244030156167e+00
2.408638135213487352e+00
2.341279762948503151e+00
2.360097553053621233e+00
2.383327333491158218e+00
2.320662852599292947e+00
2.355361708174807500e+00
2.309242450933757684e+00
2.292403550859587025e+00
2.238512726806489717e+00
2.219862183042132564e+00
2.322988848651022398e+00
2.284325564080003534e+00
2.345944397374691182e+00
2.285597533737832254e+00
2.328673803115951735e+00
2.233304475126129951e+00
2.301531833173457109e+00
2.344114378681435351e+00
2.413405757984460998e+00
2.628516684819450333e+00
2.249397894985571966e+00
2.257487082776219012e+00
2.432009707165204038e+00
2.351496071665807097e+00
2.443506428696101462e+00
2.303916072930331627e+00
2.265255815800778283e+00
2.557134259160317225e+00
2.440894588768804052e+00
2.334577933434542008e+00
2.488475492168847225e+00
2.217179855307713332e+00
2.315808394311818397e+00
2.270550796440640173e+00
2.460475075369139564e+00
2.361593126078207483e+00
2.246400008172251272e+00
2.480886636716970628e+00
2.479542177748114362e+00
2.417807748753557640e+00
2.092436313056139863e+00
2.179836927533319368e+00
2.109834158084169520e+00
2.172487197654401569e+00
2.069858625899406057e+00
2.220996297475845260e+00
2.181939281907981698e+00
2.009283382508676219e+00
1.902611758282448218e+00
1.828477668408248880e+00
2.009280303638611098e+00
2.065430365618135422e+00
2.052443890184189268e+00
2.006705546737131751e+00
2.130267002835446899e+00
1.955646079849457930e+00
2.036587053523795099e+00
2.259599674373418576e+00
2.253367019136693905e+00
2.279953358593000967e+00
2.160935098521847397e+00
2.183324585379260885e+00
2.301714065290136890e+00
2.203587791575330801e+00
2.266762594422832233e+00
2.302255249083681843e+00
2.164161021214541680e+00
2.204760735098599600e+00
2.266608181720649817e+00
2.265970811604014479e+00
2.250585269321982107e+00
2.336474818474357562e+00
2.323453260828228562e+00
2.323849170117831875e+00
2.247760169207634107e+00
2.455484958061358469e+00
2.309228549671006991e+00
2.426402803414539733e+00
2.221209164671716252e+00
2.420026611795552896e+00
2.348962012660372078e+00
2.465979148441610036e+00
2.281834966747142257e+00
2.421585258819491493e+00
2.461576605565500842e+00
2.407573591657448553e+00
2.401304076559125811e+00
2.474337284964755579e+00
2.511635842369276173e+00
2.676173124428496752e+00
2.683231787873957330e+00
2.539378769093919797e+00
2.390139114166183631e+00
2.389148529578438929e+00
2.490504406595357434e+00
2.234146246918971013e+00
2.312119827939097760e+00
2.257394387964634319e+00
2.233618130758365350e+00
2.277913878003185566e+00
2.296682496084376801e+00
2.386212572740066040e+00
2.329430178693342235e+00
2.068408150445419924e+00
2.179341269266258152e+00
2.088592411379991187e+00
2.128663682786379852e+00
2.218359887204972125e+00
2.154208730583713649e+00
2.161589644439769753e+00
2.241898062107499090e+00
2.119514216782067084e+00
2.237068068056973669e+00
2.225002012876176050e+00
2.100136265203749630e+00
2.201121838867151848e+00
2.230589763184881669e+00
2.109328783259526219e+00
2.295994953019522278e+00
2.150308182337575591e+00
2.222613587953372605e+00
2.346022207588948305e+00
2.204898407505080815e+00
2.389190093416404537e+00
2.264045212207629554e+00
2.335280757862752576e+00
2.286733183744740217e+00
2.251504825784203856e+00
2.395984453674789627e+00
2.360907904120072676e+00
2.354375471180421897e+00
2.546106017848886349e+00
2.668922101176240957e+00
2.543003599917178725e+00
2.667705050390269061e+00
2.500103154922933335e+00
2.412508006944681149e+00
2.405616496256735459e+00
2.374962104220912806e+00
2.408664695175112058e+00
2.419559353825523118e+00
2.311967689456176700e+00
2.497410483654348923e+00
