1.630859220276408506e+00
1.527497408234446574e+00
1.532878524153278743e+00
1.520129816647642462e+00
1.494136180754966015e+00
1.488013392485157960e+00
1.691941415606493138e+00
1.660262291144451119e+00
1.495403890879675846e+00
1.594871416071069525e+00
1.624188118011335558e+00
1.610196881850515016e+00
1.565075508902216361e+00
1.622591459091688559e+00
1.611830116382725997e+00
1.666674195031487615e+00
1.612541579560252014e+00
1.758985996305061583e+00
1.590314123481448183e+00
1.471890319123283497e+00
1.619148686415451399e+00
1.554792042204921954e+00
1.614150621669188546e+00
1.693389033955841727e+00
1.591483438232778935e+00
1.575435655757735143e+00
1.373123591772958729e+00
1.674250832940734623e+00
1.447036875951674739e+00
1.611911739357491324e+00
1.638313607313241382e+00
1.644525931271102248e+00
1.517595250647349570e+00
1.671891960602240434e+00
1.428068979960714469e+00
1.574610718563661305e+00
1.425389551030233681e+00
1.535719491726027952e+00
1.525902603319262196e+00
1.620403104790765214e+00
1.693536223766450188e+00
1.459464659161802569e+00
1.429978916131827704e+00
1.617308206275822613e+00
1.391008410932545347e+00
1.464414267611105824e+00
1.486537490699795461e+00
1.438403699999356800e+00
1.716859162436034314e+00
1.425376673929663829e+00
1.637655500767892569e+00
1.557779501115992948e+00
1.621379857527928126e+00
1.535528136400392540e+00
1.490687930051666221e+00
1.630650797171811162e+00
1.663268926820502092e+00
1.626348855082329514e+00
1.484923224128914532e+00
1.578058002388720515e+00
1.574199681256390093e+00
1.514472384114958770e+00
1.446055724331020587e+00
1.539831208378827698e+00
1.558412803585140782e+00
1.590047910376011009e+00
1.699067512394025092e+00
1.518452756641496260e+00
1.566103286064769673e+00
1.673225399678781589e+00
1.570192419573128939e+00
1.580700278973922623e+00
1.588480848641622201e+00
1.532049895801571138e+00
1.638569388954336681e+00
1.614803744310236766e+00
1.475542896470227072e+00
1.564837336316363459e+00
1.647337439514722446e+00
1.676029461848346447e+00
1.549220194029202302e+00
1.554786341904807800e+00
1.393516823286454320e+00
1.375528646724440529e+00
1.377135552226431692e+00
1.480938185625525705e+00
1.451631091623715841e+00
1.677281155880706143e+00
1.534959893933377284e+00
1.469415514898651409e+00
1.597826155192791475e+00
1.514210202390458448e+00
1.523183332943677692e+00
1.477771045304563380e+00
1.440552615818689208e+00
1.628356537154899142e+00
1.521408605645036438e+00
1.446643505078990755e+00
1.664063345990674181e+00
1.412797035193871675e+00
