2.171180265788633879e+00
2.195067116209427294e+00
2.274982506705618857e+00
2.124302301340784460e+00
2.176752752719282036e+00
2.132441206210643703e+00
2.149125181208616286e+00
2.451916917195238188e+00
2.099330947253141400e+00
2.364323824495150550e+00
2.054920549404555263e+00
2.049225439608630683e+00
2.170556922090105978e+00
2.298423171370171936e+00
2.039753453708462061e+00
2.110132974274637974e+00
2.426278711217036310e+00
2.079122081082425577e+00
2.433894887245967364e+00
2.021031029297433612e+00
2.082950351914313547e+00
2.199299253581084024e+00
2.538366162133195214e+00
2.497900487510678946e+00
2.246718342105802346e+00
2.391330491278301107e+00
2.183969154517859668e+00
2.089363960234710493e+00
2.394486465805798492e+00
2.238197362791645606e+00
2.388842960624293354e+00
2.474668937542452429e+00
2.242001826440441992e+00
2.203336707306065456e+00
2.378879598998453471e+00
2.383330366398756173e+00
2.467201252235653008e+00
2.446911164913470937e+00
2.344751635613582685e+00
2.110128661113575887e+00
2.114189452169605410e+00
2.208135279060152278e+00
2.148379290655609175e+00
2.385890820214171981e+00
2.059813951536853427e+00
2.534572110857578497e+00
2.408655210297042881e+00
2.472575706479469559e+00
2.259525596246740875e+00
2.331036644743665676e+00
2.495126771159494883e+00
2.445737471587611456e+00
2.492404387129266929e+00
2.235585249648023076e+00
2.349622402290011625e+00
2.317346021546241808e+00
2.443375753515584226e+00
2.187564632830188760e+00
2.351508495740278981e+00
2.194808296015017479e+00
2.525972805779321373e+00
2.062306518245763165e+00
2.312985379833023991e+00
2.213811130230283641e+00
2.522395917975885027e+00
2.570070104740561412e+00
2.177270961233451096e+00
2.225354705763486152e+00
2.273510589072393451e+00
2.440787054046972937e+00
2.403111113548531019e+00
2.230941269226642376e+00
2.577692535917130989e+00
2.255978858323017811e+00
2.493427089133864794e+00
2.246425221361143976e+00
2.341172807557009072e+00
2.410715238633269752e+00
2.521315956924888635e+00
2.405191968552549131e+00
2.495865206379750401e+00
2.403455506415292930e+00
2.314772992220754055e+00
2.388389094375222843e+00
2.326491510812029873e+00
2.384322377626762357e+00
2.183480723861813466e+00
2.365610602159343046e+00
2.480685840339381443e+00
2.434726881646841257e+00
2.335904577761060086e+00
2.239319195826861009e+00
2.241611536038768282e+00
2.225316871192482449e+00
2.295296224427668896e+00
2.224308516564790228e+00
2.182736041065841626e+00
2.347884319913385198e+00
2.064032525134477769e+00
2.163310691203415459e+00
2.190823302954395757e+00
2.324247240503091838e+00
2.192749636063168861e+00
2.689505624343689227e+00
2.471174407624056713e+00
2.586849555453714977e+00
2.478983836786849970e+00
2.590445121095268366e+00
2.509315530612226564e+00
2.482665238269083474e+00
2.548117246910618139e+00
2.643782672537791090e+00
2.489979104803508481e+00
2.429781145454723124e+00
2.325703618637534387e+00
2.369412113222848060e+00
2.343815958575628411e+00
2.112205372049648311e+00
2.571620416856824853e+00
2.412019430092734673e+00
2.694821875448086157e+00
2.562407652966742777e+00
2.559113296179118979e+00
2.495612449764627705e+00
2.518903664429345657e+00
2.406418781023890396e+00
2.565335213564163386e+00
2.418723013204654215e+00
2.605874934858110503e+00
2.662741590984978757e+00
2.454253159480519031e+00
2.477887890180101138e+00
2.528086359734627031e+00
2.624940190952448127e+00
2.419022320863108089e+00
2.520135902686706064e+00
2.660867035815339676e+00
2.627549700841087077e+00
2.258173657277676938e+00
2.197784966669599882e+00
2.218165746208963007e+00
2.223564242565728932e+00
2.246074611309602176e+00
2.327250255132081502e+00
2.175125835640883132e+00
2.265982501317409081e+00
2.108726147022240927e+00
2.178609624901949537e+00
2.185992046578818737e+00
2.272932761376162070e+00
2.371391161291867000e+00
2.072724209484518187e+00
2.078367332555266955e+00
2.260560973196221735e+00
2.087153740803547208e+00
2.396939146989783165e+00
2.427527751459781502e+00
2.243423986487438349e+00
2.273140724784768363e+00
2.263766317855258503e+00
2.281719213635958532e+00
2.258280690559919535e+00
2.407040094421834198e+00
2.591083075115745427e+00
2.504087501429823170e+00
2.213202380021285887e+00
2.360521216067764438e+00
2.364443594746246546e+00
2.382891645541429515e+00
2.386066339831414140e+00
2.575139988196324392e+00
2.473289361809317022e+00
2.530503578874171211e+00
2.551024593373826921e+00
2.423792234111328270e+00
2.471458367000403111e+00
2.423818476284880230e+00
2.506901936803644482e+00
2.600036779830487532e+00
2.691922832452319891e+00
2.696213126271230998e+00
2.692964781492048765e+00
2.573088526013667110e+00
2.449212174643178308e+00
2.485302845939413974e+00
2.375270330707147881e+00
2.386707123581193191e+00
2.400584650589925317e+00
2.172283325376698215e+00
2.311845466498460677e+00
2.085837403593395756e+00
2.310121021782741035e+00
2.331189579088413399e+00
2.190141871291216180e+00
2.371565261595579788e+00
2.304047795597958359e+00
2.366017620889024453e+00
2.312000081569093091e+00
2.282800078501185048e+00
2.440841354347464964e+00
2.328196701442270644e+00
2.353908652943956792e+00
2.187351235336753685e+00
2.449241620313705514e+00
2.282681057454659879e+00
2.272868003010724891e+00
2.264350357394048441e+00
2.071993249666317372e+00
2.248888030665082027e+00
2.180018459560946198e+00
2.234841406309538314e+00
2.404409914086182543e+00
2.376263319489483106e+00
2.314989614610588831e+00
2.321545151205106627e+00
2.451213219378367558e+00
2.458050635112212667e+00
2.337368604259855154e+00
2.360905667212505499e+00
2.651692249865855722e+00
2.450399417698199134e+00
2.478162099194958223e+00
2.589419273019525569e+00
2.399303150195585932e+00
2.453967041025375106e+00
2.429414569534218415e+00
2.465199445905980724e+00
2.306598119156748172e+00
2.351575046905670874e+00
2.373801454498817964e+00
2.624984637173962021e+00
2.558003270811105345e+00
2.529334944103195593e+00
2.379248041996878893e+00
2.500586512566653319e+00
2.558040834591222890e+00
2.562970522560631181e+00
2.631814759959969496e+00
2.497663576872632518e+00
2.544453090447894361e+00
2.817548721917651378e+00
2.336445891730311697e+00
2.456206960116359639e+00
2.559506509049220835e+00
2.538256784307293845e+00
2.527306200412244408e+00
2.403707276520314906e+00
2.615449803053202515e+00
2.126145730497506214e+00
2.167184633918341152e+00
2.074882960522003383e+00
2.237920971978809348e+00
2.263659910996748348e+00
2.206231615575357186e+00
2.209707470621164571e+00
2.137540888444264819e+00
2.042836722617538125e+00
2.191397091537192310e+00
2.236327972786173568e+00
2.051512323595233944e+00
2.122988276541330155e+00
2.086714481983006131e+00
2.358018014438770571e+00
2.144595321709007241e+00
2.012716964798056285e+00
2.408786320853216090e+00
2.011184102489912195e+00
2.297502978392021333e+00
2.177595548398328251e+00
2.549959931488897880e+00
2.127429205380104271e+00
2.144476632012771944e+00
2.216509595207096339e+00
2.250191578361619094e+00
2.075304061641852993e+00
2.368327847150306642e+00
2.391548823467348761e+00
2.230005725155381757e+00
2.348212811376336528e+00
2.299983266393739623e+00
2.237987985499453103e+00
2.430228096521672487e+00
2.524821126680615535e+00
2.562234148241809617e+00
2.464293752027724604e+00
2.200402099282043888e+00
2.193633501674502106e+00
2.234187282181679279e+00
2.228482869629626162e+00
2.647174415495192168e+00
2.414759153742361164e+00
2.525777833290201446e+00
2.285877811205419441e+00
2.266703987566067724e+00
2.383789526451848495e+00
2.538675685106100310e+00
2.486844893288811420e+00
2.352130242487602718e+00
2.275392189498211870e+00
2.339844989108047724e+00
2.231568644751147357e+00
1.994098358576063434e+00
1.834431079077110116e+00
2.273802702449557067e+00
1.921248224951979999e+00
2.501777894615139441e+00
2.068349255991425828e+00
2.142375100886748651e+00
2.308627328881959428e+00
1.967568101246763179e+00
2.568780057489159052e+00
2.014286675701071783e+00
2.371927497140295049e+00
2.053455022256352791e+00
2.267959819863267779e+00
2.168886426790951116e+00
2.200585982161048726e+00
2.263558689239287602e+00
2.242893794583647349e+00
2.366263158323329563e+00
2.349817146743252927e+00
2.397548455505488452e+00
2.349439698400446641e+00
2.296885111106850008e+00
2.450506574470058041e+00
2.192455508664073349e+00
2.384655885494459060e+00
2.345258496558781491e+00
2.436797090079214634e+00
2.270839404440522902e+00
2.343054667768407207e+00
2.325066820954212243e+00
2.340498182242739755e+00
2.396993444974171883e+00
2.379218269787573892e+00
2.476341236774989518e+00
2.425588721166454853e+00
2.237950899348671641e+00
2.308373810566434425e+00
1.852797795484137477e+00
2.308835794345899028e+00
2.238227304769786041e+00
2.069384164068229115e+00
2.315784365922513910e+00
1.881346031884051362e+00
2.055802810372038270e+00
2.093115825558062415e+00
2.395036672088624474e+00
2.138117467769394153e+00
2.500332382998082359e+00
2.072550814673657982e+00
2.009841977546098502e+00
2.037219053472938857e+00
2.433011750050076749e+00
2.268394497114315733e+00
2.432732616471155129e+00
2.471127827491494067e+00
2.367858125343969888e+00
2.493711226985081630e+00
2.553564976625487759e+00
2.522455921345031271e+00
2.473784621832125108e+00
2.347040965593285122e+00
2.362251961410594792e+00
2.379508846496252605e+00
2.109948185662729347e+00
2.225959942666333902e+00
2.381033629650670225e+00
2.493372671792969175e+00
2.217187406265429317e+00
2.259490229133218619e+00
2.182680674838376245e+00
1.923768593160737783e+00
2.457475882830017166e+00
2.323497556566676447e+00
2.371084929767602212e+00
2.616133592301414179e+00
2.426932422749904728e+00
2.461954708672517533e+00
2.566587747182926371e+00
2.549564672969144130e+00
2.295906282916378771e+00
2.210392583719577253e+00
2.190668525245152765e+00
2.521451993366385924e+00
2.445376721008222010e+00
2.429046353457513963e+00
2.538120128356727623e+00
2.349047201757428649e+00
2.449472902917412487e+00
2.389227993029650499e+00
2.563896710957942027e+00
2.408249892659536595e+00
2.385989027342895863e+00
2.557556178848702455e+00
2.562234061101998694e+00
2.558877692220744127e+00
2.175222975427578476e+00
2.110286849643292495e+00
2.098971691200710588e+00
2.158331678610184046e+00
1.885523853689691220e+00
2.147647460491769689e+00
2.174423727506361814e+00
2.179198581753686081e+00
2.152251092632335272e+00
2.083612931705649096e+00
2.081709333610353152e+00
2.168441952203007173e+00
2.128622891894240698e+00
2.125352505738895115e+00
2.098534629194027445e+00
2.218382627388232997e+00
2.109021046987229031e+00
1.893870177317291681e+00
1.815922420738213861e+00
2.041601417941651508e+00
1.908069318624887822e+00
1.851400887489694336e+00
2.162431602435627820e+00
2.144987712173789252e+00
2.290646810074595585e+00
2.227063475307051288e+00
2.053155962055233541e+00
2.195718967013853717e+00
2.247211621767647660e+00
2.228640365016285152e+00
2.318238744702336707e+00
2.436792087995315104e+00
2.205714586809285560e+00
2.209764738794809169e+00
2.286984173658091368e+00
2.253920301974221552e+00
2.279523809627707731e+00
2.286538734579216303e+00
2.256988001893035278e+00
2.402637346089281145e+00
2.403049707263038126e+00
2.587910435779996909e+00
2.396463106936186804e+00
2.494638492075534675e+00
2.609362485450192892e+00
2.493625234095159904e+00
2.385122730457388318e+00
2.538073609220111937e+00
2.494874240959926048e+00
2.584505470151109208e+00
2.664317136896657168e+00
2.553263724099237741e+00
2.416369559602513650e+00
2.460064493132123609e+00
2.494388181000131155e+00
2.152531500439176515e+00
2.162605734273789881e+00
2.027653674248131921e+00
2.333919985687064269e+00
2.242686520984643828e+00
2.250451541622940699e+00
2.190434366907269670e+00
2.231582303507039011e+00
2.178432142483357925e+00
2.278687915958907073e+00
2.214213218350265411e+00
2.171478456688952896e+00
2.203828437366097237e+00
2.163188196737119373e+00
2.078129773371890643e+00
2.211975831491975075e+00
2.079113692754797960e+00
2.318873531931751941e+00
2.127054492574363298e+00
2.040450161091208692e+00
2.219111095092697550e+00
2.293767018382498080e+00
2.050861501191588943e+00
2.236628188029283315e+00
2.190640145391870242e+00
2.296583896915949996e+00
2.445148360021808909e+00
2.430457132640674978e+00
2.466337058137862748e+00
2.334004419831825050e+00
2.469060089295870064e+00
2.370327484989028122e+00
2.249454855430879530e+00
2.382273429210605364e+00
2.311974344531073644e+00
2.293643892489569236e+00
2.466937583854071026e+00
2.695009935843611704e+00
2.613308928311483204e+00
2.827311561181322652e+00
2.582484731857003446e+00
2.467558585013867489e+00
2.567233765339756335e+00
2.338403762775095984e+00
2.372289308542435915e+00
2.521322249345763211e+00
2.477949688173302079e+00
2.427495864277708471e+00
