2.113237293966349739e+00
2.070813293406686295e+00
2.327916847524768240e+00
2.144107874088831522e+00
2.250039360221666396e+00
2.224180720611109052e+00
2.225949053295853020e+00
2.500904784041511508e+00
2.261795347804698153e+00
2.076518946778519226e+00
2.092455906324285575e+00
1.957740637356511160e+00
2.319466687730927568e+00
2.307457010508023654e+00
2.330827232463911436e+00
2.197393911511581255e+00
2.311014870430648127e+00
1.979139929306469536e+00
2.316120387299989591e+00
1.906385506129777418e+00
2.242999356281795365e+00
2.300990164935043936e+00
2.449779539226473180e+00
2.326019891779472992e+00
2.231394918161762941e+00
2.338232449980642169e+00
2.015765653257433065e+00
2.033238203718533477e+00
2.366255065498844790e+00
2.212209885395578279e+00
2.321772275818219100e+00
2.467548267201924439e+00
2.230030825695436203e+00
2.059523103354779838e+00
2.349187269783208354e+00
2.392521929656978408e+00
2.420125140208499115e+00
2.464351850928163223e+00
2.308652774876069014e+00
2.297798463909042965e+00
2.367142669153835755e+00
2.650118777020866290e+00
2.351545890679349604e+00
2.674735263303441357e+00
2.267855341677299741e+00
2.462429208215015652e+00
2.266633211286587457e+00
2.573117383682419046e+00
2.349063771918363130e+00
2.417760799592965970e+00
2.551194318957413554e+00
2.459876648233533025e+00
2.527298850912351291e+00
2.351651674024756833e+00
2.392104748981381590e+00
2.287560021509841501e+00
2.457909036830103755e+00
2.333567650653439074e+00
2.331727818180785228e+00
2.274980148964618198e+00
2.485880401710302223e+00
2.118156846153394834e+00
2.405854911878619440e+00
2.219174909463289769e+00
2.422533540835853483e+00
2.439501041174864326e+00
2.199517212986682235e+00
2.115967212033674993e+00
2.242973745492727655e+00
2.348046200810241402e+00
2.338667280883785615e+00
2.457995438026600699e+00
2.541911953568695814e+00
2.219222073352482116e+00
2.422451076028338424e+00
2.316259792165980880e+00
2.447060685870887209e+00
2.349704379647973962e+00
2.513689185750406896e+00
2.456721262920439131e+00
2.485063116830729335e+00
2.565436381064261973e+00
2.228353045651055631e+00
2.260607905704841603e+00
2.463987409167230247e+00
2.500078576456943757e+00
2.304895748364479413e+00
2.534262935005814565e+00
2.503937558763911664e+00
2.336990100084030519e+00
2.285580861820259546e+00
2.417673186496812399e+00
2.373017741920729229e+00
2.369030243636766286e+00
2.306023461411319531e+00
2.336855000835957874e+00
2.349723618412713488e+00
2.453500860319109744e+00
2.363369481488978963e+00
2.270727212629642278e+00
2.382510482399878615e+00
2.412778667959111001e+00
2.454010322578720427e+00
2.644380731179993393e+00
2.496830072545661139e+00
2.483644804107649762e+00
2.527701264963796657e+00
2.450258127593249124e+00
2.545130169332774805e+00
2.548270229138112519e+00
2.580680055963710640e+00
2.574141633689174480e+00
2.570492212362304407e+00
2.545058737173811370e+00
2.412488476945099158e+00
2.541704831713499146e+00
2.310396961873729005e+00
2.058399025770808688e+00
2.350227645319215242e+00
2.236840231795393930e+00
2.616042988570231653e+00
2.188386153958711056e+00
2.402958277279501953e+00
2.291085809521564265e+00
2.334400336102729234e+00
2.487805960724684073e+00
2.492889461048489519e+00
2.398884779818061475e+00
2.567912447483407412e+00
2.439415684851287125e+00
2.495415442473306378e+00
2.471063147912991642e+00
2.472889984231202654e+00
2.563305790476055002e+00
2.420500783702931091e+00
2.539579089562339131e+00
2.731084868393326204e+00
2.591942172953298762e+00
2.274080982354812708e+00
2.081963487048727579e+00
2.139301549729982987e+00
2.135398783918144083e+00
2.217261457888131559e+00
2.285185304403748230e+00
1.956870894366738556e+00
2.220046845268218494e+00
1.803164857929263398e+00
1.921731515101382737e+00
2.117237150264686729e+00
2.217053457652268911e+00
2.202344664866502821e+00
1.807504027392354384e+00
1.900694701067936254e+00
2.011342170833517073e+00
2.268826275937371850e+00
2.469361177395289264e+00
2.428440439217508739e+00
2.348830102127263508e+00
2.429334944377059990e+00
2.353127659120141324e+00
2.263830300826351394e+00
2.293919478357871355e+00
2.440482312117437935e+00
2.531289712698175709e+00
2.579638051839473700e+00
2.303085902007334429e+00
2.300774894903249379e+00
2.396296482532185301e+00
2.363314246749036673e+00
2.457626373628617245e+00
2.460838715364019880e+00
2.357833732264233983e+00
2.640944851216717737e+00
2.498878274750127026e+00
2.362759229927518856e+00
2.482367259520008140e+00
2.589864795969325062e+00
2.586116694816813943e+00
2.603957204919558510e+00
2.628441714445047594e+00
2.745175273302215668e+00
2.613724185837169589e+00
2.508856466359031145e+00
2.597701224439965983e+00
2.509913112767989229e+00
2.274270984282683372e+00
2.416490058445804667e+00
2.478603531808830418e+00
2.176330583990947254e+00
2.350135037036254815e+00
2.333298679841535161e+00
2.362293624844390205e+00
2.387862447950893863e+00
2.326421606198062708e+00
2.243485568461302204e+00
2.295066075514292425e+00
2.230754132555233138e+00
2.315675639596215252e+00
2.378249231201278402e+00
2.416321679252505739e+00
2.393090577600087698e+00
2.426583580930806949e+00
2.381368570425301812e+00
2.345116337652899396e+00
2.452050072683487514e+00
2.472697789982408523e+00
2.313108001795475488e+00
2.020093232213194145e+00
2.100233718273014638e+00
2.162675155047821818e+00
2.188681600458544985e+00
2.276490411243311307e+00
2.185250355943375578e+00
2.262942880738163076e+00
2.260945085229707274e+00
2.397767673156501189e+00
2.515788605488443963e+00
2.304893199577207508e+00
2.324112350434223817e+00
2.363719700363218656e+00
2.531742430488555851e+00
2.530125472203494041e+00
2.640325096996541276e+00
2.497157637375511552e+00
2.327972400334711534e+00
2.417842717817506148e+00
2.616130029866643447e+00
2.325390331302505054e+00
2.314404348210795881e+00
2.440323438785112042e+00
2.612023832610814278e+00
2.495475773125948926e+00
2.523545850334420138e+00
2.466590045642317097e+00
2.619288651836282344e+00
2.627148997355038151e+00
2.436466479498201831e+00
2.558057982658086704e+00
2.438750208608272185e+00
2.449259750878802766e+00
2.764121030583552852e+00
2.605857690178843722e+00
2.499333445358909778e+00
2.486556113974570437e+00
2.542885458417518230e+00
2.376555127437286696e+00
2.619950766045206159e+00
2.662923460744111015e+00
1.655258510826978613e+00
2.051221903131990931e+00
1.926554418664149670e+00
2.176821567719207096e+00
2.217654142013252727e+00
2.151481883904339476e+00
2.180551200713344517e+00
2.138872767505199946e+00
2.130214499558160668e+00
2.277592224944793742e+00
2.139043307755189360e+00
2.010341912736614223e+00
2.122660035005067947e+00
2.313645309840711040e+00
2.287362869981805158e+00
2.309744433505044992e+00
1.945031456578754092e+00
2.344878130373397873e+00
2.041628409054931925e+00
2.237324186530648351e+00
2.156480087633161791e+00
2.564420479703581890e+00
2.157845476456089706e+00
2.185339452565403739e+00
2.399213195764385187e+00
2.310855610417811512e+00
2.026339870862185588e+00
2.296438811810948888e+00
2.429213937557202385e+00
2.286954152822668895e+00
2.350761608707094830e+00
2.127187884947438601e+00
2.242402813463240996e+00
2.433845617138851392e+00
2.389800062651069812e+00
2.427768229963379376e+00
2.499828721173651846e+00
2.314190637410738383e+00
2.408000698226154146e+00
2.341130362595048808e+00
2.445020856873840298e+00
2.592634028425386816e+00
2.508515171857917725e+00
2.480353195300128544e+00
2.458738966172748341e+00
2.384675461574209177e+00
2.460236580893572889e+00
2.523970275712672073e+00
2.416166501615183204e+00
2.363357579604374425e+00
2.335833229434865821e+00
2.402784487686671522e+00
2.363013177314122970e+00
2.299784634048862575e+00
2.235287710839414466e+00
2.308040924751278755e+00
2.290240033531031560e+00
2.346757469879013680e+00
2.272461649477582668e+00
2.361130650483304283e+00
2.489025402207188264e+00
2.272018307536428861e+00
2.442506168315794035e+00
2.155327643361446111e+00
2.395852802632377987e+00
2.287120988130007859e+00
2.392860104867676085e+00
2.387486464990554058e+00
2.234923949899364271e+00
2.527596972494089655e+00
2.366259646010512974e+00
2.387375155950898886e+00
2.291191155509345379e+00
2.419135622350820469e+00
2.397998016232776752e+00
2.382265459963432086e+00
2.543818817170785174e+00
2.146275949733764676e+00
2.553933527877386478e+00
2.435948107814468244e+00
2.599976323272211953e+00
2.310446352760882949e+00
2.405224974202954336e+00
2.372857604941831955e+00
2.470789856122178829e+00
2.437371278390911389e+00
2.299794039583329397e+00
2.419984173987132614e+00
2.524498786640286152e+00
2.443807633038935112e+00
2.518669242235022754e+00
2.421260656821982327e+00
2.439698375141464481e+00
2.497462927224006979e+00
2.200836783029266552e+00
2.249484132620641397e+00
2.247590259602116447e+00
2.334992324094882665e+00
2.385807263006472834e+00
2.558415633654054222e+00
2.390509819446498430e+00
2.597650580987019175e+00
2.277434404955256397e+00
2.287878848196694737e+00
2.416711490432077891e+00
2.562828146115267103e+00
2.467191324398269714e+00
2.587814657793881867e+00
2.611453755438075230e+00
2.585167128106415912e+00
2.536250276741364829e+00
2.577820860809019177e+00
2.479570172512910453e+00
2.540760659479066597e+00
2.488767266767849318e+00
2.436355137830315432e+00
2.438189919113381343e+00
2.483893585198576393e+00
2.273498090281033335e+00
2.491230324274257057e+00
2.442552186146045745e+00
2.441648890769551716e+00
2.473535682951012227e+00
2.454579395912856121e+00
2.465130257183461460e+00
2.518036146326545488e+00
2.591826177679124932e+00
2.571824904635751086e+00
2.688008848464936928e+00
2.377161217283236372e+00
2.514753579259692895e+00
2.517292944731740256e+00
2.488527009826661640e+00
2.486749831756867035e+00
2.449213140042771020e+00
2.384913256741905130e+00
2.587628617909016882e+00
2.398288428773561520e+00
2.306631604262369351e+00
2.443392683965729173e+00
2.424784257050564662e+00
2.682653504397447097e+00
2.387476587983854426e+00
2.350049775188863599e+00
2.518551460995114066e+00
2.288939517832687898e+00
2.580560480320366779e+00
2.571371822408285990e+00
2.615043139236962411e+00
2.016105876632726002e+00
2.142351800218233127e+00
2.047966629728886101e+00
2.133569447896747739e+00
2.013817221547882674e+00
2.168868102972572043e+00
2.143172002726737801e+00
2.195755967509791962e+00
2.023577003313682177e+00
1.888760773652029545e+00
1.962690565969298140e+00
2.223503312747990179e+00
2.060275313370578232e+00
2.117951802944413764e+00
2.017025196974393086e+00
2.534015951739197359e+00
2.094793358372013081e+00
2.266929131188551771e+00
2.511632497263005082e+00
2.463104906042901998e+00
2.257129659459188975e+00
2.349398172055352507e+00
2.299117738327129512e+00
2.302439341025170005e+00
2.536775437607025285e+00
2.377560035060550803e+00
2.222255703847177521e+00
2.322699392460576551e+00
2.351305351931623822e+00
2.376284930828496567e+00
2.401586294296591984e+00
2.490824647017613191e+00
2.525669264056010554e+00
2.408582836930548421e+00
2.395990516596379738e+00
2.515210250793553204e+00
2.411963491501749601e+00
2.613726270418011310e+00
2.384671244760022901e+00
2.372247272668400520e+00
2.541490218265777479e+00
2.501787137192263533e+00
2.485181957053599788e+00
2.597531699962313034e+00
2.635445781111250607e+00
2.510340002288223626e+00
2.533367430906583895e+00
2.609761002337849245e+00
2.536589560494983076e+00
2.702072444229138615e+00
2.623314560016944963e+00
2.478862084545947919e+00
2.440643482210375304e+00
2.520453018462136985e+00
2.546665164635624201e+00
2.278800486874246634e+00
2.549147232279314057e+00
2.372805355327195720e+00
2.327649087357741120e+00
2.259003657300511225e+00
2.399151092530801499e+00
2.497095753186858058e+00
2.353564373135133447e+00
2.333332404061950527e+00
2.443288608184194022e+00
2.222772654750447607e+00
2.344649674065880429e+00
2.482768145532680215e+00
2.381766672702845256e+00
2.441165318286069308e+00
2.390959078695346296e+00
2.355987469226448194e+00
2.393104563127208539e+00
2.145503647051553830e+00
2.088587585102746669e+00
2.279699976302784314e+00
2.290591731138284626e+00
2.025387479613961261e+00
2.166763039407693547e+00
2.211580239328549524e+00
2.355796964158445306e+00
2.468458711562587116e+00
2.366531426092668866e+00
2.524687768543194988e+00
2.421720138098926611e+00
2.443636953173759174e+00
2.564111240547066739e+00
2.356498889502442573e+00
2.552805611670072583e+00
2.397206546058641141e+00
2.418636086411026120e+00
2.609232517400132512e+00
2.614528289173915443e+00
2.567428388204104905e+00
2.690077238253531178e+00
2.461465047314472798e+00
2.482544344903795164e+00
2.570177683455054929e+00
2.502861913345233003e+00
2.360447669652584679e+00
2.441682287655011052e+00
2.679611667561246691e+00
2.420659344944077862e+00
