1.749742786487745505e+00
1.880729607563144556e+00
2.008896425508957417e+00
1.758223863441486401e+00
1.836752511319475145e+00
2.056665030422239582e+00
1.883494846936468958e+00
2.168743064367165019e+00
1.810353064716831328e+00
1.867567706151838092e+00
2.020157403742454783e+00
1.964021779073872986e+00
2.080047298473471251e+00
2.058695873437773383e+00
2.122302434061583476e+00
2.134063592338363513e+00
2.162829193538029049e+00
2.078049204249505344e+00
1.998711899095611422e+00
2.116109231057142548e+00
2.271557636261633206e+00
2.224347780675346886e+00
1.966103449186197727e+00
2.016968423680495004e+00
2.087846168037341688e+00
2.158762599667444437e+00
2.099263483997716229e+00
2.232422969997713391e+00
2.232649440190431100e+00
2.107650616719352943e+00
1.898374306102786457e+00
2.070933934981967983e+00
2.079274956579750366e+00
1.987854810237093650e+00
2.013266660706673150e+00
2.030002618274956649e+00
2.179960802772971551e+00
2.044021933368066257e+00
2.392853457327588362e+00
2.204185447117112950e+00
2.264214897877347976e+00
2.331515245768382538e+00
2.237373638525065989e+00
2.085598568717937695e+00
2.076066164222376553e+00
2.050054240426867125e+00
2.285730383052222869e+00
2.061313826136717875e+00
2.136441620731442281e+00
2.243446414337698869e+00
2.057468413048911149e+00
2.211441268588257181e+00
2.214128626402804390e+00
2.302627268016119277e+00
1.848662251795375022e+00
1.876677413530994265e+00
1.895023647081897522e+00
1.882826072058698896e+00
1.875444957916991617e+00
1.779334417234885724e+00
2.016339489454558986e+00
2.065063724389682775e+00
2.042340158563269004e+00
2.047569592708521125e+00
1.803959155126958480e+00
1.852452551405392445e+00
1.913381945794818906e+00
2.045719659176928662e+00
2.211708023775569298e+00
2.281364387670462346e+00
2.275500378175173477e+00
2.332364101630417519e+00
2.257501643644288958e+00
1.868838624126114567e+00
1.971520300330874775e+00
1.965602830656166145e+00
2.014939775447544434e+00
2.055219571433849701e+00
2.006560507840430052e+00
2.168379482327068342e+00
1.914894364697242279e+00
2.097851026612988168e+00
1.909990057404255648e+00
1.920299520645217806e+00
1.890474430160633545e+00
1.873059537053574086e+00
2.095341371430237576e+00
2.008417037538285488e+00
2.032288090009186199e+00
2.119359957384995941e+00
2.166644734757126933e+00
2.196873739921123114e+00
2.319318392042062360e+00
2.202276600996712741e+00
2.281945777093871364e+00
2.204559391934589385e+00
2.192870399582012464e+00
2.062513521665908733e+00
2.175702504374821711e+00
1.881464507305109946e+00
1.883126547288941355e+00
1.851340942096817432e+00
1.907159955185925293e+00
1.744331888825633614e+00
2.009234626979197635e+00
1.867196878817384054e+00
2.111539753608881576e+00
1.900359069558207770e+00
1.728006747130004461e+00
1.863034848039054614e+00
2.114454115611715590e+00
1.883844091611775573e+00
1.826430350762950683e+00
2.080091456416882423e+00
2.272854509041331905e+00
2.119828569211988256e+00
1.987089863977242077e+00
2.113879747892793315e+00
2.091916723526376920e+00
2.106701206579895125e+00
1.982703179511633440e+00
2.092964922102485748e+00
2.097065256784071519e+00
2.007205162299713130e+00
2.131116792394907922e+00
2.119431627079006564e+00
1.973835213311622372e+00
2.140459980875279999e+00
2.183179822453209074e+00
2.090562814843643480e+00
2.200687525092630548e+00
2.119691675162709732e+00
2.168566152679779702e+00
2.044270226343159802e+00
2.056593424071202048e+00
2.162968869287383189e+00
2.037236739358981641e+00
2.078125667409859378e+00
1.990640580321943354e+00
2.210212544828616732e+00
2.069024861308990992e+00
2.130811927222593827e+00
2.265730946866384432e+00
2.181137320781036060e+00
2.208318293505029839e+00
2.310848949393979890e+00
2.279630755964350719e+00
1.947751142639183586e+00
1.898313369499651015e+00
2.137102570201923513e+00
2.243301494770710391e+00
1.939841824172328311e+00
2.184457516543058642e+00
2.039788369068927576e+00
2.242064003548168483e+00
2.283159800463118838e+00
2.179537586120547932e+00
2.280308321139163485e+00
1.875476833979371483e+00
1.934041882150825620e+00
1.900691762816834496e+00
1.883599802190360606e+00
1.847422463423288752e+00
1.829231684707022687e+00
2.128825571727070098e+00
2.140547389195923245e+00
2.103717678724204454e+00
2.058481071354292258e+00
1.967298686940415209e+00
1.895520142414702569e+00
1.921967229310150627e+00
1.999239084722201465e+00
2.259223477224026499e+00
2.045447894096542374e+00
2.238490403292210829e+00
2.335637463858644569e+00
2.176518188092411155e+00
2.324911838213246984e+00
2.281665227151407738e+00
2.218278118849956293e+00
2.257498824520376424e+00
2.242717266432786793e+00
2.101783460918676738e+00
2.144798989493883035e+00
1.860900320536495123e+00
1.923010879592907507e+00
1.949683600886392698e+00
1.904968207575510108e+00
1.916086323039354555e+00
2.125539359789740068e+00
1.860298558639336797e+00
1.974343107572092748e+00
2.095695519808979945e+00
2.122446588778408305e+00
2.188786898394115887e+00
2.247392102780287892e+00
2.259014191469593591e+00
2.255855939710848190e+00
2.230951902324691094e+00
2.222374247637762590e+00
