2.123361298130215236e+00
2.119219331789885974e+00
2.314893397443788636e+00
2.125820828474910940e+00
2.210811114532854837e+00
2.117654253033455447e+00
2.151040133194007442e+00
2.400452629787099390e+00
2.073723203907982260e+00
2.148233401586193470e+00
2.096123241310527074e+00
1.969003575482959567e+00
2.077392467959877198e+00
2.209868512936018714e+00
2.018683279555114396e+00
2.040622256624656572e+00
2.484497629263223484e+00
2.046418645862510211e+00
2.324892969825570699e+00
1.970369983189590668e+00
2.073227006698042274e+00
2.023164863278567704e+00
2.597934409166853698e+00
2.287807334768482637e+00
2.049834740124103938e+00
2.197160652415282023e+00
2.244036399999502329e+00
2.104315375412410205e+00
2.312329040805503944e+00
2.106343535826696645e+00
2.097671526294158095e+00
2.142036387572088696e+00
2.223881190430330168e+00
2.214616032045520821e+00
2.354608551376931480e+00
2.427572634277091801e+00
2.341171579249195833e+00
2.446497210951696033e+00
2.482601866267573509e+00
2.300840295257522872e+00
2.300140204552324708e+00
2.323539736279829349e+00
2.108342419893906250e+00
2.379444188661744786e+00
2.232596893024274554e+00
2.422170865762112157e+00
2.307356112077429966e+00
2.326855895149938735e+00
2.373279570789127657e+00
2.257443269269688191e+00
2.370896691562218273e+00
2.359181586774541373e+00
2.204643376370234442e+00
2.218749611818978451e+00
2.149609420047377206e+00
2.205888737466971783e+00
2.283631021469705757e+00
2.067474683580007522e+00
2.229137542299041375e+00
2.145014480636047161e+00
2.406793257672548592e+00
2.247390537077293970e+00
2.230736621997996938e+00
2.218983505409033441e+00
2.207118279036317965e+00
2.526124797714972114e+00
2.322235922681511244e+00
2.143986438588343812e+00
2.364565869755673067e+00
2.361430327372385563e+00
2.418221929247810209e+00
2.525833097254358783e+00
2.568603061490169814e+00
2.319754148370439584e+00
2.393837155958910667e+00
2.368330750710639254e+00
2.411205068677502616e+00
2.342249654317330343e+00
2.573979251241231392e+00
2.350873523528248299e+00
2.389858309362375088e+00
2.397928685196309750e+00
2.423500583144194476e+00
2.404183028175318260e+00
2.328632714890984445e+00
2.366731267466649857e+00
2.188489016227284978e+00
2.411479231095867259e+00
2.549450995865335745e+00
2.371266676637672433e+00
2.331928082541148584e+00
2.270715145585834982e+00
2.228561111605302347e+00
2.200782551635468653e+00
2.302689936993891351e+00
2.263392213396206554e+00
2.396067286761897286e+00
2.518364252177541562e+00
2.340563828816069503e+00
2.268903475342412879e+00
2.408966826520626991e+00
2.413515683454019900e+00
2.599608764562197916e+00
2.677290579303161167e+00
2.567321679239847665e+00
2.418344198672946366e+00
2.535650125697112678e+00
2.414484345950866917e+00
2.519628915586044293e+00
2.448188680831288266e+00
2.462965741077178805e+00
2.329754873526457715e+00
2.279775046616464795e+00
2.397513141905788014e+00
2.219112935907740614e+00
2.294610028470791541e+00
2.345747865551975231e+00
2.011177859712817817e+00
2.496559114985827943e+00
2.177141812767239060e+00
2.545199965602885417e+00
2.495329231518361723e+00
2.492613926485856446e+00
2.449405965126057794e+00
2.474351434232379354e+00
2.374972152437572870e+00
2.622319881546715692e+00
2.304495111126315443e+00
2.456437234046390472e+00
2.592804371843355327e+00
2.359783564850913340e+00
2.452053916800978506e+00
2.562688478172254314e+00
2.442511399873085409e+00
2.341791241445291494e+00
2.625144663979651405e+00
2.557853788686153873e+00
2.623541504027265603e+00
2.021923771523154834e+00
2.093644796106174155e+00
2.074036909586931543e+00
2.049325385531876265e+00
2.073041311156079480e+00
2.231635954722579918e+00
2.185621412261521179e+00
2.100999235012858346e+00
2.058490556017303685e+00
2.104256311525972922e+00
2.207391177033965590e+00
2.265237935975521033e+00
2.112685150906048026e+00
2.149710327228309126e+00
2.060904564078973156e+00
1.996318068142814539e+00
2.289223684114547464e+00
2.420859068326177699e+00
2.306992465444259288e+00
2.264411598794790148e+00
2.481911296294530889e+00
2.278330495739093298e+00
2.303294909511503175e+00
2.242467258101675576e+00
2.496458956472559887e+00
2.547780018161765803e+00
2.590494043988195383e+00
2.032523817513778752e+00
2.342098517539115132e+00
2.316788126307553597e+00
2.401359144852424521e+00
2.346353656925769027e+00
2.586281061253915325e+00
2.434180101441499655e+00
2.516277323411927114e+00
2.588388180807424721e+00
2.534480877407952359e+00
2.265229045393462926e+00
2.542727971100882112e+00
2.368793223734200648e+00
2.547291278322060037e+00
2.572579039304945692e+00
2.589280034453195434e+00
2.573271330176396088e+00
2.427930892871377200e+00
2.500790277447556331e+00
2.522110907586167627e+00
2.190493244100070847e+00
2.280184486585142167e+00
2.392937414000489316e+00
2.063379414569323167e+00
2.277246701212993774e+00
2.190857143262494588e+00
2.405227020219677492e+00
2.300731137276101457e+00
2.150678140198215793e+00
2.399314206269714589e+00
2.358176743395141273e+00
2.215625426813451870e+00
2.186333027019101038e+00
2.325299041103110476e+00
2.367277685235283258e+00
2.206659719060547253e+00
2.378868386037282789e+00
2.329908042200147911e+00
2.339889804744694768e+00
2.412718353887349121e+00
2.333232015106625923e+00
2.284608813341899136e+00
1.939687454484402052e+00
2.157950992219689113e+00
2.133522052374420941e+00
2.108288254986264931e+00
2.163373939080349917e+00
2.180236276924194083e+00
2.223843737852321034e+00
2.231768017463164888e+00
2.433795917662707531e+00
2.379445750920434310e+00
2.223572776474874946e+00
2.315027863260004981e+00
2.564956737268817122e+00
2.452326850990257601e+00
2.293407251284877990e+00
2.515562202473760056e+00
2.328343553811366373e+00
2.308074229281706025e+00
2.378471675230064530e+00
2.400183598517762640e+00
2.326436300770331034e+00
2.476411460307204493e+00
2.465575735784872435e+00
2.636771838870635598e+00
2.526075665918086965e+00
2.519255902121784185e+00
2.474541112699661038e+00
2.566617126397256143e+00
2.651812546710329510e+00
2.423382099258529543e+00
2.684034225464488443e+00
2.390837070974163758e+00
2.572748479363117902e+00
2.741867517396272547e+00
2.523410339512804246e+00
2.514605287909330578e+00
2.458260498982513642e+00
2.384611730928364981e+00
2.388649785942878356e+00
2.347240309962012272e+00
2.595978924602901472e+00
2.260711498154422294e+00
2.395747788755350882e+00
2.077909354705277600e+00
2.244742278027208826e+00
2.250796072297133854e+00
2.213892294594738797e+00
2.182126951948279991e+00
2.097359390424696990e+00
2.097640163467024088e+00
2.266588427793410965e+00
2.252711776381686182e+00
2.166871184611216972e+00
2.037895408730402202e+00
2.059401340876747977e+00
2.359331594527885656e+00
2.172138120963578167e+00
2.164918280752067492e+00
2.341252466588904735e+00
2.002746405367765270e+00
2.294210363715859291e+00
2.121291904412130780e+00
2.594895056075789963e+00
2.124125666443419824e+00
2.154699331194358525e+00
2.365836029576394051e+00
2.310575534049603696e+00
2.117190946947551833e+00
2.306024955026327206e+00
2.363379048976912866e+00
2.206870580339530097e+00
2.329597307446251264e+00
2.354023771667011822e+00
2.168106320665572184e+00
2.341967995986335538e+00
2.445550195814087946e+00
2.521926321514219360e+00
2.433703481795103318e+00
2.315404431457343648e+00
2.309871067790615129e+00
2.328684343299025628e+00
2.426133885126375844e+00
2.488335016545809797e+00
2.460054956570408180e+00
2.377189895378231554e+00
2.312956566379364087e+00
2.324644108357740713e+00
2.407501684821391486e+00
2.455011346473185530e+00
2.376538977518662943e+00
2.354175946722028012e+00
2.342327635194273672e+00
2.266669649161166866e+00
2.205356063134651379e+00
2.168158243224714177e+00
2.076444803171872966e+00
2.226647115711154701e+00
2.123685612332109951e+00
2.365004319009449407e+00
2.125996732825385482e+00
2.157343318760681417e+00
2.347483625795965700e+00
2.193674866507609789e+00
2.430602019000811520e+00
2.098154707980384170e+00
2.296274479668531932e+00
2.216260422709136702e+00
2.334926703374893275e+00
2.347744561750756631e+00
2.171731867706347963e+00
2.386215138987695106e+00
2.247161024410537333e+00
2.444846751675183505e+00
2.300123630002533837e+00
2.421619659008880543e+00
2.224845741347471151e+00
2.286975595380631887e+00
2.481414123679048345e+00
2.176925598713689514e+00
2.285655964960991327e+00
2.380832027405136664e+00
2.474840351030444197e+00
2.325425331646614246e+00
2.316233851715132186e+00
2.274361021799780502e+00
2.307136359541821946e+00
2.104556229489582098e+00
2.295893290642572637e+00
2.328868201884477518e+00
2.394800224594202831e+00
2.444096794918967586e+00
2.433054052637889431e+00
2.181586264730874358e+00
2.331692297215397058e+00
2.456003517484816712e+00
2.290844249323428006e+00
2.245727463710434968e+00
2.276487575660922413e+00
2.151430505354201994e+00
2.202888679452113863e+00
2.485038516355096316e+00
2.391776904584396846e+00
2.639941266824522792e+00
2.250597682223031359e+00
2.195846446017858167e+00
2.211442719142461488e+00
2.324654544527854139e+00
2.438985090743225559e+00
2.481044697848166614e+00
2.548580162835007545e+00
2.417849818591806699e+00
2.449887794951001840e+00
2.570732382111713843e+00
2.547919918035582931e+00
2.467853637920441212e+00
2.461561374484613207e+00
2.420651335535597859e+00
2.456278065021856083e+00
2.380323241693897529e+00
2.165986537102454257e+00
2.552941069346709835e+00
2.407455941034355007e+00
2.545022676570527498e+00
2.347991293274330094e+00
2.430664439232175678e+00
2.499174086344267742e+00
2.484612096650838708e+00
2.337821947607398254e+00
2.549829579718076555e+00
2.670379646403095553e+00
2.274002669553664813e+00
2.385075465005667361e+00
2.492265221346590565e+00
2.526505061192719115e+00
2.568279345910324807e+00
2.447169272578935573e+00
2.495601781422442489e+00
2.646909337327661760e+00
2.416001889461829144e+00
2.315764799198101187e+00
2.484303217669593611e+00
2.287473101095259587e+00
2.527138211776546406e+00
2.270295363671233080e+00
2.490437228371691347e+00
2.348000912415953323e+00
2.325586999007080102e+00
2.547589887209571913e+00
2.485421868190835326e+00
2.537415253026327200e+00
2.012679197849267965e+00
2.056225419927450115e+00
2.113032210600816807e+00
2.170911584955126372e+00
2.024959330887865505e+00
2.119627128841746977e+00
2.185451750655184711e+00
2.197273886223042094e+00
1.989033083664361712e+00
1.978904798713688074e+00
2.073199706660765251e+00
2.155295961034993546e+00
2.274260890846746985e+00
2.006771947180812532e+00
2.158639695507141187e+00
2.317251072442207960e+00
1.995967854798017971e+00
2.423768858567355799e+00
2.347987195352215117e+00
2.413796760457433521e+00
2.161383238389842365e+00
2.194596461801487930e+00
2.415552842435069625e+00
2.318468216373645419e+00
2.388615555526011569e+00
2.389897290592196466e+00
2.058133136175356093e+00
2.362039604177033070e+00
2.375561802483727281e+00
2.353664090349881999e+00
2.543066474254932707e+00
2.521807532410334840e+00
2.534400691691649943e+00
2.399961107928604953e+00
2.405974387454826058e+00
2.645927484804330376e+00
2.375206388329608398e+00
2.590143552003374872e+00
2.401775098079827142e+00
2.539803333416020159e+00
2.448580564904080159e+00
2.637345683189372458e+00
2.405759328564473609e+00
2.486539598206528812e+00
2.611359006534243576e+00
2.585636149749672708e+00
2.287173281349761389e+00
2.454237777753449645e+00
2.473205981863875191e+00
2.677298215672550441e+00
2.668164741439515986e+00
2.555394450013362295e+00
2.375632065745722610e+00
2.419367463099127757e+00
2.543636796662211985e+00
2.361125648495054463e+00
2.364514212281624062e+00
2.378499940565327542e+00
2.223545388890256547e+00
2.318019842840567613e+00
2.417698941363658260e+00
2.443533253984837561e+00
2.412935756392641018e+00
2.263384282765424693e+00
2.279120241323040474e+00
2.074318381244208531e+00
2.276863278961303472e+00
2.316467554457595224e+00
2.276174024173092114e+00
2.186501911233524442e+00
2.201570170983663477e+00
2.167502228770012529e+00
2.220075306875952670e+00
2.243291803268373741e+00
1.999794694076194590e+00
2.310175473594843432e+00
2.341414693530199820e+00
2.012020819231432167e+00
2.241023590140539756e+00
2.130696958224924664e+00
2.270345211842416333e+00
2.418421246939028268e+00
2.312106018585713851e+00
2.468065098469188978e+00
2.371304987088499239e+00
2.347075365775289857e+00
2.434544815673651108e+00
2.334380486327915172e+00
2.576140017283004013e+00
2.413279880043693204e+00
2.418075275108025224e+00
2.657811630526618618e+00
2.711435394817197420e+00
2.528156194747217977e+00
2.752060826642470204e+00
2.448510591881845055e+00
2.218302439269170367e+00
2.479107862845560284e+00
2.446945178158067336e+00
2.233186706139905553e+00
2.229948647872739720e+00
2.406403807863223054e+00
2.265184815661571704e+00
