2.092897487470971374e+00
2.142049447943204399e+00
2.240285178048711856e+00
2.155487631735435894e+00
2.138754295186095611e+00
2.041380029616885583e+00
2.213767750901467046e+00
2.252843252918145467e+00
1.933430486395400161e+00
2.029782000104517259e+00
2.072686377244559175e+00
1.961661565993557010e+00
1.902004014978479374e+00
2.045301804278776281e+00
2.075473250016919291e+00
2.010537681603937976e+00
2.528639903781039422e+00
2.117809252000444786e+00
2.429356353034409555e+00
1.992919588215008808e+00
1.993098242939881359e+00
1.929845784654553364e+00
2.609272437583952442e+00
2.477167113727862802e+00
2.049417733492193250e+00
2.143799915850791660e+00
2.285149223663309748e+00
2.115862076649649648e+00
2.398497535187858798e+00
2.002181671717694122e+00
2.097178329195730662e+00
2.514830967010733165e+00
2.116527427219224489e+00
2.329285431721793920e+00
2.366762091492671694e+00
2.523062008655631683e+00
2.421779315178625325e+00
2.589888931796672900e+00
2.604678094314352599e+00
1.783651623929568109e+00
1.802025081312530252e+00
2.422300968993645665e+00
2.208080388149615825e+00
2.457535542421900754e+00
2.059422590899592009e+00
2.473324645562174240e+00
2.208966291139253357e+00
2.381430265959114223e+00
2.203645870105842342e+00
2.382670939403670030e+00
2.304523820929962330e+00
2.444405834908806696e+00
2.427666162815507622e+00
2.284684596228300890e+00
2.220602941970402977e+00
2.251917808916517050e+00
2.424415836128057222e+00
2.042429369101048664e+00
2.174908730581429417e+00
2.126836140803791242e+00
2.543594523397227025e+00
1.950088812519077397e+00
2.234454544871531834e+00
2.160650802034056905e+00
2.445148604845896578e+00
2.480807672574503187e+00
2.151845801226579091e+00
2.120481188916162107e+00
2.295635573612058611e+00
2.451575746672888467e+00
2.362266919939548515e+00
2.616471340428468739e+00
2.635671077708072296e+00
2.166822622372063023e+00
2.469942680142996227e+00
2.453875143038707130e+00
2.409845804490416299e+00
2.411055253398678655e+00
2.688314678368352251e+00
2.315294835063933299e+00
2.484432355682245408e+00
2.628569296138970390e+00
2.165154469868252551e+00
2.275864295064981668e+00
2.207217695689335013e+00
2.376742268876947062e+00
2.138176461164845499e+00
2.369203275979753442e+00
2.457736932765859361e+00
2.472177881463722748e+00
2.539860277850228609e+00
2.542116283128596166e+00
2.404429361371190677e+00
2.338656425479878287e+00
2.317064884230813249e+00
2.598691349308396070e+00
2.556730386247355824e+00
2.612988301350795073e+00
2.495022701966336687e+00
2.322471043050611694e+00
2.670557780015978988e+00
2.643808711235010822e+00
2.600479002384378902e+00
2.701061926393519386e+00
2.683939208979698954e+00
2.562611202140133493e+00
2.537049616057744483e+00
2.518310941302507100e+00
2.531389563874007376e+00
2.587426035421957149e+00
2.620548850011660047e+00
2.509292340532935928e+00
2.492678706180658121e+00
2.469643698586562408e+00
2.356992791563930378e+00
2.542262023417402261e+00
2.491255247791689609e+00
1.889969246882395648e+00
2.619161448713316354e+00
2.355835071145535142e+00
2.638879733476156897e+00
2.581636866254386486e+00
2.523885081473272063e+00
2.638401319687690538e+00
2.618614892037963049e+00
2.545089417520407959e+00
2.692040410883367318e+00
2.475405529005979322e+00
2.716514759519900846e+00
2.695412564996619853e+00
2.475528217640477813e+00
2.516220142587245689e+00
2.652445046041481014e+00
2.632720706609567252e+00
2.398667244723057035e+00
2.643159840341699596e+00
2.598931736729345854e+00
2.635540369482912038e+00
2.134423589708832392e+00
2.243082222073056187e+00
2.078038716353268534e+00
2.105260044424885013e+00
2.160165642171897549e+00
2.252955507586038575e+00
2.023773039100969839e+00
1.945781427439561062e+00
1.801636213060389125e+00
1.991149190101677791e+00
1.999635351380400605e+00
2.331361311790380864e+00
2.055601129118121317e+00
1.806269992661025503e+00
1.872314171080972978e+00
2.041548019780681678e+00
2.532448578971270958e+00
2.531463841391006220e+00
2.588420029449399085e+00
2.359804710276065975e+00
2.613350019846366834e+00
2.484867976317852722e+00
2.420604951422908435e+00
2.383031796574619499e+00
2.519587623461728487e+00
2.580189837436024813e+00
2.633674279721944345e+00
2.238792619267719886e+00
2.410725787367788531e+00
2.357535209147624045e+00
2.420766864915102623e+00
2.409895325311968151e+00
2.638356028986883040e+00
2.480497725663365127e+00
2.589424562890942472e+00
2.609549926009468113e+00
2.558296277317804623e+00
2.438153547784125852e+00
2.692750675458066567e+00
2.610423216803322344e+00
2.514099929340201545e+00
2.739661466558954039e+00
2.727436518036808089e+00
2.765768392363381789e+00
2.605346615459772863e+00
2.647354105526129153e+00
2.668265989417515360e+00
2.063765648670921049e+00
2.338329133660190795e+00
2.448578461273904328e+00
1.873596681956584131e+00
2.230644181156343997e+00
2.076110771556705092e+00
2.436126572422608216e+00
2.237042057338572310e+00
2.075562929365830644e+00
2.456675392948291847e+00
2.174798070175753217e+00
2.234683054729449836e+00
2.249180620871766845e+00
2.516724674733370026e+00
2.327100417127642373e+00
2.268098451849398511e+00
2.621042649410008529e+00
2.329157799219133462e+00
2.422839838719162753e+00
2.560809619731781339e+00
2.548979752352154016e+00
2.395309301017344961e+00
2.128449484701461447e+00
2.278191566395503909e+00
2.283130141215021336e+00
2.132063480831772662e+00
2.351443397982358352e+00
2.374308376808601739e+00
2.322881421698862692e+00
2.334814745723775342e+00
2.440807735756468588e+00
2.559878953120843459e+00
2.316690572704559692e+00
2.346232419102430189e+00
2.631729622628463883e+00
2.581062876468689815e+00
2.479654749686540427e+00
2.670075590218396133e+00
2.433594163798008303e+00
2.437229835193725158e+00
2.430522295798603682e+00
2.601594759912716714e+00
2.416518468742646419e+00
2.427389200681723480e+00
2.447280287024981238e+00
2.663232590118246090e+00
2.616537592523050737e+00
2.532789062123512291e+00
2.441014064551795482e+00
2.646793581511607041e+00
2.698041379844591248e+00
2.519908901308289817e+00
2.728278688243057637e+00
2.538108999381335273e+00
2.598567494845226644e+00
2.716246694018615848e+00
2.508962745177273579e+00
2.557951470274934636e+00
2.460330371224919599e+00
2.424178800946173773e+00
2.576717311369719710e+00
2.567825383165776909e+00
2.560881002260021244e+00
2.070639579396622576e+00
2.168272508325601589e+00
1.880984377195460411e+00
2.127420641932586065e+00
2.206539953917298735e+00
2.118379427524747616e+00
2.078851658168142880e+00
2.067315786936363420e+00
2.017785106444798249e+00
2.228118873118970722e+00
2.212990812322058520e+00
1.982973962239945820e+00
1.965928339979446937e+00
2.007672829646866219e+00
2.375923551943305068e+00
2.120963913320569549e+00
1.973258826997478010e+00
2.486924490626301942e+00
1.902536439677600333e+00
2.180232876680550103e+00
2.037896918223915499e+00
2.554684809043288318e+00
2.061379103127692680e+00
2.048683276727692792e+00
2.472323910291593041e+00
2.234217321047517135e+00
1.992584637279387616e+00
2.259521776157150885e+00
2.510540364423941018e+00
2.170978773736747858e+00
2.236465625027965753e+00
2.194289966941216807e+00
2.226811649436370111e+00
2.487930289328848854e+00
2.497973855483217154e+00
2.559288985999798260e+00
2.610614745890193600e+00
2.181730144760104295e+00
2.184691187367461929e+00
2.270956227144064865e+00
2.241466970399002889e+00
2.577709465449548709e+00
2.546705521213511680e+00
2.371980856334773513e+00
2.235893763799134959e+00
2.423396508211077105e+00
2.507329047079147610e+00
2.426821590953747165e+00
2.433598105214151097e+00
2.430265770959767035e+00
2.432351493927090935e+00
2.408022297631239095e+00
2.297665786182468750e+00
2.286062677581433000e+00
2.148877450874564499e+00
2.202033494793196322e+00
2.241329707732464982e+00
2.571007510378956695e+00
2.186548414988421118e+00
2.314084670907949004e+00
2.434093834587875538e+00
2.189273915586378294e+00
2.487395775884836180e+00
1.992785731478522671e+00
2.381027590542121430e+00
2.193919724528229587e+00
2.447992082856004004e+00
2.313546267426658698e+00
2.174662464394932382e+00
2.585329673984205545e+00
2.272354349262212470e+00
2.451185561062628082e+00
2.326291416586399041e+00
2.722360320799219302e+00
2.401507830709342262e+00
2.385474444575195196e+00
2.579296116334845124e+00
2.224069434759238462e+00
2.510093186964006406e+00
2.488898938867344590e+00
2.703058425354189165e+00
2.316087237168816149e+00
2.304067749864524117e+00
2.377105688212491685e+00
2.332872219326115104e+00
2.324973578568700017e+00
2.258046933583682581e+00
2.319106675711219090e+00
2.593430908151563852e+00
2.492706917685663992e+00
2.606798481190522043e+00
2.443369427868721022e+00
2.448543090594979432e+00
2.583904585900697271e+00
2.455704883725181809e+00
2.142195881596502094e+00
2.508785027099497800e+00
2.508699659113637903e+00
2.281278024175227070e+00
2.590394575039382641e+00
2.410739454252147418e+00
2.725847307140829123e+00
2.129041493215869885e+00
2.451553157834043706e+00
2.434865158682620656e+00
2.674878996464765013e+00
2.561653380494915755e+00
2.621300098893553976e+00
2.713541993022357435e+00
2.599231574237809816e+00
2.613296266394972811e+00
2.682789017526503894e+00
2.698983777332227163e+00
2.516781045388116755e+00
2.640405165063533843e+00
2.446538876646553895e+00
2.555069411051625661e+00
2.556191535266523651e+00
2.266069863349287949e+00
2.439928174963203578e+00
2.509948452301376864e+00
2.476662434242042909e+00
2.499949567364453618e+00
2.610718993129085952e+00
2.520946776260180489e+00
2.458782574779449170e+00
2.512335783906565645e+00
2.709095379547313165e+00
2.703708490485938309e+00
2.470524933082429708e+00
2.452616285147596553e+00
2.698829640337113034e+00
2.605669520076716594e+00
2.686753203407959756e+00
2.621979883950590118e+00
2.377694533993158998e+00
2.635740118747653238e+00
2.658016395552072808e+00
2.372334908707698364e+00
2.732258179575675072e+00
2.417880078891545548e+00
2.586307257311253771e+00
2.429557940236287905e+00
2.570552597166840592e+00
2.568473936285442960e+00
2.386976028167911767e+00
2.635798979916147200e+00
2.624102122680134208e+00
2.683651668641530375e+00
2.005553239243970332e+00
2.094988683812621932e+00
2.218363174137062188e+00
2.079498022207211694e+00
2.045795347519116181e+00
2.125821491714540379e+00
2.117593653254628450e+00
2.124623979769111326e+00
1.991142292093402322e+00
1.883083601992065148e+00
1.979492597241797380e+00
2.053176434409596407e+00
2.318115740821655724e+00
1.944649830363540888e+00
2.125366370553824602e+00
2.113386195248928345e+00
1.995643882881751763e+00
2.440572754831284552e+00
2.438967289480133971e+00
2.180179947693241527e+00
2.462552253120599222e+00
2.329153233763526565e+00
2.432026551063938502e+00
2.440001697336180442e+00
2.574602849086580214e+00
2.488570631824359225e+00
2.169859768340351991e+00
2.406111873151562719e+00
2.378791024382932662e+00
2.397054233721573002e+00
2.374382013570504490e+00
2.650358025627491898e+00
2.485624726361132186e+00
2.561801777236566657e+00
2.415907849133552165e+00
2.581358231527413505e+00
2.456347733560259705e+00
2.569554673863398975e+00
2.371684859652980482e+00
2.605358539294802878e+00
2.640617574665373279e+00
2.702669586368604993e+00
2.526151838245833670e+00
2.627755300610995715e+00
2.708023814921146410e+00
2.560864483402675251e+00
2.566829680022185034e+00
2.700751952660350064e+00
2.688720501395854612e+00
2.708774801608846428e+00
2.780064302353458583e+00
2.522578047324722572e+00
2.603022763788981120e+00
2.574547699404301948e+00
2.606406381653698645e+00
2.248663937676831370e+00
2.427976172277139355e+00
2.405563235248064924e+00
2.215808989759691094e+00
2.346706116634218020e+00
2.280192289126397931e+00
2.475190817390120479e+00
2.337081536439986174e+00
2.177305728204209867e+00
2.308106703138481208e+00
2.057738519716213244e+00
2.250753915410301786e+00
2.440079779752639677e+00
2.263809781316960645e+00
2.392681064783747757e+00
2.303292792175957171e+00
2.515651410360021156e+00
2.284518215460529689e+00
2.424790860361068390e+00
2.137768294150470094e+00
2.435390495464400118e+00
2.443933482445755700e+00
2.044407069953421363e+00
2.175969113228660046e+00
2.114029596549906298e+00
2.342719825023845459e+00
2.425635383726602701e+00
2.395057624383375661e+00
2.479811527989225439e+00
2.431127782547191529e+00
2.484119730602342813e+00
2.516683377090022766e+00
2.378583605092785103e+00
2.598814285586008133e+00
2.545630795718817119e+00
2.469198806383019473e+00
2.632099751099981066e+00
2.694470335414534734e+00
2.602865466456611543e+00
2.718711704162896314e+00
2.561998417565750863e+00
2.496031766039962463e+00
2.497151722597686252e+00
2.361447283248753859e+00
2.483470363615458254e+00
2.531777695898741687e+00
2.625986962871199371e+00
2.564945895688645283e+00
