1.569370365287360070e+00
1.447636638587235014e+00
1.448769942797853760e+00
1.481075080989343595e+00
1.401723433387976225e+00
1.610923480846617961e+00
1.592043765867192651e+00
1.616817038336817891e+00
1.542482059954799478e+00
1.605316038395388389e+00
1.691617224771388317e+00
1.659781426413577954e+00
1.627859570652197441e+00
1.674509281304027875e+00
1.871032065784691056e+00
1.605770949941732528e+00
1.645994181578088078e+00
1.842438435065738789e+00
1.604189858033522764e+00
1.769953071712967896e+00
1.756938338507835429e+00
1.740884250972697167e+00
1.729311422534333120e+00
1.687153574388004174e+00
1.723557173385296126e+00
1.752506566701144575e+00
1.652447422148805023e+00
1.794869022162291383e+00
1.774927421389136173e+00
1.761032755926320137e+00
1.617968415827128137e+00
1.553284291586306987e+00
1.588154743763758869e+00
1.711642797112206349e+00
1.673698016313496462e+00
1.797126855799720202e+00
1.778785494586910154e+00
1.561052470554867622e+00
1.544419808579755138e+00
1.577433740761944536e+00
1.752385759618346528e+00
1.647880854259285544e+00
1.660021964103643777e+00
1.677094649613833699e+00
1.653787996266111948e+00
1.748889984749975701e+00
1.738827213254423132e+00
1.638502694665643800e+00
1.801841809649412651e+00
1.786162737910113485e+00
1.552864352905486189e+00
1.451430607915986437e+00
1.499095624606477495e+00
1.425262008894668808e+00
1.407705197304937483e+00
1.681641439054252896e+00
1.500087561016933080e+00
1.573914489428648755e+00
1.562715709874069603e+00
1.616640427466910834e+00
1.603148753506549395e+00
1.588343846746761878e+00
1.633313882566305164e+00
1.682754178022915159e+00
1.691305829317371723e+00
1.869828789514847323e+00
1.561605130789251561e+00
1.580459134113104458e+00
1.603552287676051957e+00
1.778353533582516688e+00
1.776749710775710644e+00
1.776766944971303497e+00
1.742842406284430545e+00
1.491949227986732796e+00
1.607680452607232136e+00
1.814311277596663663e+00
1.791036648469557013e+00
1.780827662022683056e+00
1.623835938182464300e+00
1.581176068260241596e+00
1.539237558678855811e+00
1.462788406302357291e+00
1.632884951056998712e+00
1.639079066057846257e+00
1.685750738637145085e+00
1.654015977110840030e+00
1.829416229864235133e+00
1.864787103056341211e+00
1.777239246087181979e+00
1.411804288776804528e+00
1.536505554972495524e+00
1.514610921726171622e+00
1.522676869368832397e+00
1.677462258894083291e+00
1.722300837093880599e+00
1.738880962626301541e+00
1.772116606289300789e+00
1.668527711599478325e+00
1.804329113722483058e+00
1.757382239858172657e+00
