1.501955447843654090e+00
1.429967670132995083e+00
1.423915689682320629e+00
1.501600772685674379e+00
1.434614349396200472e+00
1.576426178075394313e+00
1.615883787133367999e+00
1.782070485545987459e+00
1.584024290337523899e+00
1.592922510756334065e+00
1.724763250233912304e+00
1.706625735662645083e+00
1.738520800026480684e+00
1.788070989574080505e+00
1.887883947543310015e+00
1.592130379770223314e+00
1.710045225243456146e+00
1.897904572621396335e+00
1.737629221446613137e+00
1.807973815824582609e+00
1.818987293026087304e+00
1.861055174864121753e+00
1.869363921656136185e+00
1.779845641283595681e+00
1.738513070419833273e+00
1.814296890888458691e+00
1.774907324837693201e+00
1.899840176918089929e+00
1.802186752905760470e+00
1.931297555424637435e+00
1.600184013368824987e+00
1.416259489501084046e+00
1.446542628439013267e+00
1.754877712969121095e+00
1.784564860523687235e+00
1.800461914131975538e+00
1.898952784820061801e+00
1.452910897191970196e+00
1.493088144842928511e+00
1.595589439778750895e+00
1.856895742233958257e+00
1.572639738591062653e+00
1.703367930163942612e+00
1.678554180334114632e+00
1.668908294807743165e+00
1.865083187313237412e+00
1.895592282031748788e+00
1.844054072580940895e+00
1.813246916005722964e+00
1.834297750384183301e+00
1.595921810489160375e+00
1.496872894973905410e+00
1.636860574076415720e+00
1.534687380805693335e+00
1.461404881266248346e+00
1.657859866295682494e+00
1.648894405759434800e+00
1.491714113520097307e+00
1.594912609142284277e+00
1.736335024922195824e+00
1.728802824359511936e+00
1.659676392062467531e+00
1.705227422542302973e+00
1.742435035378164132e+00
1.779864582622155744e+00
1.889580215626342596e+00
1.717606634217428763e+00
1.760520082667983877e+00
1.865364555063972585e+00
1.859025849617284898e+00
1.826896864698856149e+00
1.888096130595550592e+00
1.868763722748328027e+00
1.726952638620701919e+00
1.731456233315438853e+00
1.906259892763368047e+00
1.786300158007588568e+00
1.967775010440566907e+00
1.665867124373215935e+00
1.662542516723932273e+00
1.704394205687688846e+00
1.785894406652544397e+00
1.683229784707579668e+00
1.820838180047921195e+00
1.834289693177107106e+00
1.899400518271221028e+00
1.884532401305973215e+00
1.920551264931046331e+00
1.775906825414239831e+00
1.851646690883926860e+00
1.678270418308302148e+00
1.605034444748182798e+00
1.596687811885233899e+00
1.710277886186293284e+00
1.779342234749205387e+00
1.688214809964274421e+00
1.820356690465656291e+00
1.874858362352669117e+00
1.923518143365800848e+00
1.765882083164032723e+00
