1.822564495574425125e+00
1.858909868224877915e+00
1.936311320723291374e+00
1.760059916217464160e+00
1.804703813338361718e+00
1.999606784356049660e+00
1.823365413014974123e+00
2.006643070600962364e+00
1.778963647207277621e+00
1.868807142241581953e+00
1.954604863607384946e+00
1.825852453771915407e+00
1.961088954105263849e+00
1.927472290896850238e+00
1.670283301889146532e+00
1.842964747698052852e+00
2.017174017533281738e+00
1.969914099758233617e+00
1.761564904064417902e+00
1.879662416977889050e+00
1.995932582273773237e+00
2.102482958311769234e+00
1.873521153908083159e+00
1.820194959536732826e+00
1.974655460484478375e+00
1.962543017027402525e+00
2.022462566112805504e+00
2.106359324890702212e+00
2.128114176516861189e+00
1.985054601713716060e+00
1.900842020444453384e+00
2.038638836165346024e+00
2.051106565511156887e+00
1.829080222748626472e+00
1.789034876621137471e+00
1.911518881197581843e+00
2.194133399510866056e+00
2.098764739491823850e+00
2.247139745150687151e+00
2.153692966342105830e+00
2.110127760739104019e+00
2.167034486356630651e+00
2.107594281732870556e+00
1.973065290535794158e+00
1.833687909657207182e+00
1.929049952529124035e+00
2.182757944730097766e+00
2.017401853879198459e+00
2.098781143510259461e+00
2.117860912621684299e+00
2.068838799271018658e+00
2.157133016741021869e+00
2.107166746802387358e+00
2.172684461755431062e+00
1.777257323945515832e+00
1.784129861095885783e+00
1.726263104177504726e+00
1.789510631489726222e+00
1.736612382249098641e+00
1.640953651639530664e+00
2.099662425247617925e+00
2.043325090198398808e+00
1.957628003343249823e+00
2.049740160270890232e+00
1.705658887462118356e+00
1.844719877211986159e+00
1.982211787998583219e+00
2.025051260322140667e+00
2.199004416195251999e+00
2.191868851505387905e+00
2.184946393730880843e+00
2.342039351384545220e+00
2.234187591241036941e+00
1.803136643847945697e+00
1.867405392732043534e+00
1.748342475252395944e+00
1.886103141793640470e+00
2.006494178873809986e+00
1.968623952096165253e+00
2.050655056109694119e+00
1.974438101770390031e+00
2.107586020536507121e+00
1.942634043174637837e+00
1.726327748023573250e+00
1.843080087160821279e+00
1.882201854932187723e+00
2.066727423465866131e+00
1.983609172417122091e+00
2.018091019657146656e+00
2.164245222087926024e+00
2.072873015210884073e+00
2.097909796149675543e+00
2.237377072925095689e+00
2.151350019054826479e+00
2.180124326278219282e+00
2.197496266019042022e+00
2.229989964476217779e+00
2.102797042484720436e+00
2.223071136101695267e+00
1.910333683790790493e+00
1.796346145275111494e+00
1.857593660271401381e+00
1.845844793070580803e+00
1.731796850761680107e+00
1.870732317150805235e+00
1.774085219337887542e+00
1.994322858240722196e+00
1.811883253116937986e+00
1.762188061972669750e+00
1.909514956212211123e+00
1.991106609862854482e+00
1.919147790067965209e+00
1.831608050128819665e+00
1.964401961013760189e+00
2.087881624195033758e+00
1.874616675316809422e+00
1.799913394583441573e+00
1.983819121162973431e+00
1.764159839121624884e+00
1.911876071902316010e+00
1.802487781123195854e+00
1.935202478048838604e+00
2.052013541910657768e+00
1.832295426244930692e+00
1.939217222094246518e+00
2.049526127611152049e+00
1.822676885733229835e+00
1.961591212386385674e+00
2.031541651432724915e+00
1.885667824383448155e+00
2.117093262474199822e+00
1.981309696576922796e+00
2.075042273030112572e+00
1.971633033732418605e+00
1.955741660391765224e+00
2.030957104345981534e+00
1.867869560334288748e+00
1.981355369900582586e+00
1.834552287716572527e+00
2.136292551484881841e+00
1.893072509447598861e+00
2.179627014991652789e+00
2.155430365212116506e+00
2.091820284181060696e+00
2.112875049796030247e+00
2.136159536073242382e+00
2.144792164133026535e+00
1.884771715280538329e+00
1.754966013973260130e+00
1.899429355972547251e+00
2.065390466935479008e+00
1.892828182842135387e+00
2.072983040684815315e+00
1.938806000529237572e+00
2.157469454971226330e+00
2.202620149532278138e+00
2.043527649288728210e+00
2.157907703611854355e+00
1.763531208342627776e+00
1.910275797485613714e+00
1.827301373824339992e+00
1.764536650616651992e+00
1.796216100082284051e+00
1.790454559105048249e+00
2.128566789454342523e+00
2.001850470233564216e+00
2.111451427472770703e+00
1.905128027740849106e+00
1.982911182924377735e+00
1.853825968711716676e+00
1.909556849313583493e+00
2.031182023857081909e+00
2.148814818581796793e+00
2.033306236817171708e+00
2.112250470395447888e+00
2.211306292631707748e+00
2.111203629612039112e+00
2.292387897484414960e+00
2.271871891878372463e+00
2.090277869601127936e+00
2.194537898888504479e+00
2.012989486103867964e+00
2.115277208921940488e+00
2.121931539252108312e+00
1.808518598841091229e+00
1.869905557031654508e+00
1.804487854805133296e+00
1.790730750333282106e+00
1.718012203844953234e+00
2.009730894253245914e+00
1.731933610600826512e+00
1.974200837343219606e+00
2.069933579537320156e+00
1.984565183305777136e+00
2.109513632032673058e+00
2.070736795377748685e+00
2.083008680841565319e+00
2.232828373572047109e+00
2.246996685396627225e+00
2.184048652927716105e+00
