1.815142451316236194e+00
1.877730752774972256e+00
1.945164678278260784e+00
1.767678572238532864e+00
1.833671002592573540e+00
2.007432700420680671e+00
1.865805715511722251e+00
2.001649217374418477e+00
1.822224470928421658e+00
1.929155099441328014e+00
1.931143855268530274e+00
2.021652777375251731e+00
2.137129991250797723e+00
2.048127093802147858e+00
1.833547417498714083e+00
2.000393505809619388e+00
2.006093885063947369e+00
1.998415179819336807e+00
1.834865593537652106e+00
1.966386027893263666e+00
2.194054067051205426e+00
2.205657358504162335e+00
1.839011226651981579e+00
1.862326027038814003e+00
2.001941414170093747e+00
2.074072528156660766e+00
1.899845610476615931e+00
2.133063425929360601e+00
2.099979836706367564e+00
1.875077897188591969e+00
1.896856925012509354e+00
2.069156336552573361e+00
1.927178253469837621e+00
1.915335098139381520e+00
1.735631039397174336e+00
1.810616603929369406e+00
2.127095306672269981e+00
2.018967051103288224e+00
2.237668804723269567e+00
2.140648040657370910e+00
2.172864628133909015e+00
2.237418919256366046e+00
2.280318226545471560e+00
1.959025543289635074e+00
1.837600886871632699e+00
1.994813543779810239e+00
2.351143257362317218e+00
2.118982799720148247e+00
2.153008478260307612e+00
2.267136992692961428e+00
2.202410550915183673e+00
2.235551781894251189e+00
2.056076031619179734e+00
2.291342262248452055e+00
1.822644615743811869e+00
1.835293088550534080e+00
1.712759452024926743e+00
1.824401893697929822e+00
1.890648995110934427e+00
1.825244369930132393e+00
1.876174110247972315e+00
2.021522820806150200e+00
1.892600427072138602e+00
1.977139318804576051e+00
1.825686619498237073e+00
2.026796288519369771e+00
2.158937533702758316e+00
2.205443910838509325e+00
2.335384565719196281e+00
2.266263224302942358e+00
2.343786996194332062e+00
2.395965501833303257e+00
2.391265740193566636e+00
1.913976488038733770e+00
1.824379123781501688e+00
1.771820264616731810e+00
1.875046397265667908e+00
1.972078028143371409e+00
1.832611500797649784e+00
2.090445094778820678e+00
1.834326032575206877e+00
1.994258246797018685e+00
1.962175523742221817e+00
1.860618818049268430e+00
1.980483217763336246e+00
1.997096385165293642e+00
2.287641392508250160e+00
2.055202155830079924e+00
2.181854570110403291e+00
2.224085675412781349e+00
2.261439447086408983e+00
2.286169411824212183e+00
2.322110620246771173e+00
2.262472367694472908e+00
2.286948920757953196e+00
2.187202283390289992e+00
2.199483790330396538e+00
2.136096278215460220e+00
2.237136545025863121e+00
1.852158356957784191e+00
1.778793768329175906e+00
1.922471517205571745e+00
1.852185706260470299e+00
1.690337778063146557e+00
2.022559410817452719e+00
1.805957659400687199e+00
2.035717108830834121e+00
1.812081649548360041e+00
1.665220609124754780e+00
1.861206885068096506e+00
2.015926098168365765e+00
1.856075963409394625e+00
1.706422024370583435e+00
2.014512467172299814e+00
2.038321127869872740e+00
1.941523734820680192e+00
1.954064262456289169e+00
1.973199775506665032e+00
1.787413663605942560e+00
1.893048832627456157e+00
1.825401207858294850e+00
1.983210515605892343e+00
2.008239664275119907e+00
1.913343650172953492e+00
2.070869378832550733e+00
2.085317538827548667e+00
1.929622336840905783e+00
1.969772913366877098e+00
2.061305730496385102e+00
1.864764375714102584e+00
2.150168829952722849e+00
1.887712597887461152e+00
2.115192071154200271e+00
1.837319582658871964e+00
1.975933197307116362e+00
2.029528035748748405e+00
1.847252115993065269e+00
1.969532012164701751e+00
1.841122084426637162e+00
2.241977106446353396e+00
1.996647116740477124e+00
2.073359694884751914e+00
2.293604034998873775e+00
2.070371692640157413e+00
2.156733229884491454e+00
2.236521226397481410e+00
2.254443279305472725e+00
1.898996758253244987e+00
1.975413971437653959e+00
2.011516899465866537e+00
2.197751015119578266e+00
1.907141465146372283e+00
1.971465540282841600e+00
2.027842827450269336e+00
2.243274253737136181e+00
2.207756006661609316e+00
2.113983397570307510e+00
2.270424277386314582e+00
1.939500490709684222e+00
1.942271833723640428e+00
1.992262941098256412e+00
1.811323219275490448e+00
1.751180198237848096e+00
1.643329354337846215e+00
2.108878854172332229e+00
2.102858658704822137e+00
2.055422379581496983e+00
1.922442732212955585e+00
2.003770001611399287e+00
1.987504328356418437e+00
2.022397991720482846e+00
2.230065651709268515e+00
2.223491386789385071e+00
2.146768571934826397e+00
2.173909310556752850e+00
2.323347539703215059e+00
2.234374948026830232e+00
2.381827099062609143e+00
2.332413942938770468e+00
2.173844102570946291e+00
2.282855445787312476e+00
2.111261497648921459e+00
2.002521701935992215e+00
2.129900562684900134e+00
1.874893050611039058e+00
1.851866362578961533e+00
1.841819206186889657e+00
1.888759582224471600e+00
1.756993613661922415e+00
2.132956257205586237e+00
1.952835055684162047e+00
2.080506010468663902e+00
2.160057265353128031e+00
2.143438465311290564e+00
2.212982289936554992e+00
2.137579094898661936e+00
2.185694996687990166e+00
2.158555359216775660e+00
2.267057389289619973e+00
2.289204951489779649e+00
