2.255992062482682581e+00
2.167895353014785975e+00
2.386969877441702526e+00
2.162219734169270602e+00
2.253775372249037012e+00
2.180244014465519520e+00
2.224537417839950848e+00
2.429397285445717980e+00
2.252264985689307331e+00
2.278256517552823990e+00
2.103869676952522028e+00
2.072076034643583586e+00
2.224549075694140843e+00
2.298705626994618445e+00
2.195719550886297444e+00
2.298510563740772117e+00
2.453792823436922621e+00
2.089244103471151082e+00
2.371077112353113581e+00
2.072844049957856427e+00
2.141556193164568356e+00
2.247533154529994803e+00
2.558235222716533475e+00
2.415717950636284250e+00
2.237740401114193478e+00
2.349077465550652111e+00
2.299817567977542776e+00
2.091890872477234709e+00
2.429422786072162666e+00
2.289360117782819337e+00
2.344095813437760967e+00
2.464302276695366167e+00
2.229010973864099743e+00
2.360095438264543155e+00
2.471002542194291163e+00
2.447399336190058339e+00
2.551702248354022373e+00
2.611732783072193254e+00
2.450319470844406045e+00
2.187596294840848721e+00
2.225951818195153198e+00
2.350653816228985171e+00
2.324989105783185739e+00
2.479669149617541368e+00
2.251152234061974955e+00
2.369210527433820879e+00
2.353257152359270243e+00
2.249416551402250164e+00
2.328681363503753765e+00
2.154082537809584696e+00
2.277014235978492618e+00
2.410712600183716248e+00
2.242058646270823186e+00
2.182268174664787619e+00
2.265177049002010445e+00
2.273193531789060806e+00
2.416835033375173136e+00
2.239546479294471482e+00
2.286554761431813798e+00
2.223332827229292707e+00
2.589189370778127053e+00
2.020106259064339937e+00
2.268357900319583731e+00
2.200893746202888135e+00
2.489278443654397766e+00
2.533883270546611666e+00
2.224479171165902880e+00
2.236285339455646781e+00
2.343101335514874428e+00
2.457301852914966833e+00
2.404863571984306336e+00
2.433234454113109901e+00
2.608283747521094043e+00
2.276554779646930537e+00
2.548609055834787807e+00
2.300084832248066924e+00
2.287529215440451846e+00
2.281745974743655925e+00
2.431883473056561051e+00
2.314933574297360686e+00
2.382736028076255508e+00
2.231283312942355490e+00
2.335870654992604045e+00
2.407121885378381787e+00
2.163243577685476371e+00
2.261081909411385205e+00
2.181617685362009063e+00
2.499172374514215367e+00
2.423909625081269059e+00
2.353094085490679443e+00
2.311529210730238759e+00
2.204985682358994392e+00
2.331811596131304398e+00
2.186920797781525483e+00
2.227863432872908778e+00
2.212617110896857753e+00
2.442412251145190449e+00
2.494103338361865152e+00
2.344025067779295757e+00
2.203176664609818758e+00
2.421603462567371245e+00
2.524061415181112267e+00
2.753182252401440877e+00
2.560332016118870957e+00
2.588673203768057540e+00
2.551109696299860730e+00
2.633603567570686810e+00
2.496448933945445425e+00
2.546704375082240457e+00
2.649671622567547846e+00
2.647139730106524702e+00
2.366344495754920452e+00
2.256995318707479825e+00
2.449361305745802575e+00
2.258145114389906283e+00
2.465963889526312069e+00
2.213805157359851172e+00
2.148177591632038919e+00
2.678939052893479555e+00
2.396008798628386227e+00
2.720036226290731385e+00
2.602951028065281225e+00
2.449065751753915610e+00
2.564897535140745255e+00
2.635813364896238742e+00
2.423272768368427865e+00
2.740718531515128564e+00
2.521233389537579139e+00
2.673517432446099296e+00
2.674801475640439907e+00
2.458556568629312711e+00
2.439153299350619974e+00
2.635461419248814607e+00
2.393990488390505877e+00
2.337092401586524204e+00
2.654242160625872149e+00
2.457038620188011446e+00
2.609787957356893173e+00
2.106377138276001482e+00
2.225690030140430764e+00
2.078210279157429063e+00
2.167641298270946759e+00
1.971894919992834616e+00
2.337532797613440128e+00
2.159460143939460508e+00
2.063103735975156283e+00
1.771118343864384270e+00
2.039045136992590379e+00
2.342297425926981980e+00
2.253678104145282468e+00
2.326655650903397987e+00
1.677849446310305304e+00
2.058424781050811170e+00
2.373588868883618641e+00
2.385780130530506860e+00
2.445389184242230396e+00
2.353402997795118523e+00
2.317468084310190690e+00
2.348745444404923610e+00
2.205900361976737223e+00
2.149724554850756864e+00
2.202222302884958793e+00
2.552687675318596749e+00
2.633243453922999411e+00
2.646012543258351002e+00
2.194899793889994122e+00
2.491607659556781762e+00
2.554304956029235463e+00
2.624851037313355562e+00
2.532271138296908308e+00
2.736269988165418443e+00
2.559867729776866607e+00
2.682532441373416177e+00
2.717662126230635078e+00
2.570058064948255616e+00
2.456484047887176558e+00
2.830522080170528643e+00
2.740733448693690733e+00
2.660924836199408894e+00
2.765432798173799167e+00
2.780228837006462506e+00
2.756714397462096677e+00
2.591589970535077558e+00
2.683484002418719427e+00
2.684772495312802043e+00
2.217445380558924928e+00
2.366793826059034433e+00
2.392891872699919098e+00
2.186705642083512480e+00
2.253235912566379895e+00
2.211980605076549811e+00
2.414039095099328236e+00
2.256807655117918809e+00
2.230242037641277708e+00
2.350166500023459726e+00
2.335532282861682685e+00
2.254400220597894577e+00
2.140495585130470779e+00
2.344511229599151036e+00
2.315165825305147251e+00
2.165615476093500025e+00
2.461021908386554102e+00
2.258944885902106403e+00
2.362786351512101035e+00
2.418138525561926322e+00
2.340236326908278208e+00
2.246370820304136817e+00
2.092026706340573305e+00
2.290400550325413231e+00
2.229266809062192323e+00
2.271763957598191830e+00
2.207839442165853150e+00
2.316276579478255826e+00
2.477765979927378126e+00
2.479991310180307273e+00
2.459708000620667523e+00
2.427161327874904906e+00
2.396919925910766302e+00
2.534224564916773392e+00
2.757111967345574843e+00
2.536863544843987128e+00
2.418128268474935005e+00
2.615607153663084716e+00
2.572115253857275796e+00
2.601742306504399416e+00
2.678042217885736154e+00
2.624271336056703596e+00
2.519882616249219609e+00
2.622780481057510826e+00
2.686706755411842007e+00
2.697539855317318658e+00
2.658480252872650329e+00
2.730459094395973008e+00
2.583931896489137792e+00
2.664055231413411828e+00
2.698179659037859945e+00
2.481991577654341974e+00
2.736506757544601154e+00
2.522607695332828026e+00
2.576073382896490127e+00
2.852279694155391176e+00
2.526259251806603157e+00
2.611714316684760284e+00
2.638064089921955624e+00
2.598309304018513899e+00
2.457943176547549236e+00
2.772847135359190140e+00
2.580098941338787810e+00
1.915581439548028841e+00
2.077711918668926128e+00
1.994667259874397525e+00
2.261514894752211902e+00
2.307383619621653725e+00
2.288106667510457104e+00
2.177225503360626480e+00
2.239075965899648413e+00
2.041600057643010668e+00
2.328304275438349169e+00
2.248955062022596874e+00
2.016145606658302114e+00
2.153662818553725433e+00
2.285982879912909826e+00
2.427561256733908657e+00
2.140052361268792946e+00
2.047627692273994437e+00
2.459720410598942308e+00
2.068839459940058578e+00
2.259335913473086155e+00
2.163902250706019714e+00
2.548733770174462343e+00
2.114105983273780076e+00
2.147268075830825129e+00
2.374323219148034791e+00
2.232407778901732698e+00
1.992564300523610665e+00
2.251615914124015294e+00
2.429817293029872705e+00
2.216907085071159411e+00
2.272488861791736703e+00
2.174030897754703151e+00
2.088894575365523032e+00
2.364188978483481751e+00
2.437393579819397527e+00
2.505657578797884977e+00
2.631827423418688028e+00
2.217197170325741595e+00
2.245900633018035997e+00
2.298775360542229862e+00
2.336126306264882491e+00
2.486900601228443808e+00
2.518240021949136764e+00
2.382227211561782632e+00
2.335658018213341069e+00
2.375383469051557839e+00
2.350709651766335284e+00
2.290949703753515809e+00
2.306747511711979559e+00
2.191059533226988876e+00
2.060435407739235725e+00
2.162346834125436157e+00
2.257754182526276576e+00
2.140552100518967826e+00
2.035838966224915669e+00
2.417488875420124028e+00
2.161612919112968711e+00
2.407385679693593072e+00
2.211587226412524920e+00
2.206549376207411317e+00
2.452984444853325563e+00
2.176966415880560390e+00
2.493724561111716920e+00
2.212232337793557768e+00
2.395895803780164979e+00
2.312281043420991722e+00
2.440152915813659451e+00
2.327622170756459941e+00
2.232564006422004699e+00
2.393360459819966035e+00
2.201545870395885451e+00
2.529079058982494743e+00
2.401513911143738245e+00
2.489858553915728745e+00
2.311677482790030158e+00
2.276018087879464247e+00
2.581486919292174331e+00
2.249538556443288595e+00
2.233567724109868813e+00
2.376465949263951050e+00
2.417839089165378041e+00
2.420350815755509366e+00
2.335352552824689010e+00
2.238988405108195412e+00
2.230319733384782399e+00
2.062935724242237701e+00
2.352586022033674951e+00
2.410853510207990436e+00
2.443931528963954047e+00
2.429649933916775417e+00
2.517129162817528076e+00
2.211296109323615422e+00
2.464025692255911171e+00
2.503480422347594381e+00
2.191665576445924746e+00
2.115367161672260021e+00
2.200233487035073043e+00
2.317341651713759720e+00
2.406244313123867773e+00
2.528970967173238993e+00
2.318122443668396926e+00
2.658229080932811517e+00
2.199490098822780126e+00
2.341639399317980708e+00
2.406498657205589975e+00
2.695933329872879813e+00
2.523188741798735091e+00
2.681713591444722322e+00
2.707443140658746472e+00
2.470511019862187130e+00
2.571358519998556691e+00
2.615316301508292973e+00
2.541024817552890003e+00
2.476739210446399220e+00
2.518044367729187716e+00
2.514426394957476774e+00
2.570028955661066039e+00
2.342589157966102231e+00
2.269577521258408392e+00
2.525490118371331416e+00
2.306217786132554792e+00
2.522870672912007617e+00
2.165836547277470991e+00
2.354626134642668234e+00
2.431063849391188914e+00
2.568335931137954109e+00
2.360315098545961998e+00
2.627556502893148238e+00
2.518250026783503959e+00
2.526556203257340982e+00
2.495604035260965414e+00
2.608959403314137226e+00
2.505889047214718168e+00
2.612004009517819636e+00
2.493692619889199324e+00
2.528135194748518444e+00
2.677630311101374172e+00
2.599825454291714077e+00
2.424529643724132821e+00
2.599704182968313404e+00
2.338250872872597252e+00
2.393086610146961668e+00
2.361512549693652208e+00
2.631208100209850631e+00
2.449259933227752928e+00
2.347861747407510080e+00
2.652269117180545699e+00
2.601396846132817409e+00
2.659355813257729295e+00
2.074824854946609065e+00
2.153285438587078993e+00
2.184080364921817452e+00
2.240205661775084067e+00
2.085339856031329653e+00
2.169572981148103263e+00
2.288616682405292035e+00
1.975612703688229166e+00
2.010306883907800213e+00
1.811515660781630954e+00
1.881697962511915678e+00
2.179326421504386158e+00
2.102408395016361009e+00
2.137315888642855377e+00
2.004712251091983699e+00
1.935824355658519957e+00
2.286561540774031620e+00
2.564748166622863756e+00
2.618490337867724449e+00
2.649113833105609217e+00
2.275466105790481031e+00
2.446058369422035028e+00
2.459842499139496486e+00
2.320731499130597175e+00
2.389011697111493859e+00
2.451565915838769705e+00
2.301509907532642174e+00
2.414271633473516587e+00
2.628716298187921296e+00
2.557037099640861566e+00
2.482952212956172300e+00
2.570512149206441332e+00
2.514739979142592396e+00
2.593461870658065660e+00
2.497144600679402249e+00
2.564592785040282763e+00
2.589202235812793074e+00
2.635657535960748366e+00
2.469197566159215818e+00
2.547630463314175753e+00
2.595273651816873084e+00
2.699180548702690530e+00
2.405738811838253000e+00
2.639239237074525235e+00
2.690536546820628594e+00
2.618825838577529819e+00
2.434926561572285930e+00
2.666623025219764020e+00
2.767326868065969947e+00
2.801536960061554726e+00
2.753853168881792435e+00
2.672885722810965259e+00
2.554516517876209036e+00
2.577809602649921317e+00
2.652610033089427777e+00
2.287778672383082856e+00
2.387348580484929261e+00
2.399220241322965741e+00
2.228780146402476792e+00
2.500904452893667251e+00
2.575219647534760181e+00
2.557120578249746146e+00
2.559911243459720431e+00
2.158706988249602166e+00
2.137868875113712708e+00
2.252641211654769826e+00
2.227905337941865405e+00
2.276543658245230528e+00
2.272979900912539986e+00
2.354949380099767620e+00
2.260307923750502823e+00
2.211104496744193959e+00
2.249250915636215264e+00
2.306125760518634049e+00
2.228466534362835816e+00
2.459240897615377008e+00
2.578121116928178580e+00
2.150963086957327963e+00
2.329233779194351595e+00
2.315615013107407805e+00
2.450614773129638824e+00
2.498601857005550375e+00
2.424620823555928339e+00
2.582646808974797814e+00
2.496402498065194653e+00
2.493238302026657749e+00
2.544178320280300998e+00
2.384612373355013304e+00
2.667221282718496234e+00
2.596066684335316843e+00
2.545094248898125855e+00
2.703167892487023050e+00
2.668766285555651763e+00
2.515845801105920376e+00
2.825366120942001569e+00
2.503963393776938773e+00
2.435250082295319807e+00
2.533716334446292073e+00
2.611580363164171636e+00
2.433701626901146220e+00
2.444081280465604689e+00
2.699532965054450617e+00
2.535717023731422604e+00
