1.815937324763896132e+00
1.779958046581929576e+00
1.901774804049638057e+00
1.725406663634139415e+00
1.744251130742098033e+00
1.906792040412642386e+00
1.767428708102400492e+00
1.926695462161643446e+00
1.752776261100666533e+00
1.779623899263107933e+00
1.900499721341050163e+00
1.761207265780532216e+00
1.856739633835656100e+00
1.922761912257361594e+00
1.666582480895278717e+00
1.761260410021648015e+00
1.837011998786576727e+00
1.700959062792406273e+00
1.658279555208382661e+00
1.734415803946075307e+00
1.747116535692343486e+00
1.924757638733721521e+00
1.747780392666172578e+00
2.080428943770125549e+00
1.866188667964705505e+00
1.924555486644660807e+00
2.028989097176198353e+00
1.747656774176956640e+00
1.879143915295418354e+00
1.850306260030090355e+00
1.869336548112407570e+00
1.866152542296973138e+00
2.024417297510883174e+00
1.753548785069103388e+00
1.680392631001493609e+00
1.703701913851045857e+00
2.125158356806921223e+00
1.975988942528639880e+00
2.114833747737756564e+00
2.013240518922091660e+00
1.751901719486542053e+00
1.753723047691560399e+00
1.677288433555151226e+00
1.812354327150784483e+00
1.726957839756189106e+00
1.783038365394967073e+00
1.969370352614679076e+00
1.775109642850559721e+00
1.903525866980597225e+00
1.780770000116755902e+00
1.769996160584761391e+00
2.064562787761622165e+00
2.026393668795158032e+00
1.915753491683661824e+00
1.746400365714033232e+00
1.795143178068332457e+00
1.708347786933726242e+00
1.740699208732368275e+00
1.807734593622535080e+00
1.696484397757083595e+00
1.844080393241183780e+00
1.924249697100276713e+00
1.712693524719336446e+00
1.847117181361652039e+00
1.686787977099476699e+00
1.728429663364190905e+00
1.757558332707719995e+00
1.704524443133168088e+00
1.640101362546534602e+00
1.690137926081184183e+00
2.140675472795410705e+00
2.145259334817444241e+00
2.072077879800489075e+00
1.840845474822169869e+00
1.818717123877363173e+00
1.754143216120274795e+00
1.790776180418732766e+00
1.795758469495307041e+00
1.818751561147226248e+00
2.003797065843484049e+00
1.764486338750645755e+00
1.933848346329018586e+00
1.825848563971636418e+00
1.812337337559359662e+00
1.707680880844169247e+00
1.809139791575646194e+00
1.757363099209387602e+00
1.831877046648674456e+00
1.876923972158175413e+00
2.031945504747081355e+00
1.835569256887057188e+00
1.953212455015040927e+00
1.640620416399439785e+00
1.813939518323570477e+00
1.832008719619195425e+00
2.087995632428557347e+00
2.054803469245122027e+00
1.998717402270408616e+00
2.068681348393767827e+00
1.865693676489918573e+00
1.760810468034892606e+00
1.866943289622195801e+00
1.801352411928580199e+00
1.705700966161997512e+00
1.858799185877847204e+00
1.736505845634149559e+00
1.951204870288632431e+00
1.759533499910815424e+00
1.718453502936224009e+00
1.828523227749783375e+00
1.911379312349777093e+00
1.822337246405288269e+00
1.776812670049192855e+00
1.908960170392828060e+00
2.042696971921128757e+00
1.889125546775797249e+00
1.840204737331758045e+00
1.969396567694866373e+00
1.869307509968528347e+00
1.885882008759604433e+00
1.834909899010995771e+00
1.857994475093447839e+00
2.001155898148145429e+00
1.792393594055861961e+00
1.811818336367179150e+00
1.927340422577871193e+00
1.746572898568852006e+00
1.872698559495359572e+00
1.845062464816046743e+00
1.866477730884914088e+00
1.903849770737420899e+00
1.892294919666393183e+00
1.932230210082352073e+00
1.768271158551979694e+00
1.862301831633139448e+00
1.923068445004248339e+00
1.846685269764283488e+00
1.858990970033509216e+00
1.817128256883874249e+00
2.183692670556109938e+00
1.912357069138808985e+00
2.126107481246918507e+00
2.188401932453631904e+00
2.032314811074327210e+00
1.864421517080032231e+00
1.928902546600636647e+00
2.034957509132963693e+00
1.914376506165629044e+00
1.867920408735568305e+00
1.953504924769488449e+00
1.896522307723447653e+00
1.899142245682741370e+00
1.978616668755115438e+00
1.893064979527282254e+00
2.063366714859184547e+00
2.040114292133762497e+00
2.045770793418605127e+00
2.054799847312466898e+00
1.830440317038360742e+00
1.912187783099864369e+00
1.839874484000649790e+00
1.745728301694645435e+00
1.746953218893061877e+00
1.691224680403733860e+00
1.972776270020845768e+00
1.955981052047901070e+00
2.045476361200799342e+00
1.890154927241735061e+00
1.987148564015016605e+00
1.859682896887339565e+00
1.845856935905255680e+00
1.856783236033197282e+00
2.008091748830162171e+00
1.885617833568574042e+00
1.912685810591030711e+00
2.085504902733628985e+00
2.115561101659011900e+00
2.234921271229188378e+00
2.101692130289323668e+00
2.014095161767256226e+00
2.043210922801684593e+00
2.022728193160933774e+00
1.922528024575902439e+00
1.986285517289247737e+00
1.843130783371794257e+00
1.881346692696669765e+00
1.789442347235136843e+00
1.817054376317690956e+00
1.789786417087036341e+00
1.980302225466877175e+00
1.809267362736419971e+00
1.902015207030793187e+00
1.956604685047369729e+00
1.980271720716821227e+00
1.981857463407301179e+00
1.919228396556485361e+00
1.919630572687899717e+00
2.116313179819498735e+00
2.168669184514853132e+00
2.123536808100193074e+00
