1.805628540211449584e+00
1.817959234473670582e+00
1.908346590496762474e+00
1.752540099555947695e+00
1.741690367645074122e+00
2.126981237553072557e+00
1.740987838164725465e+00
1.973701800739271262e+00
1.723459707877133207e+00
1.783559864998010891e+00
1.969604820109367882e+00
1.785645969519477294e+00
1.921869526394238914e+00
2.006137871380198945e+00
1.697014879009477673e+00
1.888759587721501987e+00
2.065411309501906434e+00
2.094172993050681164e+00
1.925634042020186731e+00
2.033278331196850530e+00
2.188873737812555564e+00
2.201282380157909557e+00
1.927383615374267389e+00
1.902822048447151859e+00
2.046839280997088117e+00
2.176289590906138383e+00
2.034699220055359081e+00
2.222437071847523704e+00
2.230719095627943460e+00
2.090835155663841594e+00
1.910095862414751267e+00
2.204561790481708528e+00
2.141494603641600936e+00
1.905458349708450960e+00
1.897298197719943902e+00
1.864303803662339387e+00
2.239542254594244497e+00
2.122818160223065576e+00
2.456713974410697610e+00
2.128493091506623358e+00
2.258523439849297709e+00
2.259990459114162409e+00
2.241547067748051791e+00
1.877579825116532097e+00
1.879115748089433158e+00
2.044143147653897596e+00
2.374435500575028613e+00
2.022240165105021692e+00
2.180165101183176635e+00
2.177093208007879088e+00
2.078540917320510051e+00
2.227268631591262427e+00
2.237192106286945759e+00
2.264095343930493165e+00
1.815279535447094750e+00
1.773667657386255314e+00
1.669892322858366418e+00
1.710453890663565124e+00
1.748663720309365566e+00
1.678713594485633731e+00
2.080246577571026378e+00
2.122241735043451261e+00
1.894033399740313595e+00
1.997922291360562985e+00
1.804043259791737963e+00
1.904563991194492045e+00
1.932475393246996020e+00
1.990562790126471526e+00
2.157535783223988979e+00
2.291379808070721946e+00
2.235902682517154183e+00
2.357852343965419539e+00
2.241761487701717570e+00
1.855317046590578389e+00
1.941397172629173662e+00
1.808856803249660361e+00
1.858639762659755279e+00
1.983510666389618482e+00
1.928818708295154227e+00
2.207773070178849828e+00
2.051352244714152562e+00
2.073630672945613540e+00
1.917442574618927864e+00
1.873142292425666877e+00
1.882091473767352197e+00
1.840492206001965947e+00
2.101516445602981786e+00
1.945801065088689219e+00
1.924559155879404626e+00
2.082720848479393538e+00
2.158815337527406175e+00
2.133246507394669589e+00
2.234259197866721447e+00
2.161165411014239535e+00
2.282035474088096372e+00
2.208078661079809990e+00
2.199260306619926109e+00
2.043882296808636756e+00
2.328636280348098442e+00
1.732492644118964753e+00
1.813908274483909233e+00
1.971073856537880031e+00
1.912842213486792398e+00
1.847888478807247603e+00
1.926223824445866484e+00
1.821043683033235716e+00
2.292250945876976420e+00
1.835579933157414301e+00
1.804538978866867982e+00
1.914941220955318490e+00
2.013456903759117012e+00
1.884402713965243503e+00
1.912228340490824463e+00
1.935307929314799003e+00
2.118291143086260320e+00
1.942591457099019037e+00
1.773616239740673617e+00
1.959674242547146950e+00
1.756907207678549465e+00
1.919567950289689406e+00
1.838742074894030187e+00
2.005837621675625737e+00
1.981375707836111388e+00
2.038853490189123097e+00
2.071593955787951025e+00
2.017618688574495778e+00
2.001174086076683345e+00
2.105905766136315638e+00
2.041069576240203354e+00
2.034249518497222908e+00
2.039049948963254977e+00
1.908717138249723666e+00
2.042242619875127563e+00
1.828874681654622858e+00
1.940990065485016736e+00
2.017671151982917355e+00
2.012049630395784217e+00
2.078369383566780026e+00
2.069320138494961103e+00
2.172775061033018762e+00
2.060326394769745217e+00
2.162860237115617146e+00
2.146726990897728893e+00
2.198865790365240880e+00
2.169616098577587415e+00
2.173676959984929269e+00
2.166809076891520469e+00
1.802214740303972551e+00
1.752854185105901630e+00
2.053823705279597345e+00
2.193854296052995423e+00
2.009886523839794492e+00
2.048390287805834209e+00
1.966406162693565385e+00
2.226865490921217550e+00
2.183893883111538869e+00
1.976415100976571804e+00
2.170367511012525341e+00
1.796853675511048243e+00
1.807469185958800351e+00
1.880418980985318234e+00
1.832436423341357035e+00
1.825698053446754621e+00
1.818850996909204820e+00
2.058329247497967529e+00
2.082922854447521122e+00
2.120838668027551943e+00
2.004414801728109818e+00
1.941707885209557505e+00
1.926038992408013462e+00
1.952252336437088731e+00
1.928940005747424857e+00
2.140369242752391710e+00
2.067987942689097025e+00
2.123159212758982228e+00
2.234451335543730544e+00
2.020622855930574335e+00
2.238330191706266792e+00
2.250906588473573056e+00
2.175606112517276536e+00
2.276443490205853681e+00
2.053184787974104974e+00
2.038553862403400530e+00
2.085456963762250648e+00
1.859162354448587573e+00
1.915764068780081208e+00
1.756079060119421165e+00
1.848052844926411309e+00
1.718123782100096086e+00
1.969032830417098090e+00
1.788846551435511856e+00
2.162361031229290020e+00
2.076226051208857726e+00
2.116716566115436571e+00
2.097963845824926121e+00
2.059590233090781375e+00
2.105392401976649452e+00
2.178178660593505622e+00
2.078894491273328704e+00
2.021226252157323433e+00
