1.569616520744368859e+00
1.365126420467399848e+00
1.526427164004436010e+00
1.333872070943665999e+00
1.373922571996674113e+00
1.566532419677068244e+00
1.575799676592664733e+00
1.739375459238952537e+00
1.537614469867129907e+00
1.656492043318148699e+00
1.768042487001934449e+00
1.788052258340216527e+00
1.818303855639107791e+00
1.904715764634792086e+00
1.945841466244437212e+00
1.817528950841997615e+00
1.782972737315911660e+00
1.942284741042121787e+00
1.827493137166247728e+00
2.007015605292491234e+00
1.923541617106191870e+00
1.995972669333830440e+00
1.956445178106515970e+00
1.747303447932628817e+00
1.795405296826458663e+00
1.857767969348584458e+00
1.827262151573843196e+00
1.950617154457887414e+00
1.891918872903028070e+00
1.998643770521776553e+00
1.678063620058566574e+00
1.559015954813596228e+00
1.738298902510316157e+00
1.916940517577600422e+00
1.900995401843961874e+00
1.921659487633109897e+00
1.897063884282682356e+00
1.641152056611787202e+00
1.684754461242780055e+00
1.717322017100394893e+00
1.964502543100829390e+00
1.741608004931106901e+00
1.795422628164568435e+00
1.795577640706304434e+00
1.749106391357271084e+00
1.906644653797433087e+00
2.010923948586651466e+00
1.851633216245088587e+00
1.898694488859729246e+00
1.942027881049652294e+00
1.634914215397319737e+00
1.574428302851126338e+00
1.633538940515348203e+00
1.605929283919643513e+00
1.524173329866909565e+00
1.644771679817283339e+00
1.686775083645718265e+00
1.641136759176614612e+00
1.786299210446234742e+00
1.805025734503019619e+00
1.768787103455236265e+00
1.747330320461332409e+00
1.808238538328160505e+00
1.867368252434396858e+00
1.871598204551845335e+00
1.911168636486705985e+00
1.724871987710006493e+00
1.772152152439350203e+00
1.847664476624140351e+00
1.963330765246109166e+00
1.967113285436853154e+00
1.983863605601033475e+00
1.971355164456412012e+00
1.731692069457498651e+00
1.855026900528348399e+00
1.922670152020197865e+00
1.859789591346731719e+00
1.980617870597038310e+00
1.661811609689543223e+00
1.701964662067408707e+00
1.926596171757454012e+00
1.996847741163079837e+00
1.729133706260079117e+00
1.904796544461063723e+00
1.825103765122409571e+00
1.940523307294948152e+00
1.953692967895117594e+00
1.943167573161239892e+00
1.958229593051088457e+00
1.764422050085923344e+00
1.786849344813436602e+00
1.667341315923266176e+00
1.664483758719899509e+00
1.690068032628977868e+00
1.763016278951011762e+00
1.718212621819149355e+00
1.906413038348558686e+00
1.969502185397014271e+00
1.871581479009853277e+00
1.898522697773843415e+00
