1.711557735657632584e+00
1.758756587994437792e+00
1.816219134659762036e+00
1.674722547559986285e+00
1.736432126661525910e+00
1.957834428130059035e+00
1.757064527745705762e+00
1.912582025602282521e+00
1.767786668841531794e+00
1.746604902778946089e+00
1.940934888073281739e+00
1.787840786509652613e+00
1.900687497059445175e+00
1.906084900969831519e+00
1.731375773554666431e+00
1.883206596161589585e+00
1.906501088554603873e+00
1.805911140891375943e+00
1.714565936258982459e+00
1.845168236375246185e+00
1.903723979088328466e+00
2.123054822909775652e+00
1.751677094432923187e+00
1.839124923550131685e+00
1.813817634340615381e+00
1.934364627160534367e+00
1.909771617478439154e+00
1.957074958163973033e+00
2.011541732557358575e+00
1.956768972804242779e+00
1.726499368034220661e+00
1.825406330848815317e+00
1.897804005740085342e+00
1.718220536761835060e+00
1.730959528380176637e+00
1.776174207209767042e+00
1.954403895103625777e+00
1.833496691289585145e+00
2.146956925507545133e+00
2.149064940042530569e+00
2.020630902583850030e+00
2.001434139907469323e+00
2.021549929054807571e+00
1.861619356733307473e+00
1.788512794377768778e+00
1.832008020145331706e+00
2.014983065057845746e+00
1.869090224292226710e+00
1.892377481954749197e+00
1.983130599068012589e+00
1.940274323772258613e+00
2.166371610043396512e+00
2.157117073548073805e+00
1.968047854488411241e+00
1.684812147586058018e+00
1.758523143205388939e+00
1.684963707077441697e+00
1.648575052709803757e+00
1.799272570602681975e+00
1.754610343069246348e+00
1.906263105017691917e+00
1.910729976712587375e+00
1.797538424662359580e+00
1.758980906924642040e+00
1.690688578176428702e+00
1.784036217357818588e+00
1.827548096816508538e+00
1.887939474608459012e+00
1.979368401363456709e+00
1.991860875290350164e+00
2.009322921219657943e+00
2.262391177233346262e+00
2.191820133668445525e+00
1.830261940406527010e+00
1.719295920533357558e+00
1.780064798857840191e+00
1.771606399347819272e+00
1.846679042170833451e+00
1.801505220035061416e+00
1.941019676622821155e+00
1.803022029778096780e+00
1.924746228725479513e+00
1.802378862733098996e+00
1.798434271542029839e+00
1.729846844246017756e+00
1.826471366373368044e+00
1.982149719891843631e+00
1.891591690222542255e+00
1.855653902016593415e+00
2.094588512967360483e+00
1.872064337907840104e+00
2.040942694508916855e+00
2.057103717560798462e+00
1.946038110168472501e+00
2.023646797781116113e+00
2.011861885024004870e+00
2.003693195764711277e+00
2.034510183311315945e+00
2.021443043263880579e+00
1.719971601671325123e+00
1.667383862432327613e+00
1.672504870421057221e+00
1.735396723296625421e+00
1.664552078749333752e+00
1.787280338593269846e+00
1.744777022140589606e+00
1.866852819914688544e+00
1.789579135754519656e+00
1.709924426686754595e+00
1.760140009295592334e+00
1.869806915882945786e+00
1.830165848973892562e+00
1.787317450496178850e+00
1.920120458606453306e+00
1.915657578154168261e+00
1.853807235352793681e+00
1.722418995647553075e+00
1.863013816481559282e+00
1.751933386078405208e+00
1.770746509516450296e+00
1.741577327333810432e+00
1.821109465582756881e+00
2.065754987302815149e+00
1.740014954510943346e+00
1.841728685415497058e+00
1.942163861414186954e+00
1.759023406026960057e+00
1.843048547977171214e+00
1.893293620735619909e+00
1.858291702717411509e+00
1.919818937301559725e+00
1.926454135443401272e+00
2.006233735100989346e+00
1.900987013098726530e+00
1.749814936683627975e+00
1.793469210044637663e+00
1.765475002954049577e+00
1.820338392385870252e+00
1.768068031650105176e+00
2.038242893279645696e+00
1.812843444379303559e+00
1.940817549907563055e+00
2.139584969043119234e+00
2.054919668032767266e+00
1.909228165432589108e+00
1.930977970375272745e+00
2.053087582064895056e+00
1.815203697259034854e+00
1.713150663765582227e+00
1.848965541116964095e+00
1.878345966554048285e+00
1.815132863624239645e+00
1.961956256315878999e+00
1.720880789741127570e+00
1.924179838170258838e+00
2.130321029957895185e+00
2.039327076256308491e+00
1.953410808841457902e+00
1.650929112072959226e+00
1.637923914453886409e+00
1.771374144259699746e+00
1.641216393201956558e+00
1.658416716495038301e+00
1.568668916968006810e+00
1.882246344720029940e+00
1.837255393804086534e+00
1.886393457479831781e+00
1.793999003741655551e+00
1.761472236496967936e+00
1.664552369124456366e+00
1.746165238210463988e+00
1.816661859540565027e+00
1.911901477848844122e+00
1.753362062605109184e+00
1.819324346762384970e+00
1.912251874637684201e+00
2.025424455690572501e+00
2.263520738881780847e+00
2.170927963341637845e+00
2.035240650108482985e+00
2.001026021934570132e+00
1.884966717459602314e+00
1.865772970495729766e+00
1.900292064480637366e+00
1.739427246217839285e+00
1.760843264396739993e+00
1.671919010096995839e+00
1.671933141586974036e+00
1.657817003202481931e+00
1.774711395785443901e+00
1.715237579273949597e+00
1.859671209830575878e+00
1.912209080490243185e+00
1.832829118910945132e+00
1.813507452993006641e+00
1.812843008465494510e+00
1.802479018959143753e+00
2.088611942893801920e+00
2.059962937718965215e+00
2.040730070764265491e+00
