1.780077045007081082e+00
1.801797836650692819e+00
1.954451291332702567e+00
1.768783314966550613e+00
1.767296853479529917e+00
1.984375615510861834e+00
1.808634647470897638e+00
2.104276670182732012e+00
1.817974386939289921e+00
1.877538144682527665e+00
1.998920148346614578e+00
1.890155030166483563e+00
2.031761513783495676e+00
1.980795200421724633e+00
1.801296457042161681e+00
1.857065188625353969e+00
2.017927340112865675e+00
1.934960101732387194e+00
1.830266946734394828e+00
1.895371590500706249e+00
1.994739608620543558e+00
2.044285320585108590e+00
1.819067562209170763e+00
1.733896993951832499e+00
1.864870365358222593e+00
1.895841484882954342e+00
1.851073924753794397e+00
1.950766838199183839e+00
2.104590133290630494e+00
1.874933048365052590e+00
1.887170294418842875e+00
2.146624884195436511e+00
2.038755368172024074e+00
1.823533489757734660e+00
1.764137445872283383e+00
1.802529519201554686e+00
2.170219158438458251e+00
1.920339076058355632e+00
2.148808749888632352e+00
2.012874548037735245e+00
1.934028942329556022e+00
2.049909197896316204e+00
2.092081925915073803e+00
1.957591813759341548e+00
1.951170239677619600e+00
1.932979676952506942e+00
2.202880577075025492e+00
1.898594447103818084e+00
2.000129148231251541e+00
2.073455109960206322e+00
2.029835977192480989e+00
2.170052815538800584e+00
1.998154187100189105e+00
2.053992761323184979e+00
1.786556188844974136e+00
1.745722957702614320e+00
1.742983594078990617e+00
1.786369513297460854e+00
1.756712957731271230e+00
1.681301029330765084e+00
2.048124543752328108e+00
2.035797075300104009e+00
1.828707296842026597e+00
1.978916278069736467e+00
1.711278596925320139e+00
1.829230545261134599e+00
1.911335489642797647e+00
2.001116941514976322e+00
2.150724731998322703e+00
2.107163144895909834e+00
2.188513640908174462e+00
2.343390126018025210e+00
2.156582908360756612e+00
1.781704163655045248e+00
2.000119461530691201e+00
1.828765051559951837e+00
1.950118471227339834e+00
1.915021824496674574e+00
2.021808336509905324e+00
2.113807413853742379e+00
1.920454839074267728e+00
2.138230461734909493e+00
1.899935243812546082e+00
1.764872606347195338e+00
1.756520550979801865e+00
1.809302127406780425e+00
2.014103351084453042e+00
1.891937272526685421e+00
1.904453729772253245e+00
2.065559328001581818e+00
1.972136336788189004e+00
1.972186961167206265e+00
2.129605960228011075e+00
1.997302680256267227e+00
2.103758650824902432e+00
2.265759077914178299e+00
2.124203631032530293e+00
1.987564779374979329e+00
2.028429552249430223e+00
1.802821938238041044e+00
1.776351229763891704e+00
1.720789092366442397e+00
1.811288830916018888e+00
1.739089244334213191e+00
1.845419592485391336e+00
1.758632375519241009e+00
2.029237645691039926e+00
1.777491784662974084e+00
1.777002083816963562e+00
1.902808416744859787e+00
1.964646663294777218e+00
1.923809655988725442e+00
1.844380430531556758e+00
2.044420336028159202e+00
2.068530453885839560e+00
1.846337891075741533e+00
1.881487863009155159e+00
1.964913326856009279e+00
1.831224685910606054e+00
1.901893433415468460e+00
1.813783356189229368e+00
1.888273359627488546e+00
2.027450129734192696e+00
1.802744655725999623e+00
1.920095282767076306e+00
2.045595092521626857e+00
1.752828815792524031e+00
1.897809117123629097e+00
1.875665010785714903e+00
1.839101341907200204e+00
1.954202548935486616e+00
1.890783147942839859e+00
2.009744425346229324e+00
1.787711808145614700e+00
1.984753136030503518e+00
2.015985615533279596e+00
1.851348760988730913e+00
1.907379372927690886e+00
1.837164917857842639e+00
2.041243929650552236e+00
1.970725905147030943e+00
1.993956478642683328e+00
2.056502483964825156e+00
1.992837506109641943e+00
1.981350012118383574e+00
2.064898328984952514e+00
2.078805414316233779e+00
2.006182061322383969e+00
1.877878084983479523e+00
2.003108579927617150e+00
2.036418865898423913e+00
1.759803231557144354e+00
1.917607117701801034e+00
1.836098519886158797e+00
2.055318968736807861e+00
2.181638290008153902e+00
2.004237958527212982e+00
2.129877575152340885e+00
1.836007096116358595e+00
1.876992443457307536e+00
1.774935264207823105e+00
1.794420257199434543e+00
1.772038513310212338e+00
1.686897352619584733e+00
2.057114304537212224e+00
2.026762505640359535e+00
2.105960701699593596e+00
2.007231275132463022e+00
1.851647695032455854e+00
1.774781187089379264e+00
1.844544827391918718e+00
1.864174465885491960e+00
2.086886885414583670e+00
1.952339082429518147e+00
2.019117067292934387e+00
2.175735910077131852e+00
2.228020003019209661e+00
2.377383644056485501e+00
2.223860340459264950e+00
2.126541740538073544e+00
2.135074890813465576e+00
2.094023966989200680e+00
2.029256325813952433e+00
2.160500317687843896e+00
1.830026154586220200e+00
1.845687114443020693e+00
1.796091317914334740e+00
1.861746294569015525e+00
1.824945993554617507e+00
1.916441775180861562e+00
1.757889168633057775e+00
1.854374155529802559e+00
2.143327511281535980e+00
1.904204643831877375e+00
1.985996460992215829e+00
1.916113999183894911e+00
1.923767285752602474e+00
2.244964618084812624e+00
2.257870883792400640e+00
2.214886728015168949e+00
