1.870779093638178514e+00
1.875517617707670226e+00
1.986149795203485668e+00
1.803739732406130614e+00
1.782970470368415938e+00
2.135387693881609650e+00
1.826025233380460522e+00
2.071454060127074559e+00
1.768231053747522541e+00
1.884408615365793738e+00
2.049419540373681237e+00
1.780001291246244843e+00
1.931836019265736004e+00
2.047730940229723906e+00
1.998823569845564307e+00
2.172819694794849710e+00
2.175813826479567670e+00
2.083310674809530916e+00
2.032815298440047602e+00
2.020000207892004518e+00
2.173412375249564210e+00
2.230116852663396099e+00
1.853933952677923491e+00
1.866696988456622908e+00
1.983299375808329268e+00
2.106876345570450226e+00
2.015413156387166005e+00
2.156301515435190108e+00
2.128450201962860611e+00
1.999161380972233948e+00
1.915733694282501620e+00
2.150835873853025770e+00
2.169245209022396370e+00
1.922340371996898112e+00
1.884946805255551139e+00
2.017200204752600090e+00
2.335031675528194128e+00
2.128572520146154723e+00
2.216088457397804135e+00
2.167110499417377323e+00
2.246239667723105793e+00
2.201399286886854600e+00
2.214510234639572417e+00
2.154118404395989561e+00
2.071474962272901621e+00
2.160148753517781461e+00
2.239114507645774133e+00
2.008522376519746633e+00
2.162254503123720362e+00
2.230978419936722634e+00
2.086386932483180523e+00
2.241139208689414186e+00
1.984875335950668784e+00
2.282765387165557325e+00
1.890594194378657278e+00
1.854362131326535712e+00
1.717813158635941750e+00
1.765112784504893950e+00
1.872142156851688055e+00
1.797979907542048617e+00
2.113622892630968142e+00
2.171471818428613254e+00
2.038063079451621906e+00
2.049277619624317204e+00
1.821750557598551090e+00
2.014798242918733440e+00
1.977103475501780228e+00
2.076965689210273247e+00
2.149758104656682711e+00
2.187357157009190978e+00
2.279943365488463769e+00
2.365587321013681077e+00
2.318702828156633977e+00
1.880160178934933590e+00
1.960436897161935477e+00
1.937428161908229640e+00
2.013958314193655230e+00
2.104338721864956518e+00
2.046305833214474568e+00
2.109645342457229233e+00
2.053817679260094398e+00
2.121765140215199352e+00
1.947026142262336279e+00
1.866678027966320208e+00
1.885946103643539207e+00
1.970373387959685196e+00
2.155072567683889773e+00
1.972541023955267203e+00
1.970134277712611626e+00
2.089998316198621975e+00
2.055685013138807804e+00
2.136637795919456906e+00
2.258442904300164145e+00
2.113343437088592403e+00
2.217125729012944024e+00
2.198802612790677458e+00
2.080087076653848843e+00
1.979643469168107961e+00
2.110694815974705207e+00
1.787568935239121970e+00
1.848419478408701577e+00
1.882433796723196995e+00
1.889228636957453578e+00
1.728379460836066750e+00
2.035735333681155890e+00
1.831653622230727585e+00
1.975746294726121288e+00
1.897603592739334433e+00
1.711279268644067431e+00
1.947286149932273336e+00
2.028583578013701150e+00
1.955593474599804704e+00
1.722259464498380632e+00
1.962517927359968883e+00
2.115470320995481046e+00
2.020180808072824963e+00
1.924503099782286286e+00
2.046064489323088154e+00
2.077225343494792487e+00
1.981150274373981501e+00
1.942075574968657792e+00
2.003997008990832551e+00
2.089702226334907209e+00
1.924814284622801797e+00
2.165578137321813035e+00
2.075610099232926942e+00
1.841426970967769527e+00
2.040107421462201476e+00
2.088157980818956538e+00
2.052115878150395201e+00
2.136441785200406063e+00
1.986781741995701900e+00
2.108959664919453303e+00
1.929807091738712455e+00
2.045443966277030512e+00
2.087957578404932679e+00
1.971944643110988160e+00
1.967694118746349918e+00
1.791767462993534288e+00
2.267481226496341318e+00
2.067302658158730821e+00
2.169671099133278158e+00
2.264477436141951294e+00
2.106102731876743572e+00
2.159600867437064142e+00
2.116696167039022303e+00
2.224249099387779260e+00
1.980321873058842330e+00
1.960661305989870984e+00
2.170328268470402389e+00
2.124307530534291555e+00
1.944173889988649151e+00
2.175580493223615353e+00
1.925303200159563799e+00
2.163290343006009309e+00
2.173533915508648828e+00
2.033975527946886963e+00
2.229894126551906552e+00
1.928411761487535792e+00
1.922934582018717586e+00
1.910133968418190831e+00
1.859533313558140222e+00
1.832954449655473939e+00
1.984922672493346640e+00
2.162442287124977103e+00
2.080006930719129787e+00
2.111901179707813103e+00
2.010051840901857734e+00
1.979285907433857572e+00
1.924456084707017123e+00
1.944425421931665898e+00
2.007210568979851839e+00
2.186554818429581992e+00
1.986016561710959527e+00
2.041998529967192777e+00
2.311041761745612266e+00
2.193290031909580051e+00
2.295574071840789987e+00
2.317177770383736402e+00
2.042352343617038990e+00
2.200850935809433029e+00
2.107073876323072525e+00
2.002759478353294487e+00
2.083202234226477323e+00
1.868736793991111034e+00
1.910636655240612880e+00
1.892174628382694124e+00
1.900567928104481386e+00
1.842228295468915755e+00
2.072019285090391794e+00
1.922141519495700113e+00
1.960957250248696493e+00
2.019123733334247550e+00
1.999406259602892533e+00
2.037210619722900073e+00
2.095003442435581675e+00
2.042469558187533174e+00
2.191217724592475768e+00
2.160788819708105546e+00
2.239711122190405135e+00
