1.648697049009301807e+00
1.603461275312425105e+00
1.492068627417089788e+00
1.590257203247524176e+00
1.528668104202170364e+00
1.528049634595322503e+00
1.728325429285786585e+00
1.782614407012172553e+00
1.611825472291701145e+00
1.627273231773312068e+00
1.663617692286856409e+00
1.692517530278988103e+00
1.717480480298069878e+00
1.735293572655713046e+00
1.885290077033467737e+00
1.701232849451010498e+00
1.612887079243142896e+00
1.906347804529821222e+00
1.541395344088066111e+00
1.916098089608946120e+00
1.830630569793862072e+00
1.845042863315780934e+00
1.866110557627999489e+00
1.690951469166780408e+00
1.775681111694721759e+00
1.839441734339045675e+00
1.704895825236009577e+00
1.874146376362416211e+00
1.810481756074426629e+00
1.928325789060840512e+00
1.723138401712921652e+00
1.691262954049560507e+00
1.630757619614825460e+00
1.722350077628296727e+00
1.719385008058143871e+00
1.895458162924811729e+00
1.856214882462012827e+00
1.562443319995526769e+00
1.563080659720047283e+00
1.617033305213974481e+00
1.866138085647598865e+00
1.643031107168456684e+00
1.742240291585806844e+00
1.723177054940745689e+00
1.734885945689883080e+00
1.912016503851788007e+00
1.702863388244947762e+00
1.780048410556033023e+00
1.830043446701691501e+00
1.832125137475915100e+00
1.662113508479584167e+00
1.565530066434670964e+00
1.682677060736610386e+00
1.596564235572983881e+00
1.547604820509898893e+00
1.647756286110291235e+00
1.727912087558007848e+00
1.705636917062928637e+00
1.650018274152611486e+00
1.669132513229670822e+00
1.650434347069470675e+00
1.590684874663613302e+00
1.659325809859400369e+00
1.687758800546195204e+00
1.675557450087267863e+00
1.857167758204267605e+00
1.711305542670438884e+00
1.626019788292525803e+00
1.693871082854954357e+00
1.917844165874376117e+00
1.912546255354418134e+00
1.835841159508025067e+00
1.846592675552769736e+00
1.469804412584868381e+00
1.643874766434600065e+00
1.903233693458509235e+00
1.832464523705621851e+00
1.910987332340406297e+00
1.760009307141848112e+00
1.784491266952954458e+00
1.686187561358075016e+00
1.618036848882375534e+00
1.779472621504036178e+00
1.707371453454261223e+00
1.740946414572261514e+00
1.814184404752311908e+00
1.894282759078856015e+00
1.925347650843016512e+00
1.946354964965994139e+00
1.447824178600247258e+00
1.723198417277634231e+00
1.557950086787358801e+00
1.505200090903143773e+00
1.734141441457930366e+00
1.744339313166749061e+00
1.805759723099599867e+00
1.892236353140847926e+00
1.804542427665897453e+00
1.879624271715141015e+00
1.947636055693698243e+00
