1.931448753432091880e+00
2.029547248057992803e+00
2.055250966258319156e+00
2.027128471855047298e+00
2.022346187829453967e+00
2.012713804575563259e+00
2.131731775717883082e+00
2.271764173091625150e+00
1.994611572795414567e+00
2.244133135091396891e+00
1.996217447969618419e+00
1.903103654990421889e+00
2.032097483573832353e+00
2.108699942583384779e+00
1.925852314487576988e+00
2.016555443382224588e+00
2.369423961032923742e+00
2.045759686177540004e+00
2.206834087515374687e+00
1.934410878480886664e+00
2.062165107370409700e+00
2.104404936647645830e+00
2.465530414659629077e+00
2.334264931756853123e+00
2.019968457781638804e+00
2.273956286257444503e+00
2.132183810915440070e+00
2.124265285886450805e+00
2.458626520612972932e+00
2.151136494046730796e+00
2.330664217820547890e+00
2.387781080593036620e+00
2.173033547677924560e+00
2.223564757725453589e+00
2.456583904677101859e+00
2.392270109747310691e+00
2.351339033297193737e+00
2.310186550001167127e+00
2.418431282359446044e+00
2.099982036970283072e+00
2.099282030082621819e+00
2.347260011802358548e+00
2.203408949293500285e+00
2.387257102353717908e+00
2.186645065443993285e+00
2.457071425130542774e+00
2.253986191050609378e+00
2.488160838228535621e+00
2.099643460405383077e+00
2.253739553814486207e+00
2.497928971026139422e+00
2.369658361687484227e+00
2.233073634788196316e+00
2.253940806501891991e+00
2.230456188968006792e+00
2.217490655369075636e+00
2.282635373670764967e+00
2.171187464275309065e+00
2.257189097936731503e+00
2.279451189443957748e+00
2.324288788608247280e+00
2.063826888732378517e+00
2.425260269646166922e+00
2.183575393358081040e+00
2.269798501821678194e+00
2.322661080160612457e+00
2.118176247178273020e+00
2.312837741614413911e+00
2.293454872615299678e+00
2.346731726825333819e+00
2.400073253562537534e+00
2.227387665657669213e+00
2.476235148365495409e+00
2.262057327974181131e+00
2.329193916782726248e+00
2.266791912429599876e+00
2.312092284549561949e+00
2.334763910090483119e+00
2.444869112996967075e+00
2.299331233626678017e+00
2.348154681418792578e+00
2.411422277998539254e+00
2.355660619664670996e+00
2.398123046439419426e+00
2.264256826076312734e+00
2.168552213152393549e+00
1.944306734447345697e+00
2.156065140769387600e+00
2.402894688753614005e+00
2.244685996091789981e+00
2.577617943139465240e+00
2.247845044516632029e+00
2.162934990282780134e+00
2.427443557082295200e+00
2.244888362531482162e+00
2.211102415937748589e+00
2.395072715609647407e+00
2.431059793984450046e+00
2.218895707709252374e+00
2.316398352712463193e+00
2.170334508639427007e+00
2.305102813704373865e+00
2.565947545536387153e+00
2.539051045457743960e+00
2.418757130170524849e+00
2.361790464245129950e+00
2.487573748680771413e+00
2.425894502453231905e+00
2.466273036203304070e+00
2.484130743606187242e+00
2.478966319134584317e+00
2.529577583959411680e+00
2.369535215235278436e+00
2.432014532812616814e+00
2.223148161289541846e+00
2.345686807149514053e+00
2.116183016529698868e+00
1.980124652848993749e+00
2.470946782366529870e+00
2.324244230213106110e+00
2.618259285565170291e+00
2.546801588093145163e+00
2.411237862669265208e+00
2.453316223203379387e+00
2.504138791191436120e+00
2.406166320645673817e+00
2.549620087206268870e+00
2.371461778692674383e+00
2.544107887168318705e+00
2.562759197912747755e+00
2.479780579244553973e+00
2.464371565223772986e+00
2.517098162815062601e+00
2.513662132463396759e+00
2.334287343015614358e+00
2.503113611435063390e+00
2.432774085582007473e+00
2.465910136490592208e+00
2.226404892133330815e+00
2.134473016607777218e+00
2.154652875868450668e+00
2.135273329229872896e+00
2.211191481143691462e+00
2.162359192390098439e+00
1.884352180038703528e+00
1.876786594224428617e+00
1.828260490432735530e+00
1.826565225356856503e+00
2.006724558411804082e+00
1.940158037574517547e+00
1.994970427583156791e+00
1.964161578981233447e+00
1.837698013993678714e+00
2.108997704101581050e+00
2.222979674942316297e+00
2.228444255719024270e+00
2.427880420818497864e+00
2.138764784932022600e+00
2.209629916954782836e+00
2.131702574374027215e+00
2.047399093464436604e+00
2.426165179411547523e+00
2.184578179268042764e+00
2.503747332509859369e+00
2.510468819246146843e+00
2.052876563068232851e+00
2.221200276332167878e+00
2.245533601573909355e+00
2.478651663761403778e+00
2.366401558226050028e+00
2.548217454469367205e+00
2.477288148657597500e+00
2.518333449183185024e+00
2.542340995300236717e+00
2.542896828148946575e+00
2.333228376022980388e+00
2.543720539200886144e+00
2.536992913089437085e+00
2.518455256639175133e+00
2.650532710501880107e+00
2.635722980747186472e+00
2.610494793482418530e+00
2.514131404616073429e+00
2.551752282410106432e+00
2.548355015567509430e+00
1.998539349999530534e+00
2.187021585980176042e+00
2.083588958091059151e+00
1.991302729362085744e+00
2.231320174766104003e+00
1.928667482835462854e+00
2.125605302432441501e+00
2.220283278793560910e+00
1.993385270785875019e+00
2.060443668176711984e+00
2.033229686565863226e+00
2.164379094534622183e+00
2.425189902164300193e+00
2.331030034298031239e+00
2.333692989546360508e+00
2.527319261821940000e+00
2.352509686599010053e+00
2.400292153818434304e+00
2.367336608736864800e+00
2.258868755048148103e+00
2.266839229593270222e+00
2.222774878712734381e+00
2.043247725103926715e+00
2.196675324838152754e+00
2.202229822170804319e+00
2.156430642365759986e+00
2.258934835067342384e+00
2.249161262435673603e+00
2.104202582083966266e+00
2.220465731813966670e+00
2.357327517682510365e+00
2.383866746272568449e+00
2.201179493366999029e+00
2.197801430980093063e+00
2.572714199801146684e+00
2.417337295544902176e+00
2.341965633386654755e+00
2.543810892185093930e+00
2.306977974436433598e+00
2.380197148561421283e+00
2.396058401703762275e+00
2.465721226694213897e+00
2.437297279520344251e+00
2.603359350679649076e+00
2.453670035058892918e+00
2.606267227401620978e+00
2.541773063201467231e+00
2.481989300022693357e+00
2.534304706899769055e+00
2.593126680110033000e+00
2.556076553168353360e+00
2.375411258218574684e+00
2.588192624029264977e+00
2.478029509196234326e+00
2.503359179893443365e+00
2.634441243953264511e+00
2.442861072852926974e+00
2.516919702535600045e+00
2.527576979167005966e+00
2.582804495986127602e+00
2.509365617742750576e+00
2.510274352399120001e+00
2.533459558072732154e+00
1.959073633397153902e+00
2.300077761450682434e+00
1.951861201645904043e+00
2.046710185566982254e+00
2.244895407764972095e+00
2.091668458818551901e+00
2.199630208294673483e+00
2.070767285295914029e+00
2.007599064623860396e+00
2.258967312206153100e+00
2.145245851181735386e+00
2.088732393277303423e+00
1.925872246084358697e+00
1.954225108830086599e+00
2.228659049889214039e+00
2.025293634131874576e+00
2.059544403916610200e+00
2.455088046197682949e+00
1.926828760062314405e+00
2.162303439241548997e+00
2.097340513509369231e+00
2.533015559207611123e+00
1.973222369120271935e+00
2.081516533428307891e+00
2.205492392317389250e+00
2.415268954343968044e+00
2.070029056308348547e+00
2.220900544922541187e+00
2.253786842037315719e+00
2.057845464463758045e+00
2.108084427240053405e+00
2.152651489218985414e+00
2.072609345336688946e+00
2.464088718555954571e+00
2.078103163028743872e+00
2.210183525070894106e+00
2.279998837001063983e+00
2.049121238691892444e+00
2.079011319794398016e+00
2.053852600922669414e+00
2.262979855331365808e+00
2.342260691257909144e+00
2.455417892493950927e+00
2.364018298898290737e+00
2.195827534463279829e+00
2.214555950390091787e+00
2.351428341286810220e+00
2.448114225170693548e+00
2.309934683449924364e+00
2.127423752530200662e+00
2.191665570384290884e+00
2.097967134513278431e+00
2.166618137080984496e+00
2.051182136548740154e+00
1.922216733099887609e+00
2.201109308462589453e+00
2.119650415976944924e+00
2.436792437598812811e+00
2.079319603349353063e+00
2.476638831955652709e+00
2.244156554999847231e+00
2.048749675793830161e+00
2.473271752306533511e+00
2.084463605909908424e+00
2.416324418237416172e+00
2.102103312111133882e+00
2.312307493596602370e+00
2.162090361065313271e+00
2.269127711718428753e+00
2.311652742937162497e+00
2.219919936848152364e+00
2.329087005144229838e+00
2.337401251760681475e+00
2.349395900366296530e+00
2.278297825178743796e+00
2.330584400181627824e+00
2.425800876831777142e+00
2.217815884885204092e+00
2.203364230918966271e+00
2.299050493130817774e+00
2.366260535165160217e+00
2.367562084591127824e+00
2.308777173258328652e+00
2.302656908790133627e+00
2.191279542725528717e+00
2.246976978689683602e+00
2.093968372539018574e+00
2.219819158860609321e+00
2.127798613524184645e+00
2.176572781506067145e+00
2.287125866510988814e+00
2.198077461639514230e+00
2.595678119222044611e+00
2.282525121486394859e+00
2.158619023800711911e+00
2.288844731632544871e+00
2.524084386893857612e+00
2.524982597666340478e+00
2.658617659809856981e+00
2.327256573836530951e+00
2.600288797863906431e+00
2.367921200261599690e+00
2.345672654740087015e+00
2.332829689821056096e+00
2.313867937915936590e+00
2.411645498513258712e+00
2.327037219045437144e+00
2.363428227116551650e+00
2.298990880579215634e+00
2.517445837497124472e+00
2.395219566690646396e+00
2.503792726076779829e+00
2.424477742975027716e+00
2.392421409519104980e+00
2.433778918099804400e+00
2.292563195039304613e+00
2.392892462971909495e+00
2.058661311504391911e+00
2.238926008978191273e+00
2.335292189924867312e+00
2.300699235964606348e+00
2.292750010776170466e+00
2.265266587954158695e+00
2.279685168745711366e+00
2.236905743370887212e+00
2.271634797395433836e+00
2.319775691355939973e+00
2.496866158994473839e+00
2.429071757321932701e+00
2.371845639799673666e+00
2.372352634400910265e+00
2.476464905978242204e+00
2.414457016830260816e+00
2.495224691320801824e+00
2.423962618577976347e+00
2.446809657840269381e+00
2.594344500066680492e+00
2.524122532115353312e+00
2.260908379858636241e+00
2.516010179275753433e+00
2.286315525090059086e+00
2.354386716366160481e+00
2.356245210907567333e+00
2.524542758870603532e+00
2.336816531538505881e+00
2.269085729392697370e+00
2.514286192709486834e+00
2.434681621462804646e+00
2.565782700825212537e+00
2.166501598606041412e+00
2.202163442618259026e+00
2.116791327234633258e+00
2.213595044559546032e+00
2.255717822510467041e+00
2.318675202057748574e+00
2.177736860422569531e+00
1.952322222954046671e+00
1.970669429098359737e+00
1.966035366284976327e+00
1.903646912553560888e+00
1.919796884448874197e+00
1.991359897937565515e+00
1.982667244371863147e+00
1.984492023991494491e+00
2.291079121283420950e+00
1.887937029926697541e+00
2.193773282898717536e+00
2.106210666646405549e+00
2.098846993282774687e+00
2.237085433538445578e+00
2.185961550941801335e+00
2.286972631278461510e+00
2.107716105799072981e+00
2.166078888012861636e+00
2.342429130932893955e+00
2.158245224093012116e+00
2.218139439999514462e+00
2.256265738042287250e+00
2.314112515928129277e+00
2.303706814580180673e+00
2.498647279308067848e+00
2.420196622701364930e+00
2.414497993052028058e+00
2.334583041166986117e+00
2.412604651717584314e+00
2.437575169538718889e+00
2.480286074214887115e+00
2.375496355924742620e+00
2.481610155887734592e+00
2.566671026905625208e+00
2.514049870119670516e+00
2.482828604634338188e+00
2.470251622048275308e+00
2.549572603089942824e+00
2.516813843815828733e+00
2.443014121632964830e+00
2.311163760558808011e+00
2.371425733470532204e+00
2.659834260313505006e+00
2.600721413671333249e+00
2.451719675463243764e+00
2.476947664119364845e+00
2.500071029862894534e+00
2.492038003017150061e+00
2.082785712023135449e+00
2.589555865923629963e+00
2.146115409275865638e+00
2.537708712934261257e+00
2.513754759196334732e+00
2.204093137469262498e+00
2.293446605598891352e+00
2.227809577206194547e+00
1.919433745800287028e+00
2.076046572038041660e+00
1.953293851139965120e+00
2.122731039814317988e+00
2.162185541890544016e+00
2.062003608121925069e+00
2.102580609757617403e+00
2.050370670251548955e+00
2.015228948108415796e+00
2.087356823758542923e+00
2.192718329588805304e+00
2.058477030407428021e+00
2.225273181898088204e+00
2.398436435214403417e+00
2.239276659845846229e+00
2.346424825288513372e+00
2.234383658275280737e+00
2.271999607670513122e+00
2.428185484589450827e+00
2.311795951200075194e+00
2.505180283365929572e+00
2.281537051592042342e+00
2.392591386157254085e+00
2.473861859265089169e+00
2.443443387804968392e+00
2.484602099513199214e+00
2.466362669436793720e+00
2.446639541282224606e+00
2.544666221907097459e+00
2.561892166054850151e+00
2.577314482798011674e+00
2.685861960077054356e+00
2.408696180195219139e+00
2.354758941143245021e+00
2.353051979298252938e+00
2.383864489772948403e+00
2.336475359501010818e+00
2.366122132803745615e+00
2.303883253260137209e+00
2.296271676331684386e+00
