2.213694069710855583e+00
2.104433360250977714e+00
2.300498956910897785e+00
2.075413697500290588e+00
2.227220311714582568e+00
2.084295125212586086e+00
2.096073834178472595e+00
2.437254515065310656e+00
2.172079209830424240e+00
2.053430950380548570e+00
2.008199359812189222e+00
1.920612169308472561e+00
2.111099381306669187e+00
2.213765092868416051e+00
2.113815850494209947e+00
2.134138345337129206e+00
2.272972265196222974e+00
1.965256720753783659e+00
2.409793265586122502e+00
1.916925508076693374e+00
1.969578354477692361e+00
2.061970838480129853e+00
2.537958124568064910e+00
2.456007268101118246e+00
2.035581533178831393e+00
2.348563951741202249e+00
2.134877042641818878e+00
2.013652694936966192e+00
2.471768162441646766e+00
2.025901390613768172e+00
2.277097972681459748e+00
2.464255509741631656e+00
2.078016504194827530e+00
2.123685053433501668e+00
2.465429732472042890e+00
2.602479342650772853e+00
2.519994477738164651e+00
2.516553051981365030e+00
2.555309743928454669e+00
2.107258600414538385e+00
2.211283271655795080e+00
2.288586483082169387e+00
2.228657825771247936e+00
2.397438767702131823e+00
2.106860737574772102e+00
2.372474953025863087e+00
2.322583559602461101e+00
2.289236241093237645e+00
2.222924656127765797e+00
2.207720421794244547e+00
2.361768267952313316e+00
2.283197631189632482e+00
2.173020481837392381e+00
2.246248968865657503e+00
2.095078446340997491e+00
2.182960630924716483e+00
2.406234516586852390e+00
2.121759505970354009e+00
2.147583526925152420e+00
2.131913068717654625e+00
2.503587275984757721e+00
2.003933476878355435e+00
2.131763081848467412e+00
2.137923615705031644e+00
2.338411239358602955e+00
2.466924101234692746e+00
2.178893767196202980e+00
2.139279898288878101e+00
2.261557574671109183e+00
2.381857287479074881e+00
2.303165835338091050e+00
2.432470283151225487e+00
2.497186128790870097e+00
2.232996252738157050e+00
2.414174064140392151e+00
2.336981604657289768e+00
2.143580742649021875e+00
2.284930722730480479e+00
2.447690358516374509e+00
2.285827263852532543e+00
2.378960024504509274e+00
2.297692553928810000e+00
2.159103174288011129e+00
2.216871178321673241e+00
2.141708989023395571e+00
2.067398318638693944e+00
2.223963586061799447e+00
2.456431894465202603e+00
2.516341597386090978e+00
2.434878755864552602e+00
2.540999120987256443e+00
2.278117228987949439e+00
2.219018597253770153e+00
2.059384305995087594e+00
2.168272170083726635e+00
2.378592487528693677e+00
2.484301148943235837e+00
2.533791348258037424e+00
2.325340685329892132e+00
2.189997600313964732e+00
2.354111918246358126e+00
2.474225138094517273e+00
2.644077995179813900e+00
2.645223619421218419e+00
2.496259689748224542e+00
2.492765301091206531e+00
2.546446416863414886e+00
2.540215447946170713e+00
2.521894692732444820e+00
2.495737464422804752e+00
2.579124965378933432e+00
2.270579546541742211e+00
2.210968992947466738e+00
2.293259906484765853e+00
2.188682112390284651e+00
2.237714889122320638e+00
2.291902717406985701e+00
1.941983828597094730e+00
2.562202231511539807e+00
2.277657603409374953e+00
2.626580059602091843e+00
2.444367329315520365e+00
2.511606768490304287e+00
2.470783575900676432e+00
2.555900348785375087e+00
2.386708729907226711e+00
2.541381979596136098e+00
2.360759777812548865e+00
2.544007081469749743e+00
2.457424072417440541e+00
2.365322646474309121e+00
2.451607219042386099e+00
2.626892593169473322e+00
2.436371126861990088e+00
2.320681536443183646e+00
2.562022849568230232e+00
2.519914632962018342e+00
2.594720524963934238e+00
2.265799715827353733e+00
2.218732735201859096e+00
2.182521191848309172e+00
2.212374866956413832e+00
2.131204961109339102e+00
2.350729999870355691e+00
2.165835382916134311e+00
2.123298866473873669e+00
2.112166734790474010e+00
2.155571209207914674e+00
2.293330655535674723e+00
2.333399061632191351e+00
2.220158620568157382e+00
2.132704160997409559e+00
2.078884269694263320e+00
2.334944317230289279e+00
2.481363029269086251e+00
2.321490005705485249e+00
2.448992970853852480e+00
2.231940167087929527e+00
2.511043707003122627e+00
2.418569139540468704e+00
2.239573710792166050e+00
2.457095444969694231e+00
2.470038557298954274e+00
2.561800758318858673e+00
2.516632441560188393e+00
2.303664895030538950e+00
2.423610368309209839e+00
2.363586524717189441e+00
2.383599813697417247e+00
2.428155903086633316e+00
2.495606013605717877e+00
2.337069884211712356e+00
2.401644472471924363e+00
2.373582965803200384e+00
2.406979996049352533e+00
2.405166689296780458e+00
2.560147894077045017e+00
2.633229571809412306e+00
2.616482669006119810e+00
2.542384722613563408e+00
2.537978197898204336e+00
2.537646832001225317e+00
2.434061310181484750e+00
2.523299677681161146e+00
2.537982389370087244e+00
2.164761045614361556e+00
2.396416900788197246e+00
2.362824555163999030e+00
1.963944423539929041e+00
2.157305096371533448e+00
2.107098645369667622e+00
2.318411999456695405e+00
2.122375262547314900e+00
2.127327290641246815e+00
2.303037128282123369e+00
2.157945012984274324e+00
2.133569895217067636e+00
2.250975211445328306e+00
2.509279551184392609e+00
2.312462583063475741e+00
2.276500800434490657e+00
2.584226510223500473e+00
2.368535786188441961e+00
2.373839303618230367e+00
2.472825022697086705e+00
2.477022891142107941e+00
2.283807818037354664e+00
2.163139559065213824e+00
2.249669278219482038e+00
2.326619016275891294e+00
2.261905898627506240e+00
2.245784722263933553e+00
2.322717719413458060e+00
2.365258857359882949e+00
2.361332226587967487e+00
2.502630421520402493e+00
2.413198758357455898e+00
2.325994751532402205e+00
2.362694840601874624e+00
2.629629591633283692e+00
2.483992767767521315e+00
2.456387323709554593e+00
2.540795371660002022e+00
2.422747375838722128e+00
2.381907019390601121e+00
2.376200108242468634e+00
2.474160732387712169e+00
2.373632104922391850e+00
2.428948156858590224e+00
2.458713305585932485e+00
2.504190363569265720e+00
2.549110686209337118e+00
2.484333582944096008e+00
2.490847726875216939e+00
2.565622265091784815e+00
2.594390642966772464e+00
2.409943336779039935e+00
2.628324182776951901e+00
2.464709175605519498e+00
2.418504961617465643e+00
2.710828185617096597e+00
2.437887523679670210e+00
2.488843228650200690e+00
2.381581412711693879e+00
2.330038593836387228e+00
2.395783312562062228e+00
2.555656073509508630e+00
2.535777759547944932e+00
2.233791856963384781e+00
2.154481138128328421e+00
2.147296760447539921e+00
2.242026292093291850e+00
2.282121479548476994e+00
2.181176392605054026e+00
2.147382725171409934e+00
2.180915655784444240e+00
2.164299654626917313e+00
2.169520200345445904e+00
2.209072338180730011e+00
2.086050648727559853e+00
2.067950589427185459e+00
2.099720124907170415e+00
2.347603912329525588e+00
2.123218430602936468e+00
2.076063446796765799e+00
2.305736855319451273e+00
2.006482948308182745e+00
2.238345549921598732e+00
2.099131630250210989e+00
2.497707852069000811e+00
2.106484901540953469e+00
2.098319120071747701e+00
2.419485323191355786e+00
2.300494759007777112e+00
2.124975045618752389e+00
2.308632460624006288e+00
2.439885789380428438e+00
2.165362256252329143e+00
2.318171161499094968e+00
2.279533563011222785e+00
2.160201595058464097e+00
2.384583562740233642e+00
2.486404494538670296e+00
2.501850969840516914e+00
2.562595718395469291e+00
2.078030789808460010e+00
2.146954290778860575e+00
2.239876042465762218e+00
2.250588698468248605e+00
2.377729615241074512e+00
2.336677625297078897e+00
2.337945767900801108e+00
2.255093853467851961e+00
2.344867956624244965e+00
2.321641611391864757e+00
2.358245837651842702e+00
2.301744824038619353e+00
2.186787282223185080e+00
2.176473098115301763e+00
2.270268654277671772e+00
2.209345129460223323e+00
2.195279109501010684e+00
2.198138978426397383e+00
2.293826052230482748e+00
2.180608307888215247e+00
2.487867404117682479e+00
2.113571768132193274e+00
2.222470240504463401e+00
2.340007450748172513e+00
2.086339623427597711e+00
2.475034378271250279e+00
2.092016272496696416e+00
2.385208632978379040e+00
2.196373320100168058e+00
2.297255133339447308e+00
2.244418815370397446e+00
2.157606005300795271e+00
2.362202636665390099e+00
2.222090950189339331e+00
2.406068363562969381e+00
2.217402798898239435e+00
2.568115909125478602e+00
2.277457575259960176e+00
2.332662780991233920e+00
2.440921320125210237e+00
2.079276102394733705e+00
2.319125182361556625e+00
2.387073335831805476e+00
2.486636239303043006e+00
2.203822661956969409e+00
2.172438152447423221e+00
2.187889804911140157e+00
2.142527157397078330e+00
2.029514161774077952e+00
2.314839694605848930e+00
2.360246064394280641e+00
2.470730165803635359e+00
2.185947381256610367e+00
2.575474520790247190e+00
2.202594777924828495e+00
2.526948920650351926e+00
2.370326300334105962e+00
2.205085321909399543e+00
2.129102726955728997e+00
2.327605965616535766e+00
2.338320700297145560e+00
2.437650127343774287e+00
2.517875665178423983e+00
2.379638770091463407e+00
2.606631698310442058e+00
2.203998203728873229e+00
2.311645565795592994e+00
2.415767870505302728e+00
2.488783518554571028e+00
2.495644348158680081e+00
2.463427152025564393e+00
2.553453602464233807e+00
2.536401903196649155e+00
2.499522989886080460e+00
2.505781039274881383e+00
2.460585384341291260e+00
2.464682982393698207e+00
2.444230002973139637e+00
2.337603039638810110e+00
2.409008364485212716e+00
2.229499437751327307e+00
2.099400249083592573e+00
2.287768768293273247e+00
2.219725451888959533e+00
2.424456438963670468e+00
2.207661145124056201e+00
2.268278075150058193e+00
2.363460467630027040e+00
2.487809069362369563e+00
2.489861545766221429e+00
2.515042410062329203e+00
2.593928704167625110e+00
2.413022448918336949e+00
2.511246142559479200e+00
2.422889314283548590e+00
2.405582268530989332e+00
2.478962979568327896e+00
2.373247676827764163e+00
2.410334910875953529e+00
2.570037670199724733e+00
2.485878089762592946e+00
2.363619095422968996e+00
2.592933367846725456e+00
2.392389069316867012e+00
2.568772026220349058e+00
2.367128553427269910e+00
2.588452901786971516e+00
2.487874999304781287e+00
2.297026340215890361e+00
2.529552493460942575e+00
2.537406447379794816e+00
2.543300810780762866e+00
2.146507182725303053e+00
2.172561405815730762e+00
2.132700498817465373e+00
2.244005040332201162e+00
2.127604691384207491e+00
2.289384444880956160e+00
2.292569722774564500e+00
2.226454277176187269e+00
2.233475272974111636e+00
2.140432776928490100e+00
2.134045155382613856e+00
2.234070161896176465e+00
2.262416158049673776e+00
2.235804113591826070e+00
2.234972829415874607e+00
2.387053584083291380e+00
1.930091096946372042e+00
2.424917527887661350e+00
2.408298482526336937e+00
2.456396154421749856e+00
2.336404401526504859e+00
2.237853540230509974e+00
2.470487027455138929e+00
2.339692416255133356e+00
2.282222999604501368e+00
2.338610460398735214e+00
2.273857786906420042e+00
2.396688102562956058e+00
2.441016898468455931e+00
2.330657759751411096e+00
2.386429065606520794e+00
2.570744388515232348e+00
2.538874475077552706e+00
2.480393221507134260e+00
2.437600701845720863e+00
2.589419024201125463e+00
2.425753024105943734e+00
2.611375416389059900e+00
2.498882052924937369e+00
2.457696311174736969e+00
2.447649100183807658e+00
2.529127902733403044e+00
2.438889181748445711e+00
2.503661892446018555e+00
2.500656943097292917e+00
2.518203870266551014e+00
2.445617502534247922e+00
2.535471632369640904e+00
2.545658497456244618e+00
2.657674338457177932e+00
2.630807137865357692e+00
2.441079400536266597e+00
2.469323759072823421e+00
2.513175786930943012e+00
2.567811610905729403e+00
2.116669273156643882e+00
2.288333686071370554e+00
2.155085626214030992e+00
2.177975784524915692e+00
2.221461512301294849e+00
2.208572454108718830e+00
2.378857476968047724e+00
2.388864497493860206e+00
2.166370364362410150e+00
2.345595859822202645e+00
1.989045234687362829e+00
2.313044320188124559e+00
2.345882357134310592e+00
2.201971460913939804e+00
2.228490359705651791e+00
2.268529057571122554e+00
2.159206328961729149e+00
2.179954845486259174e+00
2.234555221589337837e+00
2.185493865948173298e+00
2.343744839975622885e+00
2.455508732386800563e+00
2.133340308242218430e+00
2.320808783259731278e+00
2.315955203045350075e+00
2.419139214144071737e+00
2.485626423791733597e+00
2.436097161122232624e+00
2.473851555560770521e+00
2.442449274020527916e+00
2.530192685761254001e+00
2.536085338666615563e+00
2.457399425279221283e+00
2.548073947255764971e+00
2.584312329532184815e+00
2.461628725908016957e+00
2.592400631831216717e+00
2.616189731510758953e+00
2.567447503536600006e+00
2.683053659367471422e+00
2.510353558475565627e+00
2.446436955780718403e+00
2.530692276975665678e+00
2.585168473090199814e+00
2.525589445960220392e+00
2.514771327172221405e+00
2.645924208574050862e+00
2.481338666714561825e+00
