1.620720825231619422e+00
1.678418526467429839e+00
1.788628122804032605e+00
1.533657583016589721e+00
1.633826688711212727e+00
1.695217664784146372e+00
1.636266507050199603e+00
1.805513694290033611e+00
1.660571716103407036e+00
1.730069290547405103e+00
1.770950043302998989e+00
1.670241236449510946e+00
1.783794078090699120e+00
1.785656121348732084e+00
1.711430723194992343e+00
1.731487867077160958e+00
1.754567486236656038e+00
1.701338072306228355e+00
1.659074459278937930e+00
1.668168148744469281e+00
1.647530878594156922e+00
1.648644262806821637e+00
1.607986729947552096e+00
1.605975644433588423e+00
1.630463575367676832e+00
1.628415973273797279e+00
1.589888768050167434e+00
1.672389903809900824e+00
1.627454971864956690e+00
1.570663735140950257e+00
1.733562777358913509e+00
1.796619921837091738e+00
1.791044220367945528e+00
1.632817021221184772e+00
1.651191181842499356e+00
1.614695122489561596e+00
1.745209020172260761e+00
1.672478313712379316e+00
1.642487153262615074e+00
1.644998358832643115e+00
1.641602873542299834e+00
1.615167585366103609e+00
1.657016195003599091e+00
1.751872151495779351e+00
1.679446953984221391e+00
1.674397518737761992e+00
1.807954419151116543e+00
1.720736916585527077e+00
1.712726175292856201e+00
1.697759631808724246e+00
1.634248487460106869e+00
1.674157870186256947e+00
1.643970138399889258e+00
1.702046203355634058e+00
1.474068673179756539e+00
1.541669976973948586e+00
1.620194438965249839e+00
1.645719157973089652e+00
1.598683144394316136e+00
1.625517856542050055e+00
1.671784756796989679e+00
1.745078756180854729e+00
1.665095498731755663e+00
1.686691819045178731e+00
1.505594916448203868e+00
1.559776497985193577e+00
1.579963787595680902e+00
1.609887507143754615e+00
1.644010884826515584e+00
1.647540323255492600e+00
1.666962612449176540e+00
1.781294669836024358e+00
1.754970487978525062e+00
1.630433943873982550e+00
1.666676989135651654e+00
1.716562755633215476e+00
1.717840025742102261e+00
1.779365759395743263e+00
1.775853188360002166e+00
1.821931470169027900e+00
1.700961515585098116e+00
1.772228303414748574e+00
1.598830766355040733e+00
1.617858606023012680e+00
1.586227999504496777e+00
1.612778442052476224e+00
1.670189753139175837e+00
1.666223633375844893e+00
1.651984675797238289e+00
1.792021309955723840e+00
1.661521927127738829e+00
1.689123751315887434e+00
1.640135853249476083e+00
1.598229466703837476e+00
1.730383757777684828e+00
1.761234841424048403e+00
1.779457063273646833e+00
1.655222354827340814e+00
1.601322953377898317e+00
1.706406530821321432e+00
1.672709492146045918e+00
1.662415928915680352e+00
1.692476121325322325e+00
1.598268220258796557e+00
1.756975687394418006e+00
1.622892117726420613e+00
1.679957344410042852e+00
1.638624233006258146e+00
1.688928329559375774e+00
1.606148342390318673e+00
1.771307630091178975e+00
1.717954125687269906e+00
1.782070902554168113e+00
1.735206877468390196e+00
1.840532083451962286e+00
1.623678903400993523e+00
1.666159899897414975e+00
1.663145196499995926e+00
1.643367885463053346e+00
1.642565356421336942e+00
1.640560392137881518e+00
1.647818686868471660e+00
1.616312910282833748e+00
1.633199632168021109e+00
1.625348516282403066e+00
1.565168331069547225e+00
1.573676201496238880e+00
1.668065662718240194e+00
1.622829019725103405e+00
1.602228857735376932e+00
1.617794604711219719e+00
1.549425858191455951e+00
1.588241864788398017e+00
1.561398487931886958e+00
1.762245747670806439e+00
1.857629987292323648e+00
1.718507906783192318e+00
1.731562325984161710e+00
1.700505678604385951e+00
1.773836286142701724e+00
1.736825117165037957e+00
1.799585698442514925e+00
1.690006539538863262e+00
1.690080742023217120e+00
1.596778879884979574e+00
1.613445977585919122e+00
1.645746019471321153e+00
1.691227453732957686e+00
1.679033688515110034e+00
1.760173146767779473e+00
1.639823541091161241e+00
1.690304092332731489e+00
1.685592364386590214e+00
1.533786971540108013e+00
1.635007074790344683e+00
1.657330963727309259e+00
1.621451696917614260e+00
1.619072092264739915e+00
1.467881247625901997e+00
1.494759538767829632e+00
1.451998840881204567e+00
1.592989934202173608e+00
1.633293126623517333e+00
1.590660039639721246e+00
1.748654045755825059e+00
1.716706594985202949e+00
1.783250084320215478e+00
1.729912058784732976e+00
1.628554653649089801e+00
1.464862072357844935e+00
1.483583322160502593e+00
1.513805254610214979e+00
1.586177528411722326e+00
1.495593009627915970e+00
1.508376176573685834e+00
1.594756934388919190e+00
1.640070802470045441e+00
1.718353955484435369e+00
1.815795735033950642e+00
1.639679830383035330e+00
1.621808244665054133e+00
1.837922243153588209e+00
1.768828790917591709e+00
1.770364301581492494e+00
1.612825138579104589e+00
1.704943722886757440e+00
1.645620278994296193e+00
1.698294255603235214e+00
1.658371993484922147e+00
1.555053071173664536e+00
1.579127542595887945e+00
1.572422294302040724e+00
1.813747030610387556e+00
1.531046810116847734e+00
1.598170321385248727e+00
1.511234943865116920e+00
1.548377938948609867e+00
1.702207429071858735e+00
1.698284800487898760e+00
1.635305952688792530e+00
