1.788836233586789559e+00
1.775543387549610053e+00
1.941505743215645730e+00
1.694457426296999136e+00
1.738122168789307587e+00
2.015445798098132624e+00
1.758488599493762905e+00
1.989114127878852223e+00
1.742815009948799565e+00
1.852265194167665774e+00
2.011247650755030314e+00
1.858147675300585222e+00
1.962356474677886542e+00
2.008639460663199650e+00
1.824879635788446475e+00
1.985301821222458685e+00
2.064852598231176284e+00
1.976090287302477266e+00
1.900406401686311586e+00
1.913937893127846790e+00
2.093918330126333327e+00
2.034164963760063394e+00
1.869440250621720034e+00
1.901374805406005120e+00
1.949412011232112274e+00
2.031858161868452584e+00
1.985265379020622500e+00
2.108752405029810983e+00
2.107267498544796336e+00
1.979505111295779107e+00
1.865128528650655149e+00
2.010192827927071768e+00
2.061279820070228475e+00
1.891686986199135445e+00
1.852060346564794013e+00
1.837388896544348338e+00
2.129937060921709868e+00
1.957677044045414982e+00
2.177991951197567833e+00
2.128113060500480547e+00
2.132818948371132173e+00
2.108574349168577999e+00
2.029829190763032365e+00
1.988740511850934922e+00
1.987038653073628147e+00
1.973998886246888684e+00
2.245295949080920561e+00
1.976635640938857907e+00
2.050899686402342326e+00
2.089249796416487115e+00
2.055681282102313379e+00
2.110369576726111696e+00
2.023327616166983756e+00
2.163753089740375835e+00
1.851375290276210617e+00
1.815177253476016217e+00
1.738347813118738650e+00
1.752833872924514313e+00
1.880095686846905423e+00
1.746240030771863738e+00
2.041888804212716568e+00
2.048114570472193030e+00
1.892287896164520644e+00
1.972968427465660035e+00
1.755851034190317739e+00
1.869256790918177646e+00
1.973025491672611320e+00
1.947063830942769691e+00
2.168352505927811702e+00
2.165446462429910124e+00
2.116764790302753330e+00
2.323593312380184184e+00
2.330337904823699180e+00
1.851994864910460725e+00
1.933906123690619205e+00
1.808892805415457161e+00
1.866401516062600630e+00
1.960458647201103854e+00
1.972600953717046357e+00
2.094206406965839928e+00
1.912929112937526988e+00
2.102693904601399044e+00
1.952301728778130130e+00
1.862065326824825062e+00
1.840814148413276063e+00
1.893686142763253200e+00
2.075019816697415642e+00
2.039376891062030683e+00
1.968778263820515129e+00
2.146733218438344526e+00
2.044669435199048646e+00
2.066499001528402157e+00
2.189108705385520270e+00
2.047900845978629203e+00
2.239861040933802006e+00
2.199746064448369065e+00
2.096887440455203144e+00
2.030873580993496130e+00
2.046853168108396570e+00
1.868861897124308280e+00
1.814633896785268652e+00
1.881346136797629187e+00
1.841149590706246952e+00
1.771865924156587280e+00
1.901578834991264788e+00
1.785750333634887443e+00
2.067979967889522541e+00
1.783631244963339579e+00
1.786368328707127251e+00
1.888564055937867137e+00
1.971692928876624729e+00
1.881576329297845351e+00
1.791904770360823518e+00
2.010009763906864588e+00
1.985026101150700661e+00
1.822231564676875193e+00
1.897771682638654811e+00
2.012508091457793746e+00
1.915138470304306395e+00
1.970155503166083566e+00
1.906334334167617550e+00
1.962159825025134863e+00
1.972246005375902556e+00
1.844567495178503380e+00
1.913658363508209614e+00
2.094733986964464556e+00
1.777950051916225904e+00
1.919768924252281295e+00
1.952949800337260733e+00
1.947425512177496376e+00
2.053324707374417191e+00
1.943136565580218633e+00
2.080066703994149613e+00
1.909514830546032549e+00
1.951765234384796655e+00
1.948026892046209158e+00
1.966259747305102890e+00
1.929353450190079977e+00
1.883606089025833707e+00
1.997153559799143885e+00
1.858238257762408141e+00
1.959473830423480445e+00
2.133687660881920856e+00
2.039385823063057490e+00
2.068555738001969235e+00
2.105739616308095918e+00
2.123386613003469314e+00
1.925192061650589315e+00
1.847619052533586270e+00
2.058398337542530321e+00
2.110539816543408165e+00
1.904243506398078489e+00
1.996959224469314398e+00
1.899643495301392759e+00
2.147949654047849766e+00
2.047271935979378732e+00
2.026816465907930187e+00
2.185531761385443694e+00
1.893366648957642617e+00
1.891061482107413427e+00
1.902471049383268165e+00
1.880068712538671472e+00
1.837472534985712835e+00
1.811793187519077586e+00
2.053487092376440337e+00
1.976181497440480994e+00
1.940206562347218444e+00
1.977545037192720345e+00
1.944744428201458319e+00
1.854293519354631714e+00
1.905911451145704927e+00
1.923128912778717003e+00
2.076697511510119831e+00
1.954830729612007767e+00
1.935383347017769928e+00
2.186687344956280477e+00
2.134070834079227819e+00
2.351698344502590299e+00
2.323936884569678174e+00
2.031384894437110233e+00
2.110085221164726299e+00
2.054672948685566602e+00
2.017578833700552021e+00
2.052216711478328293e+00
1.883482330347872269e+00
1.939894956250327152e+00
1.800064841518159042e+00
1.776864366703800657e+00
1.791340862977852666e+00
2.042286478460393351e+00
1.880679676741663142e+00
1.933025074641713248e+00
2.024792643394610181e+00
1.994778561481468149e+00
2.091987038649486763e+00
2.099154172865423718e+00
2.113455150729773191e+00
2.259404577866000352e+00
2.258938145438487588e+00
2.173647193897890961e+00
