1.611869583556385876e+00
1.670547812719589409e+00
1.685270594987588355e+00
1.626269521054511058e+00
1.539019565794207622e+00
1.616078719670449804e+00
1.724294519997676467e+00
1.584648824958829527e+00
1.478942803976518006e+00
1.994828304215768400e+00
1.672709370288185449e+00
1.837371412886415811e+00
1.480646489250608377e+00
1.466716601700335243e+00
1.567670165000951688e+00
1.738160103841379867e+00
1.662335688284888313e+00
1.664397451894129354e+00
1.656548032230044987e+00
1.732542109919839257e+00
1.741755434506084388e+00
1.994218219113396806e+00
1.595943035123047249e+00
1.675081998566922747e+00
1.890162352134189483e+00
1.831771474959870138e+00
1.776295004507260744e+00
1.831236661769047869e+00
1.966536707479606516e+00
1.817358227119103553e+00
1.704257533163156424e+00
1.731358417277031769e+00
1.410011967500156116e+00
1.622112651874326739e+00
1.681118182585376930e+00
1.463891457482323188e+00
1.397520266017461266e+00
1.503356250327271715e+00
1.774179975665861164e+00
1.737425911958689673e+00
1.698096949258628197e+00
1.703085491598411938e+00
1.773412181167629553e+00
1.796975821354344749e+00
1.591426655430300485e+00
1.520355717904670279e+00
1.820305258462790787e+00
1.931437519277577897e+00
1.751999246873783500e+00
1.793591281709580709e+00
1.530195448380544887e+00
1.906241986662522425e+00
1.922504773411506607e+00
1.934923863359374385e+00
1.544617724919414847e+00
1.610713716848438226e+00
1.487923973554514223e+00
1.565056208300637408e+00
1.486677330580255640e+00
1.526613881352595792e+00
1.468501453856514649e+00
1.566853300236886737e+00
1.414183447455055864e+00
1.638857061151566707e+00
1.456279737115095285e+00
1.455509855365909155e+00
1.442530727193253037e+00
1.526477760157635588e+00
1.779653285300937471e+00
1.663621550586966702e+00
1.912656157220739006e+00
2.060770779188477064e+00
1.976507593197932122e+00
1.549289474041930958e+00
1.580321266125490176e+00
1.598457101415789783e+00
1.675042082914777852e+00
1.681546113219855920e+00
1.973202049443723904e+00
1.930838812206565835e+00
1.613331746035071790e+00
1.669041243753794035e+00
1.892657367062905438e+00
1.655516427237807786e+00
1.774528411693482521e+00
1.482914316070840899e+00
1.726059493721131100e+00
1.668684709194101945e+00
1.641820875185981077e+00
1.784010230582364853e+00
1.636541934082665239e+00
1.736056837963919186e+00
1.528549499837767556e+00
1.629757011251854459e+00
1.818507846050131382e+00
1.956031666604806540e+00
1.972543415139742518e+00
1.858837070112884238e+00
1.838916198746244124e+00
1.623386826361025825e+00
1.891097617776999140e+00
1.866890293062193118e+00
1.886334660604851443e+00
1.748340008904625043e+00
1.927466403955804264e+00
1.817878403680534438e+00
1.982222685242270188e+00
1.814763729653839253e+00
1.796185862082412266e+00
2.057232630565072995e+00
2.006200876322196791e+00
1.823318050808040436e+00
1.837671179208302030e+00
1.888037740583663693e+00
2.041383884019444928e+00
1.684470007303371597e+00
1.723914521345529360e+00
1.913280146328490083e+00
1.934491541008169779e+00
1.814620593297902928e+00
1.813045054269027956e+00
1.825033063014146695e+00
1.964780396372319160e+00
1.693196309648061559e+00
1.772434587294446251e+00
1.945031379421258144e+00
1.751696148561765254e+00
1.869182851097898057e+00
1.824837441829232576e+00
1.730220632392361679e+00
1.872860936516775432e+00
1.721373388487068556e+00
1.887118259689711142e+00
1.760989194964973859e+00
2.007778793364427550e+00
2.076937342237229256e+00
1.848463242068281831e+00
1.854871586863746868e+00
1.909106757463920667e+00
1.724857501395058668e+00
1.832766917787367333e+00
1.675485216261743071e+00
1.712302737872702707e+00
1.658751301850932336e+00
1.814525434370135359e+00
1.925512712424258366e+00
1.901818459095257152e+00
2.051747345388397648e+00
1.811841544009053395e+00
1.863222929655093729e+00
1.830998681915132043e+00
1.875225384836689102e+00
1.881630265860453344e+00
1.759469077917145130e+00
1.942579556415442665e+00
2.025312035295165902e+00
2.076271916943848606e+00
1.935968209287140640e+00
1.705637567617886763e+00
1.804808934263845144e+00
1.691355710629466769e+00
1.779632191290390297e+00
1.825479123400928216e+00
1.732036460385721011e+00
1.746634350308460704e+00
1.862462691041087304e+00
1.831274144847377716e+00
1.948109544031036755e+00
1.848220905438521910e+00
1.670161896217210895e+00
1.694965164762047172e+00
1.735692397518742158e+00
1.823581652095417782e+00
1.731591584911952753e+00
1.788164221176399948e+00
1.907311729427204616e+00
2.016133113544735789e+00
2.103618170775964913e+00
2.048992916544484011e+00
1.917926884982468660e+00
2.039687251204814533e+00
2.004333373844958466e+00
1.892974289551017320e+00
1.765452562472495490e+00
1.785717669033305643e+00
1.869272853582864879e+00
1.750355001209413786e+00
1.867878124055198930e+00
1.897649224211633623e+00
1.795867256871648276e+00
1.740579507260942904e+00
1.743196019886722903e+00
1.787364718477323589e+00
1.817089767199213446e+00
1.912926552570675121e+00
1.913162763229147467e+00
1.965614940248248566e+00
2.169172145249905981e+00
2.153000432044873236e+00
1.988307396244093805e+00
