1.818723965048276492e+00
1.870447787635465264e+00
1.924249327455922698e+00
1.757858924229295461e+00
1.796624138054947695e+00
1.941180875337454426e+00
1.814647276215393346e+00
1.984376730334121541e+00
1.773430911948551181e+00
1.828780705912511628e+00
1.986771654057342351e+00
1.815948063898912501e+00
1.958243739250624449e+00
2.041332902965256935e+00
1.673471547300430462e+00
1.942023068793210960e+00
2.020142529558179412e+00
1.924051210965307845e+00
1.780927954574746286e+00
1.847173612862993419e+00
2.005473297546062739e+00
2.065051265001669023e+00
1.684101009518961689e+00
1.704446834357953300e+00
1.866848479827189822e+00
1.949328974508983237e+00
1.838967529215826735e+00
2.067357705315986838e+00
2.043575000208279757e+00
1.834352377927204625e+00
1.890280573568143829e+00
1.994233788121286821e+00
2.065619821707156856e+00
1.710353923225948591e+00
1.731832483591091432e+00
1.813302478542279106e+00
2.166400411729224817e+00
1.981554579058157683e+00
2.281012899786923231e+00
2.066708877493765861e+00
2.113300505276059393e+00
2.194644807386972651e+00
2.023474882766836735e+00
1.959512294425365120e+00
1.832891546058603049e+00
1.898818514937830715e+00
2.240018947500411528e+00
1.940604010486595810e+00
2.022747791539639461e+00
2.064895911160226749e+00
2.000443405916269235e+00
2.204434630208980117e+00
2.046099548485257991e+00
2.174561542734762654e+00
1.809385986095074506e+00
1.890710333454255432e+00
1.760761411294986090e+00
1.779975476887922126e+00
1.834947467310914071e+00
1.755495706175486115e+00
2.038158234018744075e+00
2.138342687049836766e+00
1.806049090169337124e+00
1.920272428473331461e+00
1.747571570741080160e+00
1.879840858983077512e+00
1.985556121937101848e+00
2.013941090149261814e+00
2.123549389570118073e+00
2.174848379637083440e+00
2.261669804005406625e+00
2.321995112627658120e+00
2.157664972206796428e+00
1.817650502216850095e+00
1.814810400774300225e+00
1.715076002821122048e+00
1.791007543116747813e+00
1.857079533080298273e+00
1.814544770729452861e+00
2.114975551513768703e+00
1.858381745101222116e+00
2.040667257722279526e+00
1.869296988440278140e+00
1.841358096103336450e+00
1.875001314400485342e+00
1.911863769413296055e+00
2.066061571682338727e+00
1.993259684810477328e+00
2.015467250779768627e+00
2.130537608139384975e+00
2.060262323232691095e+00
2.112008265725451750e+00
1.979206317761938783e+00
2.069791488436072413e+00
2.209874841735291806e+00
2.202258956919489918e+00
2.099699864546726857e+00
1.960301852452499993e+00
2.147230796480798620e+00
1.889540652864023951e+00
1.858001343568282282e+00
1.905862263749556362e+00
1.854029173183642243e+00
1.759579800349092116e+00
1.962771407928463274e+00
1.785015232726364420e+00
1.931516423195998922e+00
1.797138921167083181e+00
1.760757832272090484e+00
1.830854238940886836e+00
1.988062726447910489e+00
1.895868717067805909e+00
1.809173764779698601e+00
2.075941339992263490e+00
2.150362746187924223e+00
1.917268299349604410e+00
1.809804277187027299e+00
1.966794265921568696e+00
1.817695816536153197e+00
1.840307154443467041e+00
1.749538714598483535e+00
1.856890890304070174e+00
1.949598250408717481e+00
1.787524417133121268e+00
1.870288019512376554e+00
1.988676548110831277e+00
1.725633244148480294e+00
1.841452281001639379e+00
1.980455173912593514e+00
1.780292985354752000e+00
2.040164140827159578e+00
1.866958013039655029e+00
1.965692162285578304e+00
1.766520907028300780e+00
1.955224596197024267e+00
1.889785616402377855e+00
1.835098167541270531e+00
1.864588986167159401e+00
1.758016446799193888e+00
2.248137582672573576e+00
1.873062193937373276e+00
2.153067024470273871e+00
2.197983092430377372e+00
2.080797955136490351e+00
2.089114800159990626e+00
2.136648325924086933e+00
2.125092764080007246e+00
1.689898227660283414e+00
1.792371837671110191e+00
1.891071105409306563e+00
2.051491794781690636e+00
1.937564653742504195e+00
2.030826249223552704e+00
1.916947615442676112e+00
2.144430941434962712e+00
2.127557595331910800e+00
2.042400760294437401e+00
2.202031824471084587e+00
1.887810664734292043e+00
1.892080635379319142e+00
1.900906299618533746e+00
1.838669730183283502e+00
1.744438710770237932e+00
1.777192887016910916e+00
2.034855051262045134e+00
2.036204034038006760e+00
2.004378985301798366e+00
1.858377737308393174e+00
1.910193250718760227e+00
1.874537171415415981e+00
1.972948796516550196e+00
1.978500305084712307e+00
2.113028789447065403e+00
2.000063534249490793e+00
1.957010817138516101e+00
2.182542079557447057e+00
2.199432009384590270e+00
2.281291229130945730e+00
2.280881160210785907e+00
2.046103880225302873e+00
2.200979484579114853e+00
1.992246975992691738e+00
1.741517842028210916e+00
2.022099818150880246e+00
1.817013726324079093e+00
1.917034844366987123e+00
1.720171401348187024e+00
1.705830028805138010e+00
1.661083744902525083e+00
2.051308894356663082e+00
1.875154085860955222e+00
2.011171008637681723e+00
2.048777752598572199e+00
2.090110447381125613e+00
2.150971243561129675e+00
2.002257841448306763e+00
2.081360205149049403e+00
2.205664392701763621e+00
2.239296404972801913e+00
2.182885776650655529e+00
