2.156373736037897615e+00
2.139451070601795735e+00
2.269401283501847111e+00
2.258636084576299385e+00
2.118157556768324845e+00
2.191146813787289371e+00
2.058433972296580095e+00
2.281111695706336207e+00
2.068835443013729236e+00
2.027058033901558254e+00
2.030828135319390881e+00
2.012716718305881614e+00
2.079933811814040023e+00
2.170667912889048701e+00
2.046404394308595887e+00
2.046083437248031878e+00
2.298129631257078032e+00
1.964724602877655713e+00
2.275685485401491182e+00
1.945911820141833060e+00
2.063653106206821519e+00
2.049896004700605623e+00
2.442602398352013093e+00
2.469344635841553171e+00
2.030874450781662954e+00
2.259364594655775882e+00
2.058034209067595821e+00
2.142871205181251515e+00
2.318186664781433315e+00
2.102806415812231489e+00
2.156193390999210813e+00
2.432533144478789655e+00
2.174430702405387272e+00
2.074643209842727654e+00
2.298280469655579417e+00
2.378069449533282143e+00
2.420160471218257392e+00
2.503096630931376687e+00
2.440173426764156162e+00
1.884935291101394350e+00
1.914050099225337975e+00
2.132378916049384454e+00
1.888140153806133092e+00
2.222248389344055219e+00
1.970462310221060331e+00
2.054747505636667970e+00
2.077518981285647381e+00
1.999025180160242776e+00
2.015476826135561339e+00
1.951560198145224190e+00
2.052014390211942096e+00
2.023147495718638833e+00
2.005663265910011539e+00
1.962921316565331198e+00
1.992635283161074078e+00
1.972235090298098070e+00
1.954359743042540565e+00
1.860704610419579463e+00
1.957818899607509655e+00
1.855137253089641503e+00
2.131466393386531433e+00
1.865012242285482902e+00
1.859167212932277380e+00
1.870381426443612938e+00
2.015288499960980584e+00
2.463375051825578144e+00
2.064233287308464337e+00
1.858191267954752091e+00
2.223181285207910030e+00
2.153068344235008702e+00
2.306842175943666362e+00
2.291930913718586815e+00
2.519194142748171217e+00
1.990579183377779504e+00
2.144682543856698320e+00
2.144322573614461547e+00
2.172003646222182560e+00
2.067755533001278234e+00
2.363536696772538193e+00
2.067790462488950265e+00
2.265959522590953235e+00
2.138428308843038028e+00
2.131739790728591544e+00
2.230775302023578543e+00
2.064121969880962304e+00
2.109828989878223648e+00
2.180355824206686499e+00
2.291980878421449042e+00
2.212550730845125546e+00
2.277533432624649912e+00
2.369968844564236399e+00
2.016241608460231038e+00
2.054679230297267623e+00
1.974830923857012088e+00
1.932498404780518264e+00
2.079601978553208053e+00
1.960251490423717158e+00
2.411712741158619444e+00
1.983812775054767608e+00
1.987095436106566249e+00
2.169848401096145629e+00
2.243482830737792977e+00
2.399296490707488072e+00
2.501466304901092119e+00
2.510175103389863160e+00
2.131829635055480399e+00
2.140844607374039033e+00
2.250274201982329636e+00
2.400362590303586341e+00
2.003122208410331062e+00
2.678372011858215274e+00
2.126452579110117203e+00
2.177080452432427649e+00
2.252312957369141166e+00
2.044318326631004545e+00
2.260231354534105286e+00
2.129539535418302432e+00
1.912597297619831327e+00
2.261719532928168075e+00
2.019761050706052163e+00
2.540901024088744187e+00
2.208192075264151288e+00
2.002840913810387313e+00
2.119245361490831758e+00
1.769527591709786352e+00
1.927053716945200446e+00
1.919001570500253662e+00
2.051013102623338469e+00
2.361580540303899411e+00
2.361641733229882689e+00
2.232400599877500280e+00
2.247253357906537907e+00
2.383292958294830566e+00
2.335997824400582790e+00
2.322458451347637176e+00
2.509955016420785778e+00
2.325619582846782496e+00
2.507124136166288153e+00
2.126930290173284277e+00
2.112301922096014195e+00
2.137659550525954799e+00
2.061879048720306251e+00
2.109768957611242168e+00
2.266535176261260887e+00
2.112107446493125540e+00
2.177589557053624336e+00
1.821451882224245589e+00
2.084769208471250135e+00
2.059117832835157813e+00
2.191045269611866519e+00
2.058388754002914212e+00
1.764286451960184854e+00
1.889224921275826086e+00
2.014695069597347565e+00
2.249911837258295133e+00
2.357798163017022830e+00
2.447674753511231760e+00
2.018577894715525733e+00
2.076785495444239071e+00
2.000532257750057052e+00
1.938880149524000229e+00
1.993350750864584908e+00
2.240071046284878520e+00
1.880976054621277482e+00
2.267135867157181739e+00
2.055710939272932691e+00
2.093111362309524992e+00
2.060937567608464693e+00
1.841444862644388891e+00
2.121839309446539534e+00
2.248886694128350516e+00
2.318037569423149868e+00
2.577729865954439425e+00
2.436344690600755758e+00
2.029132077866621753e+00
2.220657742755064223e+00
2.569782328099054158e+00
2.456753967496731139e+00
2.412503221872539516e+00
2.535908226247666430e+00
2.646800983430965371e+00
2.557412154946336003e+00
2.392403068312255243e+00
2.347295500515900635e+00
2.308583533285817779e+00
2.082888993838198033e+00
2.282288793195728527e+00
2.299990600762347182e+00
1.942671181714435980e+00
2.142982583941994257e+00
1.981709941031029043e+00
2.198934523583254919e+00
2.094337524624321656e+00
1.958727717015944503e+00
2.194314190993350344e+00
2.040910997506975466e+00
2.093110092751752305e+00
2.064000796643874924e+00
2.216803737212245551e+00
2.160434458468606156e+00
2.115802941233347223e+00
2.442934102749364733e+00
2.140422713693841406e+00
2.262649824760389894e+00
2.274468661551008797e+00
2.209584089310743682e+00
2.113196993447087557e+00
1.865296800222357554e+00
1.997552638154441063e+00
1.870865847345577926e+00
2.203700068041936966e+00
2.297562516076520733e+00
1.841383959752889821e+00
2.126215100903940503e+00
1.805835500384261438e+00
1.868727650210651126e+00
2.452945175195816230e+00
2.246986279364822980e+00
2.236496573596732151e+00
1.872368034953072469e+00
2.363704081653057010e+00
2.365067945950162454e+00
2.433782880645062985e+00
2.289299585365617951e+00
2.092438309631949878e+00
2.202458587721886296e+00
2.359246876839008245e+00
1.909927213656497091e+00
1.910530018056554979e+00
2.157256036471902672e+00
2.094221165743597179e+00
1.981875623072486547e+00
1.800374943679674100e+00
2.038631622055330883e+00
2.250744652191775774e+00
2.468380030129959213e+00
2.486664286132053370e+00
2.590111301749173034e+00
2.403115749564153525e+00
2.333955097304978299e+00
2.763661870472440274e+00
2.326634629846405122e+00
2.239302796123307182e+00
2.283324439565695307e+00
2.244144782691356976e+00
2.266192714768654248e+00
2.263564792140717152e+00
2.356937871855128375e+00
1.809032133208637649e+00
2.272041498861503861e+00
2.095423992628286936e+00
2.282937781238147057e+00
2.180947004277544288e+00
2.239550447287285362e+00
2.205978017313628303e+00
2.192863764977328156e+00
2.128047062156771307e+00
2.150336200657527286e+00
2.283950033635567145e+00
2.066111415426381104e+00
2.074380085293890730e+00
2.127568359716876856e+00
2.351978546345370180e+00
2.046291093543978867e+00
1.977666548490294440e+00
2.168901413665108358e+00
1.997613940611362437e+00
2.177988474761135329e+00
2.079255421658873892e+00
2.599009270741656774e+00
2.101133949316761562e+00
2.066034721786203843e+00
2.391667112634378256e+00
2.372535214027509110e+00
2.088649574743412174e+00
2.248035665145376782e+00
2.445606894007619214e+00
2.170646437466508427e+00
2.308233672676394121e+00
2.248648559193662688e+00
2.270460431648612332e+00
2.314149499677235156e+00
2.480732597672823836e+00
2.543166379039817571e+00
2.490862135987292003e+00
2.012650648732778436e+00
2.031062096171520892e+00
2.085581900621347184e+00
2.234381205033893814e+00
2.389747021957793205e+00
2.383352844612200983e+00
2.336673431547387825e+00
2.128004452526665258e+00
2.136403504956276400e+00
2.295252595162352360e+00
2.282862751581259619e+00
2.281270353609098578e+00
2.212607804717905857e+00
2.078766603375970412e+00
2.166384580057215015e+00
2.171571433257791117e+00
2.166313276779165964e+00
2.065979600110589232e+00
2.095030389600887943e+00
2.074127170289246092e+00
2.289595407726334741e+00
2.128924850345216502e+00
2.090965594612986589e+00
2.282363481773205915e+00
2.140352037905447258e+00
2.407912093550621968e+00
2.033436797531853468e+00
2.340696503321200606e+00
2.207874722583646143e+00
2.314122174935306031e+00
2.233766312060034842e+00
2.098138766429464841e+00
2.415445895861727532e+00
2.118637392824910926e+00
2.359013394641326311e+00
2.195374294996025100e+00
2.368275238601404098e+00
2.266867159800872944e+00
2.217756228532782092e+00
2.386718510762554146e+00
2.051049661468606011e+00
2.310615805107714582e+00
2.355282001237422485e+00
2.465329329675024717e+00
2.194694704811658514e+00
2.133088416093530171e+00
2.201843576166421457e+00
2.216409986056848691e+00
2.123515505039897722e+00
2.316875483420333559e+00
2.387639196983462497e+00
2.470152370968529354e+00
2.344627531169831247e+00
2.483024650270555078e+00
2.202998427305020268e+00
2.299141547089323279e+00
2.416289688493164167e+00
2.234725265786456028e+00
2.119539687997167743e+00
2.088790153067483946e+00
2.305444891600737289e+00
2.133952172350648269e+00
2.429979854474714873e+00
2.248175987970625567e+00
2.554731585052843368e+00
2.078782227136170224e+00
2.151832222380810844e+00
2.244976111541940877e+00
2.293734454196650230e+00
2.306144258122423629e+00
2.499722951859605580e+00
2.404874922344407473e+00
2.464133590196790013e+00
2.453935289144691279e+00
2.574377315212930561e+00
2.480043803897148624e+00
2.383218358646798762e+00
2.386988468605243607e+00
2.356282932053703760e+00
2.437932077887195348e+00
2.343153237420064539e+00
2.053778929989114932e+00
2.354864824755097175e+00
2.196918691930048073e+00
2.320007242599275266e+00
2.220425743391406748e+00
2.293807706046569805e+00
2.376671854792752558e+00
2.355248862626383666e+00
2.425487276076878196e+00
2.529284009726866067e+00
2.606856846581365517e+00
2.285119468271971765e+00
2.198741719126362515e+00
2.470794319426109276e+00
2.467561078552232612e+00
2.541404447415550827e+00
2.419062454409421026e+00
2.360963392710333064e+00
2.510063744452255996e+00
2.358774259888563929e+00
2.295085150481225078e+00
2.487277625107151557e+00
2.238594619885014403e+00
2.244950371894252505e+00
2.233706139828068871e+00
2.522706997066059387e+00
2.212848748453555725e+00
2.216978824101612844e+00
2.543624924870203419e+00
2.489583885513773520e+00
2.599368466376504649e+00
2.025769695190041908e+00
2.076754598493119719e+00
2.070280287237127315e+00
2.192539209234142472e+00
2.026015439021548570e+00
2.126376670691872306e+00
2.262387811237327018e+00
2.133945056087343861e+00
2.055997970042170220e+00
1.915372102486023520e+00
2.053198328929101368e+00
2.093279109006064065e+00
2.169165192519785901e+00
2.006966849940773123e+00
2.160563071688386572e+00
2.042724053005902096e+00
2.005435731111885111e+00
2.325895315769550109e+00
2.304465325202088355e+00
2.358010821398060841e+00
2.295870125064429335e+00
2.137962709411573847e+00
2.318745019870626312e+00
2.255688358532158766e+00
2.461463828431230905e+00
2.362720034783754031e+00
2.113738430500807564e+00
2.351990273721217495e+00
2.364668599412727445e+00
2.217412520599608250e+00
2.292132197341561373e+00
2.454938962575894834e+00
2.344573833714200362e+00
2.402012314794694348e+00
2.331156082077705527e+00
2.525760981264621119e+00
2.380562915590969109e+00
2.496045382054944639e+00
2.301223339179294225e+00
2.379966886296970952e+00
2.461814472148083244e+00
2.526129112151723088e+00
2.437928945302624051e+00
2.523889605218492260e+00
2.624227800242864284e+00
2.538998466023958400e+00
2.357895109953254575e+00
2.519157282419439703e+00
2.427566177319540497e+00
2.711024806034280754e+00
2.650080330057078992e+00
2.476394684632077237e+00
2.477469736370868425e+00
2.397431179715188154e+00
2.445003861175479187e+00
2.288150579434838239e+00
2.287447008324783315e+00
2.412962486905224857e+00
2.192296925032208410e+00
2.454494851275886624e+00
2.450303991427623451e+00
2.444567756044486284e+00
2.423275374403531579e+00
2.125811962427468504e+00
2.267958274064468149e+00
2.071137346073004259e+00
2.169617839170346674e+00
2.301712356696689277e+00
2.085739327227051465e+00
2.231126698583690171e+00
2.096835419432644620e+00
2.153515226103118074e+00
2.087692914174635206e+00
2.222988422798267472e+00
2.063625390215841016e+00
2.280600379886783990e+00
2.260604399789937435e+00
2.097483961667454988e+00
2.250938543300121886e+00
2.255127566996205424e+00
2.361716891091348636e+00
2.430772339264928750e+00
2.338348818101278148e+00
2.386049574679492746e+00
2.351711362363980484e+00
2.468737185797156730e+00
2.430694402815760213e+00
2.396821887163851361e+00
2.462445993715648207e+00
2.307054888328611053e+00
2.325816691418666426e+00
2.555509595080247998e+00
2.586872091219329040e+00
2.518137366369310293e+00
2.591581670241103197e+00
2.332389692725727048e+00
2.314642759793289706e+00
2.298968490455345126e+00
2.146825015980089013e+00
2.144853606308301242e+00
2.336092866305353954e+00
2.201303040239654951e+00
2.236529287927875753e+00
