1.845106544860959596e+00
1.887354662698791818e+00
1.969564094823835321e+00
1.823670435272049417e+00
1.813837276137094001e+00
1.896309107087779777e+00
1.822619064508919973e+00
1.968926589537672855e+00
1.829832978817913292e+00
1.912798950483253435e+00
1.967121827261117506e+00
1.786309692897069423e+00
1.894296138111081662e+00
2.015892963665298687e+00
1.621293002228349822e+00
1.745625285283099126e+00
1.903606868600739688e+00
1.882586811219896461e+00
1.709647805433974765e+00
1.815791992184955461e+00
1.969720325744176437e+00
2.128575854531540301e+00
1.770436929163211159e+00
1.841835204651666613e+00
1.872845265183515906e+00
1.961762614398946614e+00
1.859305889704977233e+00
2.072214164172005102e+00
2.084271366859113517e+00
1.853165447614498085e+00
1.939803420844415927e+00
2.062305722880761749e+00
1.977467886400314567e+00
1.744477716927289368e+00
1.725529431470408381e+00
1.724908612462187740e+00
2.090778530285825720e+00
1.870433419476186243e+00
2.057655700219831463e+00
2.077709935022132193e+00
2.076799920306902969e+00
2.083820134625621989e+00
1.958614220396030170e+00
1.871390875397233033e+00
1.860620531704287428e+00
1.893871394999195434e+00
2.181289235887311939e+00
1.932550158764954062e+00
1.986425404130499839e+00
2.035950885972840574e+00
1.953240150168423783e+00
2.158458136211713452e+00
2.059943402804948143e+00
2.231148565009497098e+00
1.673208459698543260e+00
1.678545277859806006e+00
1.678599723181452674e+00
1.806065278643297134e+00
1.632582696985989124e+00
1.579549658530767786e+00
1.849011161297587913e+00
1.923240256637456680e+00
1.751652731694809617e+00
1.968219762867293721e+00
1.569195039874100361e+00
1.756913291119393428e+00
1.876209207960851222e+00
1.860712236039780310e+00
2.012825484543647736e+00
2.114356109721541532e+00
2.092829356054449086e+00
2.196538994586917148e+00
2.181973467727757576e+00
1.728438573364705189e+00
1.777678169631811134e+00
1.687097992180332851e+00
1.730401397753296600e+00
1.746602634951774036e+00
1.924488069068763796e+00
1.944054769725155341e+00
1.868858154561680029e+00
1.971454788996502172e+00
1.856494074225433444e+00
1.765512517879941790e+00
1.771984120107314098e+00
1.855076453157980199e+00
1.955432013581340778e+00
2.043842387611174871e+00
1.940075024031268747e+00
2.079650727026381318e+00
1.999214517897998089e+00
2.080248323028615953e+00
2.170677288624492718e+00
1.976652714056715832e+00
2.202379352823533587e+00
2.010744297423245897e+00
1.933786269790457091e+00
1.877268812567870704e+00
1.923421240833500745e+00
1.953098092427952404e+00
1.868008002598632311e+00
1.955742105444219892e+00
1.953952559542271983e+00
1.808769714244775839e+00
1.966383244486226811e+00
1.836583243060699422e+00
1.941870382552924434e+00
1.898735371904161084e+00
1.793467559285602864e+00
1.899607041684973074e+00
2.012408661075459015e+00
1.926874099178371047e+00
1.820716220613777248e+00
2.102751943017377556e+00
2.013410834114362835e+00
1.655396101688336286e+00
1.670184057802950761e+00
1.820679660750443629e+00
1.657506143785254071e+00
1.835340791458738741e+00
1.721760558969506860e+00
1.865832358110110167e+00
2.050641251567783208e+00
1.757468357662476333e+00
1.980972471583408501e+00
2.081235957450035645e+00
1.714149621399344792e+00
1.788737995648927992e+00
1.885191235899642326e+00
1.807432549004972744e+00
2.027072686870322826e+00
1.802343888782636849e+00
1.976401259398476551e+00
1.757232454594671811e+00
2.020064403754649796e+00
1.957304790024728458e+00
1.791759349829160408e+00
1.755057385213942611e+00
1.765193155732288188e+00
2.033972779823893795e+00
1.796260839526767183e+00
1.934659968399719210e+00
2.080945751121417331e+00
1.978748454674841062e+00
2.016341988957158993e+00
2.080570765032399461e+00
2.062705496257010829e+00
1.822270295269132312e+00
1.794990924721830750e+00
1.828420329019847745e+00
2.037948558124950349e+00
1.810533565937098910e+00
1.727680755171153937e+00
1.863673969270042363e+00
2.074657573620717788e+00
2.128251749832782203e+00
1.943443825915236678e+00
2.201310013429046197e+00
1.787064546330143333e+00
1.817847465405945551e+00
1.784939995735034479e+00
1.707629581294837218e+00
1.759088375856002306e+00
1.764083394330649091e+00
1.909485148476532279e+00
1.901643114680775515e+00
1.934958539304727720e+00
1.879459371878015927e+00
1.846496377283981971e+00
1.777828085491884647e+00
1.809408388685200375e+00
1.887694124165625764e+00
2.047855543617392637e+00
1.824109489210697932e+00
1.871489206321314880e+00
2.245425424563244565e+00
1.976002736910610125e+00
2.166642002673043521e+00
2.130890589358543696e+00
2.030180269424829653e+00
2.116159394929371995e+00
1.961418083561700554e+00
2.009176708677857803e+00
1.955485345221682936e+00
1.736479403702829050e+00
1.867586106077556041e+00
1.620924080512126109e+00
1.683364299136937747e+00
1.668821665513001484e+00
1.979673033597486809e+00
1.784129661439700643e+00
1.896902698877628746e+00
1.956232656899920208e+00
1.952949460703165219e+00
1.993625840308929753e+00
1.939831163152374582e+00
1.895673750430336035e+00
2.046462593051624257e+00
2.080141566012142285e+00
2.002378490627314989e+00
