1.873669540961043767e+00
1.956156466389918025e+00
2.032968567679427352e+00
1.871096296558327987e+00
1.876095022292810999e+00
2.134612965362603809e+00
1.892468935580155609e+00
2.016484670409013802e+00
1.811962486061176936e+00
1.932944511442277413e+00
1.978101030763809165e+00
1.832911880985826247e+00
1.959677219306448448e+00
2.039709685446280396e+00
1.786000247810220376e+00
2.118617244525696552e+00
2.095928775432147173e+00
2.040451636455644202e+00
1.909421736491707211e+00
1.991599783138280566e+00
2.171701423655477914e+00
2.144354066854037733e+00
1.898579829664076568e+00
1.914205240264871932e+00
2.001113367360703332e+00
2.145879134909868036e+00
1.947971626021104852e+00
2.178335675875322064e+00
2.158881273066225237e+00
2.017619740883379365e+00
2.073777405017900310e+00
2.120563219516666820e+00
1.976319952815101866e+00
1.892022405070738600e+00
1.877135878246135148e+00
1.871822344292529694e+00
2.048369331907395008e+00
1.895543648668207792e+00
2.283194882309616425e+00
2.097461536526779913e+00
2.224939134744268188e+00
2.203163257594515478e+00
2.132667837145564960e+00
2.091186102644323697e+00
1.961176486039365674e+00
2.061040995220816185e+00
2.286995526606784512e+00
2.012474608706813495e+00
2.150580944720655641e+00
2.165392490064148578e+00
2.042866223984987961e+00
2.203812097792699820e+00
2.037272775568265804e+00
2.217205700449595085e+00
1.802116229505660971e+00
1.840236864614943402e+00
1.831309351044974276e+00
1.850208203433430176e+00
1.906103549381259032e+00
1.848192501953409117e+00
2.032909263505804809e+00
1.980290735826104376e+00
1.894804554634307969e+00
2.125477326862649008e+00
1.743378804207696975e+00
1.899941379031078403e+00
1.955569938943905184e+00
2.022934443054916986e+00
2.165639607127560318e+00
2.154164789609310571e+00
2.189479379560168137e+00
2.387029057962548162e+00
2.314126892144706904e+00
1.911908514425931127e+00
1.954302139997271537e+00
1.846406983729677265e+00
1.902696052788174219e+00
1.970998079065743980e+00
2.050785792166480714e+00
2.061860746445063786e+00
1.918999153961523430e+00
2.056143775395118833e+00
1.934499696262926394e+00
1.780337081602419325e+00
1.847648082664642644e+00
1.900573577828555072e+00
2.111766047840712979e+00
2.012157541200165767e+00
1.951158478910600236e+00
2.129827373859380479e+00
2.068107349077489054e+00
2.095284733031063773e+00
2.231746319953944457e+00
2.142631968386081276e+00
2.239852419452628141e+00
2.276008957417803735e+00
2.055467475783758324e+00
1.980630412282751607e+00
2.061587408595694892e+00
1.987351309653128784e+00
1.796955353007583023e+00
1.849290102538208025e+00
1.858043747984062355e+00
1.787797676189269325e+00
1.946292362257694419e+00
1.841220896961891507e+00
2.053438810143958904e+00
1.851406066195675271e+00
1.804467880259825519e+00
1.926326956242612187e+00
1.949131322747370554e+00
1.866589030433702501e+00
1.746742720335068277e+00
1.989991503378649718e+00
2.107475915343091977e+00
1.871910247675098393e+00
1.783662925887552264e+00
1.918796195912795932e+00
1.768279307545766788e+00
1.921251717083373167e+00
1.795957459731684969e+00
1.947501630164066633e+00
2.092401220197202427e+00
1.852101510921659422e+00
2.055653925761459000e+00
2.076153140358389937e+00
1.779060879810703044e+00
1.944782290865380014e+00
2.047613491192500579e+00
1.919938599345296426e+00
2.117242823337783797e+00
1.873294762343939990e+00
2.027653008009563607e+00
1.842509445789225708e+00
1.991843511426113045e+00
1.953721673054028996e+00
1.831126160161750782e+00
1.887755452565999414e+00
1.804527819133385558e+00
2.242531703098765927e+00
1.829124019503941323e+00
2.114890644409132658e+00
2.154680235746371242e+00
2.036975433682556513e+00
2.128361756617902500e+00
2.125195617787580371e+00
2.129823733757369109e+00
1.841303330771413060e+00
1.795716874329859047e+00
1.860724359857395482e+00
2.025343117276745541e+00
1.851018582906697851e+00
2.052652673160096253e+00
1.777657325450101800e+00
2.118384450140613051e+00
2.107342668809122355e+00
2.033774862968248165e+00
2.208908313768715548e+00
1.846860170361475539e+00
1.859647669584457264e+00
1.898148466760793962e+00
1.790716035540709905e+00
1.786302977211418064e+00
1.705071616340746887e+00
1.951951237021271712e+00
2.004206459544236818e+00
1.975028203692124507e+00
1.971234991271761494e+00
1.878955651600969334e+00
1.854691169205268775e+00
1.889159163917645046e+00
1.929310636123910516e+00
2.112868793917785037e+00
1.948939665806534993e+00
1.977841905897649299e+00
2.224500001731221754e+00
2.037552238572535312e+00
2.266443314853762825e+00
2.289611819047566943e+00
2.033863116435564056e+00
2.146535514164419123e+00
2.017222848981508943e+00
1.939190117512880729e+00
1.962280800562279603e+00
1.802801896533268389e+00
1.894645602301393339e+00
1.712102368001277686e+00
1.747507460056067607e+00
1.655230623261198186e+00
1.916920744198420401e+00
1.830570107717345518e+00
1.922114486598015093e+00
1.979386471944308612e+00
1.996312450183276743e+00
2.061394041812218081e+00
2.052534814887176040e+00
1.982849097934852978e+00
2.193846946778051699e+00
2.093213996296740653e+00
2.051486212053389213e+00
