1.720339491736732951e+00
1.824389548626962121e+00
1.993460682773697812e+00
1.728224150086267397e+00
1.808942663758328573e+00
1.852871237191169085e+00
1.829458189749701091e+00
1.930707452700938465e+00
1.777015651758042880e+00
1.871881504216139858e+00
1.959765733122829090e+00
1.949511414469509596e+00
1.956056303999576418e+00
1.907301764042448777e+00
1.904443245254237027e+00
2.057930838714109090e+00
1.988852912296262154e+00
1.897318376943373019e+00
1.801719753765445908e+00
1.791744350460820812e+00
1.894572286369156311e+00
1.974016779727794102e+00
1.681195096817284629e+00
1.773283874789579606e+00
1.846954141963923934e+00
1.994446847339623075e+00
1.700137017844861376e+00
2.020888952805950822e+00
2.066255346133276660e+00
1.846205959224217263e+00
1.923969212725508582e+00
1.930663484545051212e+00
1.835679431795913308e+00
1.647492089623772360e+00
1.626453951229725359e+00
1.744046084683112730e+00
1.811165129649013661e+00
1.809999692409132166e+00
2.084982355968039602e+00
2.068064900361759495e+00
1.894336437546377816e+00
1.901229216546130862e+00
1.950308213159701154e+00
2.010684435602366094e+00
1.763779042965210042e+00
1.859260147007584463e+00
2.092613194511865338e+00
1.767599119299704924e+00
1.871545598008234057e+00
1.897348967712225498e+00
1.670355396087353173e+00
2.012505553974750505e+00
1.945255303575784023e+00
2.072112899286470800e+00
1.616510057984265281e+00
1.833801898324751933e+00
1.746657950090398037e+00
1.726353854562784784e+00
1.780882526153453105e+00
1.713864667329703773e+00
1.876529875159034244e+00
1.830862544549472837e+00
1.700588982724222875e+00
2.010241888309644676e+00
1.585023076412971132e+00
1.750275283912301916e+00
1.761914703084227929e+00
1.757106936587787382e+00
2.049521367327347576e+00
1.885469381141041456e+00
2.045680812828737594e+00
2.350685729772747923e+00
2.121861919134205188e+00
1.863806868676466610e+00
1.813142362873333857e+00
1.831755545168423094e+00
1.794695135719374335e+00
1.906548663434294300e+00
1.874372413326049314e+00
1.950093888387610663e+00
1.852837514021495213e+00
1.914651850525950660e+00
1.647727092749005084e+00
1.777151883321119064e+00
1.637146244513143722e+00
1.824368444971809167e+00
1.971019851556669256e+00
1.949694941163781614e+00
1.849171618071912881e+00
2.044975785556797376e+00
1.795640347699468897e+00
1.928686239467111818e+00
1.858369147294673507e+00
1.752485953275236819e+00
1.997999802171372963e+00
2.210870189205006220e+00
1.960601036714348266e+00
1.916478031616520195e+00
1.940328173059162165e+00
1.835817018123466315e+00
1.750764606211203001e+00
1.774571236260033213e+00
1.777720699523674286e+00
1.680615678502466181e+00
1.882885238685112927e+00
1.739433065305856063e+00
1.820241790131162274e+00
1.775962602739045604e+00
1.734001780239264434e+00
1.699994425481595073e+00
1.894457393488304442e+00
1.820895999931994025e+00
1.715496589857371079e+00
1.948543525700442869e+00
1.915978100053397082e+00
1.915925702980240342e+00
1.814988700525067999e+00
1.939262914674103611e+00
1.828854041901111671e+00
1.870172584783547309e+00
1.742423453558705759e+00
1.841117814798755914e+00
1.896326731479785810e+00
1.796688167706311123e+00
1.742405352113193251e+00
1.947075644377757264e+00
1.699199887760111105e+00
1.775886107252243384e+00
1.904340825407684790e+00
1.826724208613161649e+00
1.975362147415487213e+00
1.923669474799142298e+00
2.060266984309372162e+00
1.824262552235353496e+00
1.849722285726998150e+00
1.943052829282479355e+00
1.852060422818508467e+00
1.743789085653054016e+00
1.736248275724230794e+00
1.911118091233724670e+00
1.640815155693007954e+00
1.759599592739006679e+00
2.015316045134081691e+00
1.999845203273772354e+00
1.867661638841588978e+00
1.843110925287389845e+00
1.930873943388288216e+00
1.788518889088076991e+00
1.805985625129329364e+00
1.902963384465184982e+00
1.819373375630969791e+00
1.621021827050509678e+00
2.005007311667737380e+00
1.706972710034276419e+00
1.967811642716706944e+00
1.956383025892046934e+00
1.898145358431793994e+00
2.117318765697525418e+00
1.763208365048002602e+00
1.789107652927852454e+00
1.810582977780428982e+00
1.761258269332348192e+00
1.775526411077757327e+00
1.737593203079737414e+00
1.987266047974850958e+00
1.768531108982539068e+00
1.715553244943319289e+00
1.978812843536478683e+00
1.768888483484649443e+00
1.795540358229815725e+00
1.780442771543053526e+00
1.818501699650129089e+00
2.045109934174711430e+00
1.813689071263416608e+00
1.682960263388827871e+00
1.949198924277069978e+00
2.017515477748387909e+00
2.319292977691312263e+00
2.132212868113942061e+00
1.912649260872808510e+00
2.037397982260258811e+00
1.844282825393280145e+00
1.818556809483732550e+00
1.740252848324834734e+00
1.742693458868721734e+00
1.825784816494468332e+00
1.791312819425864289e+00
1.746206656985249461e+00
1.718501623489388397e+00
1.887128813270895877e+00
1.814055236643209668e+00
1.807707322722154064e+00
1.874642464550225096e+00
1.872800236965287635e+00
1.784338322664127841e+00
1.667796321986718455e+00
1.721961148354975046e+00
2.237267938863645611e+00
2.035045693294193825e+00
1.874121561065261288e+00
