1.802608287671537024e+00
1.755880344173238461e+00
1.889751625145608349e+00
1.739913837894364379e+00
1.705746814589432336e+00
1.899462014472537597e+00
1.736182757295451795e+00
1.969704382792385688e+00
1.729339827497217374e+00
1.789551794892965786e+00
1.931790238379491820e+00
1.796281599345858071e+00
1.921595291825110685e+00
1.958444267580202736e+00
1.724225360167151999e+00
1.888210560820073880e+00
2.045225245515837287e+00
1.915601670918989585e+00
1.796824800685425494e+00
1.889485215069419688e+00
2.060007130739383463e+00
2.087091284109617195e+00
1.758299877170140135e+00
1.784411320871099660e+00
1.952935106083683481e+00
2.036771465051280039e+00
1.892876631993534842e+00
2.123532586151900770e+00
2.139362361292021841e+00
1.878838589233183143e+00
1.903382977052923364e+00
2.072596079268664848e+00
2.014948172394354309e+00
1.793456903823322346e+00
1.824323150356757184e+00
1.836267295219952356e+00
2.089408860500640674e+00
1.979264719692934937e+00
2.163513075274164699e+00
2.136247938586862016e+00
2.169808998283952572e+00
2.181761812595545358e+00
2.071110761314093107e+00
2.039218971317156015e+00
1.899876607257764194e+00
1.931363672998299696e+00
2.205813709165928227e+00
1.920184158951876219e+00
2.115752357651507154e+00
2.116077071276165622e+00
1.955850510079896631e+00
2.199134957346064123e+00
2.071265462929885004e+00
2.204182378302149470e+00
1.701410241790106914e+00
1.744487217266683432e+00
1.665139418602859633e+00
1.706083928704519970e+00
1.735590623348948203e+00
1.578738467182605021e+00
2.011483756648785981e+00
1.978351564603481272e+00
1.844481056217315285e+00
1.865167469702887049e+00
1.631920760424124817e+00
1.798852716549302011e+00
1.886797556407805221e+00
1.977172601479644243e+00
2.149930028881266164e+00
2.242661993583393798e+00
2.126413132382664717e+00
2.358399201290124481e+00
2.270242163525458601e+00
1.723273606741029695e+00
1.803776302228390804e+00
1.737490069609996191e+00
1.827927027348626110e+00
1.963951637284307106e+00
2.030056426092096800e+00
2.008837675838514691e+00
1.896786757534725698e+00
2.058716161823126889e+00
1.802471886584237071e+00
1.766659000048484529e+00
1.707198499818593396e+00
1.818964342984296767e+00
2.051412427755876067e+00
2.011991161036596587e+00
1.933947001580207825e+00
2.167794712274226487e+00
1.999918908212587665e+00
2.101429390369971451e+00
2.204959504764853584e+00
2.037378285357616114e+00
2.191095405098707261e+00
2.179587134611468802e+00
2.075483139283276657e+00
2.015788317860234269e+00
2.066968063410830059e+00
1.833398977378970507e+00
1.600271209773297176e+00
1.833390803104120836e+00
1.794752059662737986e+00
1.745174825299073085e+00
1.759605263709926870e+00
1.731383593793663023e+00
2.158740035851693939e+00
1.741716038635117814e+00
1.759904664175126587e+00
1.864765589563308623e+00
1.846106021847259138e+00
1.845133634012130486e+00
1.835068862618258523e+00
2.004552623273896383e+00
1.913357140758056074e+00
1.584282076723785959e+00
1.668451369574292631e+00
1.951191028521460646e+00
1.846711394696491926e+00
2.007850591265970319e+00
1.873028070832376102e+00
1.875669495491844252e+00
2.079692411495401849e+00
1.734425174729338881e+00
1.858019798535634148e+00
2.119462651563237099e+00
1.747155008884286653e+00
1.746941381942755500e+00
1.918651239294126176e+00
1.814799254533548512e+00
2.090611241673462573e+00
1.969601436799699457e+00
2.067384351715952029e+00
1.894696719771726823e+00
1.754103808424279487e+00
1.856998022326244335e+00
1.794758779708380603e+00
1.649553881829393998e+00
1.758198203499823142e+00
1.957178975086689920e+00
1.761856951153540685e+00
1.889560849036922452e+00
2.044697026615461155e+00
2.002900163484561347e+00
1.976599156267390356e+00
2.119515432030088409e+00
2.067027946761553103e+00
1.673072597685200114e+00
1.908570356496526621e+00
1.893434316916638993e+00
1.993411058954874360e+00
1.004057838019582594e+00
1.726837640742217239e+00
1.767802013704916630e+00
2.108666971775206900e+00
2.186252070347061593e+00
2.058827386916099123e+00
2.222488149016656589e+00
1.556933945357449334e+00
1.423158199758731479e+00
1.672080547491379798e+00
1.191178782615719856e+00
1.394984347076808406e+00
1.471572212373901678e+00
2.048591412300632797e+00
1.781649576946358282e+00
1.532577271386986295e+00
1.654376037686064782e+00
1.419484212195462502e+00
1.501727663918242861e+00
1.815579585660684225e+00
1.831579055677196921e+00
2.026467538519295175e+00
1.943060503220086499e+00
1.968596154316065494e+00
2.191445136295638196e+00
2.010772412853840230e+00
2.242307882545020892e+00
2.310404997094067436e+00
2.086588303063836580e+00
2.168823832301368881e+00
1.870499973905495494e+00
1.995769017195651251e+00
1.550502390364551175e+00
1.244421266083001854e+00
1.515921783337260242e+00
1.291372626826734260e+00
1.543199244970833384e+00
1.395179683702695961e+00
1.784457413725201613e+00
1.687821665569201546e+00
1.912436439366344665e+00
2.050325464581586488e+00
1.913483010336477053e+00
1.990499171440076376e+00
2.003105110867120509e+00
1.980751574089284262e+00
2.111115076291030235e+00
2.151156432835496179e+00
2.066514319232119146e+00
