1.618121004744952796e+00
1.486086771889769009e+00
1.454033959573031831e+00
1.486025444902278725e+00
1.443282124154090962e+00
1.567530004629557272e+00
1.722615763904165931e+00
1.686914018924995595e+00
1.615594029739631399e+00
1.675829752514963022e+00
1.771331919308152036e+00
1.731753496029501793e+00
1.780677947306892328e+00
1.825156215650131086e+00
1.894019302948326766e+00
1.657332791885987922e+00
1.752259844361091279e+00
1.986317686903706470e+00
1.694833356734379404e+00
1.943960427745688557e+00
1.868080246779140863e+00
1.887196656089993985e+00
1.925663873863735720e+00
1.791494599536027188e+00
1.819620461823462820e+00
1.880362274405108947e+00
1.797851990852365134e+00
1.961272761289767130e+00
1.764346590966481276e+00
1.943298747244607716e+00
1.642595935968860443e+00
1.492112462578772725e+00
1.550222852324519618e+00
1.862666272752229180e+00
1.826281314862969962e+00
1.889961283699219674e+00
1.847393571670663093e+00
1.503962047007805003e+00
1.553145934434954301e+00
1.631829073820011633e+00
1.921969472052313055e+00
1.689760786714398666e+00
1.796475897516343734e+00
1.713922298080966300e+00
1.772421180126251938e+00
1.962973899977980663e+00
1.907417606403255528e+00
1.791780151183966163e+00
1.904749430150663114e+00
1.880224458615823213e+00
1.566302298783675440e+00
1.473500769582522629e+00
1.579071601672795921e+00
1.475848233069101179e+00
1.442009439994985209e+00
1.595085966193389382e+00
1.605772034797500414e+00
1.742684651819765174e+00
1.705963968853164259e+00
1.645480920672740544e+00
1.659213728826512080e+00
1.622292071286734361e+00
1.723597877238610465e+00
1.672231499739180949e+00
1.676651228629359114e+00
1.905670355328407117e+00
1.620932133669238828e+00
1.605838918289637762e+00
1.736779447400654375e+00
1.939055413965530272e+00
1.917645661767215959e+00
1.884757650071231305e+00
1.846948197498598843e+00
1.508175483144356344e+00
1.679765518905461219e+00
1.993842385543196150e+00
1.811742447682430424e+00
1.959308978822248415e+00
1.683820787706438393e+00
1.775436007585927456e+00
1.743434253929558198e+00
1.800663070703417024e+00
1.694011466081496220e+00
1.750262217319360936e+00
1.740963625353676658e+00
1.803813023298383111e+00
1.864889921629239389e+00
2.017594169514257629e+00
1.937451835457295601e+00
1.491382326169178985e+00
1.643701141517857733e+00
1.510788846956873988e+00
1.478147854780820891e+00
1.656233835955787104e+00
1.743730219356276256e+00
1.710483028420241913e+00
1.883018937012300942e+00
1.812339567549397623e+00
1.863198199154722401e+00
1.837907543171507063e+00
