2.160871719266306279e+00
2.097135635278960741e+00
2.289390822414175464e+00
1.992950360751901906e+00
2.156520336183556097e+00
2.072293092532016434e+00
1.959982434607576707e+00
2.462657456431379455e+00
2.132204738994139870e+00
1.954949923464147421e+00
1.932926785802107972e+00
1.955294027665573475e+00
2.162744267443304835e+00
2.384008876751988915e+00
1.990083731682988466e+00
2.126830282576104292e+00
2.108860893131760506e+00
1.876296122061960947e+00
2.407833831402521607e+00
1.909868367630829011e+00
2.084097567938447249e+00
2.105707292421224786e+00
2.448664418555728250e+00
2.205319454883209129e+00
2.065591385186535955e+00
2.244462662973473854e+00
2.183439669532951211e+00
2.040446795249368339e+00
2.412602435536546075e+00
2.132922871856103519e+00
2.254547026193331138e+00
2.384272279448585774e+00
2.186044924744900975e+00
2.304768221006987083e+00
2.293209683305318158e+00
2.410531196303837831e+00
2.441125146714554273e+00
2.313733702933996383e+00
2.181611127299704300e+00
2.145654169041641524e+00
2.188830419433156038e+00
2.558038434120373683e+00
2.304688813613257281e+00
2.401947293129901073e+00
2.205217036624538718e+00
2.400189394878263549e+00
2.226177391498960212e+00
2.310094787895353274e+00
2.375086523927685267e+00
2.187921454488090500e+00
2.279979478708561214e+00
2.278656479430174908e+00
2.247428113169546382e+00
2.041452597931178836e+00
2.212952694805171205e+00
2.012062872238677080e+00
2.172322875814796994e+00
1.989919183498236155e+00
1.931477413094244255e+00
1.963367548144300478e+00
2.252010698151486690e+00
1.855232717346003035e+00
2.070914627798583485e+00
2.081991288817506724e+00
2.197538358182736573e+00
2.271574521309437156e+00
2.072198268888119088e+00
2.112943954795187818e+00
2.078082197738608361e+00
2.360357258085871823e+00
2.226927450095354644e+00
2.325996800485453875e+00
2.315334350559965948e+00
2.143824261195328429e+00
2.358123000173542039e+00
2.085414987510215035e+00
2.281120316698198369e+00
2.253066267247807453e+00
2.418784125918077788e+00
2.236058561490634755e+00
2.330736062741606940e+00
2.305335029491440757e+00
2.223218814906533947e+00
2.325732287727135361e+00
2.273284531866289537e+00
2.291391260217801040e+00
2.155561673052563076e+00
2.356526923183688282e+00
2.394116366148111741e+00
2.286989949692626478e+00
2.163800925761662608e+00
2.020225938276061228e+00
1.869942301096910064e+00
1.811317345275716528e+00
1.908549298205965972e+00
2.032904402550061107e+00
2.096524042387985620e+00
2.164607880075143598e+00
2.057521462656079159e+00
2.033709777067000513e+00
2.230603136579700774e+00
2.259883458095018671e+00
2.284176731547468364e+00
2.476523799672692761e+00
2.431415185631023324e+00
2.329263846105404046e+00
2.369391263041026985e+00
2.248330055025141938e+00
2.317042473914157519e+00
2.383254560348948115e+00
2.337506624953799683e+00
2.209036989919688665e+00
2.302817297341380076e+00
2.184311063315412582e+00
1.941060759543403291e+00
2.262332799468640854e+00
2.170064631771456920e+00
2.012209429929483928e+00
2.303865355482723309e+00
1.745063740277935427e+00
2.477749930684607804e+00
2.233699024657164856e+00
1.921768802243431606e+00
2.191648306679629066e+00
1.738277127478026873e+00
2.191307393299315009e+00
2.465160836939434663e+00
1.935960702870187955e+00
2.320781121053203222e+00
2.309384087956182441e+00
2.211837610390744668e+00
2.093171866640019196e+00
2.219618365364618207e+00
2.183346106884807458e+00
2.109028592806756031e+00
2.372855203962721315e+00
2.240913754107650480e+00
2.460651828459044399e+00
2.104679322375411665e+00
1.840090020974155971e+00
2.057600775425207917e+00
2.028437853823588544e+00
2.112453962308558086e+00
2.167643751686183062e+00
2.051926049574298805e+00
2.040117347222342392e+00
1.954045538953095740e+00
2.006482286588473052e+00
1.993479077638133257e+00
2.196618554546231561e+00
2.189026639103801575e+00
1.909866129597583395e+00
1.953080076962237177e+00
1.952654234841025405e+00
2.067101499292599343e+00
2.176008016855004890e+00
2.238743446948105564e+00
2.072906662512060016e+00
2.113727954836656764e+00
2.140968316983838715e+00
2.049719589819691823e+00
2.064251805052496724e+00
2.371242122775778949e+00
2.201202947080266981e+00
2.234569401155601209e+00
2.060873310010897796e+00
2.169109328378865165e+00
2.055014568121135365e+00
2.224195693381910921e+00
1.918146172598887533e+00
2.403324937826566643e+00
2.051655178676785152e+00
2.328138212078160851e+00
2.315485049131762452e+00
2.065015879557866807e+00
1.911311086289801731e+00
2.332821209831827947e+00
2.220812887682952042e+00
2.318867173793199843e+00
2.460859132262948723e+00
2.693872733496077920e+00
2.546960003873351752e+00
2.279670660646761604e+00
2.282064115208907840e+00
2.214133039865382901e+00
2.204961629284290403e+00
2.249983903215417858e+00
2.385753848638284769e+00
2.140634826474479446e+00
2.193441756348753380e+00
2.079697100919444264e+00
2.379526472271809467e+00
2.180447225184579008e+00
2.114602677767512873e+00
2.260458203270072630e+00
2.102036115391422655e+00
2.116825033564734060e+00
2.064782403720176962e+00
2.262956390818634755e+00
2.348543580481771365e+00
2.184702333473349078e+00
2.296771252531677465e+00
2.156302954707020714e+00
2.346260832047169398e+00
2.315814582329934534e+00
2.255845854255670524e+00
1.934239745434874092e+00
1.671219057156280163e+00
1.790748526388855177e+00
1.932825037999849282e+00
2.150551219884601739e+00
2.145744086335069412e+00
2.067668622713277227e+00
2.035735793279707107e+00
2.077352622678561023e+00
2.243644399760525321e+00
2.306807139172792454e+00
2.146054789838232946e+00
2.188590774371902636e+00
2.391085475749096911e+00
2.279664195524239378e+00
2.253184258922765082e+00
2.459948371796302435e+00
2.241234435222982491e+00
2.035107193406118231e+00
2.131051823849197113e+00
2.262630572139751273e+00
1.975854189893738733e+00
1.950049035480557302e+00
2.093339199133392281e+00
2.337007089207022048e+00
2.382572738638980780e+00
2.165840309056871416e+00
2.018024976485669253e+00
2.239192175950174057e+00
2.442746929607478190e+00
2.331434115595831802e+00
2.655278737323581773e+00
2.406939007481806225e+00
2.343977911654535173e+00
2.827466632305231542e+00
2.340193116001427320e+00
2.273568635213402800e+00
2.229244274294105210e+00
2.308746752493797239e+00
2.333706199119848446e+00
2.429629695866203587e+00
2.265075237138639341e+00
1.885450845088137539e+00
2.033288098250466636e+00
2.009849794196917117e+00
2.051428465939198365e+00
2.084043428064076942e+00
2.049367707688844131e+00
1.987516546141628204e+00
2.073088988035264979e+00
2.092795570123742177e+00
1.991214580055026939e+00
2.155647547945430453e+00
1.896339808836651653e+00
1.950852616337735324e+00
2.089382973412703404e+00
2.280827146676477124e+00
2.198502945439996914e+00
1.883047567789820853e+00
2.039122388171648925e+00
1.863492461093400276e+00
2.155330636480654594e+00
2.076735521207445867e+00
2.491581831858790785e+00
2.116903715252445028e+00
2.126351166331924780e+00
2.284918185307149852e+00
2.035893125477313159e+00
2.070713409041260444e+00
2.147895474543935812e+00
2.331598025346121261e+00
2.115257520725942086e+00
2.263253979952516648e+00
2.134930781267636135e+00
2.088063750957547260e+00
2.260630022513498982e+00
2.324416798195133360e+00
2.393785126178298306e+00
2.342331190261074614e+00
2.155380118667676648e+00
2.151837597899453058e+00
2.171131007937449287e+00
2.302459938377588777e+00
2.687776996271655339e+00
2.441714487705178627e+00
2.451289558349276199e+00
2.244183947903375831e+00
2.329273657984548773e+00
2.264109593911344032e+00
2.391545257499859911e+00
2.263231312555531893e+00
2.169492163180676503e+00
2.094688258667067871e+00
2.256667916919992134e+00
2.187813928641321404e+00
2.218537045261937735e+00
2.027441615313314127e+00
2.078832374845718256e+00
2.140276149017537044e+00
2.256773834393451583e+00
2.098074364451503193e+00
2.007548838706754157e+00
2.127022109411881967e+00
2.062550369916853032e+00
2.336416729949870597e+00
2.022190114907187475e+00
2.229044080740725242e+00
2.127864504835817350e+00
2.234825385895800931e+00
2.213030712627368501e+00
2.088993489574965778e+00
2.294495065730411731e+00
2.180574262420415188e+00
2.278303518557043716e+00
2.287414771880165176e+00
2.327773750992820911e+00
2.258629332457058769e+00
2.164321466955603235e+00
2.390826331143126815e+00
2.208381627290691096e+00
2.308291352229243643e+00
2.314664708842722352e+00
2.360721700671883028e+00
2.273791827127685572e+00
2.338799996677306314e+00
2.338054709165230616e+00
2.313441972217378240e+00
2.199040486220332991e+00
2.089831172651329005e+00
2.210665896218925841e+00
2.349079004118255209e+00
2.175973306755241143e+00
2.249947325986587643e+00
2.184442497716495346e+00
2.229431616956394802e+00
2.148933048798805423e+00
2.170255079060803283e+00
2.020162280234720775e+00
1.965107406745649321e+00
1.950270750147115262e+00
1.905660881344802382e+00
2.123661870080546965e+00
1.994225784492093867e+00
2.360540230312205612e+00
2.043469763082919055e+00
2.040193802502354270e+00
2.065621206231324170e+00
2.331245186116566614e+00
2.062794224712455549e+00
2.356899926566676573e+00
2.464195673760784189e+00
2.356574311335365657e+00
2.216439213428232691e+00
1.968332332342691338e+00
2.073226403033402221e+00
2.114931736458737443e+00
2.224069105504006938e+00
2.201777351910348735e+00
2.089774738825056044e+00
2.262392953701094278e+00
2.130568723983801593e+00
2.230997360021104825e+00
2.115505126345074149e+00
2.409945547673609578e+00
2.177057978503089686e+00
2.316514375472876086e+00
2.386215172976071219e+00
2.204928718428165180e+00
2.052637563100015328e+00
2.260411020404125004e+00
2.558333738702378568e+00
2.044412476522735833e+00
2.071281836451932534e+00
2.187466633355619194e+00
2.221819237047624629e+00
2.279057499034736534e+00
2.274592000111481216e+00
1.941394205417723562e+00
2.385072134528710031e+00
2.224351586612262732e+00
2.306040662794871743e+00
2.351060924210888636e+00
2.126475645386439961e+00
2.173648167354516492e+00
2.144667130600771632e+00
2.295034143252656200e+00
2.094477809180167238e+00
2.187995038670800252e+00
2.352954767549173098e+00
2.469313767624104816e+00
2.395053986767421428e+00
1.793181889287876807e+00
1.815951348017532885e+00
1.980517798820550013e+00
2.093260722215240843e+00
1.995775011068346760e+00
2.140401740174076028e+00
2.151356285402650670e+00
2.097838404828998193e+00
1.984041311743773406e+00
1.848177290087739122e+00
2.020481916693356084e+00
2.066856938370616348e+00
2.165319870051445772e+00
1.837648040455799991e+00
2.007838710810727179e+00
1.891523580214613975e+00
1.842626521145439122e+00
2.382621054693055296e+00
2.134702974289170108e+00
2.147124679579256679e+00
2.162825517733228509e+00
1.957876090849111961e+00
2.042018287213382965e+00
2.267423402556702161e+00
2.485967185252976996e+00
2.064789929662609325e+00
2.066694299785008404e+00
2.139278888256863187e+00
2.324031116771896333e+00
2.121176779848640059e+00
2.108771994819884199e+00
2.299328640045169792e+00
2.204664674111249223e+00
2.372040438180057276e+00
2.239967497566762056e+00
2.338926068260726243e+00
2.071414676895146467e+00
2.423268459336580971e+00
2.080089197737909235e+00
2.296202513647139121e+00
2.242997260643359692e+00
2.335079289874923081e+00
1.924445358754416802e+00
2.141082028320682173e+00
2.122514810042506195e+00
2.061433969592547211e+00
2.111542725502296491e+00
2.289988017516106478e+00
2.299110948120965947e+00
2.732706916054552515e+00
2.539933403119451150e+00
2.413947196255442407e+00
2.205921007166290249e+00
2.306244275547724598e+00
2.288305893969805549e+00
2.107242041667403587e+00
2.094882273515964677e+00
2.257018542302454467e+00
2.273649622651877866e+00
2.154796706043522470e+00
2.045614724304202436e+00
2.186254947750217781e+00
2.095168800870265802e+00
2.162070296321750629e+00
2.131802417717853615e+00
2.001413107045773465e+00
2.150609395553923608e+00
2.303598193074722467e+00
2.138892204353166182e+00
2.154686601174808480e+00
2.156309777973557384e+00
2.157344303500424942e+00
2.170818473621848543e+00
2.119938378521093458e+00
1.902225088203049363e+00
2.090066395077998962e+00
2.247010738047397815e+00
2.007435974545233481e+00
2.009379451018768137e+00
2.029055447903304721e+00
2.141389333320009136e+00
2.161372803026212708e+00
2.117655698794192354e+00
2.223146052523621741e+00
2.215165947918917855e+00
2.275234420495322318e+00
2.117373832335851969e+00
1.948926139257577406e+00
2.307635810025526979e+00
2.023366785390035893e+00
2.055651877532769678e+00
2.396287347812100066e+00
2.565122786306572866e+00
2.503308735845710675e+00
2.839411349073075908e+00
2.214911490572001984e+00
2.023799867397406249e+00
2.344009248481326413e+00
2.094440851706603102e+00
1.951219524855439591e+00
2.060905114121521109e+00
2.096109524237721899e+00
1.976045521112323566e+00
