1.580859899129785529e+00
1.537651530324476434e+00
1.446128475379754530e+00
1.494401954801043209e+00
1.418167136361703440e+00
1.445205905537657598e+00
1.674010911221494036e+00
1.672067961817978787e+00
1.502364865872265476e+00
1.552263273173684732e+00
1.710874914518603962e+00
1.715629955423039421e+00
1.697078520328409779e+00
1.820596188993733655e+00
1.919158096019031978e+00
1.616109838693918110e+00
1.668015750222227922e+00
1.894511832860592548e+00
1.628478488607315811e+00
1.839584593602139551e+00
1.918339617327364577e+00
1.899214286407821417e+00
1.863718073899270689e+00
1.743286172683681468e+00
1.818045917007847123e+00
1.829130817388095576e+00
1.699920506840830736e+00
1.946244754841798486e+00
1.780053643948850794e+00
1.966082116024709503e+00
1.718817803198703364e+00
1.675303723408464451e+00
1.522273768129777327e+00
1.786777884448175868e+00
1.713377411915477211e+00
1.824799320752187093e+00
1.783861294883688720e+00
1.550881532645519201e+00
1.465001577947999900e+00
1.550850029041374256e+00
1.783709098834498574e+00
1.672428437205743190e+00
1.721036569936277738e+00
1.656447491544204453e+00
1.696363778028405545e+00
1.863459396183775763e+00
1.880401135076252395e+00
1.755703445239353178e+00
1.813945882613875460e+00
1.759860851283544081e+00
1.709052116150484357e+00
1.527615476694026642e+00
1.640466106871999230e+00
1.489313342578022725e+00
1.435072233965115851e+00
1.640696132473139723e+00
1.603966462896941669e+00
1.596921397707983026e+00
1.591672090423598585e+00
1.689712564299835185e+00
1.661984619048300749e+00
1.569694161472138028e+00
1.537870081314386406e+00
1.717032418601555976e+00
1.790648843861305295e+00
1.921201599870291821e+00
1.599207103803866659e+00
1.618947093017802263e+00
1.650331215445677069e+00
1.956107975453427628e+00
1.926613099058976930e+00
1.929449952138955648e+00
1.856314561379183603e+00
1.471921303156861205e+00
1.631308631544210463e+00
1.917615319549791808e+00
1.773102140889412981e+00
2.006933525514451144e+00
1.678535052619097412e+00
1.763635446240287452e+00
1.656750186451192430e+00
1.686568223047633541e+00
1.677667352003014978e+00
1.664310095455986849e+00
1.681367594583439873e+00
1.776627830839674127e+00
1.772584741644769313e+00
1.929529268074633208e+00
1.819186245730464835e+00
1.578420993614539691e+00
1.593077762339176084e+00
1.497831349977419846e+00
1.438463926497268730e+00
1.544318202821073793e+00
1.657464544757797142e+00
1.682159971424520561e+00
1.831500808476868247e+00
1.717560444344034876e+00
1.822209045636055569e+00
1.626524818463239042e+00
