1.789381940608395505e+00
1.835848282960319544e+00
1.928641094852115323e+00
1.753794486953466292e+00
1.771848083831955023e+00
2.060296295937820155e+00
1.754483354156590513e+00
1.975625927769744106e+00
1.758726296653952303e+00
1.980587621425007772e+00
1.929928322976146138e+00
1.792036423615433138e+00
1.863134457957028145e+00
1.939670275988617076e+00
1.715748926026949839e+00
1.898913729476384260e+00
2.032967897265181012e+00
2.028249995877891898e+00
1.830945311186757296e+00
1.942828220574922771e+00
2.132246723726932025e+00
2.009853907306185850e+00
1.825071146503906006e+00
1.821881817450052621e+00
1.997594049809443550e+00
2.028089651000379412e+00
1.916682674832823396e+00
2.084868859952525355e+00
2.094702881065848565e+00
1.927594975911252062e+00
1.841167496534615200e+00
1.892015058394624250e+00
2.024652207718905306e+00
1.841555972147599807e+00
1.828195620203310057e+00
1.876509480410815778e+00
2.149447632506670036e+00
2.035236363765215994e+00
2.178574083394201111e+00
2.165252281870727380e+00
2.155471837532143109e+00
2.122377424862298856e+00
2.038812072997424174e+00
1.860953793490392139e+00
1.883294947618930681e+00
1.938966606490593048e+00
2.224150044917871494e+00
1.936969567657096380e+00
2.050816458780956086e+00
2.092959057262038680e+00
1.973845928429561969e+00
2.146631808183406598e+00
2.048389875793980686e+00
2.166279014697565231e+00
1.791251675381364095e+00
1.830929530463484944e+00
1.744559626729596857e+00
1.748375213620195323e+00
1.854156686002032872e+00
1.637035240114857126e+00
2.067207301380370232e+00
2.099639973526822523e+00
1.871632323247437890e+00
1.794445843607352709e+00
1.737972349676190076e+00
1.809045289028809123e+00
1.930622860612142278e+00
1.953654997923807368e+00
2.022118331319769258e+00
2.115025093134746736e+00
2.108365652428871417e+00
2.296361211915463496e+00
2.315633396269444422e+00
1.789042651477607215e+00
1.743932195487649883e+00
1.729708279349781996e+00
1.794025385176173382e+00
1.840114055656381309e+00
1.910421013726327999e+00
2.029392485420721925e+00
1.858341918514501589e+00
2.143895037221285715e+00
1.943005374245970529e+00
1.853002475786364789e+00
1.812010218795569338e+00
1.899590391498184649e+00
1.956524967861616782e+00
2.056931054411254234e+00
1.937236959971265549e+00
2.210145181858345076e+00
2.028084178499790724e+00
2.075579640697074790e+00
2.159971386762175261e+00
2.012879936476924758e+00
2.157052318160265436e+00
2.252453226774588924e+00
2.032885629604119782e+00
1.946765639476876641e+00
2.025525880226175524e+00
1.734586426882735566e+00
1.797462024587017870e+00
1.805194466532361819e+00
1.800277053891060630e+00
1.714737872271589580e+00
1.884508381931160326e+00
1.693402197192295455e+00
2.038506130886956758e+00
1.781726675784260028e+00
1.724131144496997337e+00
2.037167598880464059e+00
2.003277884390417984e+00
1.851130878956897874e+00
1.768259797846140513e+00
2.030137289798152000e+00
1.955196820289891724e+00
1.899454493524562526e+00
1.723971603207610670e+00
1.982320512195022699e+00
1.795279224427248632e+00
1.860355476129776697e+00
1.824744526772164699e+00
1.860535980916707244e+00
1.943915706150666223e+00
1.804248730313230187e+00
1.875494279003269371e+00
1.976454570079633877e+00
1.713032608063309148e+00
1.875786477653362372e+00
1.929165194161576613e+00
1.859135314173100850e+00
2.028136001415755896e+00
1.874457752136601041e+00
1.973443186519593384e+00
1.792288517974800044e+00
1.843879948353272180e+00
1.938398271222904423e+00
1.883780849261582402e+00
1.794514019861290111e+00
1.857606539657717493e+00
2.099268487501913860e+00
1.791473798586176169e+00
2.032000307308417852e+00
2.161888054844746332e+00
2.062920699725044660e+00
2.097771093406271881e+00
2.105741127165525750e+00
2.146065302099727568e+00
1.831296885279873443e+00
1.752156047692370766e+00
1.953792572787062420e+00
2.097658403655762616e+00
1.831737622794516351e+00
2.036656779336649681e+00
1.884272654148362980e+00
2.130967378821476466e+00
2.101727240588258550e+00
1.956449920546308840e+00
2.134299858016369900e+00
1.850569183532433826e+00
1.934787306921517791e+00
1.875112479238710606e+00
1.801452850536478190e+00
1.723525407737920068e+00
1.784837247884540901e+00
1.916509787746365490e+00
1.956897006813912432e+00
1.846864353217187560e+00
1.875278080172858797e+00
1.894498272453413623e+00
1.808946704118193916e+00
1.894510921775716339e+00
1.843237922379820315e+00
2.032575802894449613e+00
1.930959449051894872e+00
1.982527004550009186e+00
2.254218299439719964e+00
2.127621228983445523e+00
2.289644832024547050e+00
2.288491468147469288e+00
2.110688973754187181e+00
2.169218852236681538e+00
1.999897647562485448e+00
1.900515453438084368e+00
1.951811715095755684e+00
1.750566290451040841e+00
1.817947165682456623e+00
1.671604927671693108e+00
1.690218161395232066e+00
1.667099440762614959e+00
1.907253652622582063e+00
1.866669640370711036e+00
1.965803070451279222e+00
2.078682709007358298e+00
2.024287780904647338e+00
2.073131720120375387e+00
2.022078112461703103e+00
2.078127834891615233e+00
2.204857669836878031e+00
2.141296234044246294e+00
2.082100513107285611e+00
