1.677218349133785535e+00
1.493564589801250175e+00
1.467865003096419541e+00
1.458997344379764582e+00
1.437033994043916518e+00
1.465349766273006615e+00
1.679846662215188413e+00
1.643572932052116853e+00
1.478687423331896955e+00
1.527938504255711427e+00
1.708263290284872449e+00
1.705416159021017064e+00
1.646561346142917159e+00
1.727097809814301943e+00
1.890999438394262988e+00
1.689596823154964955e+00
1.643642865826622890e+00
1.890143530769083036e+00
1.603688219046311536e+00
1.780229996422058258e+00
1.903738577593458103e+00
1.801463197099281377e+00
1.839686725946372947e+00
1.735154359940918489e+00
1.745953006207360270e+00
1.806318194955776502e+00
1.673215304862857078e+00
1.926008656561907451e+00
1.767392701535917432e+00
1.963715916596327160e+00
1.695747548828493212e+00
1.621921251373744877e+00
1.546443215320361775e+00
1.788446262411687915e+00
1.659625293591273865e+00
1.806159455961811044e+00
1.845175240511007342e+00
1.487639143712522705e+00
1.458189848133080613e+00
1.619633885982631138e+00
1.792392396190893633e+00
1.632988775447111518e+00
1.668601633603828072e+00
1.672108904436452326e+00
1.704981846453697214e+00
1.870414931496820143e+00
1.754265026806310690e+00
1.650777172955979477e+00
1.815697958977843696e+00
1.780154149145788178e+00
1.665838813296972587e+00
1.534084504121630221e+00
1.657406145888341342e+00
1.511186920643611709e+00
1.466560556294445039e+00
1.613847021861184006e+00
1.694369191973762900e+00
1.579208986260330905e+00
1.569029215954275136e+00
1.623777716280087935e+00
1.648466091212622775e+00
1.541049102521522940e+00
1.524305953279038617e+00
1.664604633816405777e+00
1.698391525551099068e+00
1.872291070265137858e+00
1.709331706037551912e+00
1.600825282698555396e+00
1.650900851911319966e+00
1.878518910065601899e+00
1.851176092619466473e+00
1.748653880954564643e+00
1.816146810153897562e+00
1.456145587177545941e+00
1.725943443168590941e+00
1.886763783379663328e+00
1.760294723267554984e+00
1.971874783331828196e+00
1.704155105285031668e+00
1.753644841936235821e+00
1.617572527439574026e+00
1.613199122406749009e+00
1.664471417533956554e+00
1.613040289586879839e+00
1.632387357058894484e+00
1.837659287575262201e+00
1.716072473951861133e+00
1.915886691543142950e+00
1.827106580893715693e+00
1.469476233604368520e+00
1.587236683360554679e+00
1.585053587314523948e+00
1.456683198820882597e+00
1.652113474443798857e+00
1.708530398734164235e+00
1.700230073253249374e+00
1.838970674255965498e+00
1.719897274077801130e+00
1.794356735156742877e+00
1.729953938112935408e+00
