2.059637196621111777e+00
2.068315275159947397e+00
2.221563985028986998e+00
2.137022045134463699e+00
2.141129311995865425e+00
2.039116188948886688e+00
2.175702866304958238e+00
2.243006907185178811e+00
1.951715560510512981e+00
2.032071356368298609e+00
2.050897799751516981e+00
1.946006691677144573e+00
1.926339862962336724e+00
2.063612391960879755e+00
2.076797014761763815e+00
2.018440149494858726e+00
2.491241341397596898e+00
2.036335470784880197e+00
2.417970155322691994e+00
1.959289797386145837e+00
1.992939112888948650e+00
1.948521141752916019e+00
2.557447716345908617e+00
2.452485168578444785e+00
1.959930617752320359e+00
2.167225425451957843e+00
2.267737191306057998e+00
2.096895852266219773e+00
2.399935752708462378e+00
2.009918076124021180e+00
2.109348624090330304e+00
2.509184964486258274e+00
2.109276862579602341e+00
2.307072163493345318e+00
2.351396932918816240e+00
2.465420409651252864e+00
2.422456712979307980e+00
2.527977195953897027e+00
2.575449825183441899e+00
1.766914611555857162e+00
1.784192749194136507e+00
2.312126963313922534e+00
2.166616103672356353e+00
2.443545572802804156e+00
1.969107114775451972e+00
2.454419004282601957e+00
2.158838800804668168e+00
2.368369877292590520e+00
2.166226656061259082e+00
2.304541158485024610e+00
2.353502875266449745e+00
2.407847163773731758e+00
2.335893102419070999e+00
2.253636692165031707e+00
2.173743505240195439e+00
2.222532463475107800e+00
2.393790303592314928e+00
1.995416602510877047e+00
2.149625776951159306e+00
2.080195633030756497e+00
2.514227487320940480e+00
1.954853887573555715e+00
2.217595538735889438e+00
2.147444281702367341e+00
2.430977344927886197e+00
2.438995708955615349e+00
2.143538405487311227e+00
2.101980457320502982e+00
2.236324545866915869e+00
2.435650033183846208e+00
2.327057839804531181e+00
2.588080701685538720e+00
2.594551943419424411e+00
2.172390954945951247e+00
2.464365257308422041e+00
2.432208975030351716e+00
2.336961228236025701e+00
2.382857207862740800e+00
2.629049976088055462e+00
2.313255980912498178e+00
2.460753120290440243e+00
2.597521575759696333e+00
2.155578261142507834e+00
2.248234878318416730e+00
2.225667613114222121e+00
2.337081439843442965e+00
2.101286909653268253e+00
2.326112442850865936e+00
2.449871679758297116e+00
2.437592840400176541e+00
2.495001750210856351e+00
2.411092103223209548e+00
2.316445853907357133e+00
2.238169471844719816e+00
2.266340890301100863e+00
2.529270429055344049e+00
2.446749723410621247e+00
2.566774282873717894e+00
2.372399264025000232e+00
2.287013695200780461e+00
2.642026955338169003e+00
2.621091862667920935e+00
2.570791429654865290e+00
2.677295419904855311e+00
2.668099933613029329e+00
2.532492415795118301e+00
2.528454763730971333e+00
2.475647863652022274e+00
2.520091191016005094e+00
2.575617612523284361e+00
2.617368111227833527e+00
2.425439105698111497e+00
2.456146350067879514e+00
2.430343728652426538e+00
2.319394429356964604e+00
2.498518881792914925e+00
2.418877915437379400e+00
1.865519716237181713e+00
2.606093415323861073e+00
2.346089442401793956e+00
2.669068900249053744e+00
2.577484713726674759e+00
2.496611033788484590e+00
2.592644734236510207e+00
2.558460077874312066e+00
2.520644847847266945e+00
2.675049273781586301e+00
2.462915733621807934e+00
2.689198148719357473e+00
2.667513708021852725e+00
2.414982148193321354e+00
2.477730929709031304e+00
2.618018849821099447e+00
2.546368789710506952e+00
2.357236050441068986e+00
2.619040778657753865e+00
2.518180879235079495e+00
2.615137207033492395e+00
2.108109350374394175e+00
2.283855837512711595e+00
2.081755936688962194e+00
2.101295556393999675e+00
2.151962579634033368e+00
2.244437429455003130e+00
2.022825223268955419e+00
1.965272582518460043e+00
1.769738908710451808e+00
1.917473892972903382e+00
1.982506081270750897e+00
2.184470688295812479e+00
2.044967171946899143e+00
1.764247010419238704e+00
1.803020838544541204e+00
2.052607989313907311e+00
2.434531970470297235e+00
2.479289871996185113e+00
2.543131526414280419e+00
2.301865726746929131e+00
2.556147856197781287e+00
2.327751260201682104e+00
2.272812124765132058e+00
2.323401719830809231e+00
2.495818088554455638e+00
2.538820474604184696e+00
2.616669443387042993e+00
2.230887293274729899e+00
2.396202681299708370e+00
2.349806016302778300e+00
2.375838995427361322e+00
2.389190624128655571e+00
2.626673386766003038e+00
2.430276796844254239e+00
2.578027676825736858e+00
2.608256820487018235e+00
2.519395539701286602e+00
2.387215100980408788e+00
2.659470053326046468e+00
2.567700501732947949e+00
2.468514370596632368e+00
2.712466483601926104e+00
2.706831394384497269e+00
2.730779551674272110e+00
2.589737468853059887e+00
2.601151020238402722e+00
2.634364813030117602e+00
2.053814998562782712e+00
2.292971534990296156e+00
2.417807439881815679e+00
1.881040315180706690e+00
2.194522411455229083e+00
1.971447464443386366e+00
2.407416323941172998e+00
2.191271956088663764e+00
2.023476535268767140e+00
2.461976232536203568e+00
2.105464659523072157e+00
2.192623686145956707e+00
2.196032529660913113e+00
2.430667583321347802e+00
2.251222303457427465e+00
2.275057192910038939e+00
2.565536604806397669e+00
2.331802613618580544e+00
2.354670301550129796e+00
2.528008938375684966e+00
2.506751310970102953e+00
2.328957647800441233e+00
2.106666866586169640e+00
2.275893096740873034e+00
2.271002158167103602e+00
2.126762439895488299e+00
2.319480745896890905e+00
2.338045420142937481e+00
2.303993033428960224e+00
2.309678627093263437e+00
2.442579074335377243e+00
2.527837337437765619e+00
2.327435471135385292e+00
2.351851971310398692e+00
2.622103532271208071e+00
2.592311997683211189e+00
2.483177267805581234e+00
2.684997015975706613e+00
2.423129146912498033e+00
2.430090358075583268e+00
2.419126228481260465e+00
2.571091851501795755e+00
2.401825309465611902e+00
2.414032919158589419e+00
2.437417375375670048e+00
2.673506294255614701e+00
2.617541206408001475e+00
2.515679296999653314e+00
2.426727415278293165e+00
2.637120043693650828e+00
2.678487192998172173e+00
2.462645726707530347e+00
2.689132097677170208e+00
2.495039601528918460e+00
2.539630594409973519e+00
2.693845654694033698e+00
2.477953769828312058e+00
2.522354631759810673e+00
2.440646738188120946e+00
2.366104812783452527e+00
2.482505575427636391e+00
2.511034517581499426e+00
2.494344080754493209e+00
1.963961935751217691e+00
2.068768263604675806e+00
1.859202982858388253e+00
2.131136197215970363e+00
2.142593917180569019e+00
2.131819415076386726e+00
2.087763832964391053e+00
2.077022429834574080e+00
2.021608320280089188e+00
2.218999027776717092e+00
2.209078164690268409e+00
1.984278122216724505e+00
1.964107067176962707e+00
2.017471677673077668e+00
2.353964740212278972e+00
2.063184309514775716e+00
1.978710398494769152e+00
2.457983788077411802e+00
1.906669880626649549e+00
2.190524081059279649e+00
2.052394260315294705e+00
2.510754057375315096e+00
2.062145983037512842e+00
2.053854607656816711e+00
2.424760820769207736e+00
2.209527594147449037e+00
1.995165756037164728e+00
2.239866355714969171e+00
2.472797711564092449e+00
2.175122172790194153e+00
2.236281285893125581e+00
2.186415927066360343e+00
2.213674698181947509e+00
2.430819213322673367e+00
2.476617605891794582e+00
2.541583298196171015e+00
2.571373267705109988e+00
2.106881456759843729e+00
2.111915651786343329e+00
2.204724208050422352e+00
2.188146446415597968e+00
2.557130380981205153e+00
2.513861508570510050e+00
2.393469944899184298e+00
2.160771471630669627e+00
2.381844620493347886e+00
2.489507328601001657e+00
2.410903943124050208e+00
2.388824300705980619e+00
2.391388201201363639e+00
2.301860098468190952e+00
2.346081177767903370e+00
2.237702668197461886e+00
2.232079728483886694e+00
2.049892278189541894e+00
2.181145966480210863e+00
2.204588676892413446e+00
2.534006724326590021e+00
2.147163592021360312e+00
2.238874375698122421e+00
2.390078774284713159e+00
2.143923714969401484e+00
2.470368180831724381e+00
1.971453098338182608e+00
2.352871668087414214e+00
2.148182782613259345e+00
2.427924827657950146e+00
2.285426903171716262e+00
2.130844409939993245e+00
2.554151179425583784e+00
2.245545899737161566e+00
2.424059150453839351e+00
2.298188581252212259e+00
2.617037278180304405e+00
2.323599468303736870e+00
2.340040063679384552e+00
2.545408633001120080e+00
2.168043032472426912e+00
2.457240714186003316e+00
2.452593846318919191e+00
2.669128294882904040e+00
2.298469294158474785e+00
2.273956160533790793e+00
2.338226579443992925e+00
2.300591914928084680e+00
2.250223463298758109e+00
2.245206074347774639e+00
2.311491113061431513e+00
2.562352745488754024e+00
2.346253832640249115e+00
2.555063627204162913e+00
2.371917638891878788e+00
2.399762753055534770e+00
2.547264102111257422e+00
2.377100925567751766e+00
2.116212580223603812e+00
2.217308434248381310e+00
2.390234056007705998e+00
2.211875798876930865e+00
2.549128678771488854e+00
2.334152667778031098e+00
2.665426432888688524e+00
2.097151937393561205e+00
2.290278071577351415e+00
2.384683110331764944e+00
2.584870000902961262e+00
2.518105100345894076e+00
2.581602415498496228e+00
2.673421793245684963e+00
2.567159167143887810e+00
2.566506688954385496e+00
2.610756739012293881e+00
2.596139792144684488e+00
2.498589175442565313e+00
2.595911020940110614e+00
2.410894718526364056e+00
2.472200102053247583e+00
2.448230116060079453e+00
2.195438398123476187e+00
2.428974901032944889e+00
2.422256012877236131e+00
2.448472594006101843e+00
2.430215476457115553e+00
2.555660481285680241e+00
2.482250936799185403e+00
2.414783415225235430e+00
2.476503226919242184e+00
2.660785386973072875e+00
2.687019497714623562e+00
2.428651239392743300e+00
2.406777180851762843e+00
2.688161537070617335e+00
2.574511300544858550e+00
2.663988110955094246e+00
2.590487843010292668e+00
2.356470345329295224e+00
2.629235695468855383e+00
2.625952536127851733e+00
2.311543143351858731e+00
2.710018537206694500e+00
2.340597113331523094e+00
2.512439731182943170e+00
2.364112007125899861e+00
2.562423472964583837e+00
2.469089415962971934e+00
2.298875864709405636e+00
2.613146527447137046e+00
2.608437406750953702e+00
2.655964582815670827e+00
1.947945323273339691e+00
2.043933059361210169e+00
2.104357894095790105e+00
2.073975336606935560e+00
2.038257900377540732e+00
2.127744807853574560e+00
2.097617364991452238e+00
2.071125351357176125e+00
1.988555811027824083e+00
1.827973000739538501e+00
1.944565193596605068e+00
2.025643570366654433e+00
2.232349239974058097e+00
1.941750815119043017e+00
2.100759634939767917e+00
2.106484117214880492e+00
1.977765172935478377e+00
2.390833396603619043e+00
2.403440917394189746e+00
2.236835557122097917e+00
2.413739523077497839e+00
2.286874720539752825e+00
2.415828817750163893e+00
2.347778418115742394e+00
2.543140677579013076e+00
2.446513692271376161e+00
2.179849411122082081e+00
2.348095402316169089e+00
2.358307255836570526e+00
2.345431274072937278e+00
2.358581101310151418e+00
2.630071670552217800e+00
2.466578693248246967e+00
2.520528463510068651e+00
2.394361987524049606e+00
2.574403263317128321e+00
2.429311161228234095e+00
2.559803080117106777e+00
2.347754999145919008e+00
2.531878629259152635e+00
2.606975673940651550e+00
2.668934428051754182e+00
2.439714112378453592e+00
2.605519289358047885e+00
2.681292746731351428e+00
2.527091510399952501e+00
2.521397362960659638e+00
2.640848061758087617e+00
2.604632853173844076e+00
2.679317535422803598e+00
2.740807213490985994e+00
2.490308706963671792e+00
2.584005611503778610e+00
2.543735712288889061e+00
2.569602334696625245e+00
2.230509508283737841e+00
2.373806873982580612e+00
2.365735044855960645e+00
2.245565836720377906e+00
2.344642085737715487e+00
2.302913260313737887e+00
2.437166846110508711e+00
2.357641797008457107e+00
2.112934297782460558e+00
2.237445445724169257e+00
2.047373932231630445e+00
2.158357263107980817e+00
2.345710949084053087e+00
2.177887773979480190e+00
2.230211713000060936e+00
2.214196176696555440e+00
2.344677375410447961e+00
2.209803738431700637e+00
2.394117109158921508e+00
2.127556148943930303e+00
2.371649924959116085e+00
2.413675360773531953e+00
2.051241747961715323e+00
2.191736934041764506e+00
2.129602767803395746e+00
2.340723747174922931e+00
2.417736530226298974e+00
2.395450284963245746e+00
2.482833714809837833e+00
2.423943302145508571e+00
2.491512581387639980e+00
2.499666489624249976e+00
2.355162123268031760e+00
2.584793301239884489e+00
2.470650916309226730e+00
2.451199141818877436e+00
2.613877336074318602e+00
2.663817451849761486e+00
2.575307136761483040e+00
2.685775703323375563e+00
2.502052416622364106e+00
2.428529291967853165e+00
2.451973604789928984e+00
2.311767396913193107e+00
2.382155910057503601e+00
2.466960484896490780e+00
2.558807178124189896e+00
2.455761752175486645e+00
