1.632389164524496783e+00
1.475507639102254798e+00
1.365496211796755954e+00
1.487121124683298934e+00
1.399859365070131645e+00
1.413279314714701140e+00
1.721576741586344994e+00
1.657698249268371837e+00
1.552057080940490774e+00
1.638662954492483115e+00
1.713152859367796710e+00
1.660349379787688484e+00
1.615234963073912455e+00
1.692975608246975794e+00
1.820904132857747548e+00
1.693182496747538623e+00
1.597046990443219405e+00
1.863676742831972488e+00
1.586679310418595890e+00
1.718074716237777189e+00
1.773677410149043787e+00
1.749157957445953926e+00
1.824135066437034158e+00
1.672928172090013543e+00
1.772413632931598482e+00
1.777266696386480271e+00
1.603543389835148991e+00
1.854293239914089675e+00
1.648776454158427329e+00
1.862217346886994696e+00
1.649195089505332890e+00
1.640275018041265298e+00
1.579987178396693004e+00
1.671251682660873428e+00
1.600669697321768670e+00
1.651260039319472073e+00
1.694334148550494579e+00
1.542967173670374281e+00
1.520967881927604459e+00
1.641312441766557439e+00
1.760056290981452776e+00
1.629200740993078211e+00
1.610180049688221038e+00
1.728475773624133849e+00
1.614872254572331300e+00
1.823191244153247625e+00
1.670059392578654434e+00
1.672502263688699697e+00
1.718816138018332884e+00
1.694389056188138731e+00
1.559616971420516807e+00
1.462186276876240365e+00
1.579513208446873040e+00
1.364482453929765304e+00
1.304191260912716643e+00
1.477427215247073100e+00
1.611105671978740217e+00
1.526751355919002906e+00
1.802412867709474398e+00
1.701103529200480580e+00
1.637169403948417923e+00
1.588389584489451112e+00
1.557339621668540453e+00
1.628330111225826826e+00
1.650473123698644518e+00
1.774259691169889130e+00
1.668416825083124166e+00
1.589030525165199936e+00
1.674102080571767015e+00
1.822237410657993273e+00
1.832767268145972572e+00
1.806954175376333405e+00
1.791980074627827824e+00
1.597986174114989666e+00
1.686831149377354455e+00
1.887203655036056693e+00
1.606612329343038770e+00
1.892161335085360996e+00
1.620160472359319037e+00
1.683431539725238180e+00
1.683758654909423003e+00
1.753387090325372322e+00
1.589760356863420210e+00
1.611468067016159633e+00
1.554592483156547411e+00
1.759494764609085049e+00
1.757302525093685786e+00
1.858067724402561183e+00
1.712747063455626995e+00
1.581881004383829836e+00
1.613441574403489565e+00
1.575472829940220088e+00
1.585806145512127063e+00
1.656207165410712445e+00
1.635226675918553196e+00
1.681425533944863382e+00
1.768826531579696271e+00
1.801520502486177788e+00
1.690320493602901264e+00
1.622193516563416260e+00
