2.024617245615306871e+00
2.111169322690215289e+00
2.228410910524201594e+00
2.128051911929472517e+00
2.080037060616033440e+00
2.064062126377427031e+00
2.200979792484179409e+00
2.348334059735749602e+00
1.999539790554540675e+00
2.266554793485446861e+00
2.073275965460199544e+00
1.971124885539398575e+00
2.008388908376963489e+00
2.174751042327623729e+00
1.995235383675995511e+00
1.951312322060879456e+00
2.466761359939808163e+00
2.032032390418335055e+00
2.445325967248287213e+00
2.022926366329894421e+00
2.071806842741012566e+00
2.043810427552634312e+00
2.504352066833916979e+00
2.442958243649194561e+00
2.022605248679874457e+00
2.254243923838910924e+00
2.216354412527004936e+00
2.152688798233163503e+00
2.477995381515008866e+00
2.098935454653507282e+00
2.073633467465544555e+00
2.445409399541966788e+00
2.254279988786143107e+00
2.224277896546146938e+00
2.294181667208645248e+00
2.431827550321645770e+00
2.302945258937121320e+00
2.401763670269184914e+00
2.397467496705206980e+00
1.795196350601888868e+00
1.907938649549776100e+00
2.097495617598634787e+00
2.067448397868127064e+00
2.393703594066960871e+00
1.927214066058316577e+00
2.208928823904434235e+00
2.271455870755222595e+00
2.247511533618500312e+00
2.218146337120938671e+00
2.059040788321548465e+00
2.272198752622231144e+00
2.233200197454900504e+00
2.149300589351019308e+00
2.189991049768108322e+00
2.210742664745155572e+00
2.202078505471007031e+00
2.297750201496642664e+00
2.058507358095670536e+00
2.244828564231797774e+00
2.190669355073776359e+00
2.448772689597896957e+00
2.045742012738698268e+00
2.270458434348915588e+00
2.149983655591880094e+00
2.393017724952060110e+00
2.359382915943101899e+00
2.237100930761511286e+00
2.102211046612025402e+00
2.336278005078198383e+00
2.342738917571185908e+00
2.323659701678951084e+00
2.433156403942519752e+00
2.556117301917585127e+00
2.202752587892848446e+00
2.410291547272454871e+00
2.287830376690489498e+00
2.352809963320049214e+00
2.230198185708077041e+00
2.562000761144511696e+00
2.265704709932962135e+00
2.344326648773316979e+00
2.238997997178114208e+00
2.306006487780966285e+00
2.302484111272790290e+00
2.236933069369322347e+00
2.249646951319734800e+00
2.103826252395610386e+00
2.371540968453501819e+00
2.497159485376314159e+00
2.488048225092429178e+00
2.305019460071390913e+00
2.295795910299605946e+00
2.296540807088490066e+00
2.293010260326030725e+00
2.241926074810741021e+00
2.389850626334863559e+00
2.452361367338407927e+00
2.492385643761693803e+00
2.248160251271843268e+00
2.254699923210299772e+00
2.330907175127091335e+00
2.438663301942228578e+00
2.591884217376761779e+00
2.605213884175459960e+00
2.694597702025711694e+00
2.577215110854500946e+00
2.468382408641489167e+00
2.552262871480852624e+00
2.482773214735085610e+00
2.501136072559577705e+00
2.602856922185845523e+00
2.280990998434875738e+00
2.277850998894171308e+00
2.310632768395473491e+00
2.306416508975032365e+00
2.415660260031800011e+00
2.308208761630711425e+00
1.803265325052972212e+00
2.490719499314712149e+00
2.278370350265284117e+00
2.414498077921142905e+00
2.486800541345796756e+00
2.357992203703347833e+00
2.450829219402267167e+00
2.418350707897511498e+00
2.330218945284663334e+00
2.568590569574045634e+00
2.303923517339979465e+00
2.569743415598207292e+00
2.464277023549561907e+00
2.361485094690410236e+00
2.363093088910315664e+00
2.466344479486892727e+00
2.420638450013407716e+00
2.375661066803013366e+00
2.574446460777466861e+00
2.460432451040988067e+00
2.548111782399077097e+00
2.000164619326437077e+00
2.153725857531380239e+00
2.026561472563681576e+00
2.022482413934040935e+00
2.030961841869783679e+00
2.160149061424344819e+00
2.069917132313632280e+00
1.900759401911737312e+00
1.742554680041458859e+00
1.868360874619139356e+00
2.040994874317187069e+00
2.042996292024621852e+00
2.013885147497834982e+00
1.603454097987833782e+00
1.908802960763351653e+00
1.954721249547173079e+00
2.405055647806972452e+00
2.450147586379095355e+00
2.420296992572507744e+00
2.296980364907295069e+00
2.536464501614719147e+00
2.301308516836900520e+00
2.178977092272119886e+00
2.269893844815500827e+00
2.462782721692444277e+00
2.492435659457738151e+00
2.574925838938554978e+00
1.993420571335771996e+00
2.205459684138449283e+00
2.344218788312077972e+00
2.445838747022030191e+00
2.334076010144376045e+00
2.555276058371667158e+00
2.363020615530021740e+00
2.536593910700646326e+00
2.518884203771292629e+00
2.525303644810108494e+00
2.264970483391112399e+00
2.475531080996251188e+00
2.521965815079430850e+00
2.440626472556752358e+00
2.637130545613704857e+00
2.535831545182399172e+00
2.685694814109246487e+00
2.470093384383452495e+00
2.500222628772498901e+00
2.470913582505222195e+00
1.954710340557632264e+00
2.255668331258530390e+00
2.268340556273699793e+00
1.857637919546007099e+00
2.113587826943189807e+00
1.992016761614758380e+00
2.363717163623478612e+00
2.232932920439275826e+00
2.045673493832242062e+00
2.305911699990525587e+00
2.144745300974948865e+00
2.207897291950744023e+00
2.142347305906038279e+00
2.397897473502264010e+00
2.279937838787175597e+00
2.240200672682437499e+00
2.501169672056469562e+00
2.390177661312702817e+00
2.271482937266918523e+00
2.572963960224117663e+00
2.583494495071720021e+00
2.152545025884420760e+00
1.917462981622969576e+00
2.100361277390059289e+00
2.052628951600860674e+00
2.101876823770659541e+00
2.170374888954640813e+00
2.131759111271040119e+00
2.265953734974055500e+00
2.169205132449846474e+00
2.216487034384073240e+00
2.482375403208893161e+00
2.277885187161944547e+00
2.316625828226162476e+00
2.544558640453292497e+00
2.484845472250983178e+00
2.376111176952753201e+00
2.597084422942651294e+00
2.382944396400250131e+00
2.352848381267760303e+00
2.367284986554013315e+00
2.442163936891964759e+00
2.414119767701855768e+00
2.391798212513301713e+00
2.383591008590547844e+00
2.666970097459903766e+00
2.692616435221110383e+00
2.514282636432593421e+00
2.392385320015997685e+00
2.640668765529719852e+00
2.608241221426500722e+00
2.469019561083626080e+00
2.539582649513877577e+00
2.517791172302988656e+00
2.528376097936647415e+00
2.640417508930234636e+00
2.431151946723927981e+00
2.520331698557498612e+00
2.444258777193967003e+00
2.348158419281689113e+00
2.344875798665751354e+00
2.486405137556599865e+00
2.461255253301014800e+00
1.889289251631704358e+00
2.123587235581245736e+00
1.959899494880322113e+00
2.163792915577084752e+00
2.246560587522076435e+00
2.146794549627252913e+00
2.238758652796219994e+00
2.058735717020794276e+00
2.077779941504823036e+00
2.198263217661103219e+00
2.152965859829347295e+00
2.087262186056117574e+00
2.003275691945827663e+00
2.036810745234434172e+00
2.342108494996085533e+00
2.095785042390765796e+00
1.953327188118314295e+00
2.350374706912195411e+00
1.982096339174202360e+00
2.167470777727533271e+00
2.101941153852042277e+00
2.610035511426147536e+00
2.094176049844839405e+00
2.089066486587112248e+00
2.336346546232192178e+00
2.422122859272712425e+00
2.140907716736127231e+00
2.217984004879777871e+00
2.378329282353992546e+00
2.128382209260092139e+00
2.210788825474777397e+00
2.319643634443818492e+00
2.261416723057259937e+00
2.374125590247316619e+00
2.395491846127848046e+00
2.451612889454003241e+00
2.504539173529204632e+00
2.037072382543905213e+00
2.079086908179968773e+00
2.130927644090943929e+00
2.245784637251080351e+00
2.464899218814248005e+00
2.441870942163679725e+00
2.343690900956562739e+00
2.124768505288583409e+00
2.277734823559625088e+00
2.382743351354477568e+00
2.331492961620475590e+00
2.307516849072468013e+00
2.222033423802263208e+00
2.167698411800067060e+00
2.176050929430963787e+00
2.183725600930803257e+00
2.100384747106849748e+00
1.992387495365038230e+00
2.292597253746525787e+00
2.222441489798796077e+00
2.285885976819195697e+00
2.113888776035132366e+00
2.195105298838254448e+00
2.356265245480801962e+00
2.107190365040604085e+00
2.322852806594996267e+00
2.059469360733466203e+00
2.226945073351831450e+00
2.162348323891301938e+00
2.407456048616992028e+00
2.356150311383663709e+00
2.160169777180501516e+00
2.426788414475832489e+00
2.150885555896839829e+00
2.389321601326813926e+00
2.276519358195303600e+00
2.453605361881915581e+00
2.216728030494398816e+00
2.296617037892203506e+00
2.472196075742739030e+00
2.087263027798191395e+00
2.304103038864850017e+00
2.396827054509778954e+00
2.573318603741317379e+00
2.218693498859849011e+00
2.247172363844500698e+00
2.278189340527573492e+00
2.310382564877071054e+00
2.169277713480813663e+00
2.192466895803877769e+00
2.350588802942941147e+00
2.461782443034568058e+00
2.457051583625279534e+00
2.497618265719014907e+00
2.270068386497185564e+00
2.449218798060852187e+00
2.383940967918315668e+00
2.267675966796657061e+00
2.127606648164587444e+00
2.288674422098641248e+00
2.345267816558220364e+00
2.440555687562861564e+00
2.454611680556769482e+00
2.247467563074052155e+00
2.553778866042355933e+00
2.237013377658566338e+00
2.223387124845086937e+00
2.414401665788979301e+00
2.409119529898166245e+00
2.399393187414238238e+00
2.504772550101517670e+00
2.581243321871483420e+00
2.483670576825733889e+00
2.485714381517274862e+00
2.559916447067765777e+00
2.525712073307206040e+00
2.450897823207841331e+00
2.538558586988421961e+00
2.512021725376259340e+00
2.499767150608799504e+00
2.361640526346573843e+00
2.167411626089103205e+00
2.352223070273086414e+00
2.303848464666085949e+00
2.359488249843134433e+00
2.300617547243803962e+00
2.423310677911648892e+00
2.464296112765708813e+00
2.553278805560901699e+00
2.408393762931424043e+00
2.570231196269245011e+00
2.679081834706429355e+00
2.320819475610799820e+00
2.355629989072042907e+00
2.543407067783350683e+00
2.467511442136579358e+00
2.578425491727531771e+00
2.462261360610604299e+00
2.419264211371616735e+00
2.619456493067208402e+00
2.512481838670004741e+00
2.254108517501856923e+00
2.503964661292347404e+00
2.243543874631569235e+00
2.290896675593488307e+00
2.210446682540852859e+00
2.440771326058256196e+00
2.292459733412509415e+00
2.201771226299795270e+00
2.553104079149125738e+00
2.517608522905960378e+00
2.630511597765717191e+00
2.047407673125446692e+00
2.055032288945790153e+00
2.138118670809639355e+00
2.163878293789425200e+00
1.888515001859216502e+00
1.986841623561029779e+00
2.184849906388456997e+00
1.981064748831647071e+00
2.125587423392300224e+00
1.894838944014701543e+00
1.929343624422905190e+00
2.237082637338509095e+00
1.975444265801745258e+00
2.145663685531672193e+00
2.000529977368011636e+00
2.042791946012895821e+00
1.965535260821223096e+00
2.420556666301608040e+00
2.497778517188567804e+00
2.554030477839892121e+00
2.305435914061259250e+00
2.379508818340796861e+00
2.321882433731396578e+00
2.243245383850490438e+00
2.482788582318478543e+00
2.395089289518514075e+00
2.150094140633194151e+00
2.272927724347970635e+00
2.271942323554891452e+00
2.224755783533943543e+00
2.327719125374998477e+00
2.493643918216938538e+00
2.364385686169832024e+00
2.379612366945994317e+00
2.323246917450019655e+00
2.563513308951954173e+00
2.330595767743159019e+00
2.572434282916953752e+00
2.364236502132355700e+00
2.463870103541197842e+00
2.533608126250131320e+00
2.661975088648606214e+00
2.416447064145222701e+00
2.642720985206421513e+00
2.674647217097947394e+00
2.585057780553124296e+00
2.328684116788840797e+00
2.512637014236187127e+00
2.577685387536766015e+00
2.670618269307853954e+00
2.707708433638826850e+00
2.491610805269201201e+00
2.449856569667134387e+00
2.471940083457279780e+00
2.522048719655173521e+00
2.177392284333453887e+00
2.330725251054643898e+00
2.475970565648013544e+00
2.311501136080403196e+00
2.499655359202135330e+00
2.497046452947318862e+00
2.491283321856539335e+00
2.445971224892405260e+00
2.149525817804469607e+00
2.235311292388480808e+00
2.042413151663230231e+00
2.054807725925473783e+00
2.312984275673386492e+00
2.117259239989081276e+00
2.162181833408995946e+00
2.153713345821449021e+00
2.126561067010019901e+00
2.168699698224383354e+00
2.207407840045901626e+00
2.042845269275197051e+00
2.203907214166175077e+00
2.226828230540300879e+00
1.918653316677922271e+00
2.137761707355271934e+00
2.090031139476829836e+00
2.320583337377936317e+00
2.419411241005372748e+00
2.336285101457627800e+00
2.512634802471530371e+00
2.400370548103912149e+00
2.419755080954735682e+00
2.453610328391655049e+00
2.410878978517909221e+00
2.509666524345260274e+00
2.541533049880870809e+00
2.435506182674171072e+00
2.642453519335535628e+00
2.562775807857450960e+00
2.571081649650667877e+00
2.660425516452479933e+00
2.528685742743926657e+00
2.397842594148702489e+00
2.400331622978139734e+00
2.317145725533534151e+00
2.377965533683019217e+00
2.379278719022285937e+00
2.347227262639296708e+00
2.393992711641453663e+00
