1.718808563011236634e+00
1.795138877367633556e+00
1.857159428463627471e+00
1.662210464922501352e+00
1.669293677787314856e+00
1.851071644213439393e+00
1.684912013909880546e+00
1.902828556121372916e+00
1.641616689456100620e+00
1.703523839461951184e+00
1.890091184286466275e+00
1.634618580132002119e+00
1.779769267197021776e+00
1.918893061450937410e+00
1.735485521726889857e+00
1.906220056269860796e+00
1.973290324437050325e+00
1.927046045352954762e+00
1.824725931299179482e+00
1.826257177299150714e+00
1.910222736175075431e+00
2.113095270944863380e+00
1.796118826697822746e+00
1.822431043309324039e+00
1.955337429943196037e+00
1.952440100686827051e+00
1.999981471563276658e+00
2.071368033094223016e+00
2.147663482635492560e+00
2.006990576360510481e+00
1.724533440564373077e+00
1.975068436801237892e+00
2.138106844535510920e+00
1.771305223454211264e+00
1.776886522982107142e+00
1.710734526008225842e+00
2.292426511292614766e+00
1.906414429470941974e+00
2.210546734570744576e+00
2.208659460052750934e+00
2.092757180704622133e+00
2.172593920443981030e+00
2.041401597641403942e+00
1.970105211395913658e+00
1.935837476548675218e+00
1.975237196850935018e+00
2.219568175140288702e+00
1.969925914611819540e+00
2.078891635106959068e+00
2.184266960123619761e+00
2.006893327497529356e+00
2.237347809964758127e+00
2.064226635055199210e+00
2.200078147652778870e+00
1.647759878643148657e+00
1.758839820029439505e+00
1.605086269539651056e+00
1.590644117669902213e+00
1.555492884043981006e+00
1.737172740568741380e+00
1.967219090763970835e+00
1.953567676787278273e+00
1.743228149526413029e+00
1.817974159837699499e+00
1.691091866618439354e+00
1.866634509317438573e+00
1.904633120145532432e+00
1.978431838135515264e+00
2.231332629644655174e+00
2.148335474274124302e+00
2.145522375472948440e+00
2.235044071797077869e+00
2.291169757630540538e+00
1.627712941118653278e+00
1.733195245156512243e+00
1.672257971916709662e+00
1.806224115502207406e+00
1.893097900992855021e+00
1.882339334188626756e+00
1.936321206999353839e+00
1.897506656723993324e+00
1.943236553978390679e+00
1.889173811000280478e+00
1.742756738345011769e+00
1.844777645243315112e+00
1.894105305134309747e+00
2.101115490630879101e+00
2.023923672355425474e+00
1.983774919231350742e+00
2.161776684083367872e+00
2.052324065999517444e+00
2.120976398615415537e+00
2.193917920494015128e+00
2.100061936223399428e+00
2.217716130947363418e+00
2.147661723444599602e+00
2.033272381699087639e+00
1.953831501580392205e+00
2.021769000042107134e+00
1.796406431889232103e+00
1.770468770125971814e+00
1.802110511629917200e+00
1.811892106124523449e+00
1.670258205489360437e+00
1.918049647531877788e+00
1.682583710005627786e+00
1.844743889327261410e+00
1.745851927715578844e+00
1.655772359855441023e+00
1.743117392490622475e+00
1.923374052987927518e+00
1.757110491145551956e+00
1.637266235164982264e+00
1.959118518355750682e+00
2.074858372247712968e+00
1.809871795463281252e+00
1.696952782385146019e+00
1.996144968678136067e+00
1.787124258246392206e+00
1.943746891982817804e+00
1.818918598398141739e+00
1.840916873696191169e+00
1.999864058589867488e+00
1.935897826411389300e+00
1.808247355400587564e+00
2.089207450670010235e+00
1.803753101328529063e+00
2.006671908420721628e+00
2.007896028320315551e+00
2.065901854340759236e+00
2.117067687948717580e+00
2.010855823590611102e+00
2.109876677039227211e+00
1.915011633792097934e+00
1.875367676681736429e+00
1.952876019508658079e+00
1.830435038106718038e+00
1.884889501995995253e+00
1.866297308196446458e+00
2.214464984806758352e+00
1.791413078322284802e+00
2.164982547295645432e+00
2.244816059519082696e+00
2.216967550118738473e+00
2.074467637464091574e+00
2.105766589000589661e+00
2.210374577877658009e+00
1.848215793155604914e+00
1.707294812726195321e+00
1.891998124874175069e+00
1.996068736131112686e+00
1.865334720352736397e+00
2.113093680315601297e+00
1.899982835758549982e+00
2.191391695618746471e+00
2.222226459540860066e+00
2.007804627264240249e+00
2.256448167970029228e+00
1.832777665368403364e+00
1.798437383768722420e+00
1.871077907024018439e+00
1.719499139891382811e+00
1.702430449552185809e+00
1.628120189526884420e+00
1.988117264999060385e+00
1.894774835072539743e+00
1.888675028291082025e+00
1.834857115347958256e+00
1.910551448403315256e+00
1.848362149232551044e+00
1.897016463625637028e+00
1.923630848075666977e+00
2.156579320921140575e+00
1.969081022009195880e+00
1.916510452493685568e+00
2.223616224232892957e+00
2.070601497926006562e+00
2.099082301901311176e+00
2.231599152854748969e+00
2.079647463653067962e+00
2.176757656088812443e+00
1.994606876752591962e+00
1.941488879603691542e+00
1.931391356308058471e+00
1.755366422742427712e+00
1.815733753449511712e+00
1.700794628310760670e+00
1.700806865673221369e+00
1.596758366034400911e+00
1.977668071750865675e+00
1.809061253160017202e+00
1.883411076096126235e+00
2.034992200271963814e+00
1.972597626722468078e+00
2.088667870942596316e+00
2.002830566296582404e+00
2.009283864688720112e+00
2.093731901173710330e+00
2.094147089096937808e+00
1.976472485937734946e+00
