1.785398401300170024e+00
1.795139492179331331e+00
1.892458408199566344e+00
1.697504114202645020e+00
1.770220462072293222e+00
1.921220229192344586e+00
1.754469746454418333e+00
1.975173455303402825e+00
1.831484230593871221e+00
1.853204274502716631e+00
1.976121519309172569e+00
2.017237123480210670e+00
2.017800646029221934e+00
2.002491705352146045e+00
1.673647886557645847e+00
1.826708570523610131e+00
1.953935140395198333e+00
1.940099528551899821e+00
1.770719635252512081e+00
1.882526703865373907e+00
2.015988010959750110e+00
2.091699098804139734e+00
1.722119187949214814e+00
1.744776782668806980e+00
1.817119217015386257e+00
2.012145044035253960e+00
1.830588665502722368e+00
2.066935464508810494e+00
2.118668036377374442e+00
1.857350772401787253e+00
1.815727503326923120e+00
1.940434450079776108e+00
1.925289240847604777e+00
1.792429053063035349e+00
1.736114128839983728e+00
1.864732281884197151e+00
1.999451874912097971e+00
1.938205873463501039e+00
2.111966651899296110e+00
2.096459457505972956e+00
2.092952073199555674e+00
2.091156597076193169e+00
2.074632737277525951e+00
1.979507206833012622e+00
1.909324218483113178e+00
1.970024698103582494e+00
2.183047809801253347e+00
1.930349372092041271e+00
1.987214255948615449e+00
2.137307776955756911e+00
1.959373102818513734e+00
2.188905895621789277e+00
2.004364378322053053e+00
2.201797597721492306e+00
1.844717063105376198e+00
1.815660479962771356e+00
1.707107073514301465e+00
1.710026794055824917e+00
1.802904103928622881e+00
1.701180125409028632e+00
2.063059294075227701e+00
1.901596994771294957e+00
1.878242910173417490e+00
1.881679517294052362e+00
1.710457227463903163e+00
1.835627058737453243e+00
1.935703285760271619e+00
1.969535958529803343e+00
2.230130665848394145e+00
2.050908004178636723e+00
2.124985293807810649e+00
2.272727179618290627e+00
2.312262944333443482e+00
1.862702014123525984e+00
1.786897396140402661e+00
1.689994772519638477e+00
1.807587149033199614e+00
1.958200160762241682e+00
1.914606953897066033e+00
2.032574507544872677e+00
1.903219961980676445e+00
1.987190809488926124e+00
1.884671673430913463e+00
1.830988472087226260e+00
1.804284368310612452e+00
1.893030331357097529e+00
2.060054572883774693e+00
1.992294492592563415e+00
1.933570339623014389e+00
2.157980298581502421e+00
2.030903034293867204e+00
2.139580994282185955e+00
2.043969423733034585e+00
1.980354030935670639e+00
2.220117558016513115e+00
2.252392242998454641e+00
2.042824202668866107e+00
1.959769550028012119e+00
1.956087328736885622e+00
1.798875253625682236e+00
1.750496316692365273e+00
1.803781004089792583e+00
1.780735777562109767e+00
1.700778182295642482e+00
1.865914957504794636e+00
1.722290188286885959e+00
2.100932474799750427e+00
1.756932990031684572e+00
1.727491337557763185e+00
1.843639257898206374e+00
2.017426904362137563e+00
1.814923569689369742e+00
1.769129149899136166e+00
1.979309913680463495e+00
1.970362319730085243e+00
1.890242958948773033e+00
1.725054367003016731e+00
1.941675906020413178e+00
1.764207131825793251e+00
1.901761674763803978e+00
1.808863751960339439e+00
1.862795175217591526e+00
1.948373903139560159e+00
1.753083798826607254e+00
1.845819970588323811e+00
2.102085837996951589e+00
1.762956618760580074e+00
1.807027004371354773e+00
1.953657839362952231e+00
1.863067384368046531e+00
2.045829518520757784e+00
1.900306571685665746e+00
2.046160329628976093e+00
1.809303631359390208e+00
1.879686378517296141e+00
1.991106777887116985e+00
1.888958022579996010e+00
1.851180326403448539e+00
1.747497219625538056e+00
2.076427594502342266e+00
1.814816118209226392e+00
2.040312858941918162e+00
2.262833662381019906e+00
2.060996288759087580e+00
2.054486589487109161e+00
2.014520221542392964e+00
2.094248821923639259e+00
1.835623920890344207e+00
1.791093596561882828e+00
1.993695562687083589e+00
1.964449069293545458e+00
1.834803201902461156e+00
2.063327183898136408e+00
1.830378216089797228e+00
2.117439931936012876e+00
2.165044532961420742e+00
1.978328236810834362e+00
2.197403145656977141e+00
1.853183279057363686e+00
1.858096622374699747e+00
1.896691112703213333e+00
1.751196110892445423e+00
1.707398419142799773e+00
1.677780357199043282e+00
2.060716254228201816e+00
1.896385908954660637e+00
1.918654671772838105e+00
1.911966102635909825e+00
1.888851611564287269e+00
1.816116012820833570e+00
1.886664668033270598e+00
1.895231693435759590e+00
2.176431434343669480e+00
1.929493805686047780e+00
1.872256935094965380e+00
2.185868423133467964e+00
2.107624127510201895e+00
2.281736747591646353e+00
2.326223990907147154e+00
2.110321510208861717e+00
2.189410602221593116e+00
2.008698266541727229e+00
1.880516984247890377e+00
1.967898032885035509e+00
1.764795413560448001e+00
1.824592070891840390e+00
1.734634417159127473e+00
1.680014925965672479e+00
1.668979187441610890e+00
2.028754187731116598e+00
1.854529210037832998e+00
1.951535647224255543e+00
2.044252306623203896e+00
1.957453502772964482e+00
2.007888649568879913e+00
1.918552948549823611e+00
1.940786140489361600e+00
2.243279128482528861e+00
2.150265743315789457e+00
2.042795310893150251e+00
