2.125775870596348316e+00
2.106454250072827605e+00
2.285662553021610588e+00
2.176509693917747512e+00
2.230617042150682572e+00
2.208620642749848262e+00
2.176236769972668128e+00
2.380332417044197069e+00
2.304977654859392544e+00
2.056410285225640511e+00
2.064700642418100252e+00
2.024534592416283196e+00
2.078076037970427059e+00
2.172544791442914569e+00
2.289815013679303402e+00
2.242913417088072237e+00
2.326677611035888216e+00
1.988349047318127338e+00
2.373790033644755937e+00
1.935411111346123647e+00
2.127647170617035233e+00
2.083317658084280044e+00
2.512791288198833239e+00
2.358484877016212344e+00
2.051145048117506864e+00
2.266739534784969923e+00
2.206154905809738942e+00
2.135341265321472282e+00
2.374679597750136484e+00
2.138454692599378593e+00
2.239341755807239043e+00
2.424846516870869273e+00
2.185228766675254786e+00
2.230726642550370009e+00
2.340739317298474287e+00
2.380754469664740469e+00
2.427610924046606389e+00
2.413307139378515931e+00
2.581580009129681663e+00
2.049159967264414295e+00
2.205019794358883178e+00
2.358664934779171052e+00
2.170611330362955282e+00
2.497289972893959931e+00
2.131388243361992618e+00
2.488533854843850701e+00
2.297106974070385554e+00
2.433474553263779150e+00
2.416750150076851344e+00
2.344558866509202311e+00
2.474382325782762848e+00
2.496344356477299353e+00
2.356248328852795559e+00
2.264067091957581823e+00
2.314614577189548328e+00
2.326602335424106105e+00
2.438522965682971666e+00
2.125994364884764121e+00
2.233852158456378412e+00
2.139928849923475429e+00
2.526939328327768131e+00
2.003370106664175143e+00
2.267235374069066278e+00
2.160752199948158037e+00
2.423020033385746785e+00
2.409670289741998150e+00
2.248538946279379669e+00
2.117541161435317232e+00
2.305551769583178423e+00
2.393642915753131373e+00
2.301327488833185608e+00
2.666418463048298992e+00
2.545404716072643847e+00
2.185714752425158114e+00
2.459769871626743765e+00
2.390856873387592785e+00
2.410425798246321971e+00
2.397508491519806384e+00
2.714902106303827001e+00
2.314113788317007980e+00
2.487763270703615692e+00
2.531925548278225246e+00
2.273405601962431355e+00
2.402645936506685675e+00
2.451007099295143821e+00
2.319187240561339625e+00
2.237875854976581369e+00
2.465315503643761730e+00
2.503613913922192680e+00
2.426080175588820609e+00
2.427096038697519997e+00
2.265960293157258221e+00
2.287554654808632293e+00
2.219038671513824834e+00
2.262121352510689132e+00
2.380941331697396635e+00
2.258108517377746871e+00
2.701104094881036310e+00
2.239510532250889696e+00
2.259674578792310484e+00
2.446426178200401313e+00
2.448790097609015337e+00
2.735845834014940969e+00
2.830011849937903001e+00
2.795126898563685014e+00
2.550251014239790059e+00
2.607195675355095776e+00
2.529738964337768792e+00
2.502421413309205978e+00
2.602697607346380337e+00
2.580545844271699529e+00
2.455608066316715021e+00
2.469999114952114994e+00
2.428344107971726284e+00
2.419456672011258913e+00
2.531337764660289036e+00
2.269740387319894026e+00
2.055986986300407438e+00
2.623546661979196504e+00
2.280930558232879157e+00
2.767434907132859223e+00
2.581697650985543824e+00
2.441816659280008128e+00
2.522544286142677006e+00
2.518424735790087077e+00
2.540180572893945055e+00
2.670670651499897463e+00
2.344467309702038538e+00
2.588556459859215231e+00
2.656634098863106086e+00
2.404661037380642519e+00
2.385924345541448055e+00
2.508113779092179918e+00
2.543071889825831100e+00
2.443350029776398369e+00
2.560267517496562117e+00
2.609729606087736187e+00
2.614795090906552488e+00
2.291444111959065832e+00
2.238804521551982063e+00
2.243332685392545933e+00
2.225410721852409957e+00
2.176976247928634756e+00
2.296399851817471749e+00
2.091026916581251172e+00
2.140275579405640283e+00
1.863139571532799410e+00
1.949374946875661152e+00
2.174998501798702577e+00
2.215582827302066349e+00
2.216947647089095863e+00
1.761579038690223253e+00
1.870349415911574553e+00
2.197964904873865866e+00
2.358047160494025185e+00
2.514301447169902115e+00
2.483445397508254437e+00
2.355689265570383828e+00
2.304079504722312155e+00
2.260515670644489106e+00
2.216879110702123068e+00
2.252669344403799734e+00
2.507474238858475424e+00
2.499666755026343168e+00
2.579539150931397629e+00
2.130590700080571942e+00
2.458747704786905075e+00
2.401605077311960379e+00
2.567642446440718818e+00
2.444733545593538171e+00
2.703579157095171492e+00
2.478856513320515376e+00
2.610709910874983830e+00
2.689595271923174380e+00
2.475375010054487568e+00
2.419400547039139315e+00
2.665289351651510152e+00
2.758907621572119773e+00
2.621190106343661341e+00
2.678653120564592705e+00
2.707998399172702353e+00
2.682564010938404131e+00
2.534559373571006358e+00
2.618702007870267856e+00
2.585024427074793962e+00
2.234585820064358241e+00
2.378871480040087860e+00
2.496939823137946934e+00
2.078306214851045830e+00
2.353345939321514368e+00
2.085170368519033257e+00
2.374264488158141617e+00
2.193913229441209811e+00
2.159978173525138434e+00
2.315616106642498728e+00
2.138581912230190785e+00
2.147344143319340315e+00
2.190033192967961728e+00
2.349767427675348852e+00
2.514344314875879505e+00
2.266424552555294625e+00
2.500355681960416909e+00
2.434300622029559769e+00
2.367874633147068586e+00
2.426530507072449883e+00
2.393454007450794840e+00
2.275590635417612972e+00
2.078094286041013650e+00
2.312243211473575588e+00
2.318801378755865450e+00
2.256007214475028722e+00
2.277821662478724640e+00
2.232565962280183225e+00
2.256754694379481396e+00
2.372491448341858433e+00
2.371904605668320620e+00
2.484197591977280961e+00
2.321370362967373424e+00
2.445776008001157464e+00
2.671877255354822900e+00
2.534896277217503879e+00
2.425438886596797960e+00
2.660574054209602135e+00
2.486053006153796652e+00
2.323419973010261597e+00
2.529555770404245507e+00
2.478198412664445183e+00
2.412074579220954362e+00
2.377868869556339693e+00
2.532207317576565142e+00
2.656565805180644890e+00
2.574442672660459230e+00
2.518650001425734697e+00
2.511242176954888716e+00
2.639989205275460993e+00
2.685271364161391450e+00
2.450275419624991624e+00
2.662370266287767961e+00
2.563267189178198624e+00
2.517914538805882785e+00
2.771274954302154647e+00
2.502851953776497940e+00
2.561396167225635345e+00
2.522286840816299502e+00
2.514985719656465335e+00
2.430360263339637505e+00
2.554966026820964853e+00
2.612172697338997818e+00
1.779230589960216546e+00
2.011320880984545312e+00
1.980026881143533091e+00
2.209886882264010310e+00
2.108836971568100793e+00
2.215316962210125862e+00
2.230596038520517244e+00
2.209626342992860870e+00
2.091553143801113457e+00
2.066354673488055127e+00
2.258941406046467204e+00
2.041227424808766067e+00
2.082395675503982524e+00
2.261665542850265886e+00
2.366889905917049397e+00
2.104630707983667914e+00
1.916958178976566174e+00
2.273938531430975907e+00
1.960259117101063264e+00
2.247295669930274187e+00
2.205357566195987662e+00
2.584201513324305033e+00
2.201030285346287751e+00
2.146857714159894570e+00
2.366319566019676301e+00
2.356110174592616957e+00
2.112969559896622496e+00
2.280270583706338616e+00
2.453071079636686580e+00
2.295949052873245577e+00
2.299214339170360777e+00
2.299923415674851146e+00
2.216553354054199954e+00
2.444454040499638658e+00
2.500126095303306872e+00
2.476653783232085182e+00
2.576037234474937154e+00
2.211578275932369664e+00
2.186577280862501027e+00
2.214543524634457139e+00
2.396592092663176299e+00
2.676753151191187730e+00
2.499993632052716297e+00
2.456225920336708057e+00
2.383951394371207844e+00
2.429328295896795886e+00
2.450053848730463280e+00
2.431022613561285350e+00
2.513039571595447885e+00
2.302433658548965312e+00
2.244461888403188166e+00
2.322711846072862851e+00
2.312515416549072444e+00
2.317844616630981402e+00
2.050979189027451799e+00
2.338801539515972472e+00
2.175072980455442284e+00
2.402947247123504049e+00
2.031685369477736813e+00
2.171245994651937572e+00
2.442788474023195100e+00
2.094528008617034143e+00
2.534868832428329277e+00
2.066064460591964469e+00
2.288997817582777650e+00
2.148873874675143014e+00
2.419964535663951644e+00
2.259740068053761153e+00
2.081204788198251610e+00
2.399175631918639251e+00
2.261688049655162125e+00
2.429644752035563293e+00
2.221959458647595476e+00
2.596367889924840355e+00
2.436892596554956825e+00
2.497725459979902585e+00
2.545037089877119296e+00
2.126055747831310683e+00
2.512667461638259159e+00
2.534027916998027319e+00
2.697158983269683397e+00
2.372860711433553149e+00
2.264793206822946381e+00
2.374644827756129839e+00
2.476927748829038212e+00
2.363113958964003558e+00
2.256213710165307695e+00
2.438725808251061000e+00
2.463106794382167841e+00
2.218118569807363993e+00
2.487578963002909038e+00
2.393185766727483621e+00
2.504547862924141111e+00
2.380586668755757085e+00
2.389966829802398607e+00
2.060214374518555935e+00
2.134587255277697881e+00
2.167379521911913187e+00
2.390597818281829490e+00
2.486897191281842279e+00
2.383053553628026400e+00
2.637098529673663982e+00
2.152940867025328497e+00
2.235277088474707519e+00
2.450166420925856237e+00
2.669258732066477346e+00
2.477768002543857762e+00
2.551145474435411842e+00
2.823819189687716946e+00
2.530161557124777527e+00
2.542263647621202161e+00
2.418865521842492594e+00
2.447489150407187175e+00
2.504611523928059302e+00
2.476560468442452922e+00
2.566194495101265627e+00
2.564853690419292231e+00
2.186745911617666405e+00
2.104085497950156647e+00
2.510587394151288620e+00
2.379196575202916275e+00
2.439606000139136199e+00
2.295984046555296310e+00
2.481604742063156177e+00
2.509543702190252024e+00
2.596855722976583625e+00
2.463543435241834612e+00
2.550036558641633810e+00
2.749265187113975717e+00
2.293339691077626252e+00
2.423294066285444526e+00
2.587298819223412316e+00
2.578424398160239495e+00
2.596593579332834079e+00
2.573256246896053145e+00
2.189700204826186436e+00
2.641445303903232844e+00
2.533750313255094255e+00
2.332230234470411556e+00
2.561487823329883007e+00
2.315201099994811162e+00
2.513455391757898560e+00
2.285931539694284975e+00
2.586769973240699905e+00
2.407589271579864576e+00
2.335093034511993793e+00
2.639254648727220598e+00
2.635181902638660922e+00
2.698051752674087034e+00
2.072096789437655850e+00
2.151021668730000336e+00
2.150819381064259961e+00
2.261927675975026641e+00
2.049013967028006533e+00
2.193501643827948655e+00
2.277963499577554618e+00
2.153229069507691662e+00
1.936779082427994458e+00
1.859294568601880693e+00
1.975726142122115947e+00
2.196155587205572246e+00
2.187903070282709805e+00
2.119029004857930332e+00
2.136635538899846587e+00
2.087682735306693349e+00
2.158110348261883527e+00
2.438077171220448314e+00
2.557231318440561729e+00
2.708700678844587539e+00
2.311998813192812197e+00
2.432925474961998624e+00
2.437354977997603811e+00
2.451367395716693043e+00
2.387321664870345028e+00
2.394907599621738825e+00
2.144490965756228107e+00
2.335488270530611032e+00
2.471327041770716715e+00
2.372860054643490813e+00
2.408412447927372746e+00
2.577999562175301129e+00
2.483917133681718514e+00
2.452481626781821689e+00
2.318558780851976309e+00
2.594144471393097895e+00
2.407815204999580239e+00
2.670193225161197947e+00
2.341144487062557289e+00
2.571305170541738683e+00
2.401569715712053021e+00
2.658941904756608299e+00
2.362320673277303218e+00
2.586061255474445986e+00
2.581529301766793516e+00
2.578864459759497851e+00
2.391514674727102996e+00
2.562860430343850471e+00
2.626828046748516332e+00
2.707875066578334877e+00
2.651234359575346478e+00
2.541986484675584634e+00
2.466465946796438047e+00
2.534551355731362143e+00
2.595333429689724358e+00
2.104568314895586045e+00
2.289906885554940263e+00
2.256873078386610665e+00
2.327912943028790593e+00
2.451843578649281596e+00
2.484699875007452707e+00
2.529599245557103249e+00
2.561024313252086682e+00
2.212262336425813380e+00
2.332652204498291137e+00
2.137744810879354418e+00
2.178845024000812813e+00
2.256254775380695854e+00
2.174052378961060850e+00
2.159891460522009421e+00
2.214042436756097132e+00
2.106569111155265794e+00
2.214831751385839098e+00
2.330679605197547577e+00
2.079562446504605866e+00
2.360466236352842806e+00
2.391484249844133991e+00
2.090749983194180484e+00
2.317715185496747488e+00
2.221002176158675123e+00
2.362968869248829762e+00
2.481386980987131619e+00
2.397768719847265029e+00
2.589013166015767808e+00
2.453805124303518159e+00
2.499288535745145978e+00
2.500146459553147071e+00
2.377258772889568661e+00
2.537707616019746926e+00
2.427325597051740225e+00
2.479177095536771791e+00
2.706988960370454222e+00
2.663302819678198485e+00
2.623191776148520837e+00
2.616021262400015868e+00
2.440552208978754578e+00
2.343226889381167410e+00
2.400767512491793099e+00
2.442569050465806413e+00
2.370280451204120897e+00
2.426733325072501390e+00
2.545963453922501785e+00
2.441564107442173892e+00
