1.594944368143407676e+00
1.458901385410814378e+00
1.351848199685008911e+00
1.478776985630323670e+00
1.384763232329834226e+00
1.464171134611546687e+00
1.721597331327387348e+00
1.618869455173797434e+00
1.557682821344146040e+00
1.658305480653410546e+00
1.760423921960510008e+00
1.753403457719935332e+00
1.717322602052097968e+00
1.757748428772742955e+00
1.850228717748978235e+00
1.653530623653690634e+00
1.707129996600608157e+00
1.841990458400943220e+00
1.679534410797355104e+00
1.763178857802112365e+00
1.785118329945715177e+00
1.863671287521839304e+00
1.814546783228890625e+00
1.784364993621866846e+00
1.828931647244959491e+00
1.854883972038133155e+00
1.817674181794912025e+00
1.984134084774147988e+00
1.676945217416995648e+00
1.892189590647064712e+00
1.750288980909620484e+00
1.726983287313861082e+00
1.552709447855316949e+00
1.755894235352414290e+00
1.746303533871732316e+00
1.724643019878306260e+00
1.735209555183354624e+00
1.572234491530942968e+00
1.554630262385850559e+00
1.664289224146218604e+00
1.815898961568309211e+00
1.724345681929770890e+00
1.720303307476171550e+00
1.754934149798287768e+00
1.763888975152755334e+00
1.888482779774622200e+00
1.792066902733907341e+00
1.819570757113728954e+00
1.698734307834129487e+00
1.618155195393903956e+00
1.474082567937410770e+00
1.204166517832956584e+00
1.304868983760374634e+00
1.088960642323011596e+00
1.070132611447508486e+00
1.202782959563528431e+00
1.321053677707355600e+00
1.303006735152201889e+00
1.497135793463731046e+00
1.651052669707422149e+00
1.689526369812396345e+00
1.567891032942284602e+00
1.542051192403231408e+00
1.647790294166184388e+00
1.613587793415467875e+00
1.818749194666089863e+00
1.521174808254017963e+00
1.582461990164232501e+00
1.586289651010931445e+00
1.577917576220091656e+00
1.647495510270600816e+00
1.861761505276266382e+00
1.780202877556643859e+00
1.423268896051206545e+00
1.616566268092888503e+00
1.881711021864125088e+00
1.651919300864441276e+00
1.953257423155548622e+00
1.728317404523409762e+00
1.667820654423285420e+00
1.563693580909160774e+00
1.463938372346838435e+00
1.740801463366455248e+00
1.769029797531852077e+00
1.805089245587932156e+00
1.804146425565484213e+00
1.808546680317365540e+00
1.945681905870093376e+00
1.530965238873918777e+00
1.407028094672391649e+00
1.510986332096713625e+00
1.570100640213615062e+00
1.443466317809718902e+00
1.651632197177556050e+00
1.737320517396224284e+00
1.760428268113397587e+00
1.824579701333796766e+00
1.794335479882726903e+00
1.726530354727298766e+00
1.698256515404872324e+00
