1.734267115495425671e+00
1.534851893864477068e+00
1.522289729058048380e+00
1.510086974989414799e+00
1.492336178452147610e+00
1.557350474780220484e+00
1.710043524427233175e+00
1.756418046339319083e+00
1.596558717640893077e+00
1.618913057905045916e+00
1.749310496087266076e+00
1.745416796533826531e+00
1.731554541496978183e+00
1.830159233480658232e+00
1.894770640276323137e+00
1.676679282381175140e+00
1.687317190198140304e+00
1.996155799820375609e+00
1.645379487984285793e+00
1.914361736199801767e+00
1.833721932030533797e+00
1.895753735811496199e+00
1.923086117946013474e+00
1.776740795957694186e+00
1.760102047998219676e+00
1.866999205771111336e+00
1.770008798997880328e+00
1.875162663548536557e+00
1.701432044913010921e+00
1.976143187242620058e+00
1.783629311200933598e+00
1.646121303583815143e+00
1.540753299146248256e+00
1.833055790242394734e+00
1.772719075352150231e+00
1.878864531302872010e+00
1.858824446432657984e+00
1.601400887950507723e+00
1.493513868523086652e+00
1.586350164055024159e+00
1.855199814444337569e+00
1.717803192256885492e+00
1.742143249050094767e+00
1.749314672644641133e+00
1.734385461042851739e+00
1.858852981127976589e+00
1.917911714641498344e+00
1.829425932144031597e+00
1.787905472162598874e+00
1.760262338015475159e+00
1.757151019651432167e+00
1.562022482983070004e+00
1.708263676519836682e+00
1.568338770743708865e+00
1.461809076234850790e+00
1.635893443306136064e+00
1.638764743805730451e+00
1.639007505568100820e+00
1.724298989535973714e+00
1.762569170157119336e+00
1.733230962291561594e+00
1.662128126059482458e+00
1.633626287023995260e+00
1.727401449486970053e+00
1.755142076558415365e+00
1.866208488133324961e+00
1.750717959220554842e+00
1.682590695959020000e+00
1.783886913364820082e+00
1.968412354388806351e+00
1.897653297742537104e+00
1.944995865973665028e+00
1.906920005044365096e+00
1.525950798336861203e+00
1.708078902895883378e+00
1.957547413497219724e+00
1.790417883128655463e+00
1.981070161203039026e+00
1.729957805456642239e+00
1.796457686911478335e+00
1.740680147955031343e+00
1.784305502493664708e+00
1.726272618495169775e+00
1.697150955944913830e+00
1.753845309456046220e+00
1.957487714294108283e+00
1.862762020164243637e+00
1.944400501766433420e+00
1.893144707547736116e+00
1.641609226090141815e+00
1.697297066680171884e+00
1.582049674722173505e+00
1.525460865611136141e+00
1.722112628676416568e+00
1.729355149038923622e+00
1.732317335791243140e+00
1.812833257340998871e+00
1.874868993928351824e+00
1.879054193033239839e+00
1.745110085912355169e+00
