2.123770520407418871e+00
2.099925026367349457e+00
2.285353119891976981e+00
2.233607857352795545e+00
2.115606965635858039e+00
2.180281061487325811e+00
2.007220243169576257e+00
2.262884882325522096e+00
2.029878585787840528e+00
2.067509513666510923e+00
2.040290285691452432e+00
2.012384708546024026e+00
2.083366350740216255e+00
2.147179468286268378e+00
2.032521277899130840e+00
2.162667061296630333e+00
2.348759350215043895e+00
1.977245458587966853e+00
2.275274555441441304e+00
1.934714208063766261e+00
2.061971750075451748e+00
2.027204016502465844e+00
2.398756614956361499e+00
2.547643262045619306e+00
2.027852277612795184e+00
2.231813561720395356e+00
2.068618327478773278e+00
2.098191959174295462e+00
2.329771157266273374e+00
2.130752727383572243e+00
2.129304577635849238e+00
2.413870356281202501e+00
2.119274481527945397e+00
2.074803483584256369e+00
2.308802844156428336e+00
2.385566523169001307e+00
2.448451686109058389e+00
2.478310825339704149e+00
2.436313489249501085e+00
1.898841436703086138e+00
1.866494420001131305e+00
2.136008049439604317e+00
1.931313583750953411e+00
2.354511139139085607e+00
1.879037429429864181e+00
2.116297282064961927e+00
2.096747132817028625e+00
2.083587772722945708e+00
2.079505894392605914e+00
2.003069381786531267e+00
2.203452888816115784e+00
2.084018223603337994e+00
2.075333144508901828e+00
2.001504811411825902e+00
1.953551009092044044e+00
2.013314891383761740e+00
2.002479377610810740e+00
1.875081971942495596e+00
2.001996477268676689e+00
1.920443527616849222e+00
2.090599951513962829e+00
1.914872724438867468e+00
1.969566172158839112e+00
1.957266760358456814e+00
2.035088071003306354e+00
2.446652698873548193e+00
2.085321992650379208e+00
1.976999368952542246e+00
2.221187117446726589e+00
2.219954598893810083e+00
2.317163993913061493e+00
2.319808816923616845e+00
2.518279707182257798e+00
2.023599368757417416e+00
2.215959225133789179e+00
2.097709497260877409e+00
2.180260371637654071e+00
2.121871424956716545e+00
2.341889693932944105e+00
2.085908913070058546e+00
2.319953473107897679e+00
2.150102743307826803e+00
2.156877953543462567e+00
2.268680140805826362e+00
2.107842710734144198e+00
2.158986671100387777e+00
2.157423322146591271e+00
2.261462253633474973e+00
2.219289633312183874e+00
2.302986892004629027e+00
2.326053750499818662e+00
1.935300349209745141e+00
2.076179630749646510e+00
2.004405568480931432e+00
1.942472938218269274e+00
1.998508777578851703e+00
1.947669838736006298e+00
2.339956584095691294e+00
1.990109388019802417e+00
2.051532748539313555e+00
2.107767059343024663e+00
2.162809290335131696e+00
2.282247085832656008e+00
2.556025075480603981e+00
2.386308358068413682e+00
2.208085910974677102e+00
2.050797148001669346e+00
2.127361349316503336e+00
2.526561484659372248e+00
2.083434204383931121e+00
2.588128703815992360e+00
2.188639514238021277e+00
2.179658786188285013e+00
2.287006170556725948e+00
2.096788084391438822e+00
2.274177424394142832e+00
2.123215445850785699e+00
1.879802473862497436e+00
2.318959386590624394e+00
2.022998162218861307e+00
2.443639817150196514e+00
2.239548006700807115e+00
2.037950665877135137e+00
2.196412530053016177e+00
2.001408888228315419e+00
2.047341481455502432e+00
2.075520506602176685e+00
2.205114488440356624e+00
2.362374902941546395e+00
2.411043112949917688e+00
2.251344881354186533e+00
2.292265558414944948e+00
2.480758814671523371e+00
2.360885501577005829e+00
2.327606155023170587e+00
2.499203241323586511e+00
2.282801150727613138e+00
2.554946816718674185e+00
2.167744837074525588e+00
2.131007407772656848e+00
2.150183252393890410e+00
2.111879311272820914e+00
2.137552895794931018e+00
2.263810310697883743e+00
2.152624141322252882e+00
2.173772894734602446e+00
1.903704515092450755e+00
2.057072783688453477e+00
2.096749474218225107e+00
2.196520291163011507e+00
2.072563403991604325e+00
1.768099774810284908e+00
1.888858409036317410e+00
1.991370339247888310e+00
2.129163948259341410e+00
2.365637507481683777e+00
2.383086433236791812e+00
2.106410885982092029e+00
2.061508580899795273e+00
1.994686140473999059e+00
1.937034525043456190e+00
1.973912083313037691e+00
2.249210357136861571e+00
1.953040762729372659e+00
2.165598283702951043e+00
2.083582919406975265e+00
2.170870682530328111e+00
2.114433830004857295e+00
1.914001435807454188e+00
2.149931582145707232e+00
2.401642272918521392e+00
2.232130182861865375e+00
2.603881725235533739e+00
2.146052702369920073e+00
2.173228064281452987e+00
2.214370663405324180e+00
2.543439811012696783e+00
2.438667849853592529e+00
2.436399329824912030e+00
2.542347105754990011e+00
2.686148382432578696e+00
2.625550439561386007e+00
2.421025141286610172e+00
2.389176582143997418e+00
2.364730332390516221e+00
2.039277315814242098e+00
2.290016829604484716e+00
2.314849803695526287e+00
1.958808627539005531e+00
2.108805617419700074e+00
1.967941104323287060e+00
2.223556777637210935e+00
2.101698128880745475e+00
1.998191699301812729e+00
2.188949833329861594e+00
2.069874145389292153e+00
2.093046123832356109e+00
2.064736872702382264e+00
2.208151305958326649e+00
2.261989939850370668e+00
2.138428276939077222e+00
2.402504259248524399e+00
2.158284758280072602e+00
2.207254478675158449e+00
2.202716016388958309e+00
2.219323386647863661e+00
2.153162109516866707e+00
1.911247010798111212e+00
2.034052162623205984e+00
1.933704121080007221e+00
2.221902393993841152e+00
2.299860172101189537e+00
1.877040672928857346e+00
2.148247088345966560e+00
1.857648573417483240e+00
1.952237845898569191e+00
2.428548730982988069e+00
2.220302683066196270e+00
2.243852586455409082e+00
1.965306024324023237e+00
2.356840272915571965e+00
2.362029996792339492e+00
2.451137808522470873e+00
2.294630359060792379e+00
2.180883764279892834e+00
2.288485617369588443e+00
2.399970699910126015e+00
2.014638350227543118e+00
1.901801727453544588e+00
2.197411708298164346e+00
1.879673831430717312e+00
1.937743117946556293e+00
1.848993597403151723e+00
2.035146792369607383e+00
2.275474424318521649e+00
2.460110800789432339e+00
2.486016962418751586e+00
2.553096134300863351e+00
2.427318946163276703e+00
2.313956678894629526e+00
2.778938914365099766e+00
2.390650490700014785e+00
2.240030821050295717e+00
2.207082126958960000e+00
2.239626323515104822e+00
2.276868780373705548e+00
2.295006761908478410e+00
2.328952304253290695e+00
1.768298078142947372e+00
2.169048141731498625e+00
2.099528892270885017e+00
2.252318317245519008e+00
2.175524749047550888e+00
2.220977410955223608e+00
2.214636621832057006e+00
2.177739203959753844e+00
2.249841283678499337e+00
2.108746121090446124e+00
2.229865838119927002e+00
2.064783613460296152e+00
2.067938563282536002e+00
2.104156329316372975e+00
2.314637298750783057e+00
2.052656021724154289e+00
1.983013864442204621e+00
2.076088831364389264e+00
1.996017855665427998e+00
2.153275663262763207e+00
2.081818037937255284e+00
2.613846317332490177e+00
2.073362245533882042e+00
2.045264847259802732e+00
2.379955076917230627e+00
2.239569543660027140e+00
2.097464282873375829e+00
2.229057119050651181e+00
2.427777434243230559e+00
2.169444979558393882e+00
2.333129889079541108e+00
2.176479986611580930e+00
2.328986217775834255e+00
2.362405545578196708e+00
2.424195137969861857e+00
2.481407036713438874e+00
2.492673282755049957e+00
2.016366027568527564e+00
2.004277876742175390e+00
2.050471825815187721e+00
2.131462129734782884e+00
2.411880754247699432e+00
2.390236651242340304e+00
2.353333888670423590e+00
2.061828491545371289e+00
2.127595350142867048e+00
2.284257276940118153e+00
2.285975627643610508e+00
2.241843505551274429e+00
2.187622014778612289e+00
2.131746985562469998e+00
2.128438343656500198e+00
2.155009433334314384e+00
2.128832109894589930e+00
2.072891096816914747e+00
2.111291893893871396e+00
2.070123969524230834e+00
2.304425857084083873e+00
2.107246433320823620e+00
2.180109815870160173e+00
2.265019367134164074e+00
2.111095531836748584e+00
2.407017934501085143e+00
2.055309904038423952e+00
2.362125393019735231e+00
2.179056578406237232e+00
2.360735449543721387e+00
2.220301901222347940e+00
2.134479176056773841e+00
2.418521532751060743e+00
2.184078179236040640e+00
2.328772164903698982e+00
2.199195971470351285e+00
2.336717147902362512e+00
2.303809350333709816e+00
2.235218684190179328e+00
2.397526613358955228e+00
2.080257245544596234e+00
2.271356194480857127e+00
2.367755414963621519e+00
2.411597983468997342e+00
2.211938440432640984e+00
2.163673600598015501e+00
2.203501656764716543e+00
2.227109135789559158e+00
2.139495176882573180e+00
2.292321552602525792e+00
2.365465733324474407e+00
2.408489778645902746e+00
2.327994336308360612e+00
2.494268556548703053e+00
2.182807584013270574e+00
2.287114737253813423e+00
2.386710746458490018e+00
2.197004836889373092e+00
2.078150257752454877e+00
2.056516956792750150e+00
2.182207933949678047e+00
2.197276834590628614e+00
2.420664884351361845e+00
2.298912479685668586e+00
2.559905172562530140e+00
2.091884378525204813e+00
2.164218212342109204e+00
2.259257663653792658e+00
2.275369217453552917e+00
2.313741224328191404e+00
2.493459068486509889e+00
2.450215866661679787e+00
2.449318608577248924e+00
2.428553538203660711e+00
2.541697595582222302e+00
2.403022842801596948e+00
2.382305363737053039e+00
2.383056456539361267e+00
2.371532169680651503e+00
2.417664574818449985e+00
2.314196739382008428e+00
2.053335295781666847e+00
2.371981349590650101e+00
2.219500837007891914e+00
2.349454500596536377e+00
2.230019323323321423e+00
2.297437013567580344e+00
2.387252829450360103e+00
2.367407614688374462e+00
2.355176105320417435e+00
2.509266123239945134e+00
2.561639328540276317e+00
2.208565642619155778e+00
2.226379044458206558e+00
2.431876657179512513e+00
2.409350957033118856e+00
2.505083873302595077e+00
2.400039751638770369e+00
2.377373707787618695e+00
2.512508204701635162e+00
2.348428637645625816e+00
2.301394928985007304e+00
2.493733368858469746e+00
2.210133434233129801e+00
2.278392042996797873e+00
2.270184040613498322e+00
2.530593876631844097e+00
2.237113046038272657e+00
2.244518151199946132e+00
2.560694799741666916e+00
2.520243840276141789e+00
2.587747684339470666e+00
1.963004472864852579e+00
2.063032563760265781e+00
2.074019626606739219e+00
2.191177281359632190e+00
1.986503422932242469e+00
2.126079552976325004e+00
2.225065491005855822e+00
2.111971039697227770e+00
2.027533692855159053e+00
1.917777187707448094e+00
2.045288362688744144e+00
2.075173241082619580e+00
2.132345279035445351e+00
2.004195633085271044e+00
2.151354530626419681e+00
2.052605591376702510e+00
1.964795589203849113e+00
2.331491884065003628e+00
2.283515251611621721e+00
2.310918122485566606e+00
2.266582308400257428e+00
2.193713555948768157e+00
2.358089456788601712e+00
2.252135268295208714e+00
2.417374628201915510e+00
2.316614656372132597e+00
2.143888285399862870e+00
2.349538730333625924e+00
2.339810780934352685e+00
2.184706435133766611e+00
2.295102994648980932e+00
2.443730463856642832e+00
2.307730903286240753e+00
2.386821284805891619e+00
2.320680879990325796e+00
2.513526444730178167e+00
2.355978078775362139e+00
2.499156488162975531e+00
2.336431602415171671e+00
2.355268640874156105e+00
2.479809818973471636e+00
2.526475010300735402e+00
2.355088399013382183e+00
2.500039054442297015e+00
2.634699013790764877e+00
2.540485176335255169e+00
2.392550526795766075e+00
2.506026145791786508e+00
2.493363594608014822e+00
2.742607902485282523e+00
2.661857543806591675e+00
2.503810031277788006e+00
2.444872360403416600e+00
2.408904816532414284e+00
2.480922614630853840e+00
2.220990871905512254e+00
2.283309139905953966e+00
2.331635807412092198e+00
2.190110105789601747e+00
2.395524079244105931e+00
2.415701414371042244e+00
2.464558670128040418e+00
2.405407352212168615e+00
2.116222597218419210e+00
2.246938312023302853e+00
2.052809107174608627e+00
2.139861529057178302e+00
2.288561192689657631e+00
2.058867617689205787e+00
2.219695870483926914e+00
2.076422900505612734e+00
2.167011924715402937e+00
2.085213993299951607e+00
2.213743046363105815e+00
2.055199156477917732e+00
2.292331469344947248e+00
2.246773702094151393e+00
2.091617307656481017e+00
2.234185837482359549e+00
2.241384880449772687e+00
2.349247656423817165e+00
2.418218184409659965e+00
2.323333638805703316e+00
2.355860746979562048e+00
2.349227362644940698e+00
2.425688183357755268e+00
2.439499334267794417e+00
2.370241764850983479e+00
2.467280310406373189e+00
2.342922738015839279e+00
2.335515697169753491e+00
2.577469175544162550e+00
2.582664641046928722e+00
2.522114026649474372e+00
2.622340099234531152e+00
2.335602742653183572e+00
2.290926969361741783e+00
2.281992655943452242e+00
2.164795334655505332e+00
2.101173998350557515e+00
2.301572754286557387e+00
2.134693610509983408e+00
2.183772765827548756e+00
