2.261176665010664610e+00
2.076415289207623527e+00
2.326479479150488583e+00
2.168720990065581056e+00
2.208419847062617070e+00
2.058824298188878910e+00
2.192643308560615178e+00
2.465767102334627925e+00
2.038713778101830520e+00
2.037573851092821631e+00
2.017367233389123715e+00
1.942188003936362595e+00
2.219844756440787936e+00
2.293329384247107861e+00
2.137261177562131742e+00
2.230729644201866702e+00
2.248391873032137056e+00
1.924062057750067556e+00
2.561475372256336591e+00
1.922003591506783904e+00
2.103705356956202088e+00
2.116638412212116460e+00
2.660796267002600413e+00
2.256623687321676730e+00
2.155777614628835881e+00
2.342669248143390615e+00
2.107324940696572835e+00
1.917137917311156237e+00
2.573347699817265521e+00
2.088053380087422362e+00
2.326792564369192906e+00
2.433445107083992198e+00
2.011325370092043041e+00
2.150660570652020542e+00
2.486552126460095380e+00
2.565333191461981688e+00
2.509072766369891294e+00
2.548564828428477647e+00
2.599126709666843116e+00
2.008666699236808295e+00
2.149950517979431819e+00
2.361288251816992201e+00
2.299496694876200564e+00
2.434126578261079032e+00
2.110028645837525474e+00
2.534091008174950588e+00
2.369844917206757273e+00
2.415094593934092870e+00
2.316893734208447242e+00
2.291540638251535533e+00
2.362451269866012726e+00
2.458959671693377924e+00
2.344181800989376452e+00
2.298169927464463580e+00
2.372241943994578772e+00
2.401301246627552288e+00
2.482364285339662580e+00
2.221656572741748104e+00
2.305834836679353739e+00
2.249135295455445327e+00
2.567081441684108789e+00
1.955617797062350727e+00
2.316975294813815811e+00
2.243403208703350860e+00
2.542545033171754731e+00
2.474359355098930013e+00
2.233912678946559538e+00
2.160189951722217838e+00
2.227336957461925060e+00
2.556404533599747175e+00
2.336330915723430657e+00
2.582997932226416715e+00
2.647122056598408602e+00
2.296984578951084544e+00
2.564982232096862713e+00
2.494218117365027965e+00
2.331909992058573078e+00
2.430180208233392314e+00
2.596714153132328118e+00
2.507806492387241626e+00
2.547637989050179463e+00
2.458974347655721981e+00
2.315558694569364473e+00
2.440020826479702976e+00
2.501966637618628919e+00
2.458887720260423126e+00
2.344923250547858995e+00
2.696924488755898519e+00
2.651648383372423368e+00
2.480456151635554995e+00
2.524011554775164701e+00
2.399313848855314735e+00
2.446914009350293906e+00
2.238815651737235957e+00
2.409114334053513051e+00
2.487149615412083570e+00
2.445506676583272920e+00
2.605634289086197430e+00
2.411903554198651545e+00
2.400320103344946610e+00
2.477847623583976144e+00
2.565641494489415919e+00
2.631037545396139432e+00
2.640513237246224776e+00
2.712582940379479890e+00
2.630123229712878263e+00
2.718603859501147024e+00
2.560120074499219189e+00
2.546217559528113572e+00
2.602380628054683065e+00
2.685971344744168654e+00
2.348581312572345148e+00
2.508792728831898966e+00
2.385918904656532558e+00
2.480849407926250194e+00
2.438240797030997609e+00
2.305747025255991289e+00
2.009490593758609389e+00
2.776735660477748890e+00
2.465379021812708515e+00
2.754428408166836650e+00
2.645098797339082264e+00
2.522598408434021611e+00
2.622015618984589569e+00
2.606432116105326990e+00
2.578596550180023428e+00
2.713232493241509502e+00
2.514909799701253057e+00
2.614147616819924469e+00
2.657257935987833442e+00
2.493083038983407551e+00
2.439642371721135294e+00
2.637379936337601372e+00
2.579909123734828835e+00
2.304690759620210638e+00
2.609349891274306721e+00
2.525513149643846766e+00
2.650041339501460147e+00
2.150263410940726150e+00
2.153037450423588961e+00
2.164464956267362794e+00
2.142702680628385092e+00
2.170926472870387869e+00
2.309906803426810207e+00
2.118906841642115513e+00
2.161881525121513992e+00
2.022271653228515653e+00
2.120846631328924037e+00
2.118228490807394504e+00
2.108347805371986627e+00
2.207761323870888859e+00
1.878188584884083356e+00
2.019537531555774645e+00
2.132883136348997954e+00
2.402866880466804300e+00
2.476042638586938516e+00
2.505379574070437876e+00
2.414183167736760893e+00
2.438592634453097485e+00
2.250277439495568910e+00
2.271924832117794502e+00
2.228912511258346552e+00
2.734179707826824401e+00
2.607138661226277243e+00
2.714403433021194356e+00
2.206306484748758567e+00
2.444488433719846032e+00
2.507698767123447858e+00
2.554655975443430815e+00
2.513306602620061447e+00
2.677677136966235327e+00
2.569673203955794349e+00
2.610634255449405750e+00
2.646056272065862469e+00
2.558445006282012546e+00
2.449925600767959288e+00
2.605264472405325549e+00
2.681973342454783360e+00
2.647338956768634510e+00
2.667109370782349220e+00
2.671364237427798827e+00
2.705106081755430214e+00
2.604972277404701053e+00
2.669886032901561457e+00
2.634893361390251432e+00
2.284734212121488195e+00
2.422643635432333298e+00
2.676157062244435281e+00
2.152688968791100610e+00
2.463184581568580889e+00
2.235954158414826587e+00
2.467069641043564410e+00
2.289180223663069391e+00
2.217456733764436638e+00
2.413761826765111085e+00
2.239085139184567197e+00
2.220707695421953787e+00
2.193341202545271873e+00
2.426520325925364041e+00
2.479874608529947899e+00
2.261353152125014088e+00
2.628393859123120180e+00
2.371499688322939114e+00
2.543396088425112112e+00
2.513504408895559816e+00
2.492392395737206723e+00
2.220763052779959779e+00
2.067374936124777296e+00
2.271959440254692986e+00
2.283630471529762840e+00
2.198080685968963888e+00
2.349031115591209584e+00
2.371853105331230172e+00
2.320663660427586539e+00
2.323266294053313530e+00
2.425342285957119426e+00
2.439294895307103417e+00
2.329221237647497667e+00
2.397463300154368149e+00
2.710625343142367694e+00
2.429856219480873047e+00
2.345341633070057608e+00
2.656340465945224771e+00
2.476835330390749323e+00
2.527861174363632113e+00
2.609250211589186019e+00
2.579818650808218816e+00
2.428038356291482458e+00
2.485733340102980193e+00
2.561621970042131213e+00
2.706368203884087720e+00
2.718761030811316814e+00
2.603057988015863078e+00
2.573448601696339377e+00
2.734342620388301004e+00
2.739430497351389437e+00
2.514364587354733338e+00
2.649781474486167188e+00
2.483238260972024936e+00
2.588519876109935502e+00
2.806884701369582125e+00
2.429021953148669866e+00
2.617786031616044617e+00
2.564280501647825172e+00
2.565988556950811184e+00
2.456507309366163128e+00
2.651822273419389919e+00
2.576940297131227631e+00
1.843350762376739782e+00
2.002121437921993596e+00
2.051162353208019873e+00
2.268237069919833537e+00
2.183032592526777727e+00
2.297407556852013144e+00
2.182702710332499851e+00
2.139376073145225821e+00
2.062138983375604528e+00
2.164351506260619562e+00
2.226559205772222327e+00
2.029893449635343572e+00
2.073630562324597637e+00
2.123186715262006530e+00
2.444242813203390430e+00
2.142847289766733887e+00
1.925630881807992800e+00
2.326655526728275802e+00
1.935443376013371353e+00
2.252170942748925153e+00
2.108356832224282051e+00
2.579602400812692320e+00
2.065781443395697803e+00
2.095478799676430803e+00
2.478669922377501500e+00
2.384895671961911656e+00
1.991389353834382758e+00
2.282785427764165487e+00
2.519337135395667726e+00
2.117041286708680303e+00
2.330807676458113598e+00
2.147051326520847958e+00
2.019960342319802482e+00
2.426281518052231245e+00
2.551237122867042295e+00
2.485353195841079721e+00
2.434054122695653799e+00
1.941739815160713922e+00
2.042146093342759094e+00
2.181624683790103436e+00
2.116242521486703332e+00
2.541900136079350947e+00
2.410462410594845117e+00
2.334396901692422865e+00
2.168996591930306916e+00
2.429824326120735289e+00
2.313929883780129870e+00
2.273744144268022627e+00
2.201687263711588294e+00
2.186130074326760653e+00
2.115878686496988514e+00
2.251059558628723423e+00
2.242004980590531993e+00
2.279952946313950068e+00
2.042418987692907528e+00
2.277602150996833608e+00
2.262683721272637616e+00
2.494760344871413071e+00
2.273736326160808563e+00
2.212357985166533592e+00
2.407570803727061115e+00
2.150197718493499721e+00
2.480160773124445051e+00
2.093142169435758149e+00
2.387583547107009707e+00
2.238545255441786175e+00
2.470976186593469848e+00
2.384468702059422629e+00
2.161934826455347292e+00
2.607782042631280994e+00
2.230125789639023193e+00
2.530332460263061911e+00
2.298804154053927018e+00
2.527524725717545717e+00
2.404500279778112315e+00
2.309381971541017986e+00
2.505327541198743457e+00
2.157541762055356305e+00
2.575534675491931047e+00
2.527938631215417953e+00
2.699374850794434622e+00
2.449240276859256937e+00
2.211465878781389449e+00
2.281180899640700144e+00
2.419598047074566161e+00
2.221883124958244249e+00
2.202031150407220750e+00
2.294392125837660945e+00
2.517396502602600616e+00
2.320562060216467160e+00
2.543699535454742922e+00
2.241228363385883160e+00
2.311569342146501782e+00
2.401360885989740179e+00
2.419505739843427872e+00
2.212583547781277193e+00
2.124409687696405147e+00
2.150015934953449559e+00
2.281553416703001158e+00
2.438332210919591514e+00
2.409362627941856072e+00
2.598600380573011570e+00
2.094237976166053894e+00
2.252668672998061172e+00
2.212791227735397381e+00
2.459505981023611731e+00
2.402917713164647751e+00
2.557398423797974552e+00
2.672476503043530904e+00
2.629760198877790334e+00
2.550356016328270581e+00
2.718082138127810854e+00
2.689092531249467566e+00
2.594678520722042858e+00
2.496459374561792011e+00
2.388836654831127948e+00
2.541136193876088800e+00
2.428367077631212290e+00
2.140201602957749305e+00
2.363889875688067299e+00
2.244733304627469117e+00
2.562471054988569197e+00
2.265196401444918628e+00
2.578376169852749644e+00
2.593868968701626532e+00
2.521227727031312149e+00
2.480768084633397486e+00
2.660285635792316139e+00
2.727933760179766409e+00
2.416240766303239251e+00
2.426129272713414942e+00
2.500097534448891157e+00
2.336356147840117803e+00
2.545433843091327919e+00
2.199238868244902445e+00
2.499189277109624463e+00
2.621513365808872731e+00
2.641689673363768254e+00
2.358224385107709153e+00
2.665205440403955794e+00
2.310585954894626592e+00
2.474793790568272200e+00
2.321903460937610131e+00
2.653765622275009672e+00
2.418589956000030572e+00
2.212212246003833815e+00
2.639250344566647755e+00
2.580247076237816461e+00
2.654832193377488991e+00
2.004190365331157686e+00
2.006178355783162726e+00
2.074013769864289536e+00
2.151039161185876125e+00
1.993350762398523157e+00
2.189573718290253712e+00
2.214515490461639313e+00
2.031134207656910551e+00
1.878449799123214303e+00
1.886429268008647187e+00
1.980692484651649599e+00
2.099933220931316846e+00
1.990189116921417201e+00
2.112255953317720536e+00
2.063840345807836485e+00
2.141065025467050464e+00
2.081449343082231618e+00
2.507323014162512465e+00
2.311744259555765790e+00
2.484446151984701867e+00
2.213441384663167089e+00
2.101398112770036519e+00
2.435889803286120703e+00
2.346783863719692054e+00
2.559084561015118275e+00
2.363083158556496421e+00
2.074028131618470994e+00
2.298701089723448998e+00
2.379681228192998876e+00
2.359985519799338682e+00
2.555530006387120689e+00
2.608274037425048597e+00
2.496788993719555094e+00
2.513260378074291257e+00
2.430704160574098882e+00
2.613687340340291598e+00
2.515430205833469657e+00
2.633392578574430321e+00
2.459636640232775395e+00
2.491610789133829940e+00
2.640384955778449338e+00
2.595190939486777815e+00
2.498109386099262696e+00
2.584392274704908843e+00
2.684877159352623721e+00
2.625064758825970568e+00
2.388163477353695718e+00
2.457698606540966946e+00
2.473163566538625346e+00
2.668754477384316814e+00
2.684354567769637434e+00
2.456143305642052077e+00
2.567140945654410977e+00
2.585158152222191585e+00
2.596563889917118839e+00
2.311217492750245128e+00
2.292488106022493533e+00
2.325435280684321704e+00
2.497178873333552040e+00
2.336328403576600987e+00
2.535031490747223337e+00
2.484162982072973591e+00
2.555037781642469419e+00
2.128301010696971751e+00
2.309973889883506715e+00
2.140589873519765707e+00
2.223508079117514580e+00
2.399681043038274009e+00
2.136218637161502176e+00
2.276787476501337171e+00
2.152535724513786164e+00
2.163155459789653179e+00
2.103321070240854684e+00
2.298701440724077116e+00
2.036104749259864288e+00
2.415536731490276257e+00
2.450971375225569737e+00
2.055182845961238236e+00
2.295140074633633898e+00
2.279807271906896471e+00
2.360932700539643658e+00
2.498781607448559150e+00
2.363512553343553257e+00
2.509590283089046636e+00
2.512669407592584392e+00
2.540045608868242155e+00
2.558404270971518457e+00
2.453267885651427616e+00
2.578318605351191728e+00
2.519877265249385712e+00
2.492573803209527039e+00
2.722466782366071758e+00
2.646191878456305879e+00
2.595747065452084890e+00
2.675275135158344586e+00
2.479632135906495005e+00
2.364737033521651988e+00
2.394050053393836919e+00
2.275419831583969099e+00
2.260898070502671331e+00
2.476625673413836992e+00
2.424429014474049460e+00
2.453287217588954405e+00
