1.675116351108785429e+00
1.731040357682051889e+00
1.831933047834140238e+00
1.628227166802252546e+00
1.678296179793525189e+00
2.002772172113491234e+00
1.694150499027588630e+00
1.990472868521887539e+00
1.689072462639246819e+00
1.654985131868067283e+00
1.990259538692412677e+00
1.673785518450699783e+00
1.847841409189170170e+00
1.894235198408040999e+00
1.660282220731034819e+00
1.923804630211487732e+00
1.923703261670363096e+00
1.755867673727024014e+00
1.614858231634366925e+00
1.811154954686043039e+00
1.896668466836895384e+00
2.164804723929456998e+00
1.694170173125372880e+00
1.838314705589459974e+00
1.729949967635494357e+00
1.916337364230267903e+00
1.893487834681479853e+00
1.958996331412381942e+00
2.044685292272506949e+00
1.995211385038650143e+00
1.705563219363937844e+00
1.863238125902092035e+00
1.837549817329161117e+00
1.623591641963420873e+00
1.641365340341288004e+00
1.659824097717803593e+00
1.929404267587386146e+00
1.753940216759511062e+00
2.185549111193365146e+00
2.212519874058731961e+00
2.087959574051792444e+00
2.032248379983818687e+00
2.067075094626903642e+00
1.852279335848010078e+00
1.735843259319109100e+00
1.785460754748355638e+00
2.079784932456420155e+00
1.854628967783656046e+00
1.850197746989429959e+00
2.007767201177077077e+00
1.948536685771537602e+00
2.243631678963228016e+00
2.212760382666098202e+00
1.984834204719472917e+00
1.630425372809755524e+00
1.746313106121170078e+00
1.546010412079214413e+00
1.598848669969759717e+00
1.720984896582797852e+00
1.671241820955860602e+00
1.921638797191602244e+00
1.906279018346879628e+00
1.733172706967568422e+00
1.754429551535386933e+00
1.563066804958673117e+00
1.726628080833629175e+00
1.837314350432474930e+00
1.862021076466610525e+00
1.983055835048149307e+00
2.037571789094983377e+00
2.024863818794026216e+00
2.378374783390854397e+00
2.302571711697652290e+00
1.767214923765734857e+00
1.675038680314533845e+00
1.723825387597801129e+00
1.741165002681844376e+00
1.847793441851485641e+00
1.758450830009115062e+00
1.941510198691459577e+00
1.737130799658058500e+00
1.963055328738421812e+00
1.725460531043802925e+00
1.745553608759741193e+00
1.572868363694009952e+00
1.768545746257275120e+00
2.006006499856176628e+00
1.956970954507865734e+00
1.891337062843222450e+00
2.156457173946618067e+00
1.843626081439926123e+00
2.075579066735689260e+00
2.123618702278796011e+00
1.969874352294421760e+00
2.068736171099894161e+00
2.017645376996411333e+00
1.905998058386283001e+00
2.002739562777209770e+00
1.990796719386830560e+00
1.730879733979369783e+00
1.655648080907748732e+00
1.689480897639984880e+00
1.720583527189917472e+00
1.639740317944387238e+00
1.836113933481556382e+00
1.770182102030257942e+00
1.917212301046254508e+00
1.808756567446295760e+00
1.666742353676486266e+00
1.702492512455656914e+00
1.916758074290431102e+00
1.826330832151094041e+00
1.772354997699916002e+00
1.931807270369773510e+00
1.900969379428162354e+00
1.909475108908575747e+00
1.692388454648375173e+00
1.864305325190893425e+00
1.652671468030063817e+00
1.685934078470350261e+00
1.643058407265490573e+00
1.786641489978771924e+00
2.087005827637887112e+00
1.678183772955001318e+00
1.818243118017889293e+00
1.954238948046925994e+00
1.686012285585095194e+00
1.790854708112648019e+00
1.860714777286288202e+00
1.844162405459031540e+00
1.926082944716179579e+00
1.929112971615316807e+00
2.026824807966098874e+00
1.900460604697816747e+00
1.759321427403536253e+00
1.811438788718080506e+00
1.703445585744314261e+00
1.802309535618308756e+00
1.691481998928195285e+00
2.066723399009254614e+00
1.730860846513876838e+00
1.971304518231683289e+00
2.190668299600766478e+00
2.093369056626166902e+00
1.930102186933146724e+00
1.971936104385337840e+00
2.104471688019112552e+00
1.835014474464975009e+00
1.663014960736319603e+00
1.822439111792121480e+00
1.870463834783922641e+00
1.792938081268852013e+00
2.029246209352078445e+00
1.621316356294876471e+00
1.976185058251072268e+00
2.226083303053446816e+00
2.049309443711087919e+00
1.986613862202133873e+00
1.600163678817764890e+00
1.534485748007175410e+00
1.721294543470668792e+00
1.611101751669202331e+00
1.632767917358036724e+00
1.485587958333054459e+00
1.885878808953443064e+00
1.823936209050034396e+00
1.857406216606819482e+00
1.805158000369674554e+00
1.728855410008435678e+00
1.583119820961654822e+00
1.703919280446579032e+00
1.789915354649604051e+00
1.906346196188282605e+00
1.715974401077657419e+00
1.725817881182205138e+00
1.905556286377219521e+00
2.013220062708930058e+00
2.335156229628759128e+00
2.255701035645949926e+00
2.069771781047292425e+00
2.006208043894026627e+00
1.901330642607732324e+00
1.868254568013540284e+00
1.910059765728872261e+00
1.702288548355089359e+00
1.750469009056946579e+00
1.604510757044163904e+00
1.610305402236283490e+00
1.567647274915141109e+00
1.659444616023459274e+00
1.676038531527423991e+00
1.899713891563630908e+00
1.913815813257958132e+00
1.828037203562757673e+00
1.797612383788065094e+00
1.762328357352442199e+00
1.743586097861127504e+00
2.121592985116583563e+00
2.043183156865064465e+00
1.995890866091891036e+00
