2.128071224033777131e+00
2.057427528970767305e+00
2.309433640551547207e+00
2.107654684772022335e+00
2.109425176399109869e+00
2.075545514573935879e+00
2.082402076681883596e+00
2.343294362106001838e+00
2.052955898400141699e+00
2.138629149148884689e+00
1.954198273167671251e+00
1.963603874174848496e+00
2.125606997806366305e+00
2.180666429406551643e+00
2.028339180320948287e+00
2.114804742074881450e+00
2.260422818295506620e+00
1.893776310139058783e+00
2.266584942206822717e+00
1.885158622017969465e+00
2.045042629202999951e+00
2.112128416875782122e+00
2.375913902736173089e+00
2.387273798890363619e+00
2.112798588093821373e+00
2.251154667101247675e+00
2.104863991581874760e+00
1.908985412668211312e+00
2.267778506755439683e+00
2.170889330982014531e+00
2.303919971849056836e+00
2.152874147832814167e+00
1.975021918357393158e+00
2.010156758085502648e+00
2.334934854139770977e+00
2.239564563560548116e+00
2.266976339741816115e+00
2.200380349828063409e+00
2.250508345288450229e+00
1.626539876341812629e+00
1.700052431230757222e+00
2.085293453157644805e+00
2.030516951401016623e+00
2.287345549252464583e+00
1.697915578511153711e+00
2.450236103633564255e+00
2.192465876180289985e+00
2.377541503180360394e+00
2.018731820656150866e+00
2.214559851395393242e+00
2.374623007467682179e+00
2.336509288731098088e+00
2.323882800051653597e+00
2.172690652083264062e+00
2.185867934961669423e+00
2.205562041337497448e+00
2.203838031074677684e+00
2.064043591357447305e+00
2.195320280092820209e+00
2.056609512351336377e+00
2.361118165496106869e+00
1.904203538294666487e+00
2.154762035592010072e+00
2.058819661077029295e+00
2.403225761737957988e+00
2.406896246433169129e+00
2.022054527043596117e+00
2.113931103680766643e+00
1.990896357423434626e+00
2.412448439920509280e+00
2.129955898443238294e+00
2.258236847149637683e+00
2.446897125063358214e+00
2.104947788186643631e+00
2.455430607266800180e+00
2.094121317733403487e+00
2.099019952663362165e+00
2.381119000205219827e+00
2.419421921190730185e+00
2.438660293092482778e+00
2.466270812169814253e+00
2.469897343110166954e+00
2.024193027072439310e+00
2.292982487298409922e+00
2.239300822756814746e+00
2.199134452777573578e+00
2.088372293433362614e+00
2.242187642958105354e+00
2.368255496240290636e+00
2.224941183472719963e+00
2.186501173349764127e+00
1.959405991744549214e+00
2.140285073355586043e+00
2.231286929368507810e+00
2.108053247635820249e+00
2.180321384936785289e+00
2.018460116339600763e+00
2.346438608912826407e+00
1.976855764791039860e+00
2.059823913952127938e+00
2.030342026618228157e+00
2.301581370874791865e+00
2.294645761686525898e+00
2.417314536745867493e+00
2.466033888085114700e+00
2.522191382932569503e+00
2.484637283870966495e+00
2.489756430206234050e+00
2.511540430813738567e+00
2.400122654668367161e+00
2.439607362882485031e+00
2.521180351565261546e+00
2.350754693364339509e+00
2.287528935723826873e+00
2.205592155881713090e+00
2.190860014576855086e+00
2.052980843504333297e+00
1.830791134059683190e+00
2.547287367432572669e+00
2.187231263912587043e+00
2.589440134280385664e+00
2.559566010560194282e+00
2.478560337094922961e+00
2.549659686637423039e+00
2.506242491642703740e+00
2.408876364295434502e+00
2.537344450111041372e+00
2.365175871356274051e+00
2.513848826111131807e+00
2.535359584402954614e+00
2.233680604349982612e+00
2.232750536259764829e+00
2.336285435998729287e+00
2.297342234574414555e+00
2.054946267071859900e+00
2.256797847144664360e+00
2.323861599685552282e+00
2.573010749363093819e+00
2.113880110562214920e+00
2.065832752918283610e+00
2.096394000218292142e+00
2.055453317326728424e+00
2.026522342677449018e+00
2.296758924484326947e+00
2.055912358425360686e+00
2.037243943252474931e+00
1.949761005112627288e+00
2.130505638532125268e+00
2.159769218541092606e+00
2.042417421027661550e+00
2.160530808896566679e+00
1.992329047810639020e+00
1.952482683139085573e+00
2.080882598966264485e+00
1.877343482024564914e+00
2.218269119943387047e+00
2.204605742769356613e+00
2.162362388603123797e+00
1.991716186844223024e+00
1.964663541672605263e+00
1.943044459817458769e+00
1.997350898658685869e+00
2.122110199355904392e+00
2.495690058825299928e+00
2.493748263664700815e+00
2.258269968702093067e+00
2.187435766027042927e+00
2.216245626659833601e+00
2.203467745468883798e+00
2.233178715839678752e+00
2.492737915470301324e+00
2.381878607618454602e+00
2.362614912904169806e+00
2.439918917830082634e+00
2.405845541388702102e+00
2.299767995551431188e+00
2.279016489126739486e+00
2.351732539454299165e+00
2.283662895241843405e+00
2.624300191288686079e+00
2.524600836609672161e+00
2.558105900479183070e+00
2.516638740777328298e+00
2.374461841357857317e+00
2.342141450530030866e+00
2.106779608328167352e+00
2.076856313960637301e+00
2.126236178940061006e+00
1.751707324516650122e+00
2.006051687384438065e+00
1.697991987596816799e+00
2.040766480874252053e+00
2.004320592514062138e+00
1.957274972306975558e+00
2.060120102791051622e+00
2.066651076359204975e+00
2.036045544420882258e+00
2.025935460170566138e+00
2.070680197622941865e+00
2.252650935765490026e+00
2.213365373399789782e+00
2.170958624919854696e+00
2.122206000942247872e+00
2.235309526609734476e+00
2.008761039471476550e+00
2.091171279785779102e+00
2.165352690302834837e+00
1.945833195067837362e+00
2.190337601453016703e+00
2.041348239959940081e+00
2.220603369511094272e+00
2.259951575483244657e+00
2.189239015638428043e+00
2.231006895627028808e+00
2.104713838523207148e+00
2.412086428546379224e+00
2.488106789327165558e+00
2.409874284185606452e+00
2.311322997619567055e+00
2.577231561466603260e+00
2.558081371835647655e+00
2.428612279472536883e+00
2.591292649929910041e+00
2.317377055954171983e+00
2.216468176035212512e+00
2.269121919405536314e+00
2.369252663163585293e+00
2.160580911811843308e+00
2.354905870865581008e+00
2.292420265260420198e+00
2.547393825319475003e+00
2.431057319940159722e+00
2.435467867228865657e+00
2.384596742032011552e+00
2.476478040961948679e+00
2.482719414157288806e+00
2.232508992860501973e+00
2.439012463688130516e+00
2.307207809280574562e+00
2.309641576361718851e+00
2.597933184850463650e+00
2.081283154379173883e+00
2.205381662040885260e+00
2.285860474095545047e+00
2.223574359797604760e+00
2.262176274196183279e+00
2.189369924313433913e+00
2.370916065542136852e+00
1.997280284264022487e+00
2.107432681385435380e+00
1.928469710091593070e+00
2.099004234465178698e+00
2.162582889172834033e+00
2.103107491583704913e+00
2.240879169760226386e+00
2.081672699230469270e+00
1.984696251795472932e+00
2.137406240240087740e+00
2.108290157594531422e+00
1.980135753749842742e+00
2.101373955144001826e+00
2.074457518744494688e+00
2.244796239681230432e+00
2.088544654953349067e+00
1.899435633656887390e+00
2.298210780853726654e+00
1.965843074036658145e+00
2.138324583960642844e+00
2.155662363982407292e+00
2.390840346300419306e+00
2.065321844212082869e+00
2.049584188829837395e+00
2.195153175534240830e+00
2.278017497578348927e+00
2.035587537175247430e+00
2.127724083616161721e+00
2.246874600265447164e+00
2.224303942466571371e+00
2.205872600122175786e+00
2.229519110843130036e+00
2.132614773648883855e+00
2.227942893581242423e+00
2.309550114291853529e+00
2.376278529468950129e+00
2.163897643578478469e+00
2.139347509869195196e+00
2.172024420342057560e+00
2.271025947944214529e+00
2.084004825572031816e+00
2.655936285063276614e+00
2.427340630587712766e+00
2.312614026033613435e+00
2.166149100396713489e+00
2.176832430729670698e+00
2.436902581744152751e+00
2.268321862564448121e+00
2.429765720165270260e+00
2.181376361888670790e+00
2.022248309069732741e+00
2.227612275043378887e+00
1.969182131664738433e+00
2.022852041606786333e+00
1.800710060376418786e+00
2.274945087236677654e+00
1.860527544799258193e+00
2.346462371896476995e+00
2.006387805182558104e+00
2.047401563100000654e+00
2.329814157095947635e+00
1.884736697605336575e+00
2.477767462231138307e+00
1.989132709738256732e+00
2.273079977684467234e+00
1.923899325597381083e+00
2.304808281855293739e+00
2.070959277385603148e+00
2.045660792021140928e+00
2.165447452026409092e+00
2.060087845897525582e+00
2.416300045963182264e+00
2.211491283226533433e+00
2.424667022131638650e+00
2.223787977705187657e+00
1.996673029708697200e+00
2.443134819431619142e+00
1.947489452705625457e+00
2.143862316242131971e+00
2.343874049954242977e+00
2.372822135333971794e+00
2.345679338195896690e+00
2.046517973657105305e+00
2.126171314554022196e+00
2.023829990475511931e+00
2.180766665777501334e+00
2.166201582424797767e+00
2.205663602458700634e+00
2.273009603328448147e+00
2.296701998270033407e+00
2.243550581664352617e+00
1.987192074758385330e+00
2.110659531024526192e+00
2.227293766178779055e+00
2.062615554082999569e+00
1.883168011688951982e+00
1.866125048220328209e+00
1.926554945911775008e+00
1.991305648398985939e+00
2.190721181609701418e+00
1.951589881587445063e+00
2.386988787975168336e+00
1.764527947133375019e+00
1.815265204355570594e+00
1.903520985050934922e+00
2.562059087015571723e+00
2.140911844655180030e+00
2.327257837590535949e+00
2.455795280211114040e+00
2.314116126315387323e+00
2.538300803045093090e+00
2.514434726939168030e+00
2.489204321475305015e+00
2.421420546686926301e+00
2.496758279702096850e+00
2.359806470398408074e+00
2.338824892611803818e+00
2.183225947493520724e+00
2.134799939664964619e+00
2.045167828409878208e+00
2.143654688855909818e+00
2.083895571539066349e+00
2.031540270574867968e+00
2.095331608643901777e+00
2.086902499409123202e+00
2.532933355370532436e+00
2.266100378197439369e+00
2.403021675196474138e+00
2.593245840180202322e+00
2.341391432492419433e+00
2.361755574400207003e+00
2.492943171870841468e+00
2.364350271441388429e+00
2.336991593194821526e+00
2.357983451343710790e+00
2.232145326081369952e+00
2.480996536039692835e+00
2.412512501709718205e+00
2.253061732393450534e+00
2.520195857180962840e+00
2.199695331424202038e+00
2.339421654274023155e+00
2.203334970893755962e+00
2.516065141496370394e+00
2.322341039675352103e+00
2.155936425073765594e+00
2.504443760493703763e+00
2.529144099588612082e+00
2.510302474394307648e+00
2.079928163048168077e+00
2.090386976688642484e+00
2.023998375144536510e+00
2.102490497578864748e+00
1.890704554695791240e+00
1.970940140672789331e+00
2.112645917109133187e+00
2.161705350306577067e+00
1.980435876569365705e+00
1.901162496674764668e+00
1.980343345285916046e+00
2.013045349170806020e+00
2.036128989549166768e+00
1.947444956350383949e+00
1.994077312201606667e+00
2.125151868712410241e+00
2.002656934690747903e+00
1.982087466867332060e+00
2.124138607478753382e+00
2.022992968056505969e+00
2.123813973760516394e+00
2.057710608474025982e+00
2.204962808308247535e+00
2.159509471529514446e+00
2.244939256023153362e+00
2.143946159416706632e+00
2.149514860210195444e+00
2.248425644983607530e+00
2.228730053410776346e+00
2.271114411285694246e+00
2.342449878540407315e+00
2.360585277574027252e+00
2.302108866904106321e+00
2.324594812323075299e+00
2.386520993972661042e+00
2.470547994844887185e+00
2.386573145055658873e+00
2.402641301803846829e+00
2.426915485234645065e+00
2.439664557011710588e+00
2.487913703702001822e+00
2.475679950963178833e+00
2.395365150241990815e+00
2.591270235037755221e+00
2.507417916452772122e+00
2.380835885146111330e+00
2.116263862504212945e+00
2.312327866219989758e+00
2.296527811037652800e+00
2.625350194311011798e+00
2.631480417190523280e+00
2.496232166710104394e+00
2.343515553103850735e+00
2.518081062373749290e+00
2.515359798143152581e+00
1.991477466647971539e+00
2.125805524808253466e+00
2.014565015446261320e+00
2.037385117479588725e+00
2.122359823963139380e+00
1.935102018936227575e+00
2.219433210852492788e+00
2.065368535639255487e+00
2.087074794011429368e+00
2.208638569331785817e+00
2.029794819256844907e+00
2.127866629775039709e+00
2.214674612782773444e+00
2.255155395010348229e+00
2.094294956663202534e+00
2.197229666851824526e+00
2.016147479994179204e+00
2.318730838856563281e+00
2.082341884589490988e+00
2.051176472416064822e+00
2.158082525344790614e+00
2.296268864286012512e+00
1.985157126012778050e+00
2.095383164929547792e+00
2.038497323738993838e+00
2.195642454186166326e+00
2.180010252545759197e+00
2.246237807139548348e+00
2.404749354535561157e+00
2.318417279543462328e+00
2.407354489642528961e+00
2.441808576999265235e+00
2.314895880782101845e+00
2.435273324977750065e+00
2.346338529753642987e+00
2.342751222355719865e+00
2.503647701949824445e+00
2.480342596021815726e+00
2.504576010176905676e+00
2.681772356746549679e+00
2.316589043958683369e+00
2.141319799754336728e+00
2.339477091821694277e+00
2.228655055228501602e+00
2.280594615970957584e+00
2.140910009971973782e+00
2.328533757389649406e+00
2.274116411557725925e+00
