2.170549840083863202e+00
2.202244326240531791e+00
2.331144154601663576e+00
2.204211926474435757e+00
2.241054456921392379e+00
2.189661702127114307e+00
2.360641120728292019e+00
2.327754960395977513e+00
2.155147913598097098e+00
2.132322636213912048e+00
2.135531393834469771e+00
2.104864971678642505e+00
2.191211386768592284e+00
2.275696288637413911e+00
2.098208859015775918e+00
2.168226684111689728e+00
2.490023304478946375e+00
2.092667090483112613e+00
2.364611839531961301e+00
2.113698536251076288e+00
2.190490807059718215e+00
2.184185285444128599e+00
2.531146911818763723e+00
2.486046944497516176e+00
2.131318627969631230e+00
2.302035877457687452e+00
2.159782038532170212e+00
2.177196652169417490e+00
2.418904239448307791e+00
2.186247336742224157e+00
2.299876567522474158e+00
2.482034312685279520e+00
2.301813800768349516e+00
2.238525264101788093e+00
2.368161894478758800e+00
2.409012724623652346e+00
2.437598965653488214e+00
2.479065320827507080e+00
2.467957398290137050e+00
1.994454269690955295e+00
2.127751996708664439e+00
2.349253459099618802e+00
2.166002022538197735e+00
2.488930683208331995e+00
2.109895276869856229e+00
2.474756058496200506e+00
2.319423288273738226e+00
2.391092182160220680e+00
2.113606548259605589e+00
2.294026490194716494e+00
2.256271452485333118e+00
2.415542996295810596e+00
2.319275420310302316e+00
2.363267819601889919e+00
2.289895342303436720e+00
2.345189270795116965e+00
2.276923063460900565e+00
2.111420211769734046e+00
2.324070188656107483e+00
2.224424941746222739e+00
2.471334925635636726e+00
2.066228222533659675e+00
2.217367578965300456e+00
2.169576336346553891e+00
2.398718403975252045e+00
2.327160208337763603e+00
2.240714198290413517e+00
2.077885535759033786e+00
2.244454273201428762e+00
2.397963836898310053e+00
2.383470832360677694e+00
2.392289772903930078e+00
2.461849390967028040e+00
2.253400203019293002e+00
2.434911115200747656e+00
2.285671460695259505e+00
2.376756300204221795e+00
2.313368021515855855e+00
2.497205635556105641e+00
2.383041789313445236e+00
2.439387935283828579e+00
2.477424945264507627e+00
2.300719002323179829e+00
2.454918855624484308e+00
2.468658381027478921e+00
2.369025204594178646e+00
2.233878710027680903e+00
2.423752472276587522e+00
2.509675848297767242e+00
2.352362784768669446e+00
2.410849109532826162e+00
2.435407368210248613e+00
2.348997145441957368e+00
2.153667207906089232e+00
2.192993617965344644e+00
2.303669316040640069e+00
2.202477335863996188e+00
2.451272529145800849e+00
2.134758831713987171e+00
2.269745963659382859e+00
2.198418069234929551e+00
2.282317001586544603e+00
2.575209884277046779e+00
2.638373475597798112e+00
2.517348134859050734e+00
2.593676665594829789e+00
2.532248220906722747e+00
2.523945373092569611e+00
2.501601277588890060e+00
2.480221768367333546e+00
2.491206242387552283e+00
2.284470594551414546e+00
2.399176189284148997e+00
2.314141959745536603e+00
2.383115331767319933e+00
2.385943384362733788e+00
2.285898700836483943e+00
1.955661281779988103e+00
2.449600437101803418e+00
2.259918374448919298e+00
2.695228127038773902e+00
2.545637111169368527e+00
2.398456322930006657e+00
2.533669591042800651e+00
2.459895750719558460e+00
2.465111134316660735e+00
2.523856908040216673e+00
2.395902477622777305e+00
2.538464788035606379e+00
2.548957480876476556e+00
2.474627684908622172e+00
2.390546773813335690e+00
2.445393109265175724e+00
2.409117265635695393e+00
2.252080320977018157e+00
2.467837656960044868e+00
2.437357878136098499e+00
2.542464922419411799e+00
2.159352105450928594e+00
2.115804930789512373e+00
2.064719505902156804e+00
2.092773253278142231e+00
2.092543819022353535e+00
2.160207368364518654e+00
1.961363938908412763e+00
2.122834543306156618e+00
1.884426840969557038e+00
1.994563956962306817e+00
2.068833411485822005e+00
2.236771713712331966e+00
2.241986675934474427e+00
1.973459609993820862e+00
1.933726919456937088e+00
2.142290105514919052e+00
2.349820392609097475e+00
2.400281864261782250e+00
2.505589210890262208e+00
2.222200385067766959e+00
2.521847299541119192e+00
2.327162680163964215e+00
2.139388016983634788e+00
2.302806562808207946e+00
2.473154605309327625e+00
2.603477003804184786e+00
2.505540827825837535e+00
2.075058524880015742e+00
2.310758421435598287e+00
2.311067398576289289e+00
2.336320630511364183e+00
2.320861754341741801e+00
2.431299204492416877e+00
2.430217421685943346e+00
2.456234926988461353e+00
2.527863058495727788e+00
2.432798278725636365e+00
2.325326951858220692e+00
2.564137230305109316e+00
2.552841514699121461e+00
2.577884525473374655e+00
2.655267188339406559e+00
2.743413972348279994e+00
2.669602967031737162e+00
2.457930772056569513e+00
2.456453898056549345e+00
2.461196555361094607e+00
2.223945501116692647e+00
2.350222130759928696e+00
2.351720630443764559e+00
2.023568609261825912e+00
2.252370047008140030e+00
2.046062627538356438e+00
2.380649049560823460e+00
2.214134989855912394e+00
2.106293830441409831e+00
2.375627802791862919e+00
2.175299140094309358e+00
2.224737352275421909e+00
2.228554888778734089e+00
2.407476532146867854e+00
2.360642661124597197e+00
2.372154864091682303e+00
2.465614494766057874e+00
2.345085150626246229e+00
2.443288842348860790e+00
2.515602736873848499e+00
2.560045458514019767e+00
2.214784270030489388e+00
1.909064038142793907e+00
2.156453861583196296e+00
2.042222290351759728e+00
2.133641735129704564e+00
2.228981497093418529e+00
2.113335216457888244e+00
2.155846034147359980e+00
2.213651392986824007e+00
2.287850120130271669e+00
2.449654150898353588e+00
2.201522671354902982e+00
2.267250851538772594e+00
2.460034728868430776e+00
2.456317726001017387e+00
2.362465869813879404e+00
2.577446288929554186e+00
2.327496817424032027e+00
2.335973918914183045e+00
2.366857892269873531e+00
2.428951243399985138e+00
2.366931691199145593e+00
2.405057190369564335e+00
2.406285210625268789e+00
2.658268852530459192e+00
2.610276548327751467e+00
2.574815117940528086e+00
2.404464717509100069e+00
2.558306482181941455e+00
2.618232198581859294e+00
2.461285807675913428e+00
2.663182986153965093e+00
2.477826288943342892e+00
2.549311007284892572e+00
2.687011918265783450e+00
2.570920689182559560e+00
2.584912897687191791e+00
2.494870434771165879e+00
2.449193282395122573e+00
2.385779882552989228e+00
2.624035182228422691e+00
2.593685659708450775e+00
1.966422315779875474e+00
2.225596515108395845e+00
2.016642186439738804e+00
2.205358421669324276e+00
2.347133849623488366e+00
2.152680762719688445e+00
2.257109018734339223e+00
2.229463893325669854e+00
2.097336430945023977e+00
2.276112302547778299e+00
2.197049811325522128e+00
2.066109525527035640e+00
2.125428993425681590e+00
2.175182763529700747e+00
2.334810210179728340e+00
2.155308542296799246e+00
2.012606127576396897e+00
2.466952869577949237e+00
2.063421307888916534e+00
2.198617900647052981e+00
2.185497842797920587e+00
2.640690486547023319e+00
2.153073460464268507e+00
2.130393076751360582e+00
2.466431388317240625e+00
2.399363632956478032e+00
2.131625603681858383e+00
2.249948581938653991e+00
2.347022354417467316e+00
2.255816108847231494e+00
2.266228426617212133e+00
2.174548768881789940e+00
2.266361665405884018e+00
2.315660546118184726e+00
2.396898859119921621e+00
2.408896650568510100e+00
2.581086708370202931e+00
2.173314439173711587e+00
2.169645789742659758e+00
2.323514456402508976e+00
2.225062825894818186e+00
2.493882254805229959e+00
2.464750361436474968e+00
2.354187974280438134e+00
2.209729740995302727e+00
2.371792346745394742e+00
2.436192168196784191e+00
2.402433476651764988e+00
2.407709115045413295e+00
2.265135456027051131e+00
2.195447813400852155e+00
2.316007900756683835e+00
2.281007182976980463e+00
2.237923934859853858e+00
2.089119024341717257e+00
2.204005177989356135e+00
2.254237861213783667e+00
2.378656616213929986e+00
2.181031570644214934e+00
2.160258869073935273e+00
2.408820453820148089e+00
2.130852655992618416e+00
2.420862317447657563e+00
2.098389788606657369e+00
2.313237026173346145e+00
2.164433447382980269e+00
2.368917024737922983e+00
2.263359410832276541e+00
2.145697019747375478e+00
2.359736333949297382e+00
2.147644522646362297e+00
2.407889692913763646e+00
2.235947762903116587e+00
2.445345764059191573e+00
2.316072394881085295e+00
2.276165852548571511e+00
2.398305140524721768e+00
2.097485555775291832e+00
2.398865165636043795e+00
2.423362596814289560e+00
2.498063101670525921e+00
2.253034494123084208e+00
2.334573916165040952e+00
2.255833899644583251e+00
2.495026322633973059e+00
2.228880962244389696e+00
2.416268551376718587e+00
2.422839933641054433e+00
2.432265558863719423e+00
2.266280362225747691e+00
2.470637701817317566e+00
2.277788107765773340e+00
2.488471038666589585e+00
2.436021038290027807e+00
2.243706909115113390e+00
2.087983750555337359e+00
2.082943713580157841e+00
2.326289106368284898e+00
2.325444844596584293e+00
2.498045817099293409e+00
2.330319236942263394e+00
2.563964656007145848e+00
2.106110062048164089e+00
2.129403369793226641e+00
2.227068593326516410e+00
2.589609274737582290e+00
2.447507600228488123e+00
2.516957061114924343e+00
2.527741796441175914e+00
2.406491220837635669e+00
2.491928150824918475e+00
2.503181633142635309e+00
2.347597502519630286e+00
2.401179354109787223e+00
2.431498773396446378e+00
2.374914483726640491e+00
2.416186603112054243e+00
2.394371559366369695e+00
2.191825624313063603e+00
2.302706058203135342e+00
2.234561072586322528e+00
2.352891716097175401e+00
2.397949595813806845e+00
2.383195136301293982e+00
2.385249729486311754e+00
2.482814152785501882e+00
2.422509164951820004e+00
2.469102893206227112e+00
2.665025557733567751e+00
2.270231051263958300e+00
2.348233364497700482e+00
2.566747110635838158e+00
2.497938266169930532e+00
2.506626688144263593e+00
2.463519762556367620e+00
2.316762962231765588e+00
2.630974646721884636e+00
2.480828371545125144e+00
2.317407639139956288e+00
2.478426633641567900e+00
2.302737722234886153e+00
2.461227873632495733e+00
2.191963344548932824e+00
2.508744721546222856e+00
2.369840673048646540e+00
2.246213426721301865e+00
2.566908966565727201e+00
2.537568157323553120e+00
2.531404996101749294e+00
2.026769162498111232e+00
2.057310366408043656e+00
2.015509451584668543e+00
2.153972315744838717e+00
1.957103180699222955e+00
2.018222622879582318e+00
2.117953977567788915e+00
2.006594635250443570e+00
1.930723099737684079e+00
1.775081160905053634e+00
1.982781190295619833e+00
2.081858102887452766e+00
2.132495631840605643e+00
1.970037501967255356e+00
2.173848823381572259e+00
2.143995727103573667e+00
2.040208357523858318e+00
2.388477592557888940e+00
2.475036683630710499e+00
2.501016532544158011e+00
2.276377241042870203e+00
2.304601013295760836e+00
2.416817986593530865e+00
2.372143052336439073e+00
2.466371035036978743e+00
2.349387754962412700e+00
2.141316385602411554e+00
2.249693115876954419e+00
2.354181983845112125e+00
2.283624735067176115e+00
2.263666451368539168e+00
2.447752914225697740e+00
2.306435436131601069e+00
2.396992429692733406e+00
2.305404533796414412e+00
2.346231129689753558e+00
2.417344443070993165e+00
2.484061946523319797e+00
2.386562824787255899e+00
2.421629252638144436e+00
2.525399337200045391e+00
2.629196110367476358e+00
2.396665188539198965e+00
2.566991759691803043e+00
2.573302297956230777e+00
2.551647239798147115e+00
2.438002823010222198e+00
2.541638125691842109e+00
2.435628453053320985e+00
2.770445283687573035e+00
2.673210974272050233e+00
2.538152168091774907e+00
2.476832828195408176e+00
2.493835550904848652e+00
2.526498150286910160e+00
2.240458600741258799e+00
2.337781250867937644e+00
2.445925811591566745e+00
2.217854926906346336e+00
2.431523711186164505e+00
2.439583569294822230e+00
2.477855539924945116e+00
2.493098160272988917e+00
2.200613046240143866e+00
2.294533218155669463e+00
2.139422761733721146e+00
2.149390446625675022e+00
2.311775748612113990e+00
2.239821692561791533e+00
2.095730527610801808e+00
2.143873537528293127e+00
2.157984656150944147e+00
2.261643660155173041e+00
2.146078648646363884e+00
2.042696320284587586e+00
2.305921733058282630e+00
2.298715192410188735e+00
1.945585686048948659e+00
2.132459041912151854e+00
2.084546411784704123e+00
2.288996553142473633e+00
2.359295625903603533e+00
2.301368494112931984e+00
2.565693233147094521e+00
2.412676554290124287e+00
2.438394053308182929e+00
2.506964180341874293e+00
2.346347584677098475e+00
2.538937894443656251e+00
2.408083027687195621e+00
2.426027716225650721e+00
2.576375695640189090e+00
2.598362190888956924e+00
2.497008797725822404e+00
2.604810587527246479e+00
2.521663814391532199e+00
2.448956779838227682e+00
2.470977507899798642e+00
2.389103560851216557e+00
2.297311207202636929e+00
2.465738411224095650e+00
2.468255439911755111e+00
2.454064110226682693e+00
