1.837866449411106551e+00
1.812203655359712284e+00
1.893225318600245455e+00
1.733805911852766224e+00
1.764732705173832850e+00
1.985849071637505459e+00
1.772384569928073805e+00
1.953315346392481056e+00
1.788245036084702644e+00
1.779674230038235994e+00
1.853064373411493548e+00
1.729693740806526270e+00
1.902280817050392203e+00
1.962837198984824782e+00
1.697321428108894859e+00
1.826370493016065577e+00
1.947193299049627679e+00
1.834058879992331637e+00
1.724793166178652193e+00
1.774904839744694707e+00
1.806109515139588950e+00
2.027825750479116174e+00
1.716481761090652869e+00
1.740279756690772173e+00
1.821801348671931997e+00
1.778330737937784400e+00
1.784283685138323694e+00
1.948082706147652887e+00
2.081521394554258997e+00
1.857512222072767782e+00
1.856303426701403803e+00
2.039504264891780050e+00
1.902593570465759942e+00
1.773968749611600115e+00
1.698645379743419115e+00
1.666787962214997698e+00
2.085860951665468477e+00
1.730871319711850376e+00
2.171227728895821052e+00
2.081797125305255847e+00
1.942819259246425734e+00
2.012534198587355050e+00
1.903758748576359405e+00
1.906816794294567297e+00
1.846471421352127606e+00
1.944522768825384329e+00
2.070475798263280875e+00
1.832108320412418001e+00
1.874592650172823172e+00
2.060800020675942257e+00
1.858659446140509930e+00
2.103619742935290748e+00
1.982061544309256185e+00
2.139879009011218525e+00
1.731939098751932082e+00
1.773344722260535633e+00
1.705629801413425906e+00
1.736392590956306492e+00
1.780338914697785935e+00
1.700478119077867944e+00
1.859072142991050169e+00
1.791684290131101864e+00
1.734117630919664421e+00
1.933992414731328324e+00
1.625504727667136384e+00
1.775791201031459376e+00
1.841417669003337476e+00
1.881432683959949781e+00
2.146497301277486169e+00
1.985902677005856098e+00
2.232310991070669548e+00
2.194775955558255998e+00
2.124172895426380325e+00
1.819475549975919204e+00
1.850990882053988207e+00
1.750122432546322493e+00
1.781690703737300430e+00
1.833675626981495999e+00
1.836452750390995536e+00
1.929561512978954729e+00
1.744026416258540602e+00
1.923505496278368643e+00
1.851546966458389898e+00
1.781672743579435725e+00
1.712693679780006306e+00
1.851032090588726531e+00
2.034646207026180598e+00
2.001806846577429688e+00
1.921050827259023208e+00
2.073131507811773577e+00
2.057924051917868535e+00
2.112766123926108186e+00
2.052529577198482613e+00
1.930205756269134598e+00
2.182431591555709538e+00
2.184197179145944467e+00
2.004004319469018469e+00
1.923500525445758669e+00
2.007980394493050547e+00
1.926172809095722416e+00
1.778124281999537981e+00
1.802628434081163133e+00
1.842428117669164811e+00
1.713616142398902920e+00
1.962477224435093870e+00
1.751973444407176617e+00
1.914923601889834792e+00
1.801597086289617122e+00
1.718290186955234056e+00
1.787332807492648667e+00
1.980534127036722492e+00
1.913140698168728671e+00
1.719720248918666483e+00
2.001038344127922031e+00
2.007808677430783284e+00
1.958929947203809752e+00
1.767722926646088544e+00
1.912812921588084469e+00
1.765086666684690941e+00
1.921324509660734092e+00
1.808046353834158904e+00
1.770830247796125523e+00
1.915999712263393828e+00
1.682346255486751430e+00
1.778805212972033090e+00
1.941737639976371499e+00
1.660507397049144185e+00
1.758053519394879638e+00
1.810076518076414231e+00
1.767131218095679301e+00
1.990141570380797864e+00
1.949832645904076012e+00
2.005293001423145149e+00
1.811122919261949571e+00
1.852320754288648619e+00
1.874583209379462989e+00
1.800786158730944830e+00
1.740799257347293683e+00
1.695031131868167229e+00
2.170772780079013309e+00
1.717772605745754300e+00
1.952281624346903000e+00
2.087177403924121766e+00
2.013828792798525225e+00
1.828276417531678355e+00
1.944243414779702972e+00
1.989685870012156910e+00
1.743580474966348381e+00
1.759200482028633106e+00
1.972203353424457406e+00
1.862662947747669051e+00
1.917349992508605494e+00
1.956280804829234166e+00
1.858477224069844835e+00
2.066581777651502971e+00
2.072465368526092089e+00
1.851309166473603440e+00
2.166171192146283619e+00
1.888812526866089359e+00
1.883729478093717269e+00
1.810141665389103149e+00
1.765873040590924870e+00
1.790563869878058600e+00
1.733667799494329476e+00
1.915767930396799823e+00
1.831504703938576561e+00
1.872779616590021456e+00
1.917376618346268602e+00
1.890233298081069213e+00
1.817279474995190380e+00
1.807440945788798548e+00
1.746103408425225378e+00
1.826732438015733706e+00
1.787060883757790153e+00
1.788795757686522103e+00
1.973137961598326440e+00
2.125053560087355908e+00
2.193470595848134863e+00
2.186265759701422340e+00
2.090717630738155197e+00
2.168690734328923231e+00
2.018171570656757119e+00
1.793642467012816599e+00
1.916365967155180483e+00
1.821299554285656708e+00
1.919737444578924590e+00
1.775514252562492512e+00
1.691602200579514159e+00
1.686279254711827269e+00
1.923769692532263376e+00
1.835311233574125511e+00
1.872188134174660235e+00
2.003130657180643759e+00
2.014617933161239272e+00
2.037743921811051351e+00
1.871518616261775403e+00
1.891319134863064244e+00
2.122529434328372044e+00
2.087600072697722631e+00
1.954483471257442151e+00
