1.751835830624335344e+00
1.523964535794440245e+00
1.512423795176232932e+00
1.527960614651947546e+00
1.491558797024972849e+00
1.634069546982877652e+00
1.708984355170929170e+00
1.692146063648008347e+00
1.631442850028296476e+00
1.538778816196086030e+00
1.614515512344412151e+00
1.608476306197638817e+00
1.596151135221441697e+00
1.700341137014603321e+00
1.864049894604866697e+00
1.668178960836541158e+00
1.596964728542791256e+00
1.967171183804573120e+00
1.559242462756424974e+00
1.932726036575030726e+00
1.890840510362039151e+00
1.726162544015629186e+00
1.770160277484203570e+00
1.663923363540575462e+00
1.704822328053752889e+00
1.732933550952168389e+00
1.644459413221670330e+00
1.904736234077117230e+00
1.787367587774334021e+00
1.921727856814881452e+00
1.682974876902519012e+00
1.632870174839088806e+00
1.533960965886139949e+00
1.729253071986467605e+00
1.662367128260188176e+00
1.875820790638658586e+00
1.820048377813444862e+00
1.492561766604445950e+00
1.450983494474838098e+00
1.532884429115554781e+00
1.873357200367571362e+00
1.587285749508739574e+00
1.596502995552407045e+00
1.689266311716725255e+00
1.668447018473281807e+00
1.831402955189370463e+00
1.719785362565580344e+00
1.641831937363908089e+00
1.822833474834131495e+00
1.805430074116999295e+00
1.726961257752054779e+00
1.545999865068056867e+00
1.708163844748416427e+00
1.542201287425090772e+00
1.485700887876129972e+00
1.819390578668152125e+00
1.717253617297271440e+00
1.679173033430451989e+00
1.565631243968582664e+00
1.639116712955581256e+00
1.623212286249299696e+00
1.506305480410708775e+00
1.490752573910308243e+00
1.645936889908236722e+00
1.668171995136797481e+00
1.823453803961558872e+00
1.749605327224365237e+00
1.566882686776378319e+00
1.736949280766489245e+00
1.966328513984894055e+00
1.902099088934779081e+00
1.833094836467469957e+00
1.740178648141234241e+00
1.438205195167155948e+00
1.589857967807261740e+00
1.827284269869173583e+00
1.776570502146350483e+00
1.912801963616257872e+00
1.685096926845776055e+00
1.763670182774383477e+00
1.632962108939233881e+00
1.778449714459921838e+00
1.625278974959529998e+00
1.567191286337695111e+00
1.694261625764259316e+00
1.752886189912699733e+00
1.835226877005617707e+00
1.895171925714705052e+00
1.900503502795211075e+00
1.585607412753637702e+00
1.610038839031572966e+00
1.505979092108478357e+00
1.441291824346267125e+00
1.604665605938708106e+00
1.633826481790179752e+00
1.700611785828042732e+00
1.786242539839343557e+00
1.693443660756104974e+00
1.835364868131562632e+00
1.771180907718817865e+00
