1.677833773533685680e+00
1.486031164697698026e+00
1.401303011169793500e+00
1.447088011764057214e+00
1.398867683089515479e+00
1.589064611004605831e+00
1.618609511426600811e+00
1.622640491289003783e+00
1.516417701886523250e+00
1.418724462683553122e+00
1.546452423060884485e+00
1.545726711906517892e+00
1.605732091025433794e+00
1.627355973315337101e+00
1.548966951879657383e+00
1.640426873279752673e+00
1.583786652908466097e+00
1.761227550658426066e+00
1.573249769904558226e+00
1.541518397325016609e+00
1.669107794069186523e+00
1.688290715938703723e+00
1.634340953855071277e+00
1.637452337680022740e+00
1.572128495249235813e+00
1.611485102972504357e+00
1.598750172936852953e+00
1.757407400154695543e+00
1.429039927019660094e+00
1.755870828019758356e+00
1.664729759421052169e+00
1.584809581906604814e+00
1.567765675045627916e+00
1.644270616023562503e+00
1.582563250954277745e+00
1.624131395255315802e+00
1.670448420658132260e+00
1.459105984081096263e+00
1.425476044344181625e+00
1.555489637667967218e+00
1.762398970008318910e+00
1.585239430364485225e+00
1.610657390301627023e+00
1.724450698510107127e+00
1.670031267182935597e+00
1.758450378617422150e+00
1.595523208731989717e+00
1.590510422706831184e+00
1.685734154371234084e+00
1.420971202159331703e+00
1.589174764884502711e+00
1.424090620321770473e+00
1.551960741462593329e+00
1.422802150870612126e+00
1.368079062371571952e+00
1.428622306886129678e+00
1.544625787831069408e+00
1.408116549382286031e+00
1.119018849142605188e+00
1.411091559516106209e+00
1.370023570956901970e+00
1.371202151280045856e+00
1.399488693085722879e+00
1.468570250390455856e+00
1.568008142126638083e+00
1.599042375164936525e+00
1.449632638449668054e+00
1.458532338845173637e+00
1.532483041169321769e+00
1.707851959026347233e+00
1.597473073175471159e+00
1.535093113243426011e+00
1.578410984346484858e+00
1.307414931413232617e+00
1.438944738500551601e+00
1.384582074184346867e+00
1.563957586799437527e+00
1.662911167011312141e+00
1.571668140737151775e+00
1.556147920413823549e+00
1.382934657922774591e+00
1.469779027382601688e+00
1.568641799650302371e+00
1.512308847887814389e+00
1.591199817535516869e+00
1.532331256514168016e+00
1.510802303758135734e+00
1.702209162779577900e+00
1.522969554909249901e+00
1.259166164202461191e+00
1.234094746596204661e+00
1.146601552689160419e+00
1.133958920586689345e+00
1.430638661097223041e+00
1.437049138865303721e+00
1.673220121845646613e+00
1.697140280171460569e+00
1.520620071139444196e+00
1.749124822570409910e+00
1.488478090654797859e+00
