1.713033449570210642e+00
1.782148162819376047e+00
1.937940355041477991e+00
1.710766424754953219e+00
1.772782378256686053e+00
2.029643076554221270e+00
1.759700301604661954e+00
1.918642383437062504e+00
1.770939047183699211e+00
1.806495039444499850e+00
1.935844734635989717e+00
1.892296889298832108e+00
1.920804120227793677e+00
1.858312251573456697e+00
1.582853097365057415e+00
1.876982525141678959e+00
1.956956746262326297e+00
1.838112091248075064e+00
1.674018529181494186e+00
1.763243471731188894e+00
1.957162428932284648e+00
2.037006011446941045e+00
1.758219743434140891e+00
1.771284772088905779e+00
1.990783964636709591e+00
1.942036567437325445e+00
1.874775515546998061e+00
2.057647001623779115e+00
2.095629848888543201e+00
1.826303002742077464e+00
1.767347376399809544e+00
1.755545531272056259e+00
1.873721905537982124e+00
1.708218940540824349e+00
1.742537493475854848e+00
1.682297054567116534e+00
1.981731298369516114e+00
1.727431178591854133e+00
2.187238855479533228e+00
2.217147451272942327e+00
2.029245042759444395e+00
2.065825542405840043e+00
1.911552118758337526e+00
1.872505552002638796e+00
1.755550358953458456e+00
1.782899905814851138e+00
1.980319449723557002e+00
1.935299909959225850e+00
1.967637031081878263e+00
1.935429572091932782e+00
2.046082889234248192e+00
2.109683997874189032e+00
2.037229855996057104e+00
2.148219304777162719e+00
1.668852566494049450e+00
1.711247479560865203e+00
1.606759500076494040e+00
1.628240757874813260e+00
1.690543382234605208e+00
1.567387797661172533e+00
1.893909252565238566e+00
1.842569942372972669e+00
1.709169785165193023e+00
1.703975677032950387e+00
1.556296196095399820e+00
1.790405737945551135e+00
1.865654497612937668e+00
1.953217154901523811e+00
1.945682285475646367e+00
1.984210332242069441e+00
2.093244912726050178e+00
2.300370045953931797e+00
2.211514864098420130e+00
1.670919494869433697e+00
1.692198934435522384e+00
1.625845548534531559e+00
1.638990511906778691e+00
1.725052618694492335e+00
1.721668404833784249e+00
1.868929418957202548e+00
1.743531863569325102e+00
1.949186584418205692e+00
1.737017300898433980e+00
1.818670698048581391e+00
1.733172515144309589e+00
1.858716554230428253e+00
1.923970447438388520e+00
2.055025614957625812e+00
2.001362769536452646e+00
2.069162153572939644e+00
2.021323880208685697e+00
2.098723977888811376e+00
2.038320380640560092e+00
1.985813858311651803e+00
2.151044860480005205e+00
2.190888526128862868e+00
1.999656638396927866e+00
1.957647841455295579e+00
1.956128142433714245e+00
1.859383287677501162e+00
1.779722949420745604e+00
1.977764415531729991e+00
1.790735809945349644e+00
1.709586949423233859e+00
1.895833093012206261e+00
1.735218312624324799e+00
2.105822691766741528e+00
1.810773432928652449e+00
1.731423211097136372e+00
2.008581595728851976e+00
1.900158722736589478e+00
1.829587245324642675e+00
1.861054624342661112e+00
1.938372039984449735e+00
1.926563987196159511e+00
1.856099063105915992e+00
1.810365549764536341e+00
1.864597515881812440e+00
1.964463985947484170e+00
1.821240734549208096e+00
1.711584653426351466e+00
1.893855919889932737e+00
1.908522166996948766e+00
1.728022797975246716e+00
1.991735143950742692e+00
1.932778513638285789e+00
1.708108559652996128e+00
1.853435180092654289e+00
1.938924011783903500e+00
1.861724606520859693e+00
1.998847796977848423e+00
1.872005751843959676e+00
1.980176114352703465e+00
1.869677725679729896e+00
1.894987180422525785e+00
1.866726677826270997e+00
1.834129933138802127e+00
1.809336300107832640e+00
1.853664077231178986e+00
1.997046985338428726e+00
1.932515137283489226e+00
2.089461636428338931e+00
2.098304856011606656e+00
2.012071181493071848e+00
2.034208022194365029e+00
2.134530729744049005e+00
1.957801613013407938e+00
1.737304052857388204e+00
1.802229664391849617e+00
2.066272798791918941e+00
2.017347645763558628e+00
1.712300620309448407e+00
1.595109515038036996e+00
1.801894044621383140e+00
1.919010615890127447e+00
2.003484559906912210e+00
1.890712399590553261e+00
2.078732788129659337e+00
1.616615466840851001e+00
1.593013393715706050e+00
1.829657525847316002e+00
1.585753411703781479e+00
1.677991702789298767e+00
1.617733654785060704e+00
1.972457119596149111e+00
1.962780245826420966e+00
1.820458182074423226e+00
1.820540674353309241e+00
1.663918702441466779e+00
1.793701676069411111e+00
1.853855613697079407e+00
1.961156071082958530e+00
1.944951258865352806e+00
1.972923363882642223e+00
1.968617000739705913e+00
2.118902467518054777e+00
1.935639898648760182e+00
2.182973122486385975e+00
2.153972368502595103e+00
2.026733931991746562e+00
2.146346755792145622e+00
1.819480258506980253e+00
1.824280268988738074e+00
1.825930606963506841e+00
1.610083836808361646e+00
1.795697067502008082e+00
1.673260882446424569e+00
1.622040796246057681e+00
1.684417259229362696e+00
1.872982070476674865e+00
1.778588428220144957e+00
1.935875446468769745e+00
2.055074888039820635e+00
1.958092061153071439e+00
2.070597305079013850e+00
1.959138981759101839e+00
2.027591685689076328e+00
2.220937172741325405e+00
2.048581428247744807e+00
2.000723723092659334e+00
