1.733308796483489234e+00
1.849237395951574880e+00
1.943767772333622634e+00
1.731364371727042828e+00
1.787386315477183185e+00
2.029947246917433112e+00
1.848879434584115300e+00
2.047216822596927166e+00
1.752440483087240430e+00
1.844964988041526421e+00
1.996983536134716131e+00
1.960107038097132159e+00
2.021420531075504012e+00
2.002581280045069967e+00
1.896881980896546693e+00
2.050020660650532900e+00
2.135379583933092906e+00
2.041439628280544039e+00
1.925195419713704448e+00
1.989879730172870786e+00
2.218162508994435012e+00
2.194348051346671991e+00
1.918323902630701738e+00
1.946410169766523923e+00
1.974463494092488558e+00
2.109827816253716737e+00
2.018863432939588698e+00
2.170954274285388674e+00
2.205331762198359691e+00
2.022845917299568974e+00
1.842793596562680714e+00
2.109175391887975870e+00
1.969146971699326176e+00
1.873625280825395478e+00
1.900451925887194804e+00
1.919980044144378173e+00
2.112691916579823470e+00
1.949625788034722529e+00
2.374007776698328520e+00
2.214016048892930133e+00
2.217436545100393008e+00
2.239226544660933627e+00
2.139475781895556317e+00
2.053979067612640375e+00
2.008120186152616338e+00
1.994907989330585441e+00
2.284424529478031207e+00
2.022261217546994949e+00
2.121102070786560656e+00
2.205308466462513106e+00
2.046877574377882425e+00
2.210222913783280507e+00
2.177228139610212665e+00
2.283956427847003923e+00
1.773656648834829763e+00
1.824743906639509250e+00
1.750471172261029329e+00
1.781693406873981589e+00
1.829110422080109766e+00
1.643505663889040624e+00
1.979026882482734839e+00
2.047537201528015327e+00
1.911267333870761531e+00
1.837325599062612946e+00
1.757954507093619778e+00
1.838529111373923941e+00
1.910619423842837339e+00
2.037757444422900299e+00
2.141944367302176744e+00
2.249703346614466248e+00
2.215704789496952820e+00
2.331951059593280196e+00
2.258177651125045315e+00
1.790560254362092207e+00
1.791920303645197832e+00
1.846823054871459702e+00
1.852966817806479982e+00
1.925034192728253712e+00
2.013935121326915212e+00
2.040251793536011160e+00
1.889508800248716369e+00
2.087065790485582273e+00
1.870904351888028616e+00
1.896076074888021434e+00
1.866887516248168621e+00
1.872790231794263738e+00
2.104088689918545807e+00
2.058749545800508951e+00
2.028392759758770314e+00
2.144387846656543140e+00
2.142434718308601216e+00
2.174727393128463859e+00
2.319970937927495758e+00
2.193757265702772408e+00
2.276155342840043616e+00
2.218415126214325461e+00
2.149673099816067356e+00
2.077182655170420222e+00
2.136284823076888717e+00
1.863781121274964203e+00
1.816863381641790509e+00
1.822962780229824942e+00
1.867327052420665545e+00
1.743107388689365989e+00
2.001004692513851602e+00
1.823405268532495738e+00
2.082331443432989815e+00
1.911909596643345477e+00
1.715211949080705622e+00
1.874833614530934778e+00
2.043721490788296791e+00
1.875766408575886501e+00
1.828678074106150131e+00
2.017375784781786141e+00
2.117798701017865604e+00
2.024888979661758626e+00
1.833866633571373805e+00
2.060944007193061367e+00
1.947855407462399713e+00
2.034772401086515359e+00
1.930420884774940893e+00
1.999745241527001394e+00
2.065624076901719341e+00
1.952327963581441894e+00
2.079227282443524949e+00
2.086768262317537204e+00
1.852432710851852571e+00
1.991407755719144301e+00
2.123378424736832581e+00
1.969245861252764129e+00
2.186806217528308061e+00
2.064919199595863120e+00
2.142214906217409620e+00
1.970738879981457137e+00
2.021373921308894150e+00
2.038000185089446248e+00
1.957682044356388484e+00
1.981793183039169737e+00
1.884567185691819802e+00
2.178348886140338614e+00
1.976909672214662406e+00
2.082047615477297331e+00
2.256037849368385917e+00
2.133899504607922104e+00
2.143371136418747103e+00
2.201695227010323386e+00
2.270271641630480008e+00
1.897251155933386002e+00
1.808525223529099835e+00
2.054419063733021744e+00
2.206146765088205175e+00
1.911075176849325929e+00
2.199153742447392812e+00
2.006373228967213596e+00
2.231852040653390379e+00
2.255849164191791711e+00
2.122543401166749000e+00
2.258180427168646087e+00
1.864394645612085011e+00
1.889614993049725244e+00
1.906853264159099615e+00
1.854258510033840457e+00
1.801119746036011104e+00
1.718084975710061801e+00
2.105145464235209651e+00
2.105657597644807311e+00
2.062979716687503462e+00
1.961132894835933005e+00
1.932852254226311350e+00
1.895224753275830842e+00
1.904207243621077295e+00
1.994256954721533859e+00
2.245630659634509474e+00
2.016425431224214915e+00
2.150140728749592167e+00
2.338815611400021144e+00
2.149110457234840066e+00
2.355098976866235816e+00
2.251362416240746178e+00
2.228379632033274049e+00
2.249799910643844658e+00
2.074486697326949791e+00
2.033882722932409681e+00
2.083899877059308015e+00
1.782569021770416207e+00
1.845889333802333665e+00
1.841034280825522451e+00
1.798425243521909467e+00
1.800552866802322516e+00
2.082978128182769062e+00
1.827748668965167855e+00
1.985052449279808506e+00
2.115441309238075718e+00
2.105195766010663050e+00
2.167149222430862388e+00
2.147659097024218866e+00
2.157621952081985484e+00
2.265139859748251716e+00
2.209108149037757762e+00
2.179543658265201245e+00
