1.832726213296251183e+00
1.798348220221760885e+00
1.933140709555502434e+00
1.750412136596262158e+00
1.777602512528580814e+00
1.875049047218438902e+00
1.770216538443675880e+00
1.969942029681000406e+00
1.793016373452605228e+00
1.804218574385255236e+00
1.951841505835935520e+00
1.771613290790562179e+00
1.866043143264091375e+00
1.951680483514543374e+00
1.590730251699137732e+00
1.738153230741536159e+00
1.872548711409068867e+00
1.708809246953456151e+00
1.605981009524043879e+00
1.652968668776744199e+00
1.714338989509950117e+00
1.858972274416146320e+00
1.686862911452829072e+00
2.125725856354179211e+00
1.866814857970559238e+00
1.891827833113025603e+00
2.031156918499129826e+00
1.623271512506953673e+00
1.796131279520633228e+00
1.735501053529827198e+00
1.898174271561088977e+00
1.897258488938885934e+00
1.969785179568566580e+00
1.734695533242143650e+00
1.644055138243180503e+00
1.631478120922130737e+00
2.144960397767684768e+00
1.968709338751442717e+00
2.103740753296237553e+00
1.979600717637163720e+00
1.703655996784216198e+00
1.646298062339624835e+00
1.641487209349975718e+00
1.822398448490042622e+00
1.714270220054308069e+00
1.762541445614728142e+00
1.970220904426753572e+00
1.731458707344205594e+00
1.876301358034735633e+00
1.759486874500099551e+00
1.736346660581166379e+00
2.079233513949217294e+00
1.952562583259003892e+00
1.866095725953123008e+00
1.737024611426553067e+00
1.796895146389158926e+00
1.655191732581322572e+00
1.739450817598033661e+00
1.785301129424532451e+00
1.606438387498072107e+00
1.848505847634925869e+00
1.874515698056759661e+00
1.660236778910033406e+00
1.872524835833569323e+00
1.569365819679718221e+00
1.683602039892444058e+00
1.705179796158649452e+00
1.666469334814911551e+00
1.552119699124512309e+00
1.619600789648895756e+00
2.163838985888719701e+00
2.159771641159822231e+00
2.089771130417874545e+00
1.795157104798781100e+00
1.817566258199491358e+00
1.665558940583317327e+00
1.784458620768933912e+00
1.786988361141206516e+00
1.795419472234918823e+00
2.009755371811257962e+00
1.737382706641531716e+00
1.933747209441982973e+00
1.831458851140520760e+00
1.840721204712350900e+00
1.691965399220096256e+00
1.807093195586705114e+00
1.692833155319363181e+00
1.877062607736189603e+00
1.896720981017481211e+00
2.105853377397707060e+00
1.777285715991505866e+00
1.974315719563718208e+00
1.550565195413857955e+00
1.734714104559206049e+00
1.716862416767148458e+00
2.069795714872458170e+00
2.048180318728659799e+00
1.926149014423167216e+00
2.029354861777413088e+00
1.879916537728812953e+00
1.732814066004841003e+00
1.897348725643865031e+00
1.819225256098498944e+00
1.682326672636271114e+00
1.902607470680713453e+00
1.738795733721199888e+00
1.962905099353201344e+00
1.776361655963799135e+00
1.688816109086953787e+00
1.804440485674402295e+00
1.966087807352015826e+00
1.833418093529370685e+00
1.729596120325641584e+00
1.893954749777281066e+00
2.048839404557130539e+00
1.884553823303413811e+00
1.792891344573581458e+00
1.982522108811485495e+00
1.864186264712617058e+00
1.884887846509348153e+00
1.792724344772348433e+00
1.836024993672717986e+00
1.968873080617113969e+00
1.762684278045477448e+00
1.784091793150458516e+00
1.841423525234952896e+00
1.705207441480215191e+00
1.799293233072155607e+00
1.810673353529644425e+00
1.842688113551172346e+00
1.886371540454953477e+00
1.838177249620360110e+00
1.897945730405837139e+00
1.730441390522848399e+00
1.881532093534071137e+00
1.958277698575058290e+00
1.825307154063976700e+00
1.817526807161209401e+00
1.789345241662455566e+00
2.196269039081841346e+00
1.886385770258847572e+00
2.187901865329033857e+00
2.212697333536227884e+00
2.031766663346017410e+00
1.836842371256744766e+00
1.969419061217753120e+00
2.066495059780172117e+00
1.920607198729717080e+00
1.868338282941755635e+00
1.980065266090068388e+00
1.892310613327147006e+00
1.890217189213551974e+00
2.025956114402711172e+00
1.873763994311396175e+00
2.113578901570491553e+00
2.042806391269621713e+00
2.000964722330239365e+00
2.074835389574719802e+00
1.831118215308319641e+00
1.951310487412952988e+00
1.838099902653316686e+00
1.713495638237601648e+00
1.690994698080676484e+00
1.632017094849188332e+00
1.979426554938068517e+00
2.008670358190895566e+00
2.064739451321277564e+00
1.900056451639975386e+00
1.980627757459813898e+00
1.843128342796425567e+00
1.821168493111315012e+00
1.861912228535106850e+00
2.039519647476859099e+00
1.885016946921316494e+00
1.909261273361355649e+00
2.158330121922390266e+00
2.109442671595194607e+00
2.276110113397900925e+00
2.132252346480303373e+00
2.053071303209696996e+00
2.057732304830078185e+00
2.048154947344957399e+00
1.912784284786215316e+00
2.004996169763649139e+00
1.755484427211468690e+00
1.892796978741176028e+00
1.770635375339010054e+00
1.815596318723016633e+00
1.747264804559347517e+00
1.996835729649760749e+00
1.816432926545278326e+00
1.923918986142101994e+00
2.031278356872504798e+00
1.984624481205739643e+00
1.986030580111784349e+00
1.921222204620925744e+00
1.919401581471583240e+00
2.117339788258057798e+00
2.168028999471331097e+00
2.100631526856569842e+00
