1.775984613558810432e+00
1.810232562816320057e+00
1.912794981236389136e+00
1.737316848950850368e+00
1.746332457329816679e+00
2.080891423148918395e+00
1.777339166127013925e+00
1.997336742667674470e+00
1.721511070124272846e+00
1.814558429724238087e+00
1.914120777652817074e+00
2.031052847211761048e+00
1.964906239547068889e+00
1.915713039927323225e+00
1.801837248825585380e+00
2.078156097840341054e+00
2.148668639150664195e+00
1.946831503543833719e+00
1.863166825558839612e+00
1.923583217205159901e+00
2.184625089868884817e+00
2.126774006341957346e+00
1.785629087329712705e+00
1.778165700073278455e+00
2.025499435867379461e+00
2.047461592659148621e+00
1.963258197427761642e+00
2.063298023658107994e+00
2.107863178973615526e+00
1.952692272557595476e+00
1.819077527018928331e+00
2.077012830632664731e+00
2.180955976206034652e+00
1.877219220011653755e+00
1.873224247365364414e+00
1.915414363259255293e+00
2.213254354606845720e+00
2.103435635127664405e+00
2.313610942199669562e+00
2.140387803838954994e+00
2.137097289244710208e+00
2.151598113632076092e+00
2.110406086826882799e+00
2.065094134958798566e+00
1.966824512094697885e+00
2.068747008978831126e+00
2.282112026740858113e+00
2.116163816938332776e+00
2.111903853199843084e+00
2.103288900735293065e+00
2.085248569444654976e+00
2.263853021445593416e+00
2.106999630282429425e+00
2.160732260909638214e+00
1.650671587636568516e+00
1.742437737578967694e+00
1.534777278226124864e+00
1.677117865002924813e+00
1.683013552993763096e+00
1.799626878287884590e+00
2.117125660579659119e+00
2.177327748201989266e+00
1.932634427007817290e+00
1.863990712539244976e+00
1.732594395182590397e+00
1.891409199140413167e+00
2.131408664088177307e+00
2.124635605669898730e+00
2.246742388194909790e+00
2.222006858375941363e+00
2.235072782188075813e+00
2.357200924366868566e+00
2.194168565196059628e+00
1.813229686441379052e+00
1.807632448088710486e+00
1.846055670808170568e+00
1.913841733820004887e+00
1.976023335327274033e+00
1.896272973864832068e+00
2.103517163955380020e+00
1.996632424170908360e+00
2.172154230261654106e+00
2.011967664531525202e+00
1.889011737489751930e+00
1.808925230954957941e+00
1.973414903707525037e+00
2.187388028245282889e+00
2.146431379058311606e+00
2.147749252549852272e+00
2.238772994694426366e+00
2.144276593509657935e+00
2.166543326666156677e+00
2.173084797205172780e+00
2.098474257038771551e+00
2.192499262004067084e+00
2.260081201184254152e+00
2.200784686231702203e+00
2.077636929918902364e+00
2.220654741039751912e+00
1.770724416516518795e+00
1.734348872261483709e+00
1.711605675862747367e+00
1.804714437047670650e+00
1.711466004925572770e+00
1.875721686136085475e+00
1.799589525284354341e+00
2.021772426817595392e+00
1.821168853165153312e+00
1.723347639320329527e+00
1.890899279531347288e+00
1.992272625042612599e+00
1.887826172003135961e+00
1.806890048322775222e+00
2.064970801141291279e+00
2.123637195444540993e+00
2.049411749874990196e+00
1.838776774494067512e+00
1.994004935233393283e+00
1.963808937053642678e+00
1.878193310791317572e+00
1.826687877395797077e+00
1.882549277476357474e+00
2.078827565440911851e+00
1.769233971360544722e+00
2.038934227857859494e+00
2.036258162864168053e+00
1.669691937138410021e+00
1.936229558202608114e+00
2.064339922522663517e+00
1.869639070963923233e+00
2.120761478676761236e+00
2.003150171063424967e+00
2.108421507246066806e+00
1.858651360307832068e+00
1.865422550548057945e+00
1.933805860038756208e+00
1.879655957165528246e+00
1.939668822122089464e+00
1.857801767351445532e+00
2.177614654976083308e+00
2.039316033461927802e+00
2.188670032068103843e+00
2.278498569225005266e+00
2.134340523189664829e+00
2.054722615143139475e+00
2.128313114380719906e+00
2.146712912410596807e+00
1.923690255473583077e+00
1.846435490884779096e+00
2.047307975705252581e+00
2.099571323488589769e+00
1.997554296944208385e+00
2.236128206477706382e+00
1.940166065419713037e+00
2.184548592118331189e+00
2.170302338262970920e+00
2.091499300731551436e+00
2.180181864857630547e+00
1.914567236862307009e+00
1.946117146431664002e+00
1.934184467092997961e+00
1.769174676753350939e+00
1.707829594416707453e+00
1.543369811909691025e+00
2.148852968579041178e+00
2.060514537623060694e+00
2.190742977210883513e+00
1.885632121464348332e+00
2.032000405257283315e+00
1.907792424808692155e+00
2.010220869393146259e+00
2.006277590795899179e+00
2.147381947499771737e+00
2.034427226808254829e+00
2.015097485433629210e+00
2.170283076618817031e+00
2.236269636627455704e+00
2.305057785366606993e+00
2.277403872913458915e+00
2.224732584838973182e+00
2.163616884235686211e+00
2.077684200925666413e+00
1.982330258312420934e+00
2.172265625411531786e+00
1.835810028189340581e+00
1.890372834052912010e+00
1.784114713083037262e+00
1.775879121107835745e+00
1.721808267165200856e+00
2.058489290296247720e+00
1.797687467529095695e+00
2.098393490246329485e+00
2.180751863767067089e+00
2.130114701735418947e+00
2.073477969350814298e+00
2.062931018445346432e+00
2.119392677796228419e+00
2.247150036215434188e+00
2.271172785606601074e+00
2.200334882305423623e+00
