1.636261518278564253e+00
1.399216516441924796e+00
1.371823370878782811e+00
1.393506558126299977e+00
1.330002939648796234e+00
1.470838882791039470e+00
1.696058244009904126e+00
1.638557310736663553e+00
1.585120653102789934e+00
1.485643078705988884e+00
1.656750198014342423e+00
1.638343176953080071e+00
1.649974867450496596e+00
1.733736838114809498e+00
1.894736127471814191e+00
1.650052876651254552e+00
1.640066713821346278e+00
1.813442284378292024e+00
1.602008787212818364e+00
1.869673308080383123e+00
1.814728868927921512e+00
1.792541042839465470e+00
1.752966931563626041e+00
1.734784271883441642e+00
1.728254618383132435e+00
1.781647972240698152e+00
1.739778181950581537e+00
1.951765250507202065e+00
1.815978140330123392e+00
1.991072973740631191e+00
1.726980421917764019e+00
1.627617451657140002e+00
1.496803551939400512e+00
1.709657430107595522e+00
1.614420319916495483e+00
1.759645163221483344e+00
1.860018688980563883e+00
1.478071060381962898e+00
1.379737919277861380e+00
1.521957614404175541e+00
1.765678165025664326e+00
1.693032175998702371e+00
1.682089105087106295e+00
1.683863806458778534e+00
1.728684712072175111e+00
1.897283560927150559e+00
1.676903123331118239e+00
1.726806424757955094e+00
1.861768449862335473e+00
1.799253044315773042e+00
1.707687878873845655e+00
1.460123505218460460e+00
1.678600665462505193e+00
1.480299155605265593e+00
1.441777129748682773e+00
1.602007007870301258e+00
1.634877583744104523e+00
1.641845621500625851e+00
1.577163922811576358e+00
1.675336264148097998e+00
1.709031642103560511e+00
1.617732398388150195e+00
1.600270364491934272e+00
1.709419460189761208e+00
1.708726681646802747e+00
1.891988322586509286e+00
1.632497507727701969e+00
1.655733866451565506e+00
1.677978938408920095e+00
1.825890948372139055e+00
1.934670341442173758e+00
1.814462945222749646e+00
1.878994397485573398e+00
1.477450676458587076e+00
1.675768929239455307e+00
1.895142014712825951e+00
1.773356453846700598e+00
1.973786708414996705e+00
1.644143311002615349e+00
1.777516521385268611e+00
1.621005761713790294e+00
1.707201840430538020e+00
1.704796941750248207e+00
1.657266688811074085e+00
1.733355204159280571e+00
1.846916344315310043e+00
1.885044700180581900e+00
1.962749799624367908e+00
1.861791370277848356e+00
1.480948452088351353e+00
1.669507245259707062e+00
1.538546121414078094e+00
1.458290450852779641e+00
1.709557051982178333e+00
1.696272115852178519e+00
1.693340088772548935e+00
1.835984051680003892e+00
1.712320684004591032e+00
1.847636083460051815e+00
1.761018747370797222e+00
