1.625607143233895879e+00
1.479442787069400911e+00
1.459815091783619900e+00
1.569082161734290048e+00
1.427176594281591715e+00
1.583026925759542625e+00
1.710413129481695549e+00
1.762158963790909860e+00
1.641324490537483305e+00
1.634245798398403560e+00
1.730157409754189857e+00
1.690739457664461209e+00
1.755533211202917165e+00
1.813382575572514144e+00
1.867010527783697471e+00
1.671096752150594833e+00
1.663381059405100615e+00
1.866370695743625907e+00
1.665093463653575245e+00
1.796133300954590784e+00
1.783686512244569533e+00
1.913282632800423766e+00
1.887510024309913659e+00
1.709684235515898099e+00
1.760912741360686651e+00
1.818199469417308700e+00
1.843624050718460694e+00
1.972621769207821840e+00
1.754886429091257138e+00
1.962801768596390994e+00
1.783385618030688624e+00
1.607444589937806478e+00
1.533707299464998064e+00
1.816240228731874184e+00
1.845624899676628239e+00
1.849967201542340955e+00
1.890136776166402077e+00
1.545146737058576969e+00
1.533863839340566138e+00
1.614285272153381579e+00
1.927690829767838343e+00
1.754241014385787611e+00
1.788290250307678741e+00
1.743512040734952473e+00
1.765082757852529216e+00
1.916548962224814856e+00
1.949835241398794938e+00
1.859288171914586396e+00
1.878674089879442510e+00
1.813173598196583747e+00
1.741903638942663646e+00
1.513374898915806011e+00
1.664320619410861735e+00
1.530245328012395767e+00
1.471331243767155961e+00
1.667055265738379255e+00
1.647861412161532035e+00
1.724151714040095928e+00
1.569995394255744081e+00
1.693342973957015385e+00
1.667889522894890453e+00
1.672472709714426298e+00
1.796068994446262224e+00
1.752315465881884249e+00
1.671016604695792163e+00
1.818661610618953706e+00
1.751639311493409457e+00
1.641774362503105156e+00
1.661157312262960373e+00
1.897624022995174187e+00
1.846036680673043495e+00
1.952986984953217098e+00
1.859051389213195682e+00
1.490767659605004569e+00
1.653682100147281675e+00
1.918302126349330505e+00
1.772019634890501072e+00
1.956882748272026351e+00
1.728391074240086311e+00
1.766872506366677698e+00
1.691307318482412558e+00
1.733710699599780192e+00
1.744518983497054476e+00
1.728650829933473076e+00
1.817873259716706658e+00
1.959070003778914382e+00
1.869454253207222250e+00
2.001353663047369835e+00
1.875910896127651384e+00
1.623247042167087484e+00
1.660763427378597168e+00
1.561159705219396399e+00
1.501642263575681646e+00
1.739271105172206511e+00
1.723381466088313774e+00
1.756947161022616832e+00
1.897220254191759103e+00
1.827190207966410407e+00
1.906781393511258527e+00
1.807456629761828193e+00
