1.506972341189876552e+00
1.380851361029851843e+00
1.330465049785791942e+00
1.379501259504646526e+00
1.375320895695622658e+00
1.470519677227264177e+00
1.626136234857722407e+00
1.662458001528882345e+00
1.515918556268848194e+00
1.478884766452562616e+00
1.664754440513561029e+00
1.652576975137317161e+00
1.667640342932035891e+00
1.792859946462882492e+00
1.911025939059591172e+00
1.573898313281058670e+00
1.639333776390687003e+00
1.966218709573138934e+00
1.577097642707589786e+00
1.920866585043063512e+00
1.841187547885326570e+00
1.840876275899853143e+00
1.887390574326494264e+00
1.674889142760532135e+00
1.755695000028540731e+00
1.780436635779553800e+00
1.735996066932627091e+00
1.984597384586988644e+00
1.763591994472707425e+00
2.009021319880675893e+00
1.749104151454789147e+00
1.606250237960413552e+00
1.493862788086023796e+00
1.759970990214812625e+00
1.749894095426019369e+00
1.843791503819173672e+00
1.825351638830059242e+00
1.503796750863577669e+00
1.421294617913781311e+00
1.517909030260991665e+00
1.841332215660146154e+00
1.633388636123223270e+00
1.719317749972684162e+00
1.775768370120711426e+00
1.738187194334605445e+00
1.889118861343732192e+00
1.864524702105606169e+00
1.797713957020242503e+00
1.820221453858905436e+00
1.880763604056185256e+00
1.638105309298478973e+00
1.471793570266259010e+00
1.573904929505559824e+00
1.443805149786309361e+00
1.398962246459956482e+00
1.600729546469899400e+00
1.579884635946505966e+00
1.600510866391226861e+00
1.700058335119096320e+00
1.753468211896143769e+00
1.719511820037268546e+00
1.602884031152649991e+00
1.573894815919218759e+00
1.642726308806399471e+00
1.687982910378269308e+00
1.829744024064052788e+00
1.629462052446513987e+00
1.624563066902235731e+00
1.792990229606522323e+00
1.954238334730852289e+00
1.940604956357279809e+00
1.931144446340177012e+00
1.929653366296237404e+00
1.565738868900507397e+00
1.704187007876177606e+00
1.992795675154131585e+00
1.776325343553078362e+00
1.988375628205828693e+00
1.771686721249786656e+00
1.760073219911364450e+00
1.809673426472908186e+00
1.920245992022282078e+00
1.767556963790423152e+00
1.755158850299928464e+00
1.756370267140241026e+00
1.909847105114381494e+00
1.886429749427281477e+00
2.019214472288966000e+00
1.857872574794607434e+00
1.693367571225892432e+00
1.691471601206272712e+00
1.626074389258884034e+00
1.511260325940035454e+00
1.690880234045891273e+00
1.790922864609000742e+00
1.841400696586788621e+00
1.939369873944582823e+00
1.884551376569681302e+00
1.841314158996655959e+00
1.818675065231013965e+00
