1.849600050039740706e+00
1.880892508703647437e+00
1.982509568254744670e+00
1.805723972849361925e+00
1.794979069352541590e+00
1.742268193113244878e+00
1.745611593742747436e+00
2.181212520145550560e+00
1.612835148423261700e+00
2.000915607091901194e+00
1.651195367957932092e+00
1.565765989398439251e+00
1.739685210795000270e+00
2.023917502773302957e+00
1.561141206825534811e+00
1.844592283407580968e+00
2.217041945711909712e+00
1.609932726246671830e+00
2.071679165380430732e+00
1.754454337476278658e+00
1.574244024205078585e+00
1.957206187514173523e+00
2.383400868956893071e+00
2.055943586266709922e+00
1.975014154255460674e+00
2.104488597495076441e+00
2.188589064659051786e+00
1.723602348001681772e+00
2.216010506951798575e+00
2.202987156631071031e+00
2.110517552003024822e+00
2.113563206705416864e+00
2.219808001670265263e+00
2.200879572634585557e+00
2.270789618903101381e+00
2.266514578865194807e+00
2.256812095138816865e+00
2.248444959887457184e+00
2.245428757517855534e+00
1.653119762560488093e+00
1.718131526964678191e+00
2.199067936960917180e+00
1.605274001937214035e+00
2.419280630645118890e+00
1.674023602925114762e+00
2.364350647254821247e+00
1.727371911271521565e+00
2.328167315885735889e+00
1.722699938490947602e+00
2.230997817960531204e+00
2.167800699759640182e+00
2.454929892214831710e+00
2.230284169703100616e+00
2.303587344829095329e+00
2.289176009220609931e+00
2.408987886231430231e+00
2.207383179673233720e+00
2.096425109054966374e+00
2.189154005301127803e+00
2.212420174394804651e+00
2.397887945033246648e+00
2.075493204319478036e+00
2.167277330921320466e+00
2.338503689572370980e+00
2.418532124287212426e+00
2.497720968960309040e+00
2.313979320633161141e+00
2.136937429959076873e+00
2.282945211706485011e+00
2.495557145860472392e+00
2.473837557905820272e+00
2.356994500576354401e+00
2.510907251791924200e+00
2.272046812386549153e+00
2.397513874860895289e+00
2.285890105700824737e+00
2.292378166702497388e+00
2.215672802655896056e+00
2.257131983681029297e+00
2.300528891647857677e+00
2.514839567629794992e+00
2.310863869375488378e+00
2.390452041110785242e+00
2.527354443691430586e+00
2.399002763785127446e+00
2.301594163266724280e+00
1.795397094491954615e+00
1.945103815576533224e+00
1.963984126909614991e+00
2.041839014989703660e+00
2.013269862619083028e+00
1.878222292277574867e+00
2.309921492531186171e+00
2.024853826788128863e+00
2.058184763406355700e+00
2.030897095552823384e+00
2.153237243373270271e+00
2.364661144700470174e+00
2.262943538348130890e+00
2.219091771365551136e+00
2.611757699621052087e+00
2.563500739008964580e+00
2.513417751587666338e+00
2.464475597051154043e+00
2.499689856379736952e+00
2.395381529823668476e+00
2.325560306759372420e+00
2.221808975196318592e+00
2.265752564050194540e+00
2.344428337661548234e+00
2.436464727520626372e+00
2.530828494853936128e+00
2.267957646673552041e+00
2.492525869648551051e+00
2.221998926518784945e+00
2.432011564107216639e+00
1.848780395005929611e+00
1.749670704170492863e+00
2.531615790584604841e+00
2.243211531690540994e+00
2.500213564299810898e+00
2.508902346304987763e+00
2.295628827856300624e+00
2.375991565939023165e+00
2.466134558990074055e+00
2.437416376429508258e+00
2.493026058095024311e+00
2.351300502226846945e+00
2.558628137532354518e+00
2.481789614799310595e+00
2.251656735544781629e+00
2.297026590619744901e+00
2.581294570373860342e+00
2.306523808229231420e+00
2.237260210298671836e+00
2.475747012155581572e+00
2.141661929739317127e+00
2.519661526668048435e+00
2.195645774364622049e+00
2.195089687281117641e+00
2.137468175468926201e+00
2.046706166581451658e+00
2.136937403622587439e+00
2.274451921159510892e+00
1.983158845035227102e+00
1.868681575293996922e+00
1.892297559500262683e+00
1.809385720493871030e+00
2.094639322435499551e+00
1.814406569269065406e+00
2.010293564780981423e+00
1.926038423006406708e+00
1.762512757694474352e+00
2.029044697079614767e+00
1.894828894102441375e+00
2.425268981367509902e+00
2.385006453494689094e+00
2.237233542034910094e+00
1.973384725139011309e+00
2.049620290320412597e+00
2.153564536480272018e+00
2.063281721914619560e+00
1.921377876487295744e+00
2.348745939503142033e+00
2.356899225770728634e+00
2.060100781313658036e+00
2.280131533685822109e+00
2.269817695658785439e+00
2.339091471743892203e+00
2.249663715064754488e+00
2.394801361209077051e+00
2.290353984624372785e+00
2.269267462987460515e+00
2.331820299125964446e+00
2.427176797923566998e+00
2.288114677001612307e+00
2.397654974029783670e+00
2.327307475795614700e+00
2.477880743800329189e+00
2.617136317810606183e+00
2.633586688909082429e+00
2.614807980237639384e+00
2.522103955049170843e+00
2.477585464870395882e+00
2.479532993321707846e+00
1.988763175660627880e+00
2.199136474461701241e+00
1.940876701772678459e+00
1.805893139380806645e+00
2.027901910158923737e+00
1.712696944772553298e+00
2.010103559835379805e+00
1.872407659092279575e+00
1.725766754077944443e+00
1.863186802332648329e+00
1.691283435328377216e+00
1.884707178848721298e+00
1.919430696762557842e+00
1.936405547898980561e+00
2.055623630700282423e+00
1.904700384010067138e+00
2.265244207350774364e+00
1.784185981021851441e+00
2.213718941057436940e+00
1.998142917077640357e+00
2.034765015841101476e+00
2.182474506633559574e+00
1.904598382857793704e+00
2.096955409778419543e+00
2.123523309101045697e+00
2.194384638504652152e+00
2.225146724953909416e+00
2.126855161603653066e+00
2.237288524901535069e+00
2.271024563651837358e+00
2.302888683054841401e+00
2.433873853849062741e+00
2.248385347042635818e+00
2.291858818449354462e+00
2.516564244362118785e+00
2.451769717239800972e+00
2.445273893338029136e+00
2.581691435070867957e+00
2.310363230029601311e+00
2.303956038254806327e+00
2.366178373517072941e+00
2.413826879927928992e+00
2.344558060121720633e+00
2.439939325674282511e+00
2.381482527014097350e+00
2.395954541609840671e+00
2.462361516555393592e+00
2.402894299093047081e+00
2.355679760008181134e+00
2.452213837723693057e+00
2.537572497744855493e+00
2.312754409097196096e+00
2.500826067042789980e+00
2.310839152001612717e+00
2.287747948778245277e+00
2.615303948357703412e+00
2.236472735850720372e+00
2.339441818402973716e+00
2.262904040460098631e+00
2.269801769266678981e+00
2.297738677171985433e+00
2.427950257206660911e+00
2.338232578534222839e+00
1.858096625703522964e+00
2.135009234840511638e+00
1.943569207895186279e+00
2.205467560248512982e+00
2.218393143265847911e+00
2.169334084313913280e+00
2.169895753927340465e+00
2.078060979355920157e+00
2.040705815333033080e+00
2.165248372612307737e+00
2.191303251972471777e+00
2.057058637718471417e+00
1.986962765266783615e+00
2.048363982395359439e+00
2.307952207123331156e+00
2.086346084858133665e+00
1.987664450341845024e+00
2.323323596813071656e+00
1.972381694286172493e+00
2.196389113159589179e+00
2.085842171486841146e+00
2.493568923519058345e+00
2.089025663064327354e+00
2.128650134946778127e+00
2.357100094891925846e+00
2.361800245039843205e+00
2.256970296507574414e+00
2.338427655802242544e+00
2.406821611455868481e+00
2.103355037101852343e+00
2.382488019459875872e+00
2.187512758854877948e+00
2.197056552436706944e+00
2.405658632465971891e+00
2.437440942207468098e+00
2.454290513792104278e+00
2.412163475423786174e+00
2.001000732226261292e+00
2.064214528772315038e+00
2.200011505753441732e+00
2.189484294238831730e+00
2.522082984029732522e+00
2.442605653759890583e+00
2.327088297390661698e+00
2.148315637827132640e+00
2.284607359934819115e+00
2.344014930795544238e+00
2.223707127797887484e+00
2.345955752767690417e+00
2.314815632129803014e+00
2.151213517028840005e+00
2.227013410926953263e+00
2.183217875385663476e+00
2.167829716047469990e+00
1.988015360117341368e+00
2.124913913892252815e+00
2.149434786378805917e+00
2.270652013030587391e+00
2.152779725653076071e+00
2.133112094257360702e+00
2.181574353645246767e+00
2.068322697113603947e+00
2.462597247194509453e+00
2.060482184589911281e+00
2.239571008972566002e+00
2.178940326448989051e+00
2.326886697632214673e+00
2.271747522556915921e+00
2.207397425801660429e+00
2.507488119115408587e+00
2.105750250554445202e+00
2.354628610318118209e+00
2.143936030895531530e+00
2.480850718887628759e+00
2.412842449121756605e+00
2.263860998580391470e+00
2.388870802513397784e+00
2.055912691067860898e+00
2.296157027459038602e+00
2.369683032842840209e+00
2.446858690225491184e+00
2.139760575521550301e+00
2.195839923659478110e+00
2.144690952164817421e+00
2.246864082481478064e+00
2.139222431990729589e+00
2.257856448709816721e+00
2.413931801113109898e+00
2.368760560531605108e+00
2.301193752634738576e+00
2.367962968246768884e+00
2.120991148910946311e+00
2.240219139942483118e+00
2.313766666725915577e+00
2.283203311898410082e+00
2.059572918023351296e+00
2.126081465765234491e+00
2.251108061191451792e+00
2.086022005944622393e+00
2.569578960276486246e+00
2.387883196470150349e+00
2.501600426134980903e+00
2.070607196656509608e+00
2.269532600000955025e+00
2.239652614237187755e+00
2.462799254167542085e+00
2.500084368826700043e+00
2.537765002261950009e+00
2.522614351328802407e+00
2.544290145731820107e+00
2.366870218184232488e+00
2.562731151430926779e+00
2.400634894004211262e+00
2.360516303242357505e+00
2.390105826794422406e+00
2.363228165501735312e+00
2.336657972341206424e+00
2.316539523225794373e+00
2.131136879256956718e+00
2.265373364947122159e+00
2.196479465787672503e+00
2.392062377134094753e+00
2.321670034524273785e+00
2.357159855955185623e+00
2.417007043486420148e+00
2.289875009579175114e+00
2.463887169734329419e+00
2.571438183944542377e+00
2.652875002814083949e+00
2.283555421312607248e+00
2.439718814415833936e+00
2.503446840671286200e+00
2.517689986858674178e+00
2.577358572976140128e+00
2.402814311336250341e+00
2.349951069510245016e+00
2.688735867030188409e+00
2.536464591596930607e+00
2.285708511619723105e+00
2.574811321799574504e+00
2.232390302894288414e+00
2.282796213395876794e+00
2.233073469496336116e+00
2.501607979135869186e+00
2.305342922807803951e+00
2.154267633671046678e+00
2.563099095566116592e+00
2.442736327204590108e+00
2.601157577782137853e+00
2.109893769226935500e+00
2.121834463097965084e+00
2.083077750349068058e+00
2.232759689144620197e+00
2.157131679632341204e+00
2.184898295950260749e+00
2.252536145295992664e+00
2.124206257113214757e+00
2.077484148518077944e+00
1.987430943214177237e+00
2.019375718767225436e+00
2.189856244877256053e+00
2.201476351506206353e+00
2.011826135272203775e+00
2.153477861473556132e+00
2.222601227009578739e+00
1.983336645767609152e+00
2.386203750855871331e+00
2.294227660261285440e+00
2.445790067879974217e+00
2.285124931954950700e+00
2.074700033657684184e+00
2.382472798496535926e+00
2.258646951410126391e+00
2.431540925290842647e+00
2.325503572077519010e+00
2.069621267691597044e+00
2.363314109519754957e+00
2.322914016448015317e+00
2.351926036153919597e+00
2.374640023217986950e+00
2.568045173385431479e+00
2.578124616871406705e+00
2.457870593603725951e+00
2.375443954135551206e+00
2.530959771341414477e+00
2.399092066085909636e+00
2.642122146029985075e+00
2.482840817898423147e+00
2.441666786520380494e+00
2.492538672287308188e+00
2.701584824890567837e+00
2.451874258835736065e+00
2.382426401842043351e+00
2.686896472817396742e+00
2.552584255365253796e+00
2.372253345995156248e+00
2.579535265464833138e+00
2.499219890180563119e+00
2.622638337826782351e+00
2.656077532160395993e+00
2.455687523417886986e+00
2.492362812056639232e+00
2.567137452099228945e+00
2.587858657544730434e+00
2.301840874876616816e+00
2.240666212216134490e+00
2.359120711758611044e+00
2.199140094964774139e+00
2.255268333543735793e+00
2.443621433624533879e+00
2.303396683559489677e+00
2.426672713648308832e+00
2.186211263194308696e+00
2.275582495494560487e+00
2.099554586467966999e+00
2.179811194481142689e+00
2.295345682026689982e+00
2.060946955191999663e+00
2.147143292284828586e+00
2.133157388129261367e+00
2.108763609083710300e+00
2.139541696083512967e+00
2.246038117394415945e+00
2.017220718093627685e+00
2.222647114815822000e+00
2.326649167655501227e+00
2.130646337037056970e+00
2.179652219483037445e+00
2.132207128209473890e+00
2.325858036516234240e+00
2.474359006822945517e+00
2.300970664411412070e+00
2.547952471863706769e+00
2.431654437782819311e+00
2.501287019080085106e+00
2.543194577585500493e+00
2.465432712417410688e+00
2.655072267928770824e+00
2.464889719461984097e+00
2.494527817403602743e+00
2.633861730305850468e+00
2.566287574201142174e+00
2.417686831029304262e+00
2.581136711951161455e+00
2.311800319195866482e+00
2.222639383635426125e+00
2.397641479087962768e+00
2.345946249596648769e+00
2.143943072680494666e+00
2.275936913593871402e+00
2.323314620000939357e+00
2.243549634769161916e+00
