1.841970622491975851e+00
1.828809646124816668e+00
1.929963692928815311e+00
1.740506223168392985e+00
1.790032382820046619e+00
1.934450378120400993e+00
1.806461088548927396e+00
1.984021606484100975e+00
1.803887947774144074e+00
1.809325106980280706e+00
1.989740946439359837e+00
1.686171843046801122e+00
1.930626848320795785e+00
1.979380752469997118e+00
1.675644191059303845e+00
1.944768587939663007e+00
1.930651603155870477e+00
1.952301476936338487e+00
1.876066728187202326e+00
1.847946225347156801e+00
1.883134562015233771e+00
1.957016802421447599e+00
1.746558302655878192e+00
1.746485145652035831e+00
1.875400464538362399e+00
1.890070904164367294e+00
1.797461552229915993e+00
2.001373678353111973e+00
2.034972953455324252e+00
1.842050207067485790e+00
1.916493048540889532e+00
1.897283537931685915e+00
1.951176993181448438e+00
1.810865715923718255e+00
1.730099926419495171e+00
1.732809078029595051e+00
2.038798591057024545e+00
1.827960110953337658e+00
2.029467535883038742e+00
2.037929224313217880e+00
1.928961215754445346e+00
1.989025190695805634e+00
1.991478329875449038e+00
1.852925635065339138e+00
1.965763030319464644e+00
1.926246957151656947e+00
2.032960843691009156e+00
1.896708538271648647e+00
2.024104021610101611e+00
2.091396153202801589e+00
1.793795291007561854e+00
2.021735709410951820e+00
1.934620253561671666e+00
2.086254858453334915e+00
1.639928661505633878e+00
1.786928930428811624e+00
1.739026826370289491e+00
1.733419513957373814e+00
1.782330008075553973e+00
1.690961493345288780e+00
1.942579293046438949e+00
1.884672808149885359e+00
1.732929892239067682e+00
1.835810060514690312e+00
1.658739194019701380e+00
1.787448750458459967e+00
1.722302810304858989e+00
1.845619744884647639e+00
1.978216382640755056e+00
1.916944146120692416e+00
2.063495881190103631e+00
2.230740024785714759e+00
2.098157163634649880e+00
1.799762071159059174e+00
1.800106831531597118e+00
1.749201905526601708e+00
1.758031594246868723e+00
1.823336709121194499e+00
1.817578375991389938e+00
2.038580633359544425e+00
1.846600358714879819e+00
2.002524645731894815e+00
1.740135414735321406e+00
1.845014550286621535e+00
1.709389337750203186e+00
1.792216037381050731e+00
1.908912932129744000e+00
1.929954351695162051e+00
1.815522092517510844e+00
1.961284562285467103e+00
1.876497693232689778e+00
1.937740639172558899e+00
1.938925752123310087e+00
1.868945468898489448e+00
2.023765127381538242e+00
2.194162780209278463e+00
2.037726821380026365e+00
1.903916523179815190e+00
1.944926249685699604e+00
1.771152999812816153e+00
1.813366106916765474e+00
1.839022236230430485e+00
1.844225860744396206e+00
1.719208121213559259e+00
1.936900619567192283e+00
1.813939243021531977e+00
1.997800187618276935e+00
1.843107468595902132e+00
1.714022903708075862e+00
1.911291316295955056e+00
1.979295827125306939e+00
1.873813711590073705e+00
1.785814420919835666e+00
1.928753669413271643e+00
1.976054949186376364e+00
1.827038128558637897e+00
1.844092871114744181e+00
1.952265395257829717e+00
1.830505059991865524e+00
1.879221334188412529e+00
1.819529003591943805e+00
1.842566290673260498e+00
1.857789369181686912e+00
1.753251527091239215e+00
1.761949183458059842e+00
1.938024551713578125e+00
1.661088895315894876e+00
1.704660467090896248e+00
1.876993410350148439e+00
1.782162498751675095e+00
1.880672829720993589e+00
1.776723800878370563e+00
1.868103220312786306e+00
1.746695105682229521e+00
1.937847700698828390e+00
1.984943540595424327e+00
1.839174183670451823e+00
1.790398086489051188e+00
1.677188144857227003e+00
2.020365904002061619e+00
1.763661011133190293e+00
1.863128320863601584e+00
2.111144615131438140e+00
2.019117445285129264e+00
1.882498607324406992e+00
2.027600639132301819e+00
2.104449997178258425e+00
1.878141153965706023e+00
1.810194320057895823e+00
1.930297407891719219e+00
1.948315453097427596e+00
1.757332306828060631e+00
1.923001375119282041e+00
1.820314816993817253e+00
2.105686434485309011e+00
1.983163952577543299e+00
1.851722672665955471e+00
2.025105123144395503e+00
1.800650487447486459e+00
1.763127582893931455e+00
1.846630059807349733e+00
1.693794824239257535e+00
1.743775006947017037e+00
1.753060193288590751e+00
1.978325472196677204e+00
1.920386016981567634e+00
1.825030295685430293e+00
1.945037665436102792e+00
1.825253196313153747e+00
1.816083145883449435e+00
1.801765573941495724e+00
1.828991116334873324e+00
2.050827207315145007e+00
1.743729499418481765e+00
1.716981237584613407e+00
2.058728465073328628e+00
2.104072423373726686e+00
2.388846708033317778e+00
2.307487905177006304e+00
2.004501436027242178e+00
1.991177474888303101e+00
2.008265654769656905e+00
1.913640504077270599e+00
1.917833818490888964e+00
1.742705356378556614e+00
1.874963011861254358e+00
1.729139067433850485e+00
1.791852760263913380e+00
1.741993522960545215e+00
1.761898697551856463e+00
1.833259536520450927e+00
1.822373598747282442e+00
2.068564400417396865e+00
1.883498320818562055e+00
1.948487475786385481e+00
1.784403789967759613e+00
1.853798854938961460e+00
2.254301408404092655e+00
2.163931121451025508e+00
1.997698251589121954e+00
