1.670530654070920606e+00
1.479730746256876506e+00
1.458968248801367551e+00
1.506389791232395359e+00
1.458859917232839809e+00
1.523798187012774141e+00
1.659907574591180435e+00
1.702570516691064517e+00
1.598103908792068761e+00
1.503699361545359547e+00
1.624571805959333037e+00
1.651383240736753022e+00
1.610243557382960322e+00
1.673480106273897983e+00
1.881146277305216552e+00
1.636167218253977929e+00
1.600795380985713168e+00
1.816853194114407488e+00
1.522876813915937211e+00
1.789049931686792050e+00
1.772295488543504272e+00
1.744216277509012869e+00
1.767386232726631645e+00
1.644596042651261358e+00
1.656949297746101557e+00
1.738623246374185971e+00
1.607537701232407690e+00
1.912808742412562601e+00
1.693629486936528261e+00
1.905476800052360087e+00
1.703280290242227935e+00
1.646742206900347893e+00
1.534609436048171682e+00
1.671422090804761895e+00
1.663785492999925175e+00
1.850534223110961163e+00
1.638889966685516564e+00
1.545374944577907250e+00
1.417271246076039715e+00
1.482952181944656722e+00
1.755168238810214110e+00
1.687785768816585819e+00
1.685218923522160628e+00
1.723497427262407511e+00
1.673700222343628585e+00
1.790585954541816793e+00
1.695843017030548960e+00
1.645134381374662391e+00
1.792605498959742416e+00
1.688252000765883221e+00
1.684985235644369084e+00
1.503237710088483725e+00
1.614222150569702530e+00
1.523591285353413038e+00
1.436561333835330245e+00
1.590827329702514836e+00
1.677208225198948632e+00
1.685553219786427803e+00
1.542182207415404349e+00
1.602432865692150710e+00
1.649167801454684890e+00
1.529013400156624680e+00
1.505460561483642268e+00
1.596217559771380357e+00
1.626066027347671916e+00
1.841513807409408399e+00
1.626167670784566477e+00
1.595230893355524815e+00
1.620817907917852629e+00
1.816928199272357380e+00
1.825894628823310883e+00
1.718780779483411569e+00
1.712104908112994428e+00
1.462873605535824684e+00
1.651267455918247418e+00
1.894025742773841836e+00
1.674987488082956055e+00
1.987989023669452404e+00
1.703835669361925875e+00
1.760192695207474678e+00
1.581394687135138977e+00
1.683911273586101265e+00
1.678116448526383309e+00
1.577641473438511799e+00
1.574262308765766338e+00
1.746491054983054569e+00
1.733161646701621317e+00
1.964782294404154639e+00
1.828545581144114696e+00
1.435042981395280526e+00
1.646291747799697225e+00
1.532870639876605878e+00
1.465292565495532218e+00
1.690858480863384861e+00
1.675113782046719235e+00
1.740651368843037172e+00
1.794696507766946558e+00
1.672295647254273376e+00
1.821838045342415446e+00
1.707409369761293982e+00
