1.613487495390382165e+00
1.692507504154358022e+00
1.858709353913869045e+00
1.505736281430142487e+00
1.657106530355971774e+00
1.657627826218528888e+00
1.636400179189627879e+00
1.846360106313520433e+00
1.718980751118406758e+00
1.779485962806037547e+00
1.804358661161395094e+00
1.642229060389113426e+00
1.804143543220228185e+00
1.825574966996607484e+00
1.691611530580069411e+00
1.749975499811599722e+00
1.730102102956384558e+00
1.691267788192161170e+00
1.629338229217540013e+00
1.645367369175016359e+00
1.634037947670763824e+00
1.617300765713608923e+00
1.572807333399378393e+00
1.573496740151714368e+00
1.572224038412759484e+00
1.605325691827577117e+00
1.536991193388630883e+00
1.667460887543575687e+00
1.587323180990958926e+00
1.512570657708483202e+00
1.779300030068233118e+00
1.828939847079601666e+00
1.804307580156156110e+00
1.610688565644189385e+00
1.599990989672974484e+00
1.525074826513866944e+00
1.730101767343141805e+00
1.634710648794234222e+00
1.576228844475138668e+00
1.624594489303565314e+00
1.638058893117425807e+00
1.608892376465397955e+00
1.642722455465773335e+00
1.754849608571621422e+00
1.607912816136340295e+00
1.637935941916803806e+00
1.804751879626025790e+00
1.694914421620240974e+00
1.664425307179699276e+00
1.687813942105772291e+00
1.649718352797799215e+00
1.657177777636092530e+00
1.537011369326222399e+00
1.687421256401829606e+00
1.452951037447153038e+00
1.453247471532749913e+00
1.605315502673928751e+00
1.662168572142391554e+00
1.531671977022915243e+00
1.620747264136846111e+00
1.648110787998934734e+00
1.728364126280596658e+00
1.630722027280197661e+00
1.743613080097837109e+00
1.497080398129697620e+00
1.556179525172562972e+00
1.627774570987611469e+00
1.630399040679479272e+00
1.647572731089941511e+00
1.655405624187062275e+00
1.622602152984667034e+00
1.745082711925441288e+00
1.719402387452102499e+00
1.610428689738263586e+00
1.667174628825594418e+00
1.710185881039060218e+00
1.756333909119261572e+00
1.794792650373231879e+00
1.783286464478615940e+00
1.835707945434414956e+00
1.676731361230958006e+00
1.753646882592161393e+00
1.609284414733356483e+00
1.626265419997963591e+00
1.588713877053724133e+00
1.574632882500449194e+00
1.683396040929857396e+00
1.724236734081025846e+00
1.686265679144146379e+00
1.807640381750280412e+00
1.643713106547533886e+00
1.686766617692452730e+00
1.649268692385784663e+00
1.588652952755719605e+00
1.718188258492816534e+00
1.769955177987763140e+00
1.749413441071739905e+00
1.587431677474746561e+00
1.488518532339351941e+00
1.720630195390127293e+00
1.682619101955096674e+00
1.611471886309689738e+00
1.707939193304981673e+00
1.569928447041003094e+00
1.850718998786467173e+00
1.632218004053522575e+00
1.659543698425183678e+00
1.659354977144003485e+00
1.706301360351757834e+00
1.584058459372015504e+00
1.833817517896595417e+00
1.755188590371064228e+00
1.835590380656592080e+00
1.704917388181451221e+00
1.897423010558209056e+00
1.565378732084063307e+00
1.622450291126056543e+00
1.619223492062285441e+00
1.626457517389042540e+00
1.588499088340757037e+00
1.579964676882140706e+00
1.617739916537973333e+00
1.558139195655531939e+00
1.590145631167831697e+00
1.599236154402552179e+00
1.497510724075441724e+00
1.534259701238176898e+00
1.637631688001266683e+00
1.618352090773336194e+00
1.581410981673009308e+00
1.606173371741559830e+00
1.482952637674296525e+00
1.544346208618446292e+00
1.515481347960712322e+00
1.824955494730805095e+00
1.904321452235458123e+00
1.687062081552424653e+00
1.709965795926660537e+00
1.681587323986368787e+00
1.770157305377691115e+00
1.730629573312342018e+00
1.796906172400012602e+00
1.659009960890961421e+00
1.661734132348394510e+00
1.593806230528759249e+00
1.598217762933332953e+00
1.633915499760558276e+00
1.706303504977767060e+00
1.664945685992138769e+00
1.740488010471177294e+00
1.638018195521743214e+00
1.723867997593420576e+00
1.664562275667854863e+00
1.413430555746608475e+00
1.568623612147315161e+00
1.580268128724158450e+00
1.545434001449810912e+00
1.593052276026792224e+00
1.482784883593373015e+00
1.518983522059411451e+00
1.426901426488676350e+00
1.579372845273193882e+00
1.621650836090273051e+00
1.550526130732218455e+00
1.731295608501254746e+00
1.696770988965309757e+00
1.795283784463203691e+00
1.768074944631821133e+00
1.681255923844940492e+00
1.453484650733871897e+00
1.506543110403315122e+00
1.546884550083658105e+00
1.563538376160738652e+00
1.508962232508225920e+00
1.489007178392272257e+00
1.585628194842625627e+00
1.554174061023464004e+00
1.705735181851791848e+00
1.809145268241003635e+00
1.603716151899741371e+00
1.604131649202845233e+00
1.866575618476088660e+00
1.809143795254816611e+00
1.756378468246939217e+00
1.578586327337699435e+00
1.723111722017039993e+00
1.644263122461635529e+00
1.728119436915763973e+00
1.656415760851485786e+00
1.552782071169829248e+00
1.629676240242883489e+00
1.551717275910844185e+00
1.735557796487175342e+00
1.546508337783546017e+00
1.607847138353843741e+00
1.486957275358771868e+00
1.536717506445573145e+00
1.688804255784245090e+00
1.620399724304742106e+00
1.591177877099717142e+00
