2.134152027761293979e+00
2.028660857261441741e+00
2.206872148729049243e+00
2.143589649600935232e+00
2.111222126684929368e+00
2.072074452913131637e+00
2.082780214290627097e+00
2.252586911352590704e+00
1.986291589384300504e+00
2.101906848956288876e+00
1.957023349934770229e+00
1.965665098305627634e+00
2.007526372027229833e+00
2.078927625698427040e+00
2.008177654628293229e+00
2.048923058664572139e+00
2.138258201398247405e+00
1.865487754808069720e+00
2.232069755219767249e+00
1.919203760211064980e+00
2.024231764870325634e+00
2.068385965886925693e+00
2.540728616716581900e+00
2.320906369011529691e+00
2.017099557763731177e+00
2.184152800237098457e+00
2.001842808691045139e+00
1.964088669872035897e+00
2.390525336547667301e+00
2.024110902873621498e+00
2.141305246577433596e+00
2.301627764956521105e+00
2.030548533011333756e+00
2.160138062621755672e+00
2.383329271305647978e+00
2.400612793611778706e+00
2.441171880221476354e+00
2.424059561260019535e+00
2.411674312440937662e+00
1.815544057827538138e+00
2.015011906752693260e+00
2.037653363793043404e+00
1.989851580675118914e+00
2.318151821972850080e+00
1.873990409710198257e+00
2.291594456490353426e+00
2.124742013316782252e+00
2.127133452137918379e+00
1.916846471590726075e+00
2.076955970699776888e+00
2.118307028645898704e+00
2.243537250585897258e+00
2.066198361434403274e+00
2.061306956438285543e+00
2.048160198994432690e+00
2.129566345367872593e+00
2.194508513003396111e+00
1.978400797034757019e+00
2.191969350372152014e+00
2.082412870958149309e+00
2.292488694863163090e+00
2.154252373582849600e+00
2.073723546887093150e+00
2.033103834162739876e+00
2.374038420374910086e+00
2.334201759139690857e+00
2.249039235716669527e+00
2.090385226253372419e+00
2.256420323427272834e+00
2.387467273169928017e+00
2.245232255455305914e+00
2.539542309022626121e+00
2.448821401333373782e+00
2.254762902949539072e+00
2.439936571685084044e+00
2.566057716567029967e+00
2.260945931615458093e+00
2.324631525339742044e+00
2.546048689627840922e+00
2.394124898531810874e+00
2.438604916275662671e+00
2.445023907527813289e+00
2.178692556683959669e+00
2.184594182552939134e+00
2.344912896493073440e+00
2.264505152029811619e+00
2.079230366670044017e+00
2.134521140011259810e+00
2.355789975188233853e+00
2.333573755845007369e+00
2.311105793274232933e+00
2.245256374195912397e+00
2.445838049519301283e+00
2.308812239856222526e+00
2.329214530564342578e+00
2.391835599017006153e+00
2.322043065520213112e+00
2.468602782745964230e+00
2.222601246635463657e+00
2.364305908937102352e+00
2.407702622898569622e+00
2.574432675576146412e+00
2.695984768736730874e+00
2.672788928667340524e+00
2.645141145014647144e+00
2.427425223218715900e+00
2.406126724803505645e+00
2.328787951643203069e+00
2.445475653940276217e+00
2.454754475838396122e+00
2.424575321588190668e+00
2.094103748898721307e+00
2.127640248815090285e+00
2.110795079695526155e+00
2.164197377159344349e+00
2.448852414231213803e+00
2.222671078502081787e+00
1.768929520882659645e+00
2.581281037026704528e+00
2.133864229008946900e+00
2.539849115883046071e+00
2.472251180422679884e+00
2.212393735498380920e+00
2.401815524656965462e+00
2.477913326645807768e+00
2.358086162427741606e+00
2.609783704940809468e+00
2.424720793950074338e+00
2.483798843374620979e+00
2.606966890130213432e+00
2.409116518167907728e+00
2.339219624589212732e+00
2.499341898781093807e+00
2.366791883764180149e+00
2.271273067741602425e+00
2.554207630819873120e+00
2.476587785018709020e+00
2.595672964152254014e+00
2.224288759957324668e+00
2.100029000374982413e+00
2.160915063168249883e+00
2.080823085297619723e+00
2.199383759941506700e+00
2.260721069035987796e+00
1.705634638030761208e+00
1.945088293313837147e+00
1.629207647806201642e+00
1.831627167608086415e+00
1.948637302448338326e+00
2.032943623836468650e+00
2.089524410192418191e+00
1.834594599219998790e+00
1.818837113662372662e+00
2.181974681706799313e+00
2.220313952974708904e+00
2.366193977879063937e+00
2.268081945648237063e+00
2.372390922109818501e+00
2.276865456077839411e+00
2.082846236091371761e+00
2.141719738337903856e+00
2.060758838998989262e+00
2.197402762090284956e+00
2.391370004172431063e+00
2.527892465164956359e+00
2.074936586132820171e+00
2.241443714404323995e+00
2.331109379051488073e+00
2.208208843288450129e+00
2.236773704716940703e+00
2.436213218019598337e+00
2.380166836341905068e+00
2.295357395571089310e+00
2.506731580688239536e+00
2.407773762307589660e+00
2.288097841793351961e+00
2.464581366960723940e+00
2.534671435734131784e+00
2.452897866271717575e+00
2.622593561988866728e+00
2.517239163363196308e+00
2.717810081705506864e+00
2.482143210224082353e+00
2.548243833240807277e+00
2.502986535487050634e+00
1.944597266550147863e+00
2.128395626213135383e+00
2.124611059348472164e+00
1.739475243093526524e+00
2.043076235006321628e+00
1.813158497919117096e+00
2.121218143052710836e+00
2.035681351546716034e+00
1.954938022584000068e+00
2.249163024670601363e+00
2.036956264667208139e+00
2.127637902618779719e+00
2.043479712538097459e+00
2.239001699341948814e+00
2.209965122760663814e+00
2.142400992371287227e+00
2.347491329854137998e+00
2.214213318630304794e+00
2.246416759590600609e+00
2.322406476583315449e+00
2.242565108627404769e+00
2.214648722727047048e+00
1.892079395254956165e+00
2.126579073970247702e+00
2.100415217728964112e+00
2.186745447265677988e+00
2.269400263129583539e+00
2.162367191679904543e+00
2.279709867927002254e+00
2.156589495404587886e+00
2.249141745404297232e+00
2.471124557681043665e+00
2.316056690189855605e+00
2.359950503408603684e+00
2.453061748786879548e+00
2.406272988340974361e+00
2.372447369950879459e+00
2.567457192028112622e+00
2.486221664859604719e+00
2.387279239750348836e+00
2.437505528443912883e+00
2.548835100487450767e+00
2.375895371360077224e+00
2.306050874761694569e+00
2.481089541974707213e+00
2.514481245887613348e+00
2.491494497497870331e+00
2.433250842284180759e+00
2.378795682953010804e+00
2.645187956589450273e+00
2.663108463686039595e+00
2.339106212947963392e+00
2.656215065849506285e+00
2.310576098444412363e+00
2.453065736668034180e+00
2.684165673443150268e+00
2.428913685982613480e+00
2.483666967048515417e+00
2.392482208578805558e+00
2.470388518444376569e+00
2.355946446790877946e+00
2.466699457047018207e+00
2.461826522963184605e+00
1.872710137872006353e+00
2.170967364681806622e+00
1.964781631883578683e+00
2.109243028484716564e+00
2.162502874281011955e+00
2.162724611711817069e+00
2.160941026731365344e+00
2.068176209847174096e+00
1.986489834687019007e+00
2.147081017375477519e+00
2.126984469283212942e+00
2.002650475702174582e+00
1.976829256506807075e+00
2.018342868338790286e+00
2.239759190697014457e+00
2.009474225759686927e+00
1.947585784322645397e+00
2.255170679002000522e+00
1.983999177779671275e+00
2.056873575979338398e+00
2.061216367681042883e+00
2.501973643872679620e+00
2.063907272205763643e+00
2.093311441133873796e+00
2.287135583425007113e+00
2.199625721354939500e+00
2.060424312159524263e+00
2.128992771064277534e+00
2.325391238500442270e+00
2.213984138454967887e+00
2.251076178434137542e+00
2.169276664310135772e+00
2.084685399949192330e+00
2.399891553572730540e+00
2.450451441240664163e+00
2.468140954055640712e+00
2.373413138165627156e+00
1.955165832882595822e+00
1.974141514762714822e+00
2.057718888829033865e+00
2.160964361085894403e+00
2.500858089756466285e+00
2.363866929530998640e+00
2.394746148785553252e+00
2.100792363894068870e+00
2.049669020934710151e+00
2.185730375848276896e+00
2.031412909928812294e+00
2.260994409427782514e+00
2.103720839179688440e+00
1.997911753875016405e+00
2.105328021598242838e+00
2.083709326236681036e+00
2.032669333001370759e+00
2.058667084385448209e+00
2.170650618028561851e+00
2.160532249595062737e+00
2.459975396356409938e+00
2.128217937586290631e+00
2.043803121543326107e+00
2.344884404570754644e+00
2.372664253300676762e+00
2.438999039649162093e+00
2.074171002180791756e+00
2.366675843744137975e+00
2.197920797701250262e+00
2.302103218345991298e+00
2.391542780441866523e+00
2.146229659300727288e+00
2.509743755259743025e+00
2.224834084187177652e+00
2.441236933840247758e+00
2.281140887192181221e+00
2.500603041609410049e+00
2.377079981688137611e+00
2.278496977227189468e+00
2.483260896149938279e+00
2.201087917032880981e+00
2.373730422572584597e+00
2.301476558352670398e+00
2.584974553817703136e+00
2.279706773320372637e+00
2.211937829560004953e+00
2.244205212370227187e+00
2.265640380043363766e+00
2.140058369856010057e+00
2.181064146932265579e+00
2.211242459809072525e+00
2.193381027324282861e+00
2.155724774804504307e+00
2.435185225504941542e+00
2.019723612804269930e+00
2.297872758313515451e+00
2.295987564399581071e+00
2.311397819210192051e+00
2.334915646594856398e+00
2.188800027346818222e+00
2.226998777508250260e+00
2.348662196277689684e+00
2.398710088115141303e+00
2.226551314105893464e+00
2.531076420915363556e+00
2.368470544851152937e+00
2.435640613039002478e+00
2.454594800697197154e+00
2.616531613470548301e+00
2.446727041765048849e+00
2.537993121456304291e+00
2.620000107921961696e+00
2.633759334503920080e+00
2.440810559210222941e+00
2.380845170139153755e+00
2.396967564556479413e+00
2.395085711350417590e+00
2.332173854032164595e+00
2.389790432442604473e+00
2.229058055931127047e+00
2.159777647519236954e+00
1.979035389835535730e+00
2.226613365320639026e+00
1.953034398570148378e+00
2.212841598749557992e+00
2.052123291081994427e+00
2.120675434386185110e+00
2.343970383236279265e+00
2.365420718157972058e+00
2.291134902870532120e+00
2.335891159558116215e+00
2.640298856490135293e+00
2.098870418249978442e+00
2.107267115421312287e+00
2.398187080452601982e+00
2.420557704067232585e+00
2.399317747429439152e+00
2.381324669522165038e+00
2.221186490919308198e+00
2.505911033092340645e+00
2.496486861046166350e+00
2.279407723592322466e+00
2.566726641280574484e+00
2.362206561782545844e+00
2.339525619695034919e+00
2.218005253310913805e+00
2.559561904522481335e+00
2.403810882245163594e+00
2.271499982258317729e+00
2.602863232649316849e+00
2.477913047095769095e+00
2.623615869532919920e+00
2.163353495590177644e+00
2.230470709107128968e+00
2.084014374874938014e+00
2.228671789157541827e+00
2.093997494582734653e+00
2.156070876124104529e+00
2.210709373314236892e+00
1.920579054114306183e+00
1.882409271566880093e+00
1.798346708774275271e+00
1.886782316031486717e+00
2.050554352286495075e+00
1.945284393322159078e+00
1.958274197278414785e+00
2.073496376374692751e+00
2.110545469369778715e+00
1.885755007224464430e+00
2.257673175131195364e+00
2.216772589963995177e+00
2.453247197907730381e+00
2.287407302414806498e+00
2.179340491921546441e+00
2.317601938824277674e+00
2.214149922242594659e+00
2.158137235751814931e+00
2.239968330200893920e+00
2.062523613756208629e+00
2.261692855129157742e+00
2.193447482586445840e+00
2.160473826533809927e+00
2.328245835958938414e+00
2.276134737495174587e+00
2.200188086613211080e+00
2.193424486848366772e+00
2.263698662312602305e+00
2.408492610282304547e+00
2.389800394196607503e+00
2.509910617330427751e+00
2.244610671487854869e+00
2.222030211564162805e+00
2.397896982021682888e+00
2.382298211160254198e+00
2.316140339255373881e+00
2.339334220208203252e+00
2.421825768887114094e+00
2.415312652277793681e+00
2.265575146463848277e+00
2.427274041118656189e+00
2.496557255503209394e+00
2.684638549299329213e+00
2.572203292611585201e+00
2.437661791252459853e+00
2.485177781511010320e+00
2.476837691008293874e+00
2.533428060016863270e+00
2.065767473404191090e+00
2.136454104257786479e+00
2.095647288121903706e+00
2.067079714655453593e+00
2.186759854891708432e+00
2.383313399699180657e+00
2.600839239952462023e+00
2.466798973323353295e+00
2.146971348511872435e+00
2.098630478837144597e+00
1.985681204642131270e+00
2.011981682174750485e+00
2.066220374831813089e+00
1.957566461342923336e+00
2.011092385297092555e+00
1.971206924676507821e+00
2.017682831974644930e+00
1.997231641875768515e+00
2.228478707058278552e+00
1.967386081833896627e+00
2.165401557793299681e+00
2.201444166953965720e+00
2.052760770381013344e+00
2.026157759673052450e+00
2.096755663980945705e+00
2.331322110602930042e+00
2.305552779513650119e+00
2.337724745446086771e+00
2.393060570298563228e+00
2.391453206524890351e+00
2.422981585702311147e+00
2.489796294101280338e+00
2.275593483693552521e+00
2.554381430524964802e+00
2.302635322478655766e+00
2.379498856344475222e+00
2.658616250255604996e+00
2.564823098152608782e+00
2.488098229889724067e+00
2.651572282113577650e+00
2.447092524411886405e+00
2.325838035886297561e+00
2.381852413714311112e+00
2.466322161174165917e+00
2.268493748026110257e+00
2.368596574545030808e+00
2.445205145091848387e+00
2.405611708049742781e+00
