2.058913102262422079e+00
1.998607535298282611e+00
2.221984069849856969e+00
2.123939004920540885e+00
2.137211094856325211e+00
2.094348803534490600e+00
2.076209489922585583e+00
2.275352035314860633e+00
2.002374337407661020e+00
2.056334495781146465e+00
1.983758636715240664e+00
1.882853484145599277e+00
2.021464856560744927e+00
2.198099395535264566e+00
1.973030474849710059e+00
1.968034889551092403e+00
2.086344395984019329e+00
1.897334135345972284e+00
2.359039204080623175e+00
1.859772475586637164e+00
1.980246820964331578e+00
2.144732563758339872e+00
2.422063975000280145e+00
2.285108458108680463e+00
1.961469128325312949e+00
2.362776350009480275e+00
2.013652942991315253e+00
1.964727734325438346e+00
2.360220966708536761e+00
1.977933401893015253e+00
2.248508009836048149e+00
2.261347664396639701e+00
2.037672946241039007e+00
2.041090743363715099e+00
2.306080936935299253e+00
2.325290218896381766e+00
2.264214854073884009e+00
2.328848085087456443e+00
2.315478524449927633e+00
1.878516626691252522e+00
1.977155258892362655e+00
2.294275868226178794e+00
1.974329157062777229e+00
2.324657100637140150e+00
2.027116685955243636e+00
2.242314011953059349e+00
2.086051360444607372e+00
2.144219883966788309e+00
1.961970383909137139e+00
2.078531207890639720e+00
2.258799830765951810e+00
2.245594556241129691e+00
2.114772821533329683e+00
2.084869435609402188e+00
2.171105848495507917e+00
2.049185116299331977e+00
2.099387972244100009e+00
1.959530865755139351e+00
2.024830919342271329e+00
1.975873635340144485e+00
2.170988618859045705e+00
1.975073992289733793e+00
2.121375785812740222e+00
2.046482386134234499e+00
2.143927694662222994e+00
2.340174901198495583e+00
2.116500242185726854e+00
1.991635604121536396e+00
2.121705239293346423e+00
2.228107666302102441e+00
2.128228739049822238e+00
2.287515607521839023e+00
2.480946281538298326e+00
2.189856638033239378e+00
2.278802559674524275e+00
2.241687473961353039e+00
2.067161911329334689e+00
2.182569146696235141e+00
2.412851346477107750e+00
2.228927123416579281e+00
2.282039229167427852e+00
2.133455930653361143e+00
2.022578982927774938e+00
2.072456879079876746e+00
2.068402188242108863e+00
2.074301707125429939e+00
2.136442431008820808e+00
2.202282614476941625e+00
2.347463486722832116e+00
2.388425249663262750e+00
2.321420261461128565e+00
2.151210501730343783e+00
2.130828995256935254e+00
2.032278757205487896e+00
2.097950541896739907e+00
2.280718129972546304e+00
2.177754505641400495e+00
2.424360960401048981e+00
1.998386295433068227e+00
2.047570336067425334e+00
2.032367283935262670e+00
2.265326236158411888e+00
2.436220520697002900e+00
2.571502802728567794e+00
2.567449488152596437e+00
2.486122424588592228e+00
2.493722438021209076e+00
2.399138191338674897e+00
2.343809835709612432e+00
2.364805011324897510e+00
2.308350502810889715e+00
2.304306284974330321e+00
2.234922123893039014e+00
2.340985089203975633e+00
2.121370296778716025e+00
2.284971828224279911e+00
2.196719792464556509e+00
1.771262890627994357e+00
2.509951474562218010e+00
2.182050190897473652e+00
2.475020899804262875e+00
2.478956209908326880e+00
2.327966801140424202e+00
2.441286064768449560e+00
2.442364598214026294e+00
2.315916924567048785e+00
2.543099417410022323e+00
2.294438059839540411e+00
2.492392725539856357e+00
2.322022435706253329e+00
2.188725910678515074e+00
2.196786976600640706e+00
2.472362281183554611e+00
2.223195285463169135e+00
2.202829459421853819e+00
2.499897635337419821e+00
2.414227047001219262e+00
2.465726366615744070e+00
2.174907635857755039e+00
2.123211667708669204e+00
2.117726443459116759e+00
2.032155358333837203e+00
2.133582024578786651e+00
2.212422002715242364e+00
1.927749066406052592e+00
2.021254929314884041e+00
1.723332396080581752e+00
1.970717986010034339e+00
1.980830196263097642e+00
2.164291369752668892e+00
2.046755080057537590e+00
1.727025570914739072e+00
1.854832901624467789e+00
2.007977033795061317e+00
2.369109777358493929e+00
2.352304200430257008e+00
2.366528427735613338e+00
2.264776461541135433e+00
2.279574042056069505e+00
2.173206728587007142e+00
2.005698914512872744e+00
2.093637100804184303e+00
2.300963585236382336e+00
2.582437684789673504e+00
2.536153638867242321e+00
2.068057751330766969e+00
2.234930322975696271e+00
2.271862758318552000e+00
2.382292320811567166e+00
2.341963221290914721e+00
2.535250700989477135e+00
2.320288900243741015e+00
2.441797147776334054e+00
2.497048127806321460e+00
2.414164348741314470e+00
2.277588570620472375e+00
2.384786367745512781e+00
2.459810215618890794e+00
2.416497637594603454e+00
2.663653038178568799e+00
2.632013982987377876e+00
2.643422444440750585e+00
2.409100712471238026e+00
2.444036149616226172e+00
2.478736092839697314e+00
2.071472923439173552e+00
2.264456950369793109e+00
2.289919684304166481e+00
1.856244707905011060e+00
2.125151257645454983e+00
1.955205815660174151e+00
2.269656310753147999e+00
2.066766251724168946e+00
1.936180667385070331e+00
2.300320556017445117e+00
1.927151913686943052e+00
2.219342050717166615e+00
2.070903148808612482e+00
2.246603132451375107e+00
2.201250421712914296e+00
2.171095919353925208e+00
2.406871785052975277e+00
2.216656789159960894e+00
2.281286970332067288e+00
2.345777898550340357e+00
2.231053971507556355e+00
2.168974980733445967e+00
1.877953900308315882e+00
2.046631290143354320e+00
2.006432434551709942e+00
2.133830907104860675e+00
2.217936336599985570e+00
2.042232594283325930e+00
2.156332826854576279e+00
2.130519126023539211e+00
2.201322729957163382e+00
2.411516194157923287e+00
2.095840929452372325e+00
2.242656266808564780e+00
2.498322274599596327e+00
2.453778193806084307e+00
2.239663447051559508e+00
2.609956244798386837e+00
2.259806468853279071e+00
2.296411082401532688e+00
2.365596835657649333e+00
2.344243759433149776e+00
2.314769470038758215e+00
2.370158210814343303e+00
2.377529559311389207e+00
2.586429618562085864e+00
2.456874399075386517e+00
2.450017999160291282e+00
2.340287032774674980e+00
2.570834023200090357e+00
2.566870165332068687e+00
2.321637720358737944e+00
2.542851005806638476e+00
2.436338368637592122e+00
2.388838061338424801e+00
2.611340244134730870e+00
2.368149807191460621e+00
2.364699972216815826e+00
2.245410207816549875e+00
2.304243634161055709e+00
2.259719015287056099e+00
2.370099422555979718e+00
2.328193051693831173e+00
1.750482292907170834e+00
1.999524375808342302e+00
1.957360320142722321e+00
2.181872699479334266e+00
2.186346960797193706e+00
2.182481527245681452e+00
2.153076828714467261e+00
2.132465353857226464e+00
2.020892791666499821e+00
2.084890086276729004e+00
2.170405661276527010e+00
1.970798123676521518e+00
1.954267060032637060e+00
2.052595064481168574e+00
2.227716615175217907e+00
2.034086910544847360e+00
1.898840521525276159e+00
2.232761186695586098e+00
1.923482717140762910e+00
2.166555398897135554e+00
2.042567940773496904e+00
2.472043964838200658e+00
2.033714182573002738e+00
2.046719725791478428e+00
2.260859513625065098e+00
2.190449959890042653e+00
2.024171128966372635e+00
2.292939541243532275e+00
2.367409781760722254e+00
2.133159155435493393e+00
2.257742862119964222e+00
2.109849095532149832e+00
2.073138081284768397e+00
2.369789167669245966e+00
2.414637988248519385e+00
2.331527212596615328e+00
2.371325743533208463e+00
1.977366642150538922e+00
2.051062673892682930e+00
2.069118089589027321e+00
2.171615611936787538e+00
2.446015958768203991e+00
2.356024209779244760e+00
2.285945042318692888e+00
2.073977319224877824e+00
2.117562535289080117e+00
2.266895630238165094e+00
2.413687970539202254e+00
2.219924029146923772e+00
2.142683639352260805e+00
2.107480380052699775e+00
2.195216910755498851e+00
2.108008584875522562e+00
2.031196370627224024e+00
1.894746471655079922e+00
2.091380207443783501e+00
1.945246173197308526e+00
2.314519489394380347e+00
1.998743378030245932e+00
2.009692406838331280e+00
2.136923291360370403e+00
1.947250224562431242e+00
2.396406949772275752e+00
1.983882357620409431e+00
2.226381928948749866e+00
2.119818047984397325e+00
2.243982286940817694e+00
2.122954526476089843e+00
2.044047006793386245e+00
2.307280781206586973e+00
2.005685756515175999e+00
2.280769279890344503e+00
2.126937310681509707e+00
2.250254022746838167e+00
2.170355089504491630e+00
2.137430087300856929e+00
2.373471753743142010e+00
1.954988847383032358e+00
2.190639145063628224e+00
2.217700120655119456e+00
2.337654944843376548e+00
2.082598210440997022e+00
2.027722207227941720e+00
2.124151230652987721e+00
2.019804056554746818e+00
2.001278808286509836e+00
2.156446273054510421e+00
2.206222129917122299e+00
2.275654335320145272e+00
2.237826967316546956e+00
2.285995499668731945e+00
2.078899766086267142e+00
2.333254114834516280e+00
2.381691223669393676e+00
2.058171784628249679e+00
1.991357304772293890e+00
2.089398421848764897e+00
1.983517769383187357e+00
2.037681065509543643e+00
2.388282651397712453e+00
2.112357959516363515e+00
2.405080159956040742e+00
2.005244520023009347e+00
2.046537479434934692e+00
2.051195583164574732e+00
2.300693567880447432e+00
2.205244651718791804e+00
2.384060433294990844e+00
2.494850363014113892e+00
2.355454494339651816e+00
2.408189249020160183e+00
2.407722386985045482e+00
2.467706624252939296e+00
2.344216509080530919e+00
2.401993356011975500e+00
2.306045379090772673e+00
2.424100518238437640e+00
2.200535028499098100e+00
2.131868929737701812e+00
2.303360662580792084e+00
2.187714524833948460e+00
2.323290992474265071e+00
2.222544571489405651e+00
2.284909605335189831e+00
2.148051833115486087e+00
2.360439791233344131e+00
2.341047738865279726e+00
2.457814863708680964e+00
2.574380563294695889e+00
2.195963003787642531e+00
2.242084121288761889e+00
2.502784537103404094e+00
2.390647579872257289e+00
2.516732444778612354e+00
2.366438891615072926e+00
2.252265282716069184e+00
2.567769891628974399e+00
2.382162948714856121e+00
2.201922589313026535e+00
2.506976445871991643e+00
2.159252022651387826e+00
2.218230014617355916e+00
2.184286630378647232e+00
2.497699835979282579e+00
2.217439683302556030e+00
2.106844387701296117e+00
2.505781399288665945e+00
2.463991938808566040e+00
2.471397177326548178e+00
1.930501890628411266e+00
2.039529864928858238e+00
1.919487881272518681e+00
2.132255330234483992e+00
2.017839736437040621e+00
2.175129856312506327e+00
2.174013125015960668e+00
1.895722202369139575e+00
1.783016202521705784e+00
1.761199108314972950e+00
1.938638968998811940e+00
1.914615903982089140e+00
2.005768725206703351e+00
1.878966149353200832e+00
2.054479538727752352e+00
1.950463016209961431e+00
1.847324525192800104e+00
2.192536481731492071e+00
2.196912141660112283e+00
2.206097056963940872e+00
2.079895243265363458e+00
2.091137769301556926e+00
2.288479243132044871e+00
2.194577648869825648e+00
2.273397985945690980e+00
2.248642397839741847e+00
2.064648257091300287e+00
2.145022797152675853e+00
2.251740409026885992e+00
2.228843235563210623e+00
2.239100599101959688e+00
2.395544957131108710e+00
2.328985565843666894e+00
2.315473388457242709e+00
2.249117072433782116e+00
2.466254619146468485e+00
2.341348595721192805e+00
2.443272916941871653e+00
2.204775105180587946e+00
2.437974086262711282e+00
2.356415221385964376e+00
2.492705921989645468e+00
2.298322067903599386e+00
2.513507494774090745e+00
2.535937243207837088e+00
2.446784595719023070e+00
2.257018619738392573e+00
2.403848870931897252e+00
2.377131040894452596e+00
2.680586580366430827e+00
2.657288098935952192e+00
2.520410341925958253e+00
2.370026681638754074e+00
2.395780507257476266e+00
2.542157213245066494e+00
2.101511097179292964e+00
2.174561356629306719e+00
2.197341677933781767e+00
2.139820542746353027e+00
2.203155497030394372e+00
2.286261799732725031e+00
2.313505718040808734e+00
2.294834618921070657e+00
1.948366237351218944e+00
2.100586083367054879e+00
1.967288651238720876e+00
2.024079311794198421e+00
2.156518677194321221e+00
2.024376498269739866e+00
2.068949141341990039e+00
2.115011612687517584e+00
2.059344696802018149e+00
2.148558060615357146e+00
2.154818697815342521e+00
1.974643111804682105e+00
2.167042885430999100e+00
2.201202497733455665e+00
2.086343972047246087e+00
2.140326870063140152e+00
2.118831355591454191e+00
2.212893202501460710e+00
2.369314511474747142e+00
2.204621074747517007e+00
2.431379638586154801e+00
2.266051254712518226e+00
2.346263168610827954e+00
2.307460948839624937e+00
2.236832879836023302e+00
2.442246372951898170e+00
2.358260220434265531e+00
2.354591550121684307e+00
2.606824120117589683e+00
2.607061262773574306e+00
2.482198687528243131e+00
2.588409155491500524e+00
2.329458653037330684e+00
2.206395336363825788e+00
2.253460975457270976e+00
2.099219477163049241e+00
2.220205573433692070e+00
2.224203585139323369e+00
2.159371738628644177e+00
2.273112154303646992e+00
