2.167839630404511109e+00
2.106679660597395198e+00
2.243675988886087769e+00
2.238372330763066298e+00
2.152821948080479775e+00
2.235732109675713009e+00
1.932880912276867313e+00
2.301547250136096512e+00
2.077013442315996716e+00
1.891291705160873748e+00
2.001196048887694090e+00
2.017177930583454071e+00
2.029516493676366551e+00
2.208984233726130064e+00
2.026543215299955847e+00
2.007117013497341507e+00
2.188976445818777261e+00
1.928765219049101587e+00
2.301028950313593224e+00
1.927246139462984287e+00
1.997492625562379720e+00
2.012665247977486693e+00
2.275202173957923790e+00
2.423017095847565638e+00
1.899816176144339064e+00
2.187123266265488031e+00
2.063897179053169051e+00
1.870093700566789252e+00
2.384193555292918987e+00
1.952872257369985043e+00
2.107516208834623761e+00
2.353941152182438934e+00
1.942696925490285054e+00
2.011165774238032888e+00
2.276702311745563811e+00
2.336154433055154023e+00
2.312161481843086008e+00
2.317407124759981674e+00
2.349534119302199908e+00
1.977465235072828786e+00
1.968623721168292873e+00
2.109384382251613843e+00
1.978332355554069055e+00
2.497311699079799219e+00
2.004010748109386508e+00
2.401404521306553796e+00
2.264895862851090236e+00
2.269973723611811156e+00
2.082132658037588069e+00
2.182782290588426211e+00
2.153100675262213937e+00
2.414420161763649375e+00
2.242591318972279701e+00
2.273431646223083469e+00
2.068215234087083854e+00
1.799596020616986092e+00
2.392416460157053670e+00
1.907297352751197383e+00
2.225148978967208979e+00
1.768795139581876841e+00
2.480518355372766326e+00
2.015268436122640061e+00
2.184698893848084911e+00
1.870306333456464465e+00
2.417128183834630129e+00
2.000132602023099615e+00
2.112051679988502961e+00
1.907363610854884373e+00
1.978273866774006740e+00
2.429086030187896039e+00
2.018573327984567900e+00
2.538697778272318573e+00
2.104310305019303939e+00
2.143702788538746962e+00
2.374637482197640814e+00
2.326532173987131635e+00
2.013249434916802638e+00
2.245136593826317917e+00
2.323045461769894793e+00
2.265494049463774306e+00
2.314658329540903559e+00
2.251205559493306918e+00
1.915297848534157854e+00
1.980932586427646358e+00
2.170289331941110955e+00
2.009442497922816262e+00
2.200592154918108445e+00
2.446246777122875748e+00
2.377181866716081338e+00
2.398748466630303167e+00
2.248720720446153898e+00
2.271607520622887399e+00
2.086977409140058359e+00
2.104150224713219330e+00
2.237840876767711595e+00
2.279362620291615293e+00
2.294536720440927713e+00
2.419481414998479352e+00
2.309338026793663623e+00
2.367115193877585622e+00
2.489486176735231204e+00
2.553929236110122680e+00
2.435051119737698055e+00
2.363973219786415836e+00
2.499926591937575271e+00
2.531925691376172072e+00
2.457453745781040588e+00
2.500366792532925153e+00
2.306553475358477545e+00
2.354872737525757209e+00
2.314172767158526600e+00
2.230993240689715940e+00
2.298048352934789484e+00
2.371453983948380806e+00
2.165204283324085655e+00
2.304950673215195422e+00
2.263184828482346145e+00
1.886384704735987405e+00
2.590382240949405723e+00
2.145004683723464201e+00
2.673782202383792495e+00
2.502335919544939280e+00
2.370671041911527777e+00
2.474319426901840480e+00
2.413887162482349691e+00
2.484506261817252870e+00
2.511400874012781337e+00
2.198854544449437398e+00
2.306648929433037676e+00
2.283415681309694634e+00
2.141908632849655714e+00
2.166464974631933327e+00
2.176334626218704216e+00
2.209466863303119144e+00
2.091473538371010576e+00
2.272803850052729224e+00
2.051137920688648197e+00
2.302597172385840274e+00
2.184969764912937595e+00
2.085464606237434015e+00
2.164053521454631035e+00
2.052278191287029596e+00
2.215762155133956579e+00
2.243047601350370623e+00
2.206189129248369518e+00
2.072905967712749042e+00
2.062858889590855060e+00
2.059964215410267308e+00
2.224199019815876532e+00
2.394152155145370831e+00
2.108585926775563113e+00
1.868986590974689888e+00
2.030910337049143255e+00
2.007198335274792633e+00
2.221178014837921655e+00
2.333762748437668844e+00
2.345507325595962200e+00
2.247203466573402419e+00
2.284368615688656678e+00
2.096842229947959435e+00
2.169182954951581088e+00
2.262666670047669193e+00
2.455294428030528664e+00
2.503793823755567693e+00
2.452280189658888165e+00
2.105980850980960106e+00
2.150561687155298607e+00
2.196232430625939980e+00
2.053295624783728179e+00
2.236406545782932742e+00
2.304744348884277816e+00
2.334513181841752605e+00
2.489326961733146604e+00
2.452952754257514467e+00
2.168377413637419870e+00
2.299993551178035389e+00
2.217442225681943935e+00
2.319747494741087657e+00
2.271690942481612741e+00
2.406961468388583381e+00
2.420961843353754084e+00
2.375312238062239345e+00
2.289794626089376450e+00
2.236426470398505728e+00
2.361262167846172488e+00
2.175999569459214467e+00
2.307858853382271924e+00
2.469588886238150316e+00
1.961564837804718131e+00
2.232029079766543411e+00
2.124486474127445845e+00
2.299747315932353597e+00
2.227317401383941853e+00
2.145435781165412337e+00
2.320862227785083221e+00
2.159626651646228357e+00
2.285065588494008981e+00
2.306792409379143205e+00
2.277217160843257648e+00
2.336353751613255980e+00
2.373268841435378640e+00
2.438664866160895617e+00
2.341593128012688041e+00
2.419188441584690263e+00
2.398654190675679754e+00
2.350178373971232304e+00
2.204027755569494484e+00
2.010061381461942798e+00
2.076973982276895114e+00
2.037463016819639261e+00
2.179476018090433787e+00
2.340726992060039979e+00
2.148068701014877124e+00
2.205785432882537478e+00
2.028755510578303944e+00
2.149141013639805475e+00
2.226849484433807813e+00
2.061648442603585263e+00
2.216765367758555261e+00
2.210195543758521897e+00
2.261305639102908049e+00
2.021907585881360880e+00
2.385261696496478567e+00
2.127416446327594635e+00
2.224425934122985282e+00
2.297761412797396208e+00
2.169748060969819647e+00
2.208729711290838615e+00
2.198775767181771812e+00
2.380574883488713489e+00
2.539669008249860305e+00
2.564428147517491929e+00
2.418536112847392339e+00
2.427931818274526865e+00
2.446361410541840975e+00
2.440939974501328269e+00
2.366925411488284503e+00
2.610872385776591198e+00
2.429327606183176336e+00
2.115248851861736945e+00
2.665313792358063871e+00
2.264322288722953047e+00
2.177951733455815830e+00
2.183405422467290524e+00
2.229505758702429841e+00
2.241669312665350411e+00
2.203138224953249402e+00
2.024657178876365204e+00
1.885723774570953637e+00
2.020840771202229380e+00
1.876713002429410970e+00
2.109955068702814796e+00
2.086737302224769497e+00
2.115949914720306690e+00
2.054470206759484441e+00
2.034005352005052725e+00
2.043251959439479126e+00
2.049662048265353143e+00
2.143448963900898452e+00
1.900606637725398729e+00
1.876436877537587922e+00
1.906397922170311565e+00
2.302174987506775850e+00
2.050209176347838280e+00
1.793827174945452185e+00
2.299620260235299529e+00
1.787905500549236804e+00
2.082816900202050014e+00
2.042374364139734499e+00
2.433438923137067889e+00
1.953528715209584377e+00
2.083688779185929096e+00
2.503561999877164546e+00
2.242635800650037758e+00
1.951901392252901601e+00
2.149065760288291660e+00
2.274298459678372630e+00
2.043192033563383525e+00
2.277676352352371758e+00
1.992613187326793822e+00
1.956069747489048050e+00
2.224121875174792873e+00
2.489024671856927995e+00
2.242101421693000418e+00
2.332859194441132544e+00
1.961065500463222033e+00
1.836130236003792993e+00
1.866195037798305423e+00
2.298467226036642774e+00
2.558957571734015612e+00
2.373892344354273654e+00
2.371798561094172086e+00
2.201441220293567369e+00
2.103412152776262367e+00
2.151320358139622524e+00
2.234160211277465446e+00
1.980274150616132545e+00
1.967842463156250110e+00
2.003907755861298323e+00
1.981636309317024836e+00
2.060092528985578486e+00
1.964823585757957236e+00
1.919027605633956579e+00
2.034069186970674181e+00
1.959193213923623889e+00
2.285613933905834561e+00
2.062703531949874325e+00
2.116208556182785472e+00
2.114944511004062111e+00
2.059226717522156580e+00
2.500568845930529083e+00
1.952576633133877637e+00
2.297743812759963866e+00
2.231670021067995169e+00
2.207876449968459553e+00
2.267370346406922810e+00
1.995211129924250759e+00
2.465898398732540464e+00
2.166247248302476169e+00
2.236322801732594456e+00
2.159078599921176789e+00
1.950539705136700608e+00
2.137506300458626107e+00
2.233318503131859867e+00
2.298325990803016250e+00
2.034386051696278397e+00
2.220691551765417771e+00
2.136886822205102732e+00
2.333879351663568080e+00
2.146568024695379329e+00
2.242381688496956738e+00
2.121297701496846155e+00
2.346792612310293347e+00
1.909490620879778611e+00
2.068853125626956668e+00
2.213420169170656315e+00
2.213641035481397790e+00
2.096984222027278300e+00
2.218181064800921032e+00
1.823539186187396410e+00
2.239744110818440159e+00
2.056236934104874070e+00
2.128253521418189464e+00
2.006283967998192086e+00
1.929692948807952835e+00
1.946018618332496342e+00
2.068230116487207226e+00
2.323229837959022603e+00
2.053000296544650993e+00
2.348617075697771117e+00
2.116357432249638570e+00
2.131853635315007267e+00
2.214740233736140596e+00
1.885264107204938533e+00
2.347833847266941998e+00
2.454225760121454325e+00
2.187094915328887446e+00
2.468854586402431828e+00
2.199364403168330373e+00
2.185065813374367671e+00
2.206659870539844359e+00
2.338240941987592691e+00
2.191624347307133291e+00
2.137749125721677412e+00
2.107916366997525159e+00
2.240936964730605663e+00
2.031051951066896066e+00
2.227494676150833186e+00
2.067998689031287363e+00
2.159135825308290180e+00
1.868849355036319881e+00
2.134855410646922635e+00
2.254335398212936603e+00
2.235721864752009846e+00
2.248725092851901142e+00
2.384491207280218017e+00
2.567886429734185239e+00
2.133173654227871197e+00
2.128511263374020412e+00
2.293449691699063653e+00
2.171846749074775040e+00
2.387272096124270604e+00
2.187933256131562310e+00
2.001450748853853767e+00
2.512293526597312532e+00
2.438729332394900862e+00
2.241798005770425650e+00
2.527529476868640934e+00
2.070895554023225227e+00
2.100706924574453183e+00
2.177592476078464401e+00
2.591941100536554909e+00
1.904800135044577125e+00
2.256631357908367885e+00
2.575383656995404280e+00
2.491536618692170357e+00
2.494992021967001428e+00
2.081063198015001170e+00
2.082586316244157576e+00
2.029919872602615971e+00
2.153943903434586638e+00
1.956524278352703261e+00
2.178163078839150835e+00
2.222401385155757580e+00
2.226559915384754618e+00
2.016856430868577910e+00
1.794898736343772283e+00
1.907707332779357667e+00
1.966201636839544520e+00
2.032495396518313679e+00
1.862603721986981764e+00
1.842534459319834506e+00
1.870923541977363547e+00
1.963828847753675610e+00
2.375373607416757515e+00
2.248659980182632800e+00
2.069166278091349565e+00
2.030971877997587605e+00
2.076146327073869369e+00
2.085016296223912047e+00
2.200122182948361260e+00
2.324558264148366860e+00
2.197940239832695042e+00
1.986267052679777434e+00
2.161251494282278696e+00
2.128327764635004282e+00
2.076256814361311154e+00
2.298133078298516985e+00
2.278730593850173403e+00
2.165794355616490918e+00
2.035396441191057004e+00
2.074719762726260797e+00
2.298726618590689608e+00
1.956220769782928581e+00
2.138530398917426467e+00
2.225822523996389357e+00
2.106794312777709788e+00
2.056730204105460480e+00
2.111809223624240506e+00
2.079703667061489014e+00
2.242705720076837217e+00
2.192869928335562602e+00
2.410393991718965179e+00
2.169240833439868066e+00
2.214914687455620257e+00
2.016748940332416140e+00
2.575297823639565831e+00
2.528057893605577533e+00
2.280637654115832191e+00
2.447624225660837372e+00
2.503272347296009226e+00
2.551189978521684054e+00
2.031096877100358356e+00
2.203440561224500271e+00
2.014313994402493257e+00
2.013129409197712327e+00
2.087647798531043541e+00
2.055772406036151079e+00
2.190086598278339292e+00
2.081838084602397831e+00
2.018398294616934763e+00
2.383973261254490605e+00
1.889151509274441754e+00
2.145657330121145900e+00
2.322470771439370640e+00
1.945435144966939811e+00
2.287675026087500729e+00
2.067318343945006465e+00
2.114019944763762648e+00
2.052045641905841045e+00
2.151063665393837088e+00
1.922370561328016647e+00
2.149447572903198100e+00
2.069208294039748264e+00
2.100003734561844748e+00
2.229717687939076320e+00
2.170598357935521694e+00
2.254408766201572600e+00
2.419956379172589767e+00
2.321113608303728260e+00
2.462734659480417587e+00
2.151020956831182662e+00
2.401765603829546958e+00
2.222941055183599079e+00
2.210408852485407749e+00
2.205434012761793738e+00
2.156345255106612235e+00
2.011183624019062144e+00
2.463619529719790702e+00
2.327461244051480360e+00
2.332855520470026978e+00
2.615759134750046400e+00
2.085129818450039973e+00
2.028397553417627286e+00
2.176796652716996849e+00
2.148263693825015697e+00
1.827097525795667865e+00
2.054236423980246862e+00
2.070851068140170614e+00
2.114518288954857717e+00
