2.104969848420647605e+00
2.006384805826908035e+00
2.248928770388499920e+00
2.170735526174848662e+00
2.176404184934135788e+00
2.221427711028388430e+00
2.087153490036618653e+00
2.318872100596867103e+00
2.221351543901559200e+00
2.053983881032812153e+00
2.115578944313718068e+00
2.017286244790180039e+00
2.209166976565680507e+00
2.291372024516729944e+00
2.274364545116680514e+00
2.082819633040706275e+00
2.443574608719774055e+00
2.009402829326032425e+00
2.316014921390834758e+00
2.128946080694507970e+00
2.102220995399949999e+00
2.117949727087230727e+00
2.579091844808441003e+00
2.372463793870254634e+00
2.026608849772473242e+00
2.303865264217011877e+00
2.109464962162562962e+00
2.017478767420121333e+00
2.401051030735060543e+00
2.081300402433342356e+00
2.189210592086874740e+00
2.302801431720722825e+00
2.083392073116991039e+00
2.115981644733092359e+00
2.353098840676036030e+00
2.388412595421007367e+00
2.344249721192622093e+00
2.333377667523937937e+00
2.419425581754844234e+00
1.939423722808277573e+00
2.031826474569819130e+00
2.241264410223247960e+00
2.153558629253137902e+00
2.535843439217766893e+00
2.040386275516572478e+00
2.458986576875175967e+00
2.270302628670673339e+00
2.400090088055184978e+00
2.012155989436041015e+00
2.277515931021916629e+00
2.416116017466608756e+00
2.379950738573647140e+00
2.244763863533858927e+00
2.184704771363212394e+00
2.193140909056092269e+00
2.264312129853050859e+00
2.324172186052999134e+00
2.122688055230248061e+00
2.211217535906867315e+00
2.198527166669778321e+00
2.527445153071561812e+00
2.081127112531456103e+00
2.313573880736022659e+00
2.195453187235306469e+00
2.576275488726585738e+00
2.512568532970297586e+00
2.269042641810813610e+00
2.177568543517120148e+00
2.316125490572328527e+00
2.521880260161005971e+00
2.405904387838081693e+00
2.582652241193898135e+00
2.548717796171164007e+00
2.361409022289198134e+00
2.510858705249369827e+00
2.461498840509328101e+00
2.397716215041475252e+00
2.384499808609745752e+00
2.512610865799507653e+00
2.387757497201069778e+00
2.505272157205132189e+00
2.322148242061175871e+00
2.306356037378806789e+00
2.379267138472483722e+00
2.335045029103825609e+00
2.290093839312086654e+00
2.138806401154568437e+00
2.292568787336608960e+00
2.594548560284531735e+00
2.403312134640653408e+00
2.334547168128865202e+00
2.271535115568112051e+00
2.216191022220327600e+00
2.322135315431653080e+00
2.153775204636652063e+00
2.532273219767938954e+00
2.472470318034387216e+00
2.620318208782604685e+00
2.365433103752172084e+00
2.276659646087188182e+00
2.549538630565255648e+00
2.728521840101670648e+00
2.800026603698633654e+00
2.798759708393983470e+00
2.719869751841264005e+00
2.611759971312779260e+00
2.561318155402611207e+00
2.573722517486251249e+00
2.572900079357292036e+00
2.545932676148311202e+00
2.621456719621067410e+00
2.343371060224577640e+00
2.158567387252669612e+00
2.435877116366544914e+00
2.154583629111953780e+00
2.495955148327124729e+00
2.350294573478727944e+00
1.909505270760502027e+00
2.502099505119205425e+00
2.248553919319174366e+00
2.789027687798843136e+00
2.573148337298090116e+00
2.356276277312766787e+00
2.577690073774696167e+00
2.498120084702852406e+00
2.526541490834535608e+00
2.627725741656646630e+00
2.389873971229912630e+00
2.554688817215862162e+00
2.436482855203908837e+00
2.362844014397464498e+00
2.358059217850303479e+00
2.587069193250363330e+00
2.526897238685834601e+00
2.347970304128079722e+00
2.586833356533778883e+00
2.543424222153466641e+00
2.634970370153347119e+00
2.132971950523571358e+00
2.183292953939642178e+00
2.100733247036049800e+00
2.089300691490124429e+00
2.077900228121378756e+00
2.228663752757567007e+00
2.038764645675758658e+00
2.036637575721647053e+00
1.894559090739836416e+00
1.957563067329675999e+00
2.087733411084177426e+00
2.101100380635582354e+00
2.119595919141554319e+00
1.814341143412377066e+00
1.829568665784731651e+00
2.038125382212244485e+00
2.276557622612617848e+00
2.499523528845120079e+00
2.423680540893364821e+00
2.322553296044956195e+00
2.554101019430039532e+00
2.310721488361626719e+00
2.091782273143023119e+00
2.257198786426565462e+00
2.490742284518574934e+00
2.623023954535940394e+00
2.570994993200858225e+00
2.149848194828131831e+00
2.297405423973071237e+00
2.389359062860280325e+00
2.470383938642716881e+00
2.407250887786249738e+00
2.531092976531846617e+00
2.406432004779863298e+00
2.544207627352587764e+00
2.620801346010783739e+00
2.447827438201828354e+00
2.253652008500737214e+00
2.500178447305788865e+00
2.598779628800833130e+00
2.720771905752092490e+00
2.667506411783153286e+00
2.701642152152146981e+00
2.626259596993044898e+00
2.437010147485118239e+00
2.523029410683289342e+00
2.498784995893581051e+00
2.061694500030280430e+00
2.302007918866114888e+00
2.364741950731680920e+00
1.960186608615559489e+00
2.199376100282505409e+00
2.043077554644538996e+00
2.320919590039857816e+00
2.185814181633792597e+00
2.149240080640877348e+00
2.324022913069659690e+00
2.141719675357872887e+00
2.208811920911427862e+00
2.160093507060654616e+00
2.393277124949918733e+00
2.469186359602353775e+00
2.324423408286109272e+00
2.527128799106536317e+00
2.372662204914275819e+00
2.388655032893248542e+00
2.506981016503640358e+00
2.483240423967744803e+00
2.151612919051352435e+00
1.974316471288236174e+00
2.123471523258950722e+00
2.175436358725559849e+00
2.153645223147281573e+00
2.251854516670821038e+00
2.131123170623396401e+00
2.346768887447373331e+00
2.240901129184208251e+00
2.284659924991214286e+00
2.519503411633230439e+00
2.242718219324341788e+00
2.327269335515694593e+00
2.535424535144959357e+00
2.511549535087663987e+00
2.319890631885505261e+00
2.587511587256770440e+00
2.348373312932067858e+00
2.400364277195791374e+00
2.428255223105446170e+00
2.475699856625404927e+00
2.257545011303762728e+00
2.336688372851034590e+00
2.452257262445426189e+00
2.684625011776883063e+00
2.695954519707785213e+00
2.582837495931875615e+00
2.415087193331005189e+00
2.598723987338233510e+00
2.664763706031534785e+00
2.468042784502610942e+00
2.666700427322053368e+00
2.612983344397841634e+00
2.437426188591270027e+00
2.763881378078700379e+00
2.357278230762771098e+00
2.409128121252329002e+00
2.442976035807022495e+00
2.464652614862198998e+00
2.413858892608381268e+00
2.503054523050290303e+00
2.481979575141973093e+00
1.855228535006942403e+00
2.137529421092486448e+00
1.908159654550333206e+00
2.246970583616099582e+00
2.173326172336368156e+00
2.277306650215672246e+00
2.350818986005388300e+00
2.221323873763953127e+00
2.122987180180143429e+00
2.218331860699951363e+00
2.241319668007882626e+00
2.306513183343272821e+00
2.189172594359738433e+00
2.290916626701182235e+00
2.254666276087764931e+00
2.087512641186465956e+00
2.152048569654815058e+00
2.412387918652976193e+00
2.249395238309867207e+00
2.138175463937433296e+00
2.153153415979180529e+00
2.634770882680445236e+00
2.274907669303463997e+00
2.068606905190894629e+00
2.291695777075862139e+00
2.450889492816504589e+00
2.216591443907562464e+00
2.177439761364498683e+00
2.407109751005363840e+00
2.205287198391360448e+00
2.396943124565471095e+00
2.264868212595377628e+00
2.175583855649994458e+00
2.369259628090381042e+00
2.386886312913237163e+00
2.462326919650934087e+00
2.462050155480940639e+00
2.223135784257256553e+00
2.171276285078173274e+00
2.175109121038806936e+00
2.304045930591912761e+00
2.612102426507299846e+00
2.507226248209278197e+00
2.400520288461881258e+00
2.207634261660590624e+00
2.233934341375173549e+00
2.446104385921881175e+00
2.320688633990680483e+00
2.348182827699695885e+00
2.256090370387420663e+00
2.191166933485815704e+00
2.252072117015586628e+00
2.199219388316544510e+00
2.214144033245604160e+00
2.050031544116056814e+00
2.271025014993387270e+00
2.191481236837234281e+00
2.365114532383174151e+00
2.114281164379492761e+00
2.192049356396336357e+00
2.404042749878116947e+00
2.164012918224856641e+00
2.433938019770566452e+00
2.041950417523038741e+00
2.288717163756242012e+00
2.231757586874146604e+00
2.376996191313586415e+00
2.431624259220674489e+00
2.241349078510332049e+00
2.534187466619734153e+00
2.190424568960028573e+00
2.438765022516220959e+00
2.297174983881611787e+00
2.427486202630261047e+00
2.287187049023028607e+00
2.327597979390396699e+00
2.445929488549251296e+00
2.166450591588666263e+00
2.270438782644133013e+00
2.378716326860415897e+00
2.608417712186907877e+00
2.203424955112818218e+00
2.328312024267766400e+00
2.228672548800241238e+00
2.340776478573962205e+00
2.056716489009444260e+00
2.253679596384515538e+00
2.284894692665873528e+00
2.396220221712324516e+00
2.354653982903869736e+00
2.439722117194937923e+00
2.294178335828665816e+00
2.301496360767251392e+00
2.419575718621612470e+00
2.328496071897002029e+00
2.221328773799866152e+00
2.212527435078056381e+00
2.247718562084859428e+00
2.120827825656566024e+00
2.585398772660638667e+00
2.312590878597781785e+00
2.615600998195680926e+00
2.179676265227398879e+00
2.287766956766665416e+00
2.287914535878300182e+00
2.652348743511800055e+00
2.504329489019322175e+00
2.721873462133767685e+00
2.742083159729890696e+00
2.641316192415676056e+00
2.550802371723925877e+00
2.602756868525643696e+00
2.551184207788174785e+00
2.454513158118479588e+00
2.498475389626887200e+00
2.423073130825187160e+00
2.473027089281118140e+00
2.101588427514623270e+00
2.149017558220179147e+00
2.408747454888211514e+00
2.145235343161816743e+00
2.465862204228035370e+00
2.152103666126408577e+00
2.317539642713111636e+00
2.489266923636767714e+00
2.587855722257927482e+00
2.371112192203132629e+00
2.607394733336641846e+00
2.554234019784918264e+00
2.362527500051248897e+00
2.381241410674512338e+00
2.561037428198675858e+00
2.486752478756174334e+00
2.595518957422200845e+00
2.427775223666394755e+00
2.363676815099698736e+00
2.618729940659463740e+00
2.514651574481281404e+00
2.265706402055263524e+00
2.533890245545154407e+00
2.264831266260830755e+00
2.351190616716739790e+00
2.239731232031789698e+00
2.508696754041091825e+00
2.336539505097614988e+00
2.278035613484005406e+00
2.596618868087787746e+00
2.538201732182925774e+00
2.567715854694492705e+00
1.895935906277903316e+00
1.915171601136581803e+00
2.097737283412534293e+00
2.133101504766779399e+00
1.910796116026534763e+00
2.137119545804202048e+00
2.187814325509632507e+00
2.059409333673420939e+00
1.968403269748825624e+00
1.854793792983436607e+00
1.992303320628201924e+00
2.135661399520083492e+00
2.089339727476766218e+00
2.005624599301870425e+00
2.053236404685664152e+00
1.814434406212223294e+00
2.026247478759849230e+00
2.589773212550177117e+00
2.489001326099966604e+00
2.423619933160920503e+00
2.528860847152467173e+00
2.221656978864866794e+00
2.409186806589203922e+00
2.283663401883296640e+00
2.435727992389858709e+00
2.360598704075417498e+00
2.186165388679684796e+00
2.305484479219250815e+00
2.381997302351073209e+00
2.320744366682242266e+00
2.429587004162344854e+00
2.523439301265530954e+00
2.450094268005601705e+00
2.361931261747987065e+00
2.487516468884779286e+00
2.506429426534767746e+00
2.406729025625520713e+00
2.583332998722262630e+00
2.446276322163733585e+00
2.438029776727882680e+00
2.537665240625239349e+00
2.574295720349757843e+00
2.433903766772590682e+00
2.646386496388970944e+00
2.620014829221146258e+00
2.557004264801242766e+00
2.273658488563246038e+00
2.467703932708952497e+00
2.401890368779606710e+00
2.678052579855143556e+00
2.652504284880781160e+00
2.436413532444465346e+00
2.435275327839558912e+00
2.583682742354567630e+00
2.603793478561546859e+00
2.198545876683831057e+00
2.246039863240408163e+00
2.322541386983561384e+00
2.320043712258930579e+00
2.385603290802655874e+00
2.452716616660332249e+00
2.507762320900373432e+00
2.376185929973672728e+00
2.143866577372929072e+00
2.236776792881983944e+00
2.113081764599841872e+00
2.181311895223132957e+00
2.276658547469581517e+00
2.114167140841663795e+00
2.159890657786184498e+00
2.142128809179917326e+00
2.061244961204096171e+00
2.184171617052403924e+00
2.217183007672733464e+00
2.080197080484385008e+00
2.374931621248355551e+00
2.361287977667998028e+00
2.065457203234382533e+00
2.356114602760845944e+00
2.168274088546645384e+00
2.301123081927393343e+00
2.547390819312980170e+00
2.372825026823417893e+00
2.498634992702130297e+00
2.445752092616097606e+00
2.465287604213039607e+00
2.477390710220652270e+00
2.358604764083839900e+00
2.582418838906940461e+00
2.477133183235069147e+00
2.495091660575063930e+00
2.688365772019665201e+00
2.541298467327393062e+00
2.497208680151764781e+00
2.670991582592770808e+00
2.393808772817374475e+00
2.200882415701978179e+00
2.274443540578560352e+00
2.198084024791067570e+00
2.116535102970732218e+00
2.290204908902441883e+00
2.645700624712672866e+00
2.372253962522397064e+00
