2.195196355438015612e+00
2.178000924666902982e+00
2.264749087935752581e+00
2.215553853788347460e+00
2.213824612810379122e+00
2.072523193512167516e+00
2.139057174997486044e+00
2.304767266603097386e+00
2.091482831847770285e+00
2.145421564263029435e+00
2.040999975730865668e+00
1.981123362250345465e+00
2.183281322315676842e+00
2.192129503898153864e+00
1.973844605546121622e+00
2.243749083070722961e+00
2.251209918372369501e+00
1.937622385488538157e+00
2.227892221045882248e+00
2.001036178867988458e+00
2.009469443686199064e+00
2.066900726154745627e+00
2.294202328911588484e+00
2.334349189790005497e+00
2.053866223053935958e+00
2.160312612080482531e+00
2.091215043728317013e+00
2.023132463533696690e+00
2.314931495078024426e+00
2.189890056137890006e+00
2.149205968854358328e+00
2.367787431644068352e+00
2.103968218770062570e+00
2.105757317745079238e+00
2.246423498001647090e+00
2.315372321209293371e+00
2.369572741602086641e+00
2.340988174703024338e+00
2.374748821268283905e+00
1.975845100050556358e+00
1.962274219297875266e+00
2.440438883306577988e+00
2.019058493708173252e+00
2.220558845567345063e+00
1.967748738047295554e+00
2.157400148659194716e+00
2.191762832544287054e+00
1.993021248881875707e+00
2.130279049111237555e+00
1.949269652459946878e+00
2.091099879245254201e+00
2.103560804767910852e+00
1.934448766093544769e+00
2.024547792221144338e+00
1.956420355847165782e+00
1.792791112313241841e+00
1.915955284242552459e+00
1.831236814185388528e+00
1.871672559375789247e+00
1.726153588300607389e+00
1.851764957685982704e+00
1.758271983671620520e+00
1.717681695696985367e+00
1.978212721723975109e+00
1.936192140904070103e+00
2.330471658382230693e+00
1.908952760329045706e+00
1.835209963351678297e+00
2.242728653456102617e+00
2.553766043162407851e+00
2.085468146153022673e+00
1.909772161261534817e+00
2.279181115344567576e+00
1.928151619507228576e+00
2.493433403491859934e+00
1.846704311325487957e+00
2.153610532363219310e+00
2.073842907408910641e+00
2.231022611703976199e+00
2.071018262025522638e+00
1.666263402495523849e+00
1.939906971597398222e+00
1.873104174586491144e+00
1.795294301808910253e+00
2.047674401152346668e+00
2.180559367828258210e+00
2.086958117231689336e+00
2.401374112614606648e+00
2.322306505835781465e+00
2.264191755494580960e+00
2.157047863310772140e+00
1.950863534389589482e+00
1.978513746033762954e+00
1.831236750322022155e+00
1.911207925133545871e+00
1.964609593273229260e+00
2.059814488423773238e+00
2.347121472523540753e+00
1.716863629903961463e+00
1.647728110391464496e+00
1.812374235015076440e+00
2.012465945926901423e+00
2.442530819987685842e+00
2.455702962972701631e+00
2.099707703528838287e+00
1.911360409651931880e+00
2.515307965104560228e+00
2.554052836985039932e+00
2.062764663605587856e+00
2.298958374040287911e+00
1.981131051242176477e+00
2.111915057451647204e+00
2.114419654685466998e+00
2.092506590139810996e+00
1.998443909069166136e+00
2.152775797148369197e+00
2.133446524373735720e+00
1.909711139749874942e+00
2.349518734150722654e+00
1.990346549507852281e+00
2.718843871060397710e+00
2.331468085691224434e+00
2.154468296248299275e+00
2.238666331545530408e+00
2.468682526651097664e+00
2.128199856904990028e+00
2.557157612577131811e+00
2.150910230019658087e+00
2.480297494493818533e+00
2.278783801596619529e+00
2.240664627223076355e+00
2.181687570926208242e+00
2.420220462630832348e+00
2.377467218205916666e+00
2.292491831231721733e+00
2.429429562201900428e+00
2.349408859002028116e+00
1.935099286725431522e+00
2.103086822725490634e+00
2.090804982407848733e+00
2.072254015380557757e+00
2.085144835187901613e+00
2.069342207952751256e+00
2.181982722771218519e+00
2.046387667245202824e+00
2.056916466018219758e+00
1.915575616867799980e+00
2.031790068733605903e+00
2.159383580569081307e+00
2.205077652109891151e+00
2.152189850288038109e+00
1.960863879154696177e+00
1.929712313886604136e+00
2.135435373647222690e+00
2.068660053085646933e+00
2.065958946656353934e+00
1.931446788723179875e+00
1.824793156753069745e+00
2.022065916256736706e+00
1.690635214073978432e+00
1.714503421891009571e+00
1.835402923560763178e+00
2.412216582350339422e+00
2.181171216890986919e+00
2.291338990624097516e+00
2.053276663384635103e+00
2.089706298511384119e+00
2.057138437959625143e+00
2.081077412132863014e+00
1.948604004317461946e+00
2.213492161505235867e+00
1.793963435191741285e+00
2.281973659192852999e+00
1.908283404161253527e+00
1.777848781133360534e+00
2.212351763148886707e+00
2.586310959065680315e+00
2.515475739718866066e+00
2.348459154390786896e+00
2.494465675002843330e+00
2.343262541773788232e+00
2.454963614334476851e+00
2.380009812511179934e+00
2.406796323142843530e+00
2.423911746121695909e+00
2.157585478240150678e+00
2.343292142459600047e+00
2.345109197610390162e+00
1.939601676016087684e+00
2.263048598068535089e+00
2.076065344024407455e+00
2.317447097306950532e+00
2.083095156221407063e+00
1.986821384176375105e+00
2.207735693382567366e+00
1.977241140406581499e+00
2.036002726147342123e+00
2.068211839686003639e+00
2.263604668950064625e+00
2.103997989492766507e+00
2.018036429809146881e+00
2.273382650906716762e+00
2.074462749067676359e+00
2.007727883672993485e+00
2.169886687916913193e+00
1.899832938150778139e+00
2.089884264061759644e+00
1.741752654020108704e+00
1.966831375600268217e+00
1.886947392277837920e+00
2.160094665936608926e+00
2.251484308473738150e+00
1.945292341633039879e+00
2.059593291819462380e+00
1.987860856410143429e+00
2.000623341860980009e+00
2.326720316885440454e+00
2.196066128050975674e+00
2.201432238801218855e+00
2.442409178694127991e+00
2.294094394666463810e+00
2.231648223154173660e+00
2.429041676156015406e+00
2.261359717216912202e+00
2.020018170609130692e+00
2.129676328895374393e+00
2.321908873189014066e+00
1.971699863405135700e+00
2.324291117347354607e+00
2.237968696139574387e+00
1.905297785463995197e+00
1.835211411588415498e+00
2.441629538347551254e+00
2.284379126413721206e+00
2.311003512093920964e+00
2.436044452400118132e+00
2.369425890682724578e+00
2.547942624208851647e+00
2.378216045869106399e+00
2.445665582262547044e+00
2.565343143515995017e+00
2.464864947856999500e+00
2.514693990595880280e+00
2.266578679644743577e+00
2.159194781059969870e+00
2.130329157474111668e+00
2.470052895570973739e+00
2.399165581955103210e+00
1.957414320147885523e+00
2.244992486406611309e+00
1.954998385059602439e+00
2.175760095371628733e+00
2.218843962261166425e+00
2.169312592077562218e+00
2.240639470550473966e+00
2.115778676664647584e+00
2.052207760278296433e+00
2.239224051875651433e+00
2.177142212038127855e+00
2.123095839247698624e+00
1.980051902995394686e+00
2.209230112603267404e+00
2.276303993232069001e+00
2.159723872220227214e+00
1.832051120396974264e+00
2.223533308701756805e+00
1.879866365795599181e+00
2.165246405542696095e+00
2.190451630917368497e+00
2.474878905539103613e+00
1.974683104580672754e+00
2.121428724966756718e+00
2.265194512359234302e+00
2.272552570137950312e+00
1.912627855471573657e+00
2.226731729340827304e+00
2.410591362463501586e+00
2.149191391825981512e+00
2.192574799259658480e+00
2.101910865864974998e+00
2.060573533083627673e+00
2.431952619385605363e+00
2.388853702736604134e+00
2.502586733216985326e+00
2.595269268156711551e+00
2.086954468129896600e+00
2.071494907752843506e+00
2.114573599207203447e+00
2.232557142146395446e+00
2.641593419071635473e+00
2.357178265275708284e+00
2.338467802932224338e+00
2.210902667476705830e+00
2.300056712192799502e+00
2.340702899891183186e+00
2.426903566978052318e+00
2.357392376845662163e+00
2.131901081774147499e+00
2.192999339073137488e+00
2.240517363122917160e+00
2.236785452367571647e+00
2.138384445283469493e+00
1.981160557418064849e+00
2.213513523049325471e+00
2.087369520431566539e+00
2.331615279109578331e+00
1.923008362666641657e+00
2.024844868197171799e+00
2.262167368444855331e+00
2.004509871685495881e+00
2.383445589652181784e+00
1.917397222241438159e+00
2.215823406666312945e+00
2.065861253731007263e+00
2.239531457433315609e+00
2.163838819587280859e+00
2.027281623104649100e+00
2.320947017596028950e+00
2.046979568491622548e+00
2.249965831736694177e+00
2.202320986334934894e+00
2.392798205290037394e+00
2.204958665671227447e+00
2.143063354897364103e+00
2.279701891684561943e+00
1.902684764581209942e+00
2.261625043760570275e+00
2.211169020882537417e+00
2.404122928647261404e+00
2.205211210341476491e+00
2.046956987597011057e+00
2.155528509020768091e+00
2.112316552595257413e+00
2.047769627483517318e+00
2.131194445679014837e+00
2.257210254561349938e+00
2.422522968416910505e+00
2.258234108385667849e+00
2.463006425125984222e+00
2.144190872320078434e+00
2.469345003425262863e+00
2.513479970699409982e+00
2.095273630805160714e+00
1.989058586074548440e+00
2.047078303332767746e+00
2.172322690250319432e+00
2.258177550631220498e+00
2.531557317636763393e+00
2.444762023261288331e+00
2.561551217770380084e+00
2.157585589757311961e+00
2.176336262091319362e+00
2.333544902361675000e+00
2.386698632895648320e+00
2.570181265843590079e+00
2.542888917322463804e+00
2.508680674455978643e+00
2.518942330057867274e+00
2.426886629748749247e+00
2.202399434816577184e+00
2.264754211955103624e+00
2.329043166071083526e+00
2.432667696329603224e+00
2.349698441402312543e+00
2.293374954058091664e+00
2.308083830118051516e+00
2.182926307448494807e+00
2.428864811590738970e+00
2.306488372649560414e+00
2.599078892627437298e+00
2.336794682447887794e+00
2.393250117820637346e+00
2.425279777245660462e+00
2.437746791664820556e+00
2.300448054715054091e+00
2.451326059417062719e+00
2.603474408149865305e+00
2.285290889070380249e+00
2.285451605659807317e+00
2.524807151826520712e+00
2.418608441916100027e+00
2.467450996146330233e+00
2.492634688132184362e+00
2.128567714346840223e+00
2.505068360141510464e+00
2.462264429693242107e+00
2.203648606080344408e+00
2.483766356277234966e+00
2.237550221133802975e+00
2.277933927308411821e+00
2.170484040000606463e+00
2.521123321089749680e+00
2.276524196215122586e+00
2.261653688576047205e+00
2.538048183719430639e+00
2.537909941788194512e+00
2.517858602016290970e+00
1.970890547485713018e+00
1.963749246995706965e+00
2.091368977717274369e+00
2.110431688753951818e+00
1.925538290406771269e+00
2.055617959763697655e+00
2.229545274465694060e+00
2.059138312580939267e+00
2.082473359016922654e+00
1.918690470820515470e+00
1.994675223543493692e+00
2.168628740534976895e+00
2.021150450595158521e+00
2.098618137621276691e+00
2.035838768916410579e+00
2.070814918020747353e+00
1.979907784101540225e+00
2.439565783267967358e+00
2.389262442009686627e+00
2.487135218416033133e+00
2.152704802522590555e+00
2.246903829434414135e+00
2.405012224860521464e+00
2.230159542739031497e+00
2.407466166521463169e+00
2.390492879429191309e+00
2.237881979644197550e+00
2.293695242252361322e+00
2.443500366655884104e+00
2.288099233231572605e+00
2.255246797328587238e+00
2.469747788970396929e+00
2.401489458116282893e+00
2.339537727433781189e+00
2.268554407939836537e+00
2.481784914793384811e+00
2.195232996543705184e+00
2.500993179464266358e+00
2.209675244271557037e+00
2.361111049592267364e+00
2.346173627453780330e+00
2.435045644833557343e+00
2.274582164750466706e+00
2.467980872933666525e+00
2.537216861313132732e+00
2.360615579045098666e+00
2.451134600651861728e+00
2.610545735499053333e+00
2.501425929222847344e+00
2.640958606916072871e+00
2.508578303044452174e+00
2.447713123311199723e+00
2.455647670621085243e+00
2.443433629597179024e+00
2.482083662859904116e+00
2.144506640992582369e+00
2.226830362486263315e+00
2.239775978982444737e+00
2.218501468067079152e+00
2.402020349832438839e+00
2.513830529749026876e+00
2.621315060639549444e+00
2.505198148595003893e+00
2.192276162216157065e+00
2.256374348349300174e+00
2.073640132499776634e+00
2.279954079918163679e+00
2.346288298540886608e+00
2.173785296704268788e+00
2.259187796923252112e+00
2.267020582190772515e+00
2.290927685906650524e+00
2.196713251043092452e+00
2.177358617574393751e+00
2.036190770037880959e+00
2.273639746104125337e+00
2.375075679746220469e+00
2.100279012711057103e+00
2.229889020436366387e+00
2.208913743554260289e+00
2.312469449288996781e+00
2.420022481205405640e+00
2.301314586945483853e+00
2.416533703815561207e+00
2.390349105933260887e+00
2.458456045292684689e+00
2.501657640682457995e+00
2.206361217820295373e+00
2.499083282718054910e+00
2.270215550748654554e+00
2.368498990957851991e+00
2.596564553585618551e+00
2.557663588409330835e+00
2.405675728803480240e+00
2.626441263695705075e+00
2.383965532074011406e+00
2.344011953526243808e+00
2.242159859073981298e+00
2.318219408633402701e+00
2.303407843295877999e+00
2.428305666950537844e+00
2.235970412106585314e+00
2.329303937454716866e+00
