1.800861262475599522e+00
1.913993351837238954e+00
1.948841020398833113e+00
1.750460848216504939e+00
1.828387537173827626e+00
2.116520907254225481e+00
1.802775700652825108e+00
2.022556456538050718e+00
1.843007994945430994e+00
1.899949019651920201e+00
2.000013927642522393e+00
1.968671451609186107e+00
1.945345293035835033e+00
1.927791273443818953e+00
1.665928403188316365e+00
1.773386810360558119e+00
1.935146832937429062e+00
1.752700861969744617e+00
1.674482697407581488e+00
1.731595347448271038e+00
1.935768333436757915e+00
1.994205771815394934e+00
1.717037367493036815e+00
1.767970708356795928e+00
2.006166747256264760e+00
1.897432047198684302e+00
1.873197114038323230e+00
1.998898898692346382e+00
2.022994530346550857e+00
1.938305801807592932e+00
1.857201262871618130e+00
1.930620973607618751e+00
1.929588156349291594e+00
1.695317390499811561e+00
1.713306944237380502e+00
1.710558421075835334e+00
2.033438473490650988e+00
1.796221835528299948e+00
2.125226440187076182e+00
2.145360003056910436e+00
1.964791692932985390e+00
2.005740059579765866e+00
1.891720868341857598e+00
1.896797078475609410e+00
1.722298539593046796e+00
1.788627831245833466e+00
2.017675954976445141e+00
1.936716332772896232e+00
1.861384723037764477e+00
1.881055310368605182e+00
2.036328937743469236e+00
2.031505261479040314e+00
1.975112569061384882e+00
2.062077330334445957e+00
1.702833843665461533e+00
1.780259680668378586e+00
1.736975691700064051e+00
1.721231906501857756e+00
1.813894920842561875e+00
1.628399071230016038e+00
1.836140611867742134e+00
1.822760057568719727e+00
1.730063010658052347e+00
1.787349080087579978e+00
1.643717296042182641e+00
1.725378589092553261e+00
1.855947017887026984e+00
1.897064444322604126e+00
1.869134841766377120e+00
1.992070622182264161e+00
2.117473135110198079e+00
2.133607044743117687e+00
2.110382750209400360e+00
1.731682057060034197e+00
1.762028500636718453e+00
1.660533694984896114e+00
1.741244934770577846e+00
1.810839490988749967e+00
1.803989500852433370e+00
1.943274086860153682e+00
1.805099463375950730e+00
1.979870451053423963e+00
1.774709268419137231e+00
1.852455611867248830e+00
1.801611573566038071e+00
1.881029210999131562e+00
1.875762930615039847e+00
2.032526098381607582e+00
2.006719843918621127e+00
2.034836234705835079e+00
2.003920813792190003e+00
2.079432227383336329e+00
1.884539778628385731e+00
1.901128101296798434e+00
2.100671844753438489e+00
2.213580429190091348e+00
1.929952626172329655e+00
1.891114874890228226e+00
1.865025562609780918e+00
1.960315773016325203e+00
1.746530207060692064e+00
1.994725302189536142e+00
1.819428909291352259e+00
1.758650609147872412e+00
1.905199610995359949e+00
1.777806244530107271e+00
2.143023326454243094e+00
1.798079493535375883e+00
1.790551864292245554e+00
2.051134353792184672e+00
1.926789010813912961e+00
1.849561137867199445e+00
1.959854280678099192e+00
2.042165276417712061e+00
1.884903205671093485e+00
1.637219224281107666e+00
1.671084469968886266e+00
1.691259784606339078e+00
1.746768543027677589e+00
1.621643033038602466e+00
1.611848393761285525e+00
1.742826254079673065e+00
1.873211847249279138e+00
1.581986564615940116e+00
1.765881684623173076e+00
1.909671455161281450e+00
1.599985661509333745e+00
1.704432932385493649e+00
1.732724150862205548e+00
1.730822486098652524e+00
1.803602608097417015e+00
1.863659937173709258e+00
1.897219044384548248e+00
1.885529209669321027e+00
1.882012158471320529e+00
1.854798258686612078e+00
1.657374059683190293e+00
1.649277208392118332e+00
1.654230840655449342e+00
1.954300168311121189e+00
1.664425796009727954e+00
1.902502197774463388e+00
2.109675368134007911e+00
1.963718965598914012e+00
1.851189125387597834e+00
2.014412604774067805e+00
1.804063717985885162e+00
1.642427490010848201e+00
1.757603733446867045e+00
1.987706222381779853e+00
1.852544294509312905e+00
1.836435411879660418e+00
1.631197636850262533e+00
1.747143986510274249e+00
1.849641961463453610e+00
1.994806363051329301e+00
1.886604399849899805e+00
1.985396818051353485e+00
1.728533827669593181e+00
1.665518909903100253e+00
1.838449412789398663e+00
1.586307952799117515e+00
1.701711415307886943e+00
1.661690973496382728e+00
1.884263087822397598e+00
1.847020208132322150e+00
1.588607691939661670e+00
1.746266460739468673e+00
1.670514768631825131e+00
1.821089335996570524e+00
1.810459282560713312e+00
1.853251836332707736e+00
1.750824037859637583e+00
1.918768471513738527e+00
1.899636468009749501e+00
1.823806762078971300e+00
2.010330192443777531e+00
2.181842294182169795e+00
2.096501190138404080e+00
1.958239467128689348e+00
2.054340611521532356e+00
1.793431365843568104e+00
1.789230434032261785e+00
1.650027679618890852e+00
1.788683419717823408e+00
1.711645542356009742e+00
1.561747707665508189e+00
1.538901683710427903e+00
1.579507573502987761e+00
1.726208782792898688e+00
1.801458775785684585e+00
1.942857057798663023e+00
1.998174816742445792e+00
1.968199274077066852e+00
1.937023431547030050e+00
1.804336302434255135e+00
1.795030160677785869e+00
2.213327813302271352e+00
2.012180169468241520e+00
1.974938405164793132e+00
