1.710370064893826703e+00
1.750759127807491433e+00
1.853305171152801023e+00
1.622611765179673426e+00
1.693625960000965547e+00
1.828720210842178062e+00
1.665502178859864735e+00
1.961130378780903127e+00
1.716064037475358184e+00
1.629248198430676808e+00
1.917076131370389458e+00
1.727484915659209808e+00
1.955341583074000411e+00
1.969322824579996745e+00
1.733664350853376668e+00
1.954321865145543402e+00
2.080399799994483434e+00
1.916814649757541344e+00
1.789771602165737940e+00
1.798850704524012079e+00
1.860857977938154662e+00
1.932940750993146661e+00
1.609245956969413305e+00
1.609314883714128896e+00
1.828662910402498509e+00
1.905219278741095534e+00
1.728843985138935002e+00
1.994537514798539801e+00
1.999473898566637375e+00
1.769914015690298825e+00
1.863156000434507353e+00
2.004559804872642736e+00
1.998117057479653846e+00
1.772425736201471480e+00
1.720315464891694957e+00
1.825251612261971301e+00
2.090436445277525479e+00
1.924918982956495217e+00
2.053314929061784255e+00
2.070820073759647162e+00
2.024707953705239927e+00
2.097060671761002748e+00
1.910833162466168078e+00
1.975976928210039452e+00
1.880066433833528672e+00
1.846426583734500415e+00
2.228255489127993094e+00
1.822223499170311456e+00
1.976994447456995152e+00
2.058428955485541945e+00
1.922224938594794263e+00
2.040851651877718442e+00
1.854691123952502130e+00
2.084350373414220137e+00
1.690073836272896868e+00
1.753750792711453066e+00
1.693261709403818038e+00
1.742610357906475116e+00
1.752722661161710604e+00
1.675618779582048523e+00
1.866140753808488650e+00
1.785175528571315340e+00
1.776081759395246484e+00
1.845437772791657993e+00
1.651576584993242447e+00
1.747018958381726828e+00
1.821976149381967058e+00
1.888507894027653622e+00
1.991288837054727479e+00
1.998187524869828646e+00
1.972500848784291660e+00
2.214782239950351617e+00
2.075944608051507601e+00
1.800328457481565003e+00
1.838730955170242876e+00
1.778743237067312188e+00
1.799088448816120733e+00
1.907595151400149236e+00
1.936093990261957609e+00
1.938723724996806785e+00
1.925698872223325919e+00
1.879476389604755937e+00
1.908764120918279961e+00
1.856730604559704512e+00
1.693235453121781919e+00
1.811360628991818489e+00
1.908414642673351036e+00
2.009725541435122054e+00
1.892107307356897472e+00
2.074529180989514554e+00
2.032261272937412766e+00
2.094230901675602663e+00
1.925198635878001108e+00
2.033286047098955773e+00
2.161674864319270029e+00
2.072561188874813443e+00
1.921600813314425116e+00
1.798513424070770750e+00
1.955626893076854778e+00
1.824400764090983840e+00
1.697430191634500263e+00
1.679857530663839915e+00
1.763834805814020301e+00
1.351081976658081940e+00
1.881060379688471729e+00
1.529280692063359925e+00
1.906318992698898596e+00
1.626646244694518684e+00
1.442107885185736293e+00
1.392329881495283139e+00
1.958125232942449445e+00
1.667298259466531318e+00
1.561163254808768608e+00
1.963247277599617924e+00
1.909466817288002716e+00
1.923335487410291922e+00
1.858999519709079618e+00
2.023181814306763027e+00
1.901293267537737863e+00
1.890252239254857969e+00
1.822769829642567174e+00
1.863462462530285579e+00
1.765770185788281044e+00
1.697059413772729730e+00
1.809244949652867751e+00
1.879225914495831207e+00
1.656200345384760464e+00
1.899570437046837590e+00
1.886221891930732752e+00
1.779629292565324095e+00
1.930269071468001529e+00
1.786615650620019924e+00
1.897012237010246682e+00
1.785005592326706303e+00
1.885816725661480397e+00
1.919460037970849742e+00
1.875934327529598100e+00
1.888428218463506392e+00
1.806151741410868761e+00
2.042776008055795955e+00
1.887547775470481692e+00
2.010865933636704739e+00
2.004521230738419924e+00
2.041239443411330345e+00
2.032485496707047368e+00
2.167586584483258694e+00
2.084017131171541859e+00
1.852316000252286710e+00
1.917767389553072910e+00
1.997175701780437240e+00
2.008742281702183607e+00
1.825867034820574109e+00
1.928993706553446597e+00
1.810838526579981567e+00
2.125541137655285517e+00
2.043188050794105148e+00
1.798666445800613189e+00
2.089395093635894707e+00
1.811916163210587571e+00
1.851885076355102244e+00
1.773741239758549693e+00
1.577624531782767958e+00
1.580720358354214650e+00
1.387058523631661267e+00
2.025198834374497991e+00
1.930954467825557019e+00
1.932059468210658659e+00
1.881513058566606666e+00
1.871504015044765934e+00
1.760287244982669863e+00
1.822655089026123942e+00
1.835506296263865522e+00
2.014632397708970402e+00
1.869623925901089168e+00
1.865761645023041648e+00
2.201955395975750296e+00
1.959211853242691426e+00
2.148158983711927039e+00
2.039155706022017789e+00
1.984467551150845388e+00
2.143682222254613023e+00
1.967440737240238935e+00
1.970667147465783531e+00
1.975946400974746719e+00
1.737949154838972055e+00
1.809136835439020707e+00
1.786325662414997462e+00
1.824069472099060452e+00
1.778327920584365840e+00
1.925245592705151942e+00
1.822676574227250157e+00
1.903906883924851412e+00
1.950632768117537719e+00
1.910612600398085448e+00
2.064246146078488220e+00
1.956667694271546853e+00
2.036483285506584195e+00
2.046621952623076890e+00
2.008837697604262562e+00
1.940799459516179271e+00
