1.808638895323746443e+00
1.826274749329992897e+00
1.909101385190237643e+00
1.755105735683028856e+00
1.752132636587842240e+00
2.012533750766337004e+00
1.796910537427257815e+00
2.029364760115549782e+00
1.722600745573113823e+00
1.844155013406909793e+00
2.015175040319423960e+00
1.772999103512913788e+00
1.916492831943298558e+00
1.994462820040159734e+00
1.774294026033922611e+00
2.123828111616223868e+00
2.075669926082778449e+00
2.089603257244490031e+00
1.980984624643651548e+00
1.997649828242094472e+00
2.154235916000966533e+00
2.187962608806682585e+00
1.852182222550212698e+00
1.887757276385534366e+00
1.930993075138059956e+00
2.077488821779099659e+00
1.919533128073606321e+00
2.146549376196961845e+00
2.148105124863622706e+00
2.002313415550103670e+00
1.870990060515049125e+00
2.045460635554684714e+00
2.105831511557558322e+00
1.883425006142998237e+00
1.820433233895350389e+00
1.862065156966044022e+00
2.339586125411295292e+00
2.202583739862135737e+00
2.345580649934557727e+00
2.258239612988602207e+00
2.214536821187136351e+00
2.221474891564638732e+00
2.134459197823452836e+00
2.041186333829118738e+00
2.054849339220691906e+00
2.103105314895023614e+00
2.245497668005932645e+00
1.975526797754247665e+00
2.122926126188091178e+00
2.224029122665917235e+00
2.079956988926574546e+00
2.217806676284377332e+00
2.079019252312128696e+00
2.220896094028681933e+00
1.790310046911587349e+00
1.805444213571249845e+00
1.753837029421495997e+00
1.729995650836760435e+00
1.822085652052179094e+00
1.710564910966224872e+00
2.116694909455127060e+00
2.123909065675761987e+00
1.930047939516431388e+00
1.965757674330414817e+00
1.799043353853533755e+00
1.953510279611335498e+00
1.957234535606851900e+00
1.998461698567391309e+00
2.145478875672380603e+00
2.176108580413587568e+00
2.248835611349753627e+00
2.401787226351282278e+00
2.319708298357178844e+00
1.824211174380977019e+00
1.862267463660305378e+00
1.736674622907332655e+00
1.872679273180223314e+00
1.991098854423857700e+00
1.965042146556941871e+00
2.045749647864863796e+00
1.940694055138737717e+00
2.103432394859713561e+00
1.932703585396097656e+00
1.873581740270374496e+00
1.855914809082923167e+00
1.964516774487490958e+00
2.131581650033999686e+00
2.020949841186671758e+00
1.985513723420601950e+00
2.097544082254735098e+00
2.065269830253698036e+00
2.138174372910623511e+00
2.274358865047240386e+00
2.102376807764246180e+00
2.235942280225211576e+00
2.149632789167192026e+00
2.065313406910358474e+00
1.906186889104476867e+00
2.125390648619567724e+00
1.755628968206744078e+00
1.792465431531537368e+00
1.835218703710662425e+00
1.874955618176179062e+00
1.724588250558400704e+00
1.991042180059229061e+00
1.795017250209126614e+00
1.983001239738895416e+00
1.838621823892083507e+00
1.693533472221249614e+00
1.949890400612436236e+00
2.012429209195236712e+00
1.901981601208202033e+00
1.694820393485027887e+00
1.937637562269103997e+00
2.098532399809639237e+00
1.977331273291460745e+00
1.840628570912281159e+00
2.069562223541542956e+00
1.960157985207104048e+00
2.013589757972590544e+00
1.960554110293881491e+00
2.000892107458800862e+00
2.145613748414046729e+00
1.894451788941472703e+00
2.091964399933888608e+00
2.071040387169671870e+00
1.790040250404474342e+00
2.017525426248056419e+00
2.016754079500295838e+00
2.024907552937514232e+00
2.137626336483014367e+00
1.941329934758603937e+00
2.093829773808904449e+00
1.870606886666722701e+00
1.988857718968398469e+00
2.042757838201493037e+00
1.981236712546813994e+00
1.974041699613013012e+00
1.855878505808862711e+00
2.266585990790075389e+00
2.086579782053496146e+00
2.215317167033503232e+00
2.290830647828831168e+00
2.151378734808973459e+00
2.200854522557263770e+00
2.149626393405383418e+00
2.239648641100635107e+00
1.943849104192336918e+00
1.870092393094419325e+00
2.159402848969018240e+00
2.166823369191494209e+00
1.883538483276613551e+00
2.122605657130021140e+00
1.966532261221888955e+00
2.224706472057118578e+00
2.212584528473829248e+00
2.073212882725137707e+00
2.215860287924179328e+00
1.916777444103605621e+00
1.927133268582279735e+00
1.934895309989535184e+00
1.832107528399246066e+00
1.822460664349934589e+00
1.787954708175735430e+00
2.162351743395396930e+00
2.082450079471566351e+00
2.107187078244347145e+00
1.984092212338238070e+00
1.997392580494601999e+00
1.900151441056346258e+00
1.939256163987056469e+00
1.962280220544159848e+00
2.204879396362217747e+00
2.018065387407574462e+00
2.024367325464923262e+00
2.310560214342354257e+00
2.177944206492272272e+00
2.341275416613889604e+00
2.402428786043356190e+00
2.085826078520501614e+00
2.212691614939328755e+00
2.058759639624758275e+00
2.023509513474146093e+00
2.107251795381418713e+00
1.838697930424632254e+00
1.923372471188241395e+00
1.813861185439509027e+00
1.790051447420872410e+00
1.782878861059002285e+00
2.073202965293659883e+00
1.904668478241790863e+00
1.993579910781183129e+00
2.089758526580195230e+00
2.022093504822660037e+00
2.082339792547339030e+00
2.123158241520547218e+00
2.071686206337245206e+00
2.220841702478604240e+00
2.189808984684217474e+00
2.229356933126147133e+00
