1.753464033459684268e+00
1.541981608858951303e+00
1.482504225199361425e+00
1.514652953987027040e+00
1.478280294305339027e+00
1.532696851913476044e+00
1.661690663295227077e+00
1.756322722631810329e+00
1.679072267805512553e+00
1.493175347631721772e+00
1.507516549451820120e+00
1.544865806915246331e+00
1.602314594406395676e+00
1.678001809957992752e+00
1.843975215510442300e+00
1.684411517136855885e+00
1.567412542446600998e+00
1.808496303495914059e+00
1.564322484502056243e+00
1.716795721025368815e+00
1.727259287891616646e+00
1.908495271702033147e+00
1.735914589195917568e+00
1.628702395352136456e+00
1.644003157761710021e+00
1.669144582632077434e+00
1.634033905931036479e+00
1.874466086887502048e+00
1.732629085101382582e+00
1.905055913941905210e+00
1.735361539070164660e+00
1.617356963592500030e+00
1.569136032130930669e+00
1.645399412966079833e+00
1.715118450929711047e+00
1.803715227734927096e+00
1.735975436055109622e+00
1.555077667353232274e+00
1.454472436566882410e+00
1.528494035819240482e+00
1.755277260664746652e+00
1.654361522980440702e+00
1.672910302390565818e+00
1.724553555936741756e+00
1.675805969220470759e+00
1.745612405469213479e+00
1.569845747245393941e+00
1.551037711355532922e+00
1.810188073030265521e+00
1.740165296710835197e+00
1.787687612906559975e+00
1.505221969677573490e+00
1.646991034464293513e+00
1.467125498256914851e+00
1.481629626072478834e+00
1.607806358411270287e+00
1.735861209925459336e+00
1.636781676180894651e+00
1.456173557602004731e+00
1.648510968405568988e+00
1.632852322934631450e+00
1.532841895331594984e+00
1.580647099721299575e+00
1.652782047961634193e+00
1.658934638543950069e+00
1.837549548154973511e+00
1.721504606665226200e+00
1.587301000664801620e+00
1.653855261258752707e+00
1.835916953657537043e+00
1.816665158812436065e+00
1.842972406831986154e+00
1.818183089917844608e+00
1.402176601085442398e+00
1.585676007257210474e+00
1.868403510729818695e+00
1.742109732848615922e+00
1.942835108259507226e+00
1.783586515135366257e+00
1.710927002499698757e+00
1.622496608709576238e+00
1.684972503353349360e+00
1.731180831921793173e+00
1.680380327963255205e+00
1.708464403387981001e+00
1.924413682618568933e+00
1.775377378441798548e+00
1.911130786534001036e+00
1.825318844144669272e+00
1.455762991956836228e+00
1.643460809308602277e+00
1.579085928285187679e+00
1.394134418975783163e+00
1.718057000727021721e+00
1.727294135274677567e+00
1.743810982481696303e+00
1.856307072000346947e+00
1.831652023433519405e+00
1.873680322570973056e+00
1.692950114893676750e+00
