1.806336337763048805e+00
1.774671291521968230e+00
1.843625872801095245e+00
1.747474086235379698e+00
1.771356576629718571e+00
1.913074148253809614e+00
1.765208072999521427e+00
1.930728822542813417e+00
1.836788396060418327e+00
1.885788102747805395e+00
1.962971529289453176e+00
1.849264739313895234e+00
1.934368525501935387e+00
1.936693984818034675e+00
1.662849943581530043e+00
1.797062669118451472e+00
1.975248319831860888e+00
1.948025797362451961e+00
1.801994707039742627e+00
1.865038339387043109e+00
1.925314562131794194e+00
2.088190254574072924e+00
1.717778219511356230e+00
1.799356310153943372e+00
1.773239419009212003e+00
1.920933440671791725e+00
1.845628583123030131e+00
1.993440939192110628e+00
2.082266866659757909e+00
1.883313151108575445e+00
1.808162887825139231e+00
1.919331481610034862e+00
1.917965257986216976e+00
1.747328462226275470e+00
1.681747250568291108e+00
1.661392272836273776e+00
1.954373763350783388e+00
1.804576983441245508e+00
1.959068452093155832e+00
2.058978076048983752e+00
1.938032739516128311e+00
2.066723973247880597e+00
1.985567670604616364e+00
1.922201196704796056e+00
1.832612799665552350e+00
1.834534961150761534e+00
1.960693949711129092e+00
1.866939823446836177e+00
1.981677850030975296e+00
2.114992637575928480e+00
1.866671000608358000e+00
2.082139974074534994e+00
2.056595363697155232e+00
2.168954810902379293e+00
1.670865125007843455e+00
1.782113299998147937e+00
1.601256779991002466e+00
1.705773294942545482e+00
1.696246852059384969e+00
1.670377336991419437e+00
1.901769840517878674e+00
1.900310787432475612e+00
1.679859848618836082e+00
1.844368625075032853e+00
1.603042431337466933e+00
1.812102617620565459e+00
1.890732289132037947e+00
1.967685517008495033e+00
2.178436682274837111e+00
1.966858502267133657e+00
1.960424630249580691e+00
2.096929652521705378e+00
2.208822186547049871e+00
1.765246533206593860e+00
1.743652187252398233e+00
1.727261301537627469e+00
1.755238925682625073e+00
1.859639473100400453e+00
1.832853587953266583e+00
1.920988001326427996e+00
1.776103077642806394e+00
1.914528302290732897e+00
1.722065738089444853e+00
1.812729415573886671e+00
1.657959597533384510e+00
1.863246927752622906e+00
2.041046245078961707e+00
1.943786249720193204e+00
1.936344028028837760e+00
1.967649013833054239e+00
2.007513251044441116e+00
2.088786966732598227e+00
2.106408555885391110e+00
1.913467240594294516e+00
2.223149339581129258e+00
2.160474569250558474e+00
1.987203503129405746e+00
1.869118166003165937e+00
1.807760589424526776e+00
1.812557134099188172e+00
1.813033317985975001e+00
1.861815065533789504e+00
1.869494606987452290e+00
1.744433492939564179e+00
1.876505917484365238e+00
1.786874775896146073e+00
1.925035366384060476e+00
1.822925968733706270e+00
1.687239560305124009e+00
1.981726204147245429e+00
2.023975137765652299e+00
1.880625478878390267e+00
1.701857188678854715e+00
2.014716966242759533e+00
1.948818956113388845e+00
1.596669938949762724e+00
1.656142540216470005e+00
1.963441537856524199e+00
1.738290866090313358e+00
1.880876896487593486e+00
1.760172256918294043e+00
1.805161301660135775e+00
1.898561318335158399e+00
1.724935441950929738e+00
1.795786741458653912e+00
2.033516927484143810e+00
1.716861017459079264e+00
1.699260176626191221e+00
1.899660151408157249e+00
1.816447310082421440e+00
2.016818532298160882e+00
1.950811505380514399e+00
2.054352762075166261e+00
1.852515385867001818e+00
1.850615632175517611e+00
1.923381385986045355e+00
1.734308438009668496e+00
1.732398697935864318e+00
1.728570932911392299e+00
1.913766463418376418e+00
1.754548482816436161e+00
1.910022052753080901e+00
1.950811870568812223e+00
1.973817514557123065e+00
1.950450871226886429e+00
2.091474265329409832e+00
2.111361304857225729e+00
1.859722502877327432e+00
1.711620168963704058e+00
1.879637697663085971e+00
2.023041755009993281e+00
1.772053289392769626e+00
1.781483782044923636e+00
1.840643822019353948e+00
2.136376764251172400e+00
2.055029651384797429e+00
1.912894608597008217e+00
2.170635698416939707e+00
1.919786126112336122e+00
1.839780835582947693e+00
1.907112859948133732e+00
1.796800833702294486e+00
1.766238816824902358e+00
1.768943711643520045e+00
1.925995526500630994e+00
1.787799926100408276e+00
1.896589758937962333e+00
1.875214628185753574e+00
1.874733229761780251e+00
1.825775542202513035e+00
1.845599967042692802e+00
1.895379349563731441e+00
2.097063023611382970e+00
1.850974105008117654e+00
1.875661948676965896e+00
2.208144101644227142e+00
1.979591915127092649e+00
2.098548579572006467e+00
2.207142208520540994e+00
1.986779250751304238e+00
2.181898636823028870e+00
1.964967415420404651e+00
1.935421908524682211e+00
1.874421809147376106e+00
1.754169264366723269e+00
1.849614874227825112e+00
1.685973402866025150e+00
1.689195308792124539e+00
1.684384070623794027e+00
1.976415927695489128e+00
1.868925375711037562e+00
1.938582503726479445e+00
1.911239689742207037e+00
1.954352587620437953e+00
1.946729643877173510e+00
1.915099509428400903e+00
1.972837253582324424e+00
2.128563492708851257e+00
2.016508534130935892e+00
1.861153152647518683e+00
