1.613438458206812642e+00
1.482807917031311096e+00
1.456847434885248704e+00
1.538869534222715219e+00
1.476069458403592050e+00
1.575980273881848914e+00
1.663212882657147285e+00
1.704162052594581755e+00
1.626512300867764882e+00
1.569878697296722025e+00
1.684484948923878234e+00
1.646100421397999503e+00
1.618155472375665926e+00
1.719521125576689125e+00
1.807959845671671006e+00
1.648008683305860700e+00
1.550242657114858646e+00
1.757808526188006093e+00
1.526582765883217840e+00
1.752114481249034350e+00
1.773335975023976996e+00
1.735457156077945928e+00
1.717894261202148609e+00
1.702875796813207776e+00
1.722909945251503538e+00
1.666762760548673006e+00
1.467098396018627238e+00
1.886133536848018322e+00
1.662802773653248023e+00
1.858970789751983155e+00
1.644445220103618155e+00
1.666638071347778860e+00
1.520440634405945346e+00
1.631887915456156080e+00
1.525091725302736956e+00
1.793812237468934478e+00
1.838981252965887325e+00
1.512640965616692812e+00
1.463900925590747359e+00
1.526103972883796622e+00
1.727445643565055367e+00
1.555941528817763153e+00
1.681696305072360564e+00
1.714936199053334720e+00
1.647245077697086835e+00
1.639596967669341154e+00
1.557899879804636623e+00
1.530553194073893453e+00
1.808511129074931834e+00
1.699923247731798481e+00
1.700933909228403706e+00
1.492187995073403606e+00
1.667962285256142874e+00
1.519209414339634190e+00
1.452151333577178294e+00
1.625821881680620695e+00
1.630397932162993779e+00
1.607775297957554361e+00
1.564362023096478538e+00
1.633273135887429950e+00
1.643854590320406706e+00
1.554068884566346620e+00
1.509017975148948532e+00
1.632235905416119071e+00
1.654807643412805840e+00
1.795334309614821544e+00
1.561156000337404981e+00
1.596393174937322135e+00
1.535082750886836322e+00
1.732353394238253408e+00
1.801710289054494929e+00
1.678446528819478756e+00
1.679356642840773572e+00
1.480841741612934026e+00
1.600933588094431537e+00
1.710223501203886443e+00
1.681819755523781712e+00
1.906209694131504984e+00
1.691536482608568592e+00
1.699128070664723378e+00
1.557179805520367610e+00
1.528542459655252150e+00
1.676689867561044212e+00
1.603457112253743100e+00
1.577097873224725388e+00
1.541922155631964442e+00
1.839251857707072668e+00
1.907457656563985804e+00
1.718553184132529221e+00
1.377514089740697667e+00
1.666803083156894738e+00
1.566635317231256375e+00
1.473226713559242063e+00
1.576697299511170769e+00
1.608884641506170388e+00
1.733755340071243545e+00
1.695016607673031084e+00
1.477457411670227483e+00
1.877752499590553459e+00
1.681472822137584755e+00
