1.663553339235043893e+00
1.556226814600777608e+00
1.520631885600363109e+00
1.537735647699307373e+00
1.497767760216820454e+00
1.550829952964972058e+00
1.725053251385083142e+00
1.770407868737283508e+00
1.599476625946894659e+00
1.546848790769530302e+00
1.625593092327126232e+00
1.660535065351667505e+00
1.702230514466239519e+00
1.729498312373409341e+00
1.881825521012147284e+00
1.680486174091954332e+00
1.625737057376386963e+00
1.956212831839857946e+00
1.577539910267562906e+00
1.907656124429113254e+00
1.827129923251187504e+00
1.880031964992448623e+00
1.896990274383544284e+00
1.667720736175679619e+00
1.742855998410725693e+00
1.840607825460454317e+00
1.707867639900778611e+00
1.922857925563060455e+00
1.769105147786544041e+00
1.981816135114177202e+00
1.722490083930499960e+00
1.673177919831205340e+00
1.566432190736559482e+00
1.780409158250336077e+00
1.732962977495179802e+00
1.928453305219854474e+00
1.799222963039307066e+00
1.594378133983448187e+00
1.482208963989078976e+00
1.553195285257988445e+00
1.849056027488733100e+00
1.670851348220812493e+00
1.725100383872518961e+00
1.698968716286562985e+00
1.725594479027851458e+00
1.903817715829063006e+00
1.740624997284718756e+00
1.773063986815919924e+00
1.901443628379394291e+00
1.820725269395993440e+00
1.631034981041264542e+00
1.542693516230787321e+00
1.681201647368410157e+00
1.556815215648401418e+00
1.521872563220876495e+00
1.653478230625811563e+00
1.742115723823341344e+00
1.730908948687452931e+00
1.614101438448731773e+00
1.674560521383203326e+00
1.638256382612963913e+00
1.580130099967351098e+00
1.628519277202384874e+00
1.682487132972131594e+00
1.677481618734490754e+00
1.846645097090573895e+00
1.697540430050737514e+00
1.603497665322439092e+00
1.692410444893333921e+00
1.966519520159164758e+00
1.871214864356001373e+00
1.866448248998854753e+00
1.839991949260880943e+00
1.449014616593673033e+00
1.604056235550351595e+00
1.901304324955769953e+00
1.801881337169485287e+00
1.939982088793493542e+00
1.720499813050158755e+00
1.766560532792369242e+00
1.623359475001550534e+00
1.762463298758394137e+00
1.715400905253326558e+00
1.675844137490315688e+00
1.740090644277668464e+00
1.913912950185033601e+00
1.839626670359120642e+00
1.958466456113435727e+00
1.948780037152818556e+00
1.401323589133275149e+00
1.629797668399014077e+00
1.498152549749965035e+00
1.421426453374869947e+00
1.656403898635838701e+00
1.712652362881895929e+00
1.764135074272918491e+00
1.881011689733732339e+00
1.791681337317228007e+00
1.909445049974878517e+00
1.815914165430351224e+00
