1.769827550758059642e+00
1.791170998441369733e+00
1.851456583340707729e+00
1.726107911978226994e+00
1.683263724367455527e+00
1.903491952250577324e+00
1.728581823767131764e+00
1.951215544028528370e+00
1.651101164306956193e+00
1.784194683158760286e+00
1.888462231701347971e+00
1.781900894451687423e+00
1.843007401888894670e+00
1.937360252393282467e+00
1.851803393074256121e+00
1.871284773892110564e+00
2.055388351830616411e+00
1.884359221494064318e+00
1.784997095773836806e+00
1.833145277741109469e+00
1.981071664559953538e+00
2.159156386393221716e+00
1.814784295979886997e+00
1.834926207584487212e+00
1.963325610567534962e+00
1.968263228119639718e+00
1.871723559138644744e+00
2.115918835918518148e+00
2.130229035809342086e+00
1.910961167631347379e+00
1.849351315107455873e+00
2.097188358987358558e+00
2.015263787360507042e+00
1.798271220494316980e+00
1.714093815672233845e+00
1.757105150925724946e+00
2.191805954542899837e+00
2.117882634151569743e+00
2.271761787201185712e+00
2.180793321866473455e+00
2.159566278572532472e+00
2.275827323153984949e+00
2.007358283525788600e+00
1.973927933549564750e+00
1.946606580332396197e+00
1.953286329817961242e+00
2.281179474131987739e+00
1.979059061422651755e+00
2.087406660064410335e+00
2.160620197604531167e+00
2.037030618823449046e+00
2.278666575175902320e+00
2.112305170098143670e+00
2.257487591638827062e+00
1.678944444632511468e+00
1.806027752405652942e+00
1.734535663470150313e+00
1.804338913779528708e+00
1.558010049871647595e+00
1.571120791585331355e+00
1.936822085310175412e+00
1.988296968489909666e+00
1.749156699176156682e+00
2.003324723660556916e+00
1.657745037403320909e+00
1.864246056128071816e+00
1.956321269474171176e+00
1.952874408725076449e+00
2.066662993699271755e+00
2.117365256884688574e+00
2.185023455567153050e+00
2.194880047678815504e+00
2.205987689692467502e+00
1.687042598890200473e+00
1.859568464492680873e+00
1.815837010035137755e+00
1.857669722008991942e+00
1.942975908883080027e+00
1.941161098855299860e+00
2.006535602988957390e+00
1.857802398457039983e+00
2.009519033178122083e+00
1.765969341930509806e+00
1.874793483442543707e+00
1.792309593919579225e+00
1.951651595058158550e+00
2.058489817064101057e+00
2.092411013709427614e+00
2.021517835981022415e+00
2.145529362980857613e+00
2.064932561567295988e+00
2.158909913393707303e+00
2.243192213850711436e+00
2.134654520778255904e+00
2.294779657809062456e+00
2.240525062793083499e+00
2.084015389123289541e+00
2.022819314466366425e+00
2.091840690381879586e+00
1.891972729707205758e+00
1.788401847446033921e+00
1.800291125378833623e+00
1.786544517049106995e+00
1.659388724575743712e+00
1.824993677559249905e+00
1.673414948420273163e+00
1.885942554346005329e+00
1.739936055944879545e+00
1.631007186943932430e+00
1.703634375951817992e+00
1.969234531234006713e+00
1.803195722730774220e+00
1.685655834563683841e+00
2.047651042642538499e+00
2.065688497756458020e+00
1.804769662574914113e+00
1.811633652733333877e+00
1.842260176871503230e+00
1.680461843441896086e+00
1.717596068789993602e+00
1.688587588798635464e+00
1.767218162459610609e+00
1.949496804273463946e+00
1.631951623731602297e+00
1.890959553790776404e+00
2.024543253863200665e+00
1.607064045222727611e+00
1.822953765529010894e+00
1.918871346973388015e+00
1.843211220301403275e+00
1.992605333871917850e+00
1.840859952181786108e+00
1.914602627461735596e+00
1.791049505625981642e+00
1.875096745725925773e+00
1.964947652847362169e+00
1.736038522746469415e+00
1.845564521609723618e+00
1.768293986849695409e+00
2.166712277205390613e+00
1.845954503828119542e+00
2.199287149236127892e+00
2.225715586383093303e+00
2.158077995144677796e+00
2.111506467172947765e+00
2.208252042115446567e+00
2.115906412633407285e+00
1.848487395727971050e+00
1.729556786271791102e+00
1.845719257288560566e+00
2.103100202304160948e+00
1.824188319309737016e+00
2.007466667636783164e+00
1.824681807454735516e+00
2.095006936497287420e+00
2.209867746273262323e+00
2.020172457557721568e+00
2.236542184079846507e+00
1.910599193902749571e+00
1.858112225471066248e+00
1.977293794160881246e+00
1.712481934720635035e+00
1.762088809786548360e+00
1.680801225013883515e+00
1.903430496100989355e+00
1.908088449035669543e+00
2.075620585805949325e+00
1.910428548927795012e+00
1.840775687357481205e+00
1.867257179084193863e+00
2.000420056911253130e+00
1.890903706634823322e+00
2.024018554735502740e+00
1.991825096608031975e+00
1.989789494370534761e+00
2.264063388564857782e+00
2.061881900739402695e+00
2.110161890986475441e+00
2.166890089070142356e+00
2.170711090875967919e+00
2.229300025813691910e+00
2.015056358386018598e+00
1.882871196266524327e+00
2.043402210885727044e+00
1.748894606761852710e+00
1.865203177174610927e+00
1.654547916105442162e+00
1.718804736546667655e+00
1.644658894996602116e+00
1.983363142002238844e+00
1.897239910278793573e+00
2.013556046935184973e+00
1.999535598302321526e+00
2.059990527811867089e+00
2.122272183364839915e+00
2.085788458830864833e+00
2.059061069381669107e+00
2.135683163614857882e+00
2.133701507576476253e+00
2.091057027072406260e+00
