1.725178232471644257e+00
1.796399615801854033e+00
1.930962439311565193e+00
1.773463235233657009e+00
1.773346413005431499e+00
1.995061356089484761e+00
1.803640445520112046e+00
2.037093815849605249e+00
1.806941687920715189e+00
2.032973796886458295e+00
2.012401556140181569e+00
1.923496853689651065e+00
2.015698976328443415e+00
2.063123627732712073e+00
1.738862560101324117e+00
2.059006180345667403e+00
2.073240113780391525e+00
1.967049918912778583e+00
1.808852570061561860e+00
1.885703155593394298e+00
2.037510199677778910e+00
2.120214576382526417e+00
1.696973918304914397e+00
1.734767394738431001e+00
1.852563417113319177e+00
1.985602473644033639e+00
1.741709261432728750e+00
2.040236461271933255e+00
2.091994366944603279e+00
1.874332133828488844e+00
1.862675298213724018e+00
2.128537670876634813e+00
2.105410439839924486e+00
1.811086481533836334e+00
1.803196176597287703e+00
1.917233610747638872e+00
2.226501980572947126e+00
2.167277967847874187e+00
2.177377659999421233e+00
2.122345923840944337e+00
2.037197472693362599e+00
2.043177248826065551e+00
2.057391760862616437e+00
2.024374866511568172e+00
1.846441365008041791e+00
1.888370513361562919e+00
2.092509205200196565e+00
1.944767592254148303e+00
2.029654029546420269e+00
2.038381822439843116e+00
1.989958109100384842e+00
2.176459266439330520e+00
2.099448145442674107e+00
2.127509073041345289e+00
1.700755818864832625e+00
1.780920477117365008e+00
1.574096926783201011e+00
1.684075235244184565e+00
1.717182978302899565e+00
1.740074964719363626e+00
1.938984664776393974e+00
2.051674500880731333e+00
1.908947123820706304e+00
1.890866276075708008e+00
1.538970502149594521e+00
1.761190459511281725e+00
1.867417563578545714e+00
1.971978815040467570e+00
2.141901054342207900e+00
2.179032633342038672e+00
2.191377992920289230e+00
2.315390009870956334e+00
2.226906139842641519e+00
1.766990778025153697e+00
1.809154138861263972e+00
1.745456617948105693e+00
1.846797173778102374e+00
1.918200329832426165e+00
1.983242335130702916e+00
2.094911354668755443e+00
1.869328081325453583e+00
2.082539946405366216e+00
1.829744732883507252e+00
1.787068800729398887e+00
1.647712460460536654e+00
1.750853587312545256e+00
2.109754426543404282e+00
1.913360422178546738e+00
1.874785024373947229e+00
2.140774241271983680e+00
1.962923098001942313e+00
2.031753206009436319e+00
2.212745238727782837e+00
2.051673285198900132e+00
2.143113112383839169e+00
2.243219150150912000e+00
2.119310656078506661e+00
2.023732201075613357e+00
2.101501372410275792e+00
1.695825907157331391e+00
1.852033420653671936e+00
1.916240918835738771e+00
1.912607299489257562e+00
1.797313942029874267e+00
1.932326327490780926e+00
1.787185306075568025e+00
2.123301253999440252e+00
1.866787199016569865e+00
1.780968499046004183e+00
1.976209309199700837e+00
2.027869093758860153e+00
1.865812489803069907e+00
1.880946377338948317e+00
2.043021904923220333e+00
2.146882314249032309e+00
1.902922065726349699e+00
1.812678325415074676e+00
1.964555891088771933e+00
1.826414708540505139e+00
1.929735802053753391e+00
1.875291973042429783e+00
1.875508120626419695e+00
2.039117641155785421e+00
1.712486620213881094e+00
1.863276731017384558e+00
2.040656387491948554e+00
1.690749958469765168e+00
1.835364620861424934e+00
1.930428562082666444e+00
1.821768827330831897e+00
2.050670626421233322e+00
1.955118101443175327e+00
2.042155760185485835e+00
1.828784393111376305e+00
1.940097426782376067e+00
2.045844455010964236e+00
1.872766398983610081e+00
1.836681395830885632e+00
1.854193774751058177e+00
2.210964158451937500e+00
1.943744113554421560e+00
2.162622393364009188e+00
2.252071971155153118e+00
2.129416150777593941e+00
2.084966063877051745e+00
2.113875083950148337e+00
2.052585206747963742e+00
1.864505100622353195e+00
1.822570975626786494e+00
1.977491175099492349e+00
2.010443090343952299e+00
1.898179092963440562e+00
1.994687616152356568e+00
1.838356390309247468e+00
2.106620312221763935e+00
2.124117362043392188e+00
1.986103837188828436e+00
2.172553546447097972e+00
1.805120797640865860e+00
1.849366505641321101e+00
1.770682330184156106e+00
1.793789170366591579e+00
1.731377745517693301e+00
1.764548147449147786e+00
1.988507903659770815e+00
2.078127029244396518e+00
2.077749228439200291e+00
1.859848866263761780e+00
1.910898276535625273e+00
1.752012482838170015e+00
1.771674249973375304e+00
1.877581244963142604e+00
2.060627427752616203e+00
1.951094932516553859e+00
1.905623935355541976e+00
2.191302482555279596e+00
2.143552257761029978e+00
2.267987044784713913e+00
2.246760643095487175e+00
2.090354397481865245e+00
2.163239687864376037e+00
2.076496930001124230e+00
1.976128256950151707e+00
2.044150142378746260e+00
1.845479532030910752e+00
1.862201986596197401e+00
1.806628005674139725e+00
1.805627052121773657e+00
1.743260527473075472e+00
1.933962574741366902e+00
1.781935563712685466e+00
1.902860916382137280e+00
2.000107714347900689e+00
1.970869589335689787e+00
2.069447430127652421e+00
2.020685840632153063e+00
2.048289051093788782e+00
2.223648153711491826e+00
2.209031714718775685e+00
2.142614770270903080e+00
