1.746945411694402539e+00
1.593830161808962531e+00
1.509180240355301184e+00
1.556948845628062461e+00
1.526914796039340549e+00
1.545259770642873898e+00
1.751179334047692882e+00
1.749226983589881934e+00
1.689114278500174482e+00
1.538810481273920061e+00
1.637172767472246715e+00
1.657150606833797113e+00
1.652172717266028545e+00
1.737025822921998586e+00
1.787692795460640527e+00
1.705983133978892674e+00
1.593918438066801890e+00
1.959060155651088042e+00
1.568412449004233489e+00
1.853724253561130020e+00
1.755244198502239783e+00
1.812541600434825595e+00
1.905591604956534679e+00
1.714797957700820108e+00
1.836530973987724469e+00
1.816988379405964027e+00
1.745448623712463787e+00
1.937266809279164947e+00
1.723189489327651147e+00
1.903924574115441359e+00
1.669531068606538771e+00
1.671634932823424569e+00
1.628125731385696495e+00
1.759142043204278361e+00
1.782820184471080704e+00
1.771528241314406671e+00
1.800993510646626605e+00
1.570402163759630154e+00
1.485998879256874794e+00
1.596820596951231463e+00
1.830179780515202248e+00
1.674981311281761309e+00
1.700817764701997303e+00
1.681813768859684144e+00
1.689875400467411692e+00
1.849895612727764593e+00
1.914649385534933357e+00
1.778008751475356863e+00
1.889940767540339017e+00
1.729642520360709312e+00
1.736668321400370418e+00
1.546341494113705473e+00
1.637539113463364338e+00
1.519824705493086014e+00
1.509511599405145121e+00
1.735343827961137952e+00
1.662231145895958662e+00
1.783966699394678335e+00
1.450552304072009191e+00
1.578417761566449418e+00
1.592250842292335822e+00
1.541030061563656517e+00
1.654025535229749266e+00
1.569674308693342679e+00
1.595721718486280194e+00
1.737541183687344448e+00
1.636168776715044570e+00
1.554033326136809556e+00
1.617921054934125413e+00
1.899448605051689665e+00
1.769624736539648691e+00
1.892128309025941313e+00
1.869801134243778362e+00
1.508978079656713378e+00
1.603638220818308424e+00
1.870832837635947765e+00
1.665223412673450865e+00
1.979523180322347642e+00
1.640724327474046618e+00
1.717223921930352448e+00
1.662491461347251009e+00
1.684253798287564496e+00
1.664570811087859870e+00
1.709151631125538806e+00
1.703629551459317160e+00
1.964072712579883584e+00
1.682474306658592988e+00
1.909476989555059623e+00
1.883706253256646423e+00
1.550287800264705806e+00
1.626947642503727698e+00
1.516237439286818756e+00
1.459170317803609729e+00
1.673239105474410238e+00
1.719467732038949537e+00
1.670149679419540734e+00
1.784613097468211285e+00
1.814369538339693833e+00
1.912516240218832264e+00
1.812595678164775848e+00
