1.813965655253826803e+00
1.845282347750118790e+00
1.937507047316860076e+00
1.722627250876600069e+00
1.793311058289431603e+00
1.891426450903593404e+00
1.804409042792555651e+00
1.935369820101831895e+00
1.827064386470934387e+00
1.822689248215295432e+00
1.921931018615929521e+00
1.735473665780917774e+00
1.888368326200365432e+00
1.947325671205030861e+00
1.632744504370092331e+00
1.703012841010430600e+00
2.031951652751270210e+00
1.904394497984229773e+00
1.766586117560631664e+00
1.926465174356762011e+00
2.065351783695956733e+00
2.170426375021602183e+00
1.801820206161564686e+00
1.905350404186699320e+00
1.906013264447016242e+00
2.037908563765847170e+00
1.873304659728227239e+00
2.141791525357648496e+00
2.142948606525490796e+00
1.932451080162935986e+00
1.904347481832845412e+00
2.048857568650699790e+00
2.019789259560635930e+00
1.812515669041814492e+00
1.757723039473348958e+00
1.741855239736512351e+00
2.195831036557624127e+00
2.000971875096210439e+00
2.145890422515305929e+00
2.194374456751004843e+00
2.142893150785408096e+00
2.197135507729701231e+00
2.123061640432142738e+00
1.944864019714250158e+00
1.879995980224076435e+00
1.990104965617407018e+00
2.196357866275997495e+00
2.015148405551190347e+00
2.102892397073737207e+00
2.120412443630943944e+00
2.049862012008382361e+00
2.202578803522889928e+00
2.104556544412056862e+00
2.256510787070030499e+00
1.726145985328008559e+00
1.767711300727923263e+00
1.694985010423235350e+00
1.803936986185209035e+00
1.650862040201131586e+00
1.588711156564242000e+00
1.977002871000548945e+00
1.946729177722869686e+00
1.840182957653731854e+00
2.000697312205721001e+00
1.666088498294772569e+00
1.896794279144893736e+00
1.946372686000978902e+00
2.066492528608241397e+00
2.091260996702756003e+00
2.244976014348081250e+00
2.115941300045004247e+00
2.304939987166240378e+00
2.235215707955432674e+00
1.760860391368406663e+00
1.787896512492503254e+00
1.665541690117714246e+00
1.730117811639034553e+00
1.725972104813813690e+00
1.866857568786651544e+00
1.921040544333243671e+00
1.808555805029661068e+00
2.027969541522516739e+00
1.895625426392275381e+00
1.843262441128142637e+00
1.854625429652028146e+00
1.882538351887661721e+00
2.085731685871479169e+00
2.035370794315716658e+00
2.008819465694260398e+00
2.133441074830518591e+00
2.055961186967653287e+00
2.143581483928115539e+00
2.271244668578752179e+00
2.069020264209662230e+00
2.252878041735673520e+00
2.141340331830186905e+00
1.957069966451060683e+00
1.963333272715916289e+00
1.974588632708397684e+00
1.895397291301397669e+00
1.889161077210166351e+00
1.976315898529602988e+00
1.949096717197898565e+00
1.828152250010455671e+00
2.032717160396617206e+00
1.850390862969052641e+00
2.039027185651312468e+00
1.920908012108872187e+00
1.787398495304065360e+00
1.982194477312684944e+00
2.030834602680334999e+00
1.936260544103183712e+00
1.870074750509441053e+00
2.112095175510895650e+00
2.023895393670032128e+00
1.745185583241460892e+00
1.786646811965558967e+00
1.966481699970595409e+00
1.764327149857659371e+00
1.932862672904464896e+00
1.823036237974597018e+00
1.919136241439610036e+00
2.058476628852695889e+00
1.784497180430524965e+00
2.078003024348118455e+00
2.125684023893739560e+00
1.763729751740122254e+00
1.843419451744754634e+00
1.998380953318904307e+00
1.880459213168282462e+00
2.116815351984467242e+00
1.908985474454987896e+00
2.074074695745540264e+00
1.887487177784659353e+00
2.063621206203678948e+00
1.997958097239965980e+00
1.840072896461545815e+00
1.878301688512046486e+00
1.842387095106737149e+00
2.085783471838156711e+00
1.815534812266435649e+00
2.018911154100407224e+00
2.220804040758382225e+00
2.081492101983353660e+00
2.164324340640483513e+00
2.189908334738463580e+00
2.154936243574574917e+00
1.852763174811106417e+00
1.830287467731832818e+00
1.904569802616786323e+00
2.142832896286773092e+00
1.960840772358108497e+00
2.051591471476488682e+00
1.943353054536317792e+00
2.180460824651648366e+00
2.212328005754027771e+00
2.060846738393856459e+00
2.265053182811550769e+00
1.839162590480855730e+00
1.906015372328826452e+00
1.863624331940065382e+00
1.772269405075823423e+00
1.829447995525375514e+00
1.834253339745330891e+00
2.054816022995138880e+00
2.041768980340437079e+00
1.995461276588821553e+00
2.011385471741478970e+00
1.922680921318966840e+00
1.869084093370567912e+00
1.915549677068815626e+00
1.944283681705301747e+00
2.158511603465026241e+00
1.929572782627757999e+00
2.010606981908131363e+00
2.321211158049438339e+00
2.119951953541729051e+00
2.320853224246556934e+00
2.270860646004837946e+00
2.097214140426797435e+00
2.197322782656999873e+00
2.061824256950439693e+00
2.040838010870634101e+00
2.099532909509185252e+00
1.815604922020365386e+00
1.913627148929584854e+00
1.708211435739342754e+00
1.725108714875928095e+00
1.690976741316999155e+00
2.047230175124426399e+00
1.824686376666350807e+00
1.906094921974112122e+00
2.030279748850188248e+00
2.041269524226529075e+00
2.111297413891604524e+00
2.057285457583661881e+00
1.997535502983924571e+00
2.157841149590642438e+00
2.190417314475956445e+00
2.133667940603620305e+00
