2.045128435764540953e+00
2.171949235670954437e+00
2.049042450020611028e+00
2.079382383714208693e+00
2.113016851890698877e+00
2.171593312905149453e+00
2.120627486689965036e+00
2.388617949519111328e+00
2.131333840609803687e+00
2.162833127535340516e+00
1.997761668258500656e+00
1.958383620901953392e+00
2.170882929257094585e+00
2.176558730756438464e+00
1.960291102840925115e+00
2.047502320699348566e+00
2.318539910605597498e+00
1.880461867551770583e+00
2.414318189076947174e+00
1.892869414982770282e+00
2.082513274516747614e+00
2.092204094357726696e+00
2.426146548719358975e+00
2.486741044667223122e+00
1.998723622885467899e+00
2.249146840080317400e+00
2.107965048986220502e+00
2.189899341776065267e+00
2.276567638614969802e+00
2.090844026616758278e+00
2.116153473367079929e+00
2.399333964323597801e+00
2.171789747419006211e+00
2.180858170088059378e+00
2.194525049462715316e+00
2.152114325497033409e+00
2.243069610669495617e+00
2.282181913488654068e+00
2.332757982326338464e+00
1.824639025473814735e+00
1.812754504820804691e+00
2.171576092780976630e+00
1.895680042530491827e+00
2.264336105305991609e+00
2.047298003593164051e+00
2.329002474945665480e+00
2.202636628201346980e+00
2.254772993930923786e+00
1.973268684883577651e+00
1.962780366468168003e+00
2.255610866160600469e+00
2.141362056257668289e+00
2.150771756724253692e+00
1.880089726062778466e+00
2.023780733740978111e+00
1.980171428797911082e+00
2.088648816507631789e+00
1.961310817393277395e+00
2.097807391119271614e+00
2.078323523958319097e+00
2.283778546061279613e+00
1.902754569688150044e+00
2.218373435034159957e+00
2.169037210524223713e+00
2.235230270525241369e+00
2.274272080857304257e+00
2.156240333807478038e+00
2.017212550514371205e+00
2.162900830857356738e+00
2.274228693088669928e+00
2.212864905516742198e+00
2.464489590372462402e+00
2.367224971638510311e+00
2.186084344147383174e+00
2.360046724172656152e+00
2.241717029987437826e+00
2.336791582944078183e+00
2.186003283702018685e+00
2.498266504531024168e+00
2.343513706691014331e+00
2.377820392756845980e+00
2.468854491899715065e+00
2.122579614113782931e+00
2.223646303168476113e+00
2.200451838589040143e+00
2.267952171945436746e+00
1.937921701951859532e+00
2.290494827538598344e+00
2.194920461029955749e+00
2.327866661218778166e+00
2.266199067458927185e+00
2.000613902847032666e+00
2.196282171092407420e+00
2.131673552410926931e+00
2.038757213123247869e+00
1.978926805315588844e+00
1.956159860747398449e+00
2.159941841990510536e+00
1.974482321491553449e+00
2.057042227184620931e+00
2.200830356887768513e+00
2.068228456462321674e+00
2.300085380620727094e+00
2.575077955771487570e+00
2.546288241630368265e+00
2.303436874943624701e+00
2.414019624580352463e+00
2.377713041141923167e+00
2.348905081584741872e+00
2.237539721636625067e+00
2.259210777501079459e+00
2.144172997273604775e+00
2.313875563022776749e+00
2.114571581415557233e+00
2.088458612323980113e+00
2.388307648018848095e+00
2.044751233512023258e+00
1.728661006037785386e+00
2.323715777813009087e+00
2.121310058757873040e+00
2.596899789284553339e+00
2.337995766615514004e+00
2.331288223696575290e+00
2.365340237749365304e+00
2.357927012353058682e+00
2.289516933088880268e+00
2.389607491048002963e+00
2.437429238836383405e+00
2.480973152999702780e+00
2.393817591909096709e+00
2.378494547654439906e+00
2.319177979397023304e+00
2.367130721613756705e+00
2.305307477069389321e+00
2.200624355687506473e+00
2.451270851166445386e+00
2.421738744742035543e+00
2.461473792658358306e+00
1.982713404153503722e+00
1.946573600031503259e+00
1.949054169238236156e+00
2.032200850385576185e+00
1.968501018213126175e+00
2.223202703497114907e+00
1.812471538783529512e+00
1.895500866868465417e+00
1.678955447479883789e+00
1.919617619726842195e+00
1.986892110330118699e+00
1.897328306028153166e+00
2.043517342165570128e+00
1.918550139844138469e+00
1.760764150601255240e+00
1.994899351988303815e+00
1.936488127365984413e+00
2.218509830087898038e+00
2.301274636354333936e+00
2.164075181724273822e+00
1.930393038646306625e+00
1.989475115676441197e+00
1.962606266889170836e+00
2.192877979834680691e+00
2.208160333834623845e+00
2.250070311091486364e+00
2.472450657535746110e+00
2.021740225686429859e+00
2.106057994583399040e+00
2.281824334614432015e+00
2.277189592489849090e+00
2.432397944919706845e+00
2.333724276766568462e+00
2.430011392107280344e+00
2.241598182569678244e+00
2.312191116834229732e+00
2.391328978690259621e+00
2.188766620907280469e+00
2.354948654909882588e+00
2.272526106667084100e+00
2.394095964298640578e+00
2.562495416443613561e+00
2.650983157405970569e+00
2.534696859968690319e+00
2.392031364218916156e+00
2.504133784237509097e+00
2.456649393031030026e+00
1.946957202338589488e+00
2.088164829058942740e+00
2.083545091373011804e+00
1.762264603563046039e+00
1.984829795781525741e+00
1.842699579837820067e+00
2.040912780986785080e+00
2.011483032166200946e+00
1.875164829080670836e+00
1.986949066491650262e+00
1.936632106415113519e+00
1.997874570578838105e+00
1.988563166643370517e+00
2.134964256002303440e+00
2.097563843776450110e+00
2.368129263122779271e+00
2.172302028447556932e+00
2.166712544488312631e+00
2.102902893195170986e+00
2.125460538543518574e+00
2.153698277194939337e+00
1.939953210222889801e+00
1.750856404401836874e+00
1.932682408308705524e+00
1.987880404374632981e+00
2.067599594886888603e+00
2.154495862692442198e+00
2.024515052847769336e+00
2.081570949185117758e+00
2.118960811220664819e+00
2.157978797222146916e+00
2.399424830662439057e+00
2.194787361761349143e+00
2.250223876900367070e+00
2.443656204290006073e+00
2.384210579697252808e+00
2.420558944601459483e+00
2.431053900838181292e+00
2.304821499675448582e+00
2.222516810990361691e+00
2.266112297948717824e+00
2.416113363716436258e+00
2.194701982125021988e+00
2.284516561352954334e+00
2.350945431623780557e+00
2.537768129276247731e+00
2.340855137321248058e+00
2.410973433202558081e+00
2.315063001188122360e+00
2.497188378477428028e+00
2.522077157900116884e+00
2.429261857309009898e+00
2.503847480319241203e+00
2.313903011296438716e+00
2.325423057014364137e+00
2.734911778924129955e+00
2.390858272169091858e+00
2.384754150318499466e+00
2.264162573071729412e+00
2.362533121320764984e+00
2.282850121034172286e+00
2.249776087107593803e+00
2.378260180563777748e+00
1.867021600375924129e+00
2.288054624891695088e+00
1.906099439398672768e+00
2.068504877287911103e+00
2.444321274986152925e+00
2.101111081897105493e+00
2.099982428388379230e+00
2.087753081415979040e+00
2.019755771465803651e+00
2.196293465007840506e+00
2.202107006265433320e+00
2.015273088522314904e+00
1.957518848699912883e+00
2.035463631312046218e+00
2.278403348715436039e+00
2.158413246297195887e+00
2.067762985957672051e+00
2.452613548268994137e+00
1.926272356382221274e+00
2.162649662523799421e+00
2.113198820204080786e+00
2.568876053601631515e+00
2.053566869992168531e+00
2.106986687338154418e+00
2.339725822733271343e+00
2.514229744787920939e+00
2.105424639379172902e+00
2.146546903532143613e+00
2.253015647244688946e+00
2.122645530123127955e+00
2.172417671365443503e+00
2.325294756225446680e+00
2.169829324934884784e+00
2.224919295745884984e+00
2.296911656986023509e+00
2.376501306227964072e+00
2.299857942131844801e+00
1.907595459993870923e+00
2.125028517590531685e+00
2.181984098862895127e+00
2.229218913769104748e+00
2.370135495770729683e+00
2.122225716774344129e+00
2.265487628663154673e+00
2.248527669965075138e+00
2.205781424662823120e+00
2.185691745987151435e+00
2.434706545688548829e+00
2.069965807882442554e+00
2.040885756458036049e+00
2.179298461619593397e+00
2.115855019696381678e+00
2.168723164044061402e+00
2.067971891653178407e+00
1.990021403212386186e+00
2.250158455823799475e+00
2.126256941299884407e+00
2.263304815544434856e+00
2.045584128728803464e+00
2.251666365088252242e+00
2.366411430065666899e+00
2.026394349332453881e+00
2.178493923474275284e+00
2.030439758763399105e+00
2.073384368043392545e+00
2.083537441388434441e+00
2.288205315352976221e+00
2.234973225917878725e+00
2.039155841357625842e+00
2.321278441507171220e+00
2.093536019212803634e+00
2.315609718217338298e+00
2.170001893993040998e+00
2.323076277891309882e+00
2.245508212081025690e+00
2.039430062788933018e+00
2.308485710424884374e+00
1.982444634372569903e+00
2.384419477739860849e+00
2.273757211161651526e+00
2.347649014988408833e+00
2.136369103526210456e+00
2.127571807969552253e+00
2.324368788526582019e+00
2.233919616514654649e+00
2.319227244670596377e+00
2.180935742878243655e+00
2.265345686506333056e+00
2.249988629087385839e+00
2.116179277492332922e+00
2.166969260715605472e+00
2.125431145173789282e+00
2.187019396476803212e+00
2.151994002382754179e+00
2.149523292469575519e+00
2.243067104931670386e+00
2.188631487913821339e+00
2.164606022424640841e+00
2.323549337456400909e+00
2.310853570026677684e+00
2.282654657970088596e+00
2.431296844347824226e+00
2.133751983125605545e+00
1.986729322406812992e+00
2.067046505992391037e+00
2.402581811664678213e+00
2.515593269957910660e+00
2.543329875102974480e+00
2.507167241151330384e+00
2.373821099534493939e+00
2.388633183908225099e+00
2.450810904291148784e+00
2.399713657908916442e+00
2.272068177683037149e+00
2.183972293412478560e+00
2.248530732858407877e+00
2.325076690308173877e+00
1.944752889081114988e+00
2.167063486822110363e+00
2.336832280382057814e+00
2.271780247242034978e+00
2.292731279194843541e+00
2.436868439113159646e+00
2.534923719158945321e+00
2.355130578791912122e+00
2.400600248583627749e+00
2.641149037052306081e+00
2.381564668440560695e+00
2.607295547617058507e+00
2.255752366986312207e+00
2.350550605990616493e+00
2.130488656091208188e+00
2.028267085397929659e+00
2.214852858449878781e+00
2.146452078255488338e+00
2.233885678812452813e+00
2.528872015651210337e+00
2.338918036611756790e+00
2.119829749278424380e+00
2.363728061677479175e+00
2.111167969195305361e+00
2.258289964081211743e+00
2.202277927879474628e+00
2.416833944326152395e+00
2.213234924331942910e+00
2.080583648912058159e+00
2.402101058078330187e+00
2.350532052409497474e+00
2.411526057964402003e+00
1.654147140805310112e+00
1.755489141200356595e+00
1.788350111575067958e+00
1.913245039132603909e+00
1.852695245674678803e+00
2.159837066929486848e+00
2.094243685600445382e+00
1.912546196697777701e+00
1.708350309107205423e+00
1.653021901381006353e+00
1.923379752029284351e+00
1.933511214542221524e+00
2.012730126069629755e+00
1.689500568821499238e+00
2.019707165391912973e+00
2.170606195458084642e+00
1.758031102753957242e+00
2.262818740960871544e+00
2.461141933527746239e+00
2.235335470968557559e+00
2.054421144160350376e+00
2.150974275807068903e+00
2.168480757524410496e+00
2.203532618761886663e+00
2.216085362845528817e+00
2.124749965223859505e+00
2.087633057218734933e+00
2.189304692375716677e+00
2.288952773773272664e+00
2.161560255571048916e+00
2.214514421754910423e+00
2.408615748206198948e+00
2.363594317006354917e+00
2.364036798442245235e+00
2.266169804421185763e+00
2.276031860464336365e+00
2.248695022187676251e+00
2.226593651278216957e+00
2.269784258398525711e+00
2.377030409364630614e+00
2.329736585892750789e+00
2.402588852368094052e+00
2.333947794184059621e+00
2.418434625853426390e+00
2.514146162991952593e+00
2.482578225944703121e+00
2.080219537110628902e+00
2.176179048280901362e+00
2.169509015611387426e+00
2.598002662862095580e+00
2.490518347852365810e+00
2.344279966046586505e+00
2.332632056514976071e+00
2.403586090956354671e+00
2.406675594577491140e+00
2.062860051488072610e+00
2.178133074925893364e+00
1.925110944476865704e+00
2.173737016785934006e+00
1.983664849754684267e+00
2.022286779167365101e+00
2.060977898164187749e+00
2.222106820146668493e+00
2.022699943022147728e+00
2.136329894932533335e+00
1.774897221704608841e+00
2.001630212688183086e+00
2.177338595457294357e+00
2.131785869601589667e+00
2.063227618427541987e+00
2.192932396574986509e+00
1.931071968729302979e+00
2.135334212064289527e+00
1.984977943505666031e+00
1.896821876925085970e+00
2.046890861971959907e+00
2.158879630609791711e+00
1.992568069015727916e+00
2.308758043170574314e+00
2.117082187194563758e+00
2.214127676958712154e+00
2.414912251457290715e+00
2.214369449038650295e+00
2.481843756035327697e+00
2.282360479917071139e+00
2.315324635193401814e+00
2.394339310528520226e+00
2.398333251075988493e+00
2.489653288750590221e+00
2.339575590398713878e+00
2.430663621614153946e+00
2.514853284613126405e+00
2.530308545432141898e+00
2.550118354384596664e+00
2.601364329843284917e+00
2.329143493406117482e+00
2.043968395962025841e+00
2.314300806216602169e+00
2.153040603520846474e+00
1.951910482899407384e+00
2.059699147507045858e+00
2.340837978121284468e+00
2.077665209396477142e+00
