1.788553285100098700e+00
1.817400519817647941e+00
1.896472634475797392e+00
1.729164312955669303e+00
1.762253170081439890e+00
2.038446217030923879e+00
1.738778635413469775e+00
1.978568718515436364e+00
1.726375937324550636e+00
1.781256427627160743e+00
1.941953405079488881e+00
1.842367822079551631e+00
1.874060017007927570e+00
1.919126464231201590e+00
1.804891442140938329e+00
1.983392761200723386e+00
2.025204412335262383e+00
1.981701602859876177e+00
1.852468171701643573e+00
1.878756197887179402e+00
2.025325540720495976e+00
2.061047671148313221e+00
1.634163388363725655e+00
1.673430760644167847e+00
1.894223551529794047e+00
1.853792905197678698e+00
1.803942609034190347e+00
2.037652499055620403e+00
2.024782281042917909e+00
1.840841411894177160e+00
1.916750871145156410e+00
1.859354126124419526e+00
1.914147893595535166e+00
1.751068173209361367e+00
1.674441361866620070e+00
1.764259180121917403e+00
2.044975274918155783e+00
1.837654737416963391e+00
2.190820999340623576e+00
2.081852238297175361e+00
2.105904574262806861e+00
2.072214065727210119e+00
2.030026456668167611e+00
2.021526720561619861e+00
1.892731762749558122e+00
1.914157481478361511e+00
2.127741405769174143e+00
1.889084525479532983e+00
2.044873839800957604e+00
2.053004169082923269e+00
1.773891586774079876e+00
2.136932215202900665e+00
1.949029997409023496e+00
2.167398016925762505e+00
1.756470683085145756e+00
1.830368342377746149e+00
1.704409933766058316e+00
1.770538094857988076e+00
1.759098505648029720e+00
1.715833370970067717e+00
1.929914245773570958e+00
1.920584051066428710e+00
1.822330568765765602e+00
1.849642400836241318e+00
1.709377765827018170e+00
1.763132754937062563e+00
1.773616182259785790e+00
1.799317035563789302e+00
1.790715773844639092e+00
1.991587805706996006e+00
2.099119666033864462e+00
2.310942035740959355e+00
2.217022556922494836e+00
1.805950262996457001e+00
1.854229853309817599e+00
1.758456186350637829e+00
1.840400292038149921e+00
1.931346335823328042e+00
1.845020359680254796e+00
1.977448529248221343e+00
1.864482048533151692e+00
2.004498083079854887e+00
1.909253711348326332e+00
1.826134517691107906e+00
1.750744660971275568e+00
1.835962208762221826e+00
1.918745248939428327e+00
1.972292734959941729e+00
1.867614999523573127e+00
1.993533682196410028e+00
1.901423605274957129e+00
2.011909189198424208e+00
1.798550670654678107e+00
1.868056272789084371e+00
2.143963957479200211e+00
2.225457328903459597e+00
2.056981490825832370e+00
1.899931850137448919e+00
2.057855515012636083e+00
1.848167017289977787e+00
1.800336583356056730e+00
1.880135150667603172e+00
1.806115687340991371e+00
1.725671241085709573e+00
1.891007453520564097e+00
1.721977352229555835e+00
2.044749058731226476e+00
1.755950521793217867e+00
1.738523708515410604e+00
1.926248700938713032e+00
1.923934593827810735e+00
1.829398845076276814e+00
1.737307326932391538e+00
2.019236978221742973e+00
1.961317339912861391e+00
1.558016018111010981e+00
1.560572524049856247e+00
1.928596962788523550e+00
1.855611442004536427e+00
1.959558838886999110e+00
1.792045931166303729e+00
1.913174853983379720e+00
1.894278637316821223e+00
1.721391354393660533e+00
1.821087873235027521e+00
2.035575398696331639e+00
1.708823843240116158e+00
1.777112711053189020e+00
1.867585253779365795e+00
1.785717003999131025e+00
2.002361181127224832e+00
1.961338907551935629e+00
1.986624469856591801e+00
1.817660169762564060e+00
1.905698513078028178e+00
1.887951351930812871e+00
1.837924227935745725e+00
1.775002586261400950e+00
1.795270568935420474e+00
2.031479243498052867e+00
1.766830949557710362e+00
1.944009622156433803e+00
2.094301257974353625e+00
2.014341830797674149e+00
2.060127148035275191e+00
2.139888393533011079e+00
2.097348566926467317e+00
1.810171654880058822e+00
1.712153024187546668e+00
1.820563330346024911e+00
2.065859653957861308e+00
1.865996474619278089e+00
1.806432497595228392e+00
1.868520519732798091e+00
2.136856580303847508e+00
2.061279154186210771e+00
2.031164900776635029e+00
2.185629968700610881e+00
1.868978676551974694e+00
1.908909639088357979e+00
1.828799347517485741e+00
1.766601149009881633e+00
1.782530300908250487e+00
1.758993050062179764e+00
1.837441408884996408e+00
1.810320396690062061e+00
1.820814658954481358e+00
1.845891815665250624e+00
1.937852216909771830e+00
1.771442200582618254e+00
1.759390809280444445e+00
1.774478930829813450e+00
1.811988222090469280e+00
1.780137474990847846e+00
1.707857807309397069e+00
1.922862191080883187e+00
2.131439947749631525e+00
2.047209890816386935e+00
2.271710309126466765e+00
1.949074526716644051e+00
2.111164798868199188e+00
1.899759657654862544e+00
1.834790078092139121e+00
1.812283850107783367e+00
1.786335354328950187e+00
1.880940865817137153e+00
1.603893764824874779e+00
1.750251618745440885e+00
1.651220736823680202e+00
1.848752865018320479e+00
1.894131520508293143e+00
1.939206384848418452e+00
2.068359231329606640e+00
1.900728598298704997e+00
1.940345192797194640e+00
1.786604999644814562e+00
2.008855757796250696e+00
2.134796752093901517e+00
2.102692089075030246e+00
2.166963250649734718e+00
