1.787535516696362237e+00
1.602631421908237597e+00
1.653295996622932362e+00
1.610302086607070748e+00
1.599956810429598919e+00
1.621705264239765132e+00
1.833530922868938706e+00
1.779158209081767694e+00
1.702083491835950868e+00
1.584098531621162209e+00
1.712991392258236933e+00
1.733939244281864189e+00
1.705412356538780427e+00
1.766243113410681742e+00
1.905105807895556724e+00
1.775469607711245290e+00
1.718265691403358497e+00
1.938224236464929806e+00
1.657938700870831727e+00
1.919940975547245410e+00
1.851808863770172175e+00
1.836662942582308666e+00
1.845369443536706067e+00
1.750529596880275207e+00
1.732636095960623068e+00
1.793082818539521117e+00
1.723226465066131086e+00
1.878146598728819061e+00
1.787563453702940786e+00
1.948464762241304049e+00
1.703580933253940000e+00
1.726130414027983617e+00
1.674626730279278108e+00
1.784080091550290792e+00
1.693764124438013052e+00
1.915709708360891383e+00
1.834977660944911770e+00
1.596049035571092789e+00
1.512544935889069242e+00
1.656448489661547452e+00
1.890816421573054518e+00
1.677092908755611234e+00
1.700313796677892508e+00
1.771618597944760731e+00
1.740300903157036227e+00
1.834083306662152246e+00
1.762879597536409992e+00
1.685013612719303833e+00
1.903375091541619213e+00
1.873128023535420184e+00
1.383268723309143855e+00
1.329986999754558585e+00
1.338656885636171578e+00
1.287357571248528343e+00
1.378334701292983633e+00
1.565987611200199359e+00
1.547028620477470584e+00
1.713893495419717361e+00
1.639146466353419429e+00
1.259676410967863314e+00
1.325653867325450985e+00
1.442549161281864833e+00
1.494597324808310645e+00
1.540789988945787004e+00
1.579879581784442877e+00
1.758563051295023438e+00
1.494255311892434435e+00
1.533575289561893262e+00
1.475332450922095529e+00
1.797502537246670862e+00
1.808074771212473619e+00
1.570491131601611468e+00
1.729374141183262159e+00
1.336651909321382892e+00
1.435426781913772931e+00
1.420165998521861095e+00
1.694666857333054555e+00
1.874400816283168236e+00
1.535160181216444597e+00
1.117191271073714409e+00
1.457410077847980823e+00
1.544301744533276510e+00
1.590396216999158563e+00
1.537328404159084450e+00
1.631336312778909781e+00
1.576705269033387591e+00
1.886134273914768178e+00
1.867535269120955466e+00
1.852035003937656965e+00
1.237703067713925575e+00
1.161992013453149397e+00
1.026867738326333157e+00
1.203027632413112613e+00
1.400897102341176037e+00
1.483264926893126390e+00
1.695225209962486490e+00
1.746497869246817825e+00
1.596964969440227256e+00
1.761680443775478055e+00
1.776415487452866815e+00
