1.595072507606318801e+00
1.680556788335985319e+00
1.665640465767885381e+00
1.545033341124413040e+00
1.600768447213886558e+00
1.724228434311794178e+00
1.716125388526093642e+00
1.544064997651478421e+00
1.257822262311596884e+00
1.693771303987937404e+00
1.507540785068668399e+00
1.675599351814428983e+00
1.585308092261966673e+00
1.497918916273447865e+00
1.698144903954755591e+00
1.843949327033561181e+00
1.954633259575994542e+00
1.917013924799766400e+00
1.804092199210942216e+00
1.821195908697051280e+00
1.717605013686040794e+00
2.010076155822502209e+00
1.705058402975984988e+00
1.755841628236135543e+00
1.699341934943467969e+00
1.823075446117081277e+00
1.838060067767588901e+00
1.867120333953727229e+00
1.953172442325328939e+00
1.759144457233599690e+00
1.688298236369609517e+00
1.657908852061200644e+00
1.672472473899204060e+00
1.780621591065577158e+00
1.705722546977586740e+00
1.587257643624738535e+00
1.634894514327867920e+00
1.622067296058504970e+00
1.676907569938472786e+00
1.685667384421590365e+00
1.808369332723563705e+00
1.825894138236934028e+00
1.801457200726019892e+00
1.741741830978803307e+00
1.752818193207185127e+00
1.757857604195035117e+00
2.135444408813691908e+00
1.817520031081935050e+00
1.976136918631052009e+00
1.814007634129007229e+00
1.822263040159411540e+00
1.884642273305049631e+00
1.897120410926887768e+00
1.966856196817416302e+00
1.547260414885230473e+00
1.445709400062492378e+00
1.341635217790153378e+00
1.673543167319376579e+00
1.346000648232721808e+00
1.525981213954330062e+00
1.607956355178852714e+00
1.595852663562222551e+00
1.668822168361904890e+00
1.755338806753127923e+00
1.435964064901115389e+00
1.688032786162553478e+00
1.738930832024849327e+00
1.762269911111602028e+00
1.895422065694653879e+00
1.848998523875445832e+00
1.789089267355169044e+00
1.753565340394002137e+00
1.801637939693903068e+00
1.466797818729832947e+00
1.713159491954676428e+00
1.752927787565875528e+00
1.762858328497593163e+00
1.760387668387854765e+00
1.705378454445262815e+00
1.670215574452412977e+00
1.707358205631836157e+00
1.663273816106512371e+00
1.585339183529768992e+00
1.425323815342659284e+00
1.606437932682032388e+00
1.524400717364438940e+00
1.751804003291336009e+00
1.923092422520084277e+00
1.750664412463523778e+00
1.893452761057354605e+00
1.817683059542659851e+00
1.770904774890678546e+00
1.919153044890287818e+00
1.817801246369082246e+00
1.892474928623433472e+00
1.840783838016724960e+00
1.794103955495824909e+00
1.822008770401815969e+00
1.610501555886117764e+00
1.758066639633571127e+00
1.681683602948184530e+00
1.756522297922438636e+00
1.758411427850769870e+00
1.659657194409939196e+00
1.778890433773791857e+00
1.830675054218680264e+00
1.821201104644714741e+00
1.735650734748819479e+00
1.792860754651887323e+00
1.770802024604341884e+00
1.841257428239263083e+00
1.816765899143497176e+00
1.710136886716995264e+00
1.667277469613701157e+00
1.788357873503825690e+00
1.527431042761993041e+00
1.429127357324939895e+00
1.824771073099567209e+00
1.568589600654550997e+00
1.729971582752336756e+00
1.539937978579751565e+00
1.640492669168205575e+00
1.834118774550582920e+00
1.529041928073378687e+00
1.608777447747985700e+00
1.739181158051666287e+00
1.580843291067711487e+00
1.638789985109962544e+00
1.786647791454893275e+00
1.636318737103708898e+00
1.803017560880824766e+00
1.694294097500478546e+00
1.733468339095300070e+00
1.617832733547801549e+00
1.807930696607768839e+00
1.757989973357291680e+00
1.546825005035971312e+00
1.290593215157470386e+00
1.610949218053487675e+00
1.817045216119710815e+00
1.384462871393962846e+00
1.774267185262050406e+00
1.700195921380227349e+00
1.695820124494544334e+00
1.969405394110443241e+00
1.662627189761432200e+00
1.781857987107050345e+00
1.626620169819062323e+00
1.514678060341524635e+00
1.687858192500956811e+00
1.529184453114667219e+00
1.870358455425150890e+00
1.671083079333109289e+00
1.719654328088587425e+00
1.823709932154844227e+00
1.831288308353095973e+00
1.717954537795407077e+00
1.882580689005693753e+00
1.465126508929404325e+00
1.664336150233287626e+00
1.483606432733456160e+00
1.382276962247759755e+00
1.517834244288557510e+00
1.602111398728323755e+00
1.471910250971011802e+00
1.209548776003468440e+00
1.708559815167504325e+00
1.705446066898995250e+00
1.599050119165424277e+00
1.510696564350991311e+00
1.651963678291795024e+00
1.573779184808127063e+00
1.700159591840351370e+00
1.708388581028408293e+00
1.591656604920505647e+00
1.833616659506174251e+00
1.901952380601001247e+00
1.964508497200758708e+00
2.046569608098466553e+00
1.918621200070730781e+00
1.766196313342554447e+00
1.796594345621098654e+00
1.676871860517988422e+00
1.596454155434816835e+00
1.421536396679669023e+00
1.672545401647184127e+00
1.595136114041976638e+00
1.567079245761732853e+00
1.463619837454200212e+00
1.632655141268937848e+00
1.446680893490382980e+00
1.918603479388052202e+00
1.893166373365243071e+00
1.788579528388689610e+00
1.797304094871204461e+00
1.614880324977922221e+00
1.601136798837271114e+00
2.137557427900308671e+00
1.930715626528810791e+00
1.771221933480073174e+00
