1.729275613445547366e+00
1.524032157759618089e+00
1.439837950268449740e+00
1.517006232356006734e+00
1.484165297983983001e+00
1.484276949578342775e+00
1.715653152411032112e+00
1.793532665969620465e+00
1.598547454035503357e+00
1.577350727189219537e+00
1.729367339443631524e+00
1.740118221727088077e+00
1.814823511261501210e+00
1.893569646137820861e+00
1.958065264722726351e+00
1.773118069381393269e+00
1.743892077206032010e+00
1.989420652247972710e+00
1.685641631759097203e+00
1.958206883147888933e+00
1.967123082533772438e+00
1.941567912646960714e+00
1.987741298824052594e+00
1.754959206914019409e+00
1.904435923235469286e+00
1.909804208420525340e+00
1.832680867461595087e+00
1.989364065881721100e+00
1.877811083582569651e+00
2.051937186090980525e+00
1.735358720295954837e+00
1.665642833516888910e+00
1.614494852871159569e+00
1.816318746031250431e+00
1.829747103400535257e+00
1.897237948287845644e+00
1.889593857568306223e+00
1.612353403655942818e+00
1.483709818313510675e+00
1.571904503746166748e+00
1.932394940209908984e+00
1.752900403889655623e+00
1.820469575452788202e+00
1.770465650463986407e+00
1.779809533429907553e+00
1.971028564248286097e+00
1.926555898439256120e+00
1.873819709120150501e+00
1.939216315375074773e+00
1.893254528831785466e+00
1.686223006146674530e+00
1.554183657652200345e+00
1.661307262953291009e+00
1.531183030975584947e+00
1.487639182849219699e+00
1.627706206625957330e+00
1.672698191791695210e+00
1.712680694119605773e+00
1.504659995488577984e+00
1.657171194417057958e+00
1.716631754745967964e+00
1.647989910641860511e+00
1.688525957384436449e+00
1.747547062384198213e+00
1.779895674801055261e+00
1.946846145037459674e+00
1.655570870099341008e+00
1.593828784491930994e+00
1.657274111458219013e+00
1.900265536105362196e+00
1.996762430064922045e+00
1.917418015364045658e+00
1.923291621363047321e+00
1.406456355151989301e+00
1.704116371514056816e+00
1.971662133065673395e+00
1.846418423640671325e+00
2.031328392508494840e+00
1.722374462744667323e+00
1.772714228727962693e+00
1.741103785572416296e+00
1.787041026853308567e+00
1.766352238253894091e+00
1.786844652761914842e+00
1.838903071358563235e+00
1.932597574767219717e+00
1.799913741163203573e+00
1.987138571584846192e+00
1.921110340996478483e+00
1.536793073732157122e+00
1.627553026129921143e+00
1.481854425357234550e+00
1.367127241367078527e+00
1.787634408270268649e+00
1.824892022454466911e+00
1.758825213592675851e+00
1.928175946233878113e+00
1.889242555374131438e+00
1.918813021213278347e+00
1.783578585868777822e+00
