1.722883940014722892e+00
1.713111151039286462e+00
1.794570444388142727e+00
1.596771278470719757e+00
1.640991502866104623e+00
1.844843236999703207e+00
1.714147872954748575e+00
1.939036799520673204e+00
1.645616878884769818e+00
1.803877195935072564e+00
1.880102255793442145e+00
1.680123038514417910e+00
1.859924891442639394e+00
1.881497393072859348e+00
1.733803932298454864e+00
1.920724267068038671e+00
2.011016941129805780e+00
1.956579368499078209e+00
1.797571856672715684e+00
1.870462044003821322e+00
1.990460518755745811e+00
2.142787680840471776e+00
1.735232440216776695e+00
1.788965959170075948e+00
1.889704277981130387e+00
1.949155704261078093e+00
1.916137641270039937e+00
2.088323811713003408e+00
2.081348835970044497e+00
1.852714101326363272e+00
1.772455612706931749e+00
2.048909475503822186e+00
2.140961941408596747e+00
1.778513709945072963e+00
1.735096414959623079e+00
1.759406010776214169e+00
2.221802864386634990e+00
2.026765521692942773e+00
2.318864947705844504e+00
2.153093670019614603e+00
2.136595722821580612e+00
2.232618508088890064e+00
2.091607007876508995e+00
1.966593595593822519e+00
1.895690490929334171e+00
2.013441587687080148e+00
2.207834488933178019e+00
1.876918704371971058e+00
1.954559487427770970e+00
2.115938994910628868e+00
2.009999300578688697e+00
2.234739387422394863e+00
2.071794860849607733e+00
2.203339479464282213e+00
1.844956621378748940e+00
1.889341565995160455e+00
1.639853995344334070e+00
1.625863278078385488e+00
1.765201568654535258e+00
1.656086703839554142e+00
2.075815176063656509e+00
2.059520041115903588e+00
1.843132682608558115e+00
1.933600700924422711e+00
1.688126100290320730e+00
1.920869893030600961e+00
2.012745991173808147e+00
2.024022128462029446e+00
2.235958835583043314e+00
2.161468250368012267e+00
2.175442124653814702e+00
2.314434274815629689e+00
2.242231587060007136e+00
1.780642327811732928e+00
1.784732220855069773e+00
1.694724706208939002e+00
1.800568535074219323e+00
1.870082992780550013e+00
1.926476246876988485e+00
2.079032433158293447e+00
1.909353271598827284e+00
2.117268449095599969e+00
1.954949686359936267e+00
1.927387152653208702e+00
1.849798646002998925e+00
1.978892712821348709e+00
2.032683136829344761e+00
2.170124323842266723e+00
2.061577547927370357e+00
2.205750071477900143e+00
2.140966140322579925e+00
2.199598088686287145e+00
2.252103092474829982e+00
2.154676923352680351e+00
2.292325441077540216e+00
2.174702949797718610e+00
2.139520932047580537e+00
2.004843509466000206e+00
2.139876142645223744e+00
1.730053118129705636e+00
1.720358571050419227e+00
1.764595084123943058e+00
1.746343679116779457e+00
1.623757313646239986e+00
1.775492582846328604e+00
1.672468808781209626e+00
1.885944458755498321e+00
1.688887075333941556e+00
1.600068540582196386e+00
1.863865054569664448e+00
1.864159888861397718e+00
1.783782906907458443e+00
1.633160787773822564e+00
1.897092106497473729e+00
2.002283607721832670e+00
1.398677800102685165e+00
1.561049720384216410e+00
1.933577504213577880e+00
2.029751328280179123e+00
1.936320469922829801e+00
1.824097390603525382e+00
1.871422882104234020e+00
1.926711184971854562e+00
1.706668802820238140e+00
1.840478213540382990e+00
2.045869999957566243e+00
1.648785972414354095e+00
1.953694246859944972e+00
1.884983082750258943e+00
1.836097575527094961e+00
2.088213289914089721e+00
1.856603682495532315e+00
1.940182029541930087e+00
1.776456663654420565e+00
1.865384314206756100e+00
1.881038441111967385e+00
1.829349179698419370e+00
1.976502202635760819e+00
1.811766209273446782e+00
2.144351294314004175e+00
1.944589575348649291e+00
2.164884505201353004e+00
2.214127157582572725e+00
2.098771179898113015e+00
2.157837876704077562e+00
2.292933256253656626e+00
2.165134494102615381e+00
1.970275139823745691e+00
1.852073659460707677e+00
1.911159848179572851e+00
2.051835369102611661e+00
1.954336674062458146e+00
1.477911228660447884e+00
1.939171742176724722e+00
2.208417571591160922e+00
2.134464133562173238e+00
2.022502516578708054e+00
2.202447339970475593e+00
1.959426424370881437e+00
1.895602409989378012e+00
2.067148106908821781e+00
1.727401140485456121e+00
1.669416505662749239e+00
1.711227084563266665e+00
1.991060007464578785e+00
2.171852781638418772e+00
2.170056229507309364e+00
1.910093976688715500e+00
1.903653762103455716e+00
1.985919907260972561e+00
2.014212450423036760e+00
2.002209592764820467e+00
2.264345802934188079e+00
2.035651216132254415e+00
1.961772101784722278e+00
2.256711853640235521e+00
2.071813254538290128e+00
2.249636028062122595e+00
2.290908347211817464e+00
2.197216371424032921e+00
2.294790306558747606e+00
1.960479843478748485e+00
2.054207525311169125e+00
2.266009964218902439e+00
1.692071385617111901e+00
1.815885467915696383e+00
1.544135658726496718e+00
1.762407544844591056e+00
1.638214089605339208e+00
2.004804985454591737e+00
1.967573522401197872e+00
2.083263778560955348e+00
2.155619668463808480e+00
2.135883805531900492e+00
2.167372247858116996e+00
2.086568946171587946e+00
2.206095915972052790e+00
2.107786895795267235e+00
2.212668382680345047e+00
2.128403843479139912e+00
