1.666768175852704426e+00
1.497443246185914845e+00
1.456220790571366219e+00
1.483451487239204614e+00
1.474510694295803948e+00
1.462375424561506154e+00
1.657542807853178646e+00
1.718498717521413033e+00
1.574316922282477105e+00
1.632466938991622873e+00
1.721881461753992149e+00
1.736020199880391912e+00
1.741942263630370746e+00
1.855722691780280043e+00
1.920254867001013777e+00
1.669175088470221002e+00
1.667858435646550230e+00
1.850749910625409278e+00
1.649444896693626816e+00
1.907524084953557963e+00
1.861311888099249856e+00
1.923397833789486810e+00
1.916843840660427345e+00
1.793390931855049608e+00
1.885510536306823859e+00
1.878987800452241341e+00
1.779430021675107998e+00
1.956183860176250899e+00
1.809755437801206623e+00
1.978045294051349101e+00
1.778678409685067630e+00
1.690105734620892530e+00
1.566010367150248772e+00
1.763760080306540301e+00
1.839928627182674914e+00
1.859309233708697606e+00
1.849632518145269966e+00
1.535290524338003726e+00
1.519314648190121853e+00
1.628238026935539651e+00
1.870567640758360017e+00
1.781809752057123886e+00
1.788669077086607162e+00
1.751372120364101059e+00
1.794968997791537069e+00
1.911607895016044667e+00
1.933138917352100750e+00
1.801830100950041036e+00
1.818706887845884301e+00
1.859859070488553368e+00
1.672004245039395487e+00
1.500924532180163418e+00
1.608818491636807568e+00
1.457168795598852151e+00
1.391161830713555814e+00
1.552237719323829701e+00
1.566898022404478841e+00
1.607003316480826838e+00
1.630391229017510435e+00
1.709737551639319619e+00
1.753278166396816440e+00
1.614844129565879305e+00
1.689024285776597800e+00
1.730397702393161374e+00
1.675566116232362734e+00
1.826752850810021922e+00
1.691591448544961240e+00
1.653495273799047593e+00
1.697392341166887642e+00
1.797871404088714709e+00
1.840209378876575430e+00
1.977314861541420665e+00
1.857869456238068206e+00
1.465259804161229917e+00
1.691609171094468955e+00
1.940384458373389798e+00
1.750286280815294804e+00
1.981710558790636290e+00
1.812019182768192183e+00
1.709341661333349416e+00
1.726967287386977024e+00
1.704049159631943589e+00
1.784348801576153942e+00
1.765840946712943227e+00
1.782888817983155016e+00
1.991019969531139022e+00
1.919440081492006511e+00
1.970455689390931742e+00
1.843321118916549706e+00
1.533160778296318361e+00
1.623036331875681970e+00
1.558718832302112833e+00
1.450562088348384959e+00
1.766835408293481624e+00
1.788823525174547679e+00
1.784151655988705176e+00
1.900154274379792563e+00
1.888817483302273947e+00
1.811374013435323116e+00
1.782000661293627664e+00
