1.793010759129854081e+00
1.796071026846497221e+00
1.926595704532115816e+00
1.760055663087766842e+00
1.694194500584419671e+00
2.097424767476911978e+00
1.761329531384746350e+00
1.939463228397301897e+00
1.687588102845126059e+00
1.840815247597992643e+00
1.945238702832006616e+00
2.059221891028098383e+00
1.868448816528639922e+00
1.937344554212012460e+00
1.644197741971719751e+00
1.836440899941662597e+00
2.062676678420299226e+00
1.998054974954212026e+00
1.871462383739176172e+00
1.920402491922776012e+00
1.992597938258116930e+00
2.102686420159417313e+00
1.834616486684877312e+00
1.823950288053736601e+00
1.999417331649100849e+00
2.009990042336144089e+00
1.878427570545201597e+00
2.066284673977062614e+00
2.129906807627520937e+00
1.912407697587767519e+00
1.757286794037649535e+00
1.791709799536612469e+00
1.992098207418677935e+00
1.813583215353640199e+00
1.705463621927628237e+00
1.810294970374575652e+00
2.133857168019682504e+00
2.027374562747355391e+00
2.191356809767980529e+00
2.193239959889467183e+00
2.065869363229789979e+00
2.170754913800297725e+00
2.061967399415424840e+00
1.935693396825998391e+00
1.933238406677210808e+00
2.078780453821369001e+00
2.256855508934468180e+00
1.958681283724655886e+00
2.055567636887358773e+00
2.148394798576493958e+00
2.073140159635622037e+00
2.235111248008679663e+00
1.993226186378847631e+00
2.189286451798230893e+00
1.747827829979977210e+00
1.860035797968760507e+00
1.706038684428355934e+00
1.682968510135288032e+00
1.852146379589169944e+00
1.612841773825493208e+00
1.920715180584446236e+00
1.822760480857513743e+00
1.892315102710258046e+00
1.792888251820804690e+00
1.680075981315429123e+00
1.915700027773003189e+00
2.000231250977375641e+00
2.004226171396109812e+00
2.033498119682513483e+00
2.061578120960710248e+00
2.163446897362834243e+00
2.288184774177948633e+00
2.249082040323543641e+00
1.789029228437376329e+00
1.856448465999084085e+00
1.696310453213742742e+00
1.709999695718721791e+00
1.787169069539038979e+00
1.811314631328157621e+00
2.118367704990687717e+00
1.827836980486499341e+00
1.878562687000735920e+00
1.927233797695814266e+00
1.851983015671098354e+00
1.854743698591062140e+00
1.927228550721207689e+00
2.095530549317011992e+00
2.084622202076646946e+00
2.038963504045050890e+00
2.185968078776504786e+00
2.107875843406634253e+00
2.154982784333737023e+00
2.167893141421164405e+00
2.095952209272480715e+00
2.194886642998206128e+00
2.193190475202141609e+00
2.152376224017272577e+00
2.010128183654677159e+00
2.140492846132222571e+00
1.855341808409504356e+00
1.797189095635082001e+00
1.861997380881705189e+00
1.806365280357709047e+00
1.686695427162827388e+00
1.892886447810082640e+00
1.724777406414409020e+00
1.997661903612680145e+00
1.763547246707184657e+00
1.697951334582755711e+00
1.880182070767516533e+00
2.019704055958066125e+00
1.926449089555630101e+00
1.735369718655564109e+00
2.067434188634411640e+00
2.016327085289436827e+00
1.821765279711429875e+00
1.776196968224998285e+00
1.952887280796268943e+00
1.809883474496193134e+00
1.973790761347155476e+00
1.904146864177117759e+00
1.890849962917700688e+00
1.910899834155833865e+00
1.872577017901412955e+00
1.833113502474050138e+00
2.073838590915615399e+00
1.777874129499178668e+00
1.921945600403303978e+00
1.993013253676419128e+00
1.949138205578485827e+00
2.073275223977479431e+00
1.940725980778390314e+00
2.035321641608414112e+00
1.870872618298503820e+00
1.952460091072650394e+00
2.021846955188586481e+00
1.810091726932720135e+00
1.935647991223097275e+00
1.741472832841050478e+00
2.122892122383782443e+00
1.817099633875956632e+00
2.100753824035446193e+00
2.212732413254507424e+00
2.121553379499843572e+00
2.022355826217433705e+00
2.200386796602739281e+00
2.170894583734155781e+00
1.852361758143741044e+00
1.828044102120772729e+00
1.957096157308380269e+00
2.018809755430058139e+00
1.851419311625856601e+00
2.081684364319493330e+00
1.886753495986351892e+00
2.179291338141334577e+00
2.182979159449770723e+00
1.967910449282841201e+00
2.199451360508557940e+00
1.883627124709297718e+00
1.909602555252664757e+00
1.910483300872794166e+00
1.814179482409708832e+00
1.796368949068339216e+00
1.709698282185115659e+00
2.070651443641204903e+00
1.859714040593294371e+00
1.985598725925940666e+00
1.921915055608790057e+00
1.919774645591956430e+00
1.879519936675296821e+00
1.987304921339200892e+00
1.968679714674965053e+00
2.203350469478234430e+00
1.966939984597444457e+00
2.034863650707670057e+00
2.253824069649129402e+00
2.153585270404500207e+00
2.241704625937115392e+00
2.290124435142076642e+00
2.157720348491219298e+00
2.224794984837946910e+00
2.010092440969183603e+00
1.959937278812032835e+00
2.078403233336253653e+00
1.821591609872907025e+00
1.879783180807719889e+00
1.749631335145523936e+00
1.734965012254886307e+00
1.721784926906560154e+00
2.039677489161643820e+00
1.893350658389410412e+00
1.930625565013575740e+00
2.049621367592731058e+00
2.006190445660664512e+00
2.132048071767907782e+00
2.035749170675571484e+00
2.064205860391499225e+00
2.168052094662928919e+00
2.194731681025257952e+00
2.114391637182560846e+00
