1.672619253740768697e+00
1.516428751297790312e+00
1.440972737357581579e+00
1.481094140536629578e+00
1.444636049926454557e+00
1.558623578174001434e+00
1.724919116159430166e+00
1.742833399239957393e+00
1.623119388789780126e+00
1.635413380643988113e+00
1.734610672760586780e+00
1.733558277985831397e+00
1.773216495623009648e+00
1.794733441778392224e+00
1.918644898545266209e+00
1.692773254818374484e+00
1.693545915913946542e+00
1.978928019971253116e+00
1.658432976798839720e+00
1.864853049146448338e+00
1.852581548988750493e+00
1.917061369185811825e+00
1.959636872998193002e+00
1.786722462486523444e+00
1.800168658669775823e+00
1.846192062403961831e+00
1.784572765842359798e+00
1.935547682068089692e+00
1.779531641579088941e+00
1.987513783190885786e+00
1.745574739910688011e+00
1.614812207701252778e+00
1.580482121909348336e+00
1.821009675368218339e+00
1.814330958338878697e+00
1.896715452014141157e+00
1.913413052965643901e+00
1.606377152479779191e+00
1.534369800619224788e+00
1.638380284138662102e+00
1.955408974869321082e+00
1.721579646575908118e+00
1.741632548792462210e+00
1.749922198460715839e+00
1.719881182006305798e+00
1.908435494152793677e+00
1.887164163518133542e+00
1.826547579322607362e+00
1.889446357066328241e+00
1.821863037682086794e+00
1.756525636154219194e+00
1.522508725839990973e+00
1.673259610656809393e+00
1.542293995983526900e+00
1.489370026770761024e+00
1.625697503250714382e+00
1.673133701678029439e+00
1.716402943986711449e+00
1.641389981396991438e+00
1.716121509631280073e+00
1.691799518032557348e+00
1.609815032448967287e+00
1.630512741757400796e+00
1.702424397768567799e+00
1.655821407999036099e+00
1.808555014018877749e+00
1.675726337022960477e+00
1.632354945896701048e+00
1.698179318384940517e+00
1.929824124036224831e+00
1.881832197210016488e+00
1.979500160954965171e+00
1.905708646997291700e+00
1.557807247796640260e+00
1.669775609801319671e+00
1.952184690767286401e+00
1.806941028801128502e+00
2.023961308156228434e+00
1.758147946125211858e+00
1.765531781614264162e+00
1.712748979751625100e+00
1.764118549745349762e+00
1.733958185669256302e+00
1.698820221998150748e+00
1.796714954092870187e+00
1.947489063311439450e+00
1.969524436147648938e+00
2.009846262649339632e+00
1.947898299855968629e+00
1.658541700679514452e+00
1.723425136846032046e+00
1.607574465346689019e+00
1.529086750888033031e+00
1.695157702924961152e+00
1.732674263780415780e+00
1.739052623267556497e+00
1.899918702300674944e+00
1.907788214119885861e+00
1.900304786520884859e+00
1.877715899231161556e+00
