1.709120131983682178e+00
1.540819373253215163e+00
1.544318834175187449e+00
1.568922415531209369e+00
1.511572575082647640e+00
1.649055881827195869e+00
1.725122466195617932e+00
1.684396341852844481e+00
1.685951316209757689e+00
1.535412129799810677e+00
1.634982984279760521e+00
1.594566409621779757e+00
1.639578290088185453e+00
1.680968597337257231e+00
1.699146002707590197e+00
1.723162973289671163e+00
1.662872448396728320e+00
1.767427015032135618e+00
1.545354477142839800e+00
1.636576383546555435e+00
1.635631975074572919e+00
1.732780422577858914e+00
1.697790529879669164e+00
1.687483674231657904e+00
1.692699460250693066e+00
1.758332230665429430e+00
1.567591120481519384e+00
1.793298124745714262e+00
1.593634503857714879e+00
1.724396367985221445e+00
1.685181256962336560e+00
1.653096686972047369e+00
1.576130875761105443e+00
1.713158679426322051e+00
1.610269594978134933e+00
1.674338350378236306e+00
1.696233899981042681e+00
1.533402600124568638e+00
1.475471542459050989e+00
1.602422792128560980e+00
1.800241178528638741e+00
1.633713831597993549e+00
1.661503357381791890e+00
1.643036676381657735e+00
1.632652933260587691e+00
1.674485952302845027e+00
1.656294606760484456e+00
1.581319378278423171e+00
1.836591718165058174e+00
1.650388933404113523e+00
1.651259586683317293e+00
1.499538236347726317e+00
1.607136887289887683e+00
1.473605148800147369e+00
1.479983497035851636e+00
1.724820194047343547e+00
1.573189692031489395e+00
1.645235212763138222e+00
1.284676074481590380e+00
1.123736356968201067e+00
1.394244969354312413e+00
1.284706579076264177e+00
1.321834530975567912e+00
1.297350916543380306e+00
1.280898469802752571e+00
1.368410978119895871e+00
1.565392152269358794e+00
1.383985846381195817e+00
1.403328854834208883e+00
1.518434855505990555e+00
1.491272653755177702e+00
1.544490943586366738e+00
1.455012068129165614e+00
1.327400034495347825e+00
1.321864876762821606e+00
1.624701161164174401e+00
1.417197232554129993e+00
1.579101427169606220e+00
1.511231034105779747e+00
1.731930604567414544e+00
1.353367772043716277e+00
1.280914634088430315e+00
1.572741463907493031e+00
1.465781158672713413e+00
1.413193589665166394e+00
1.447536763434563500e+00
1.802758998661117662e+00
1.684841888211752847e+00
1.540967204372702959e+00
1.309033879999036420e+00
1.552171271198184099e+00
1.484071078420933443e+00
1.345271882081104708e+00
1.534262358823668571e+00
1.599866666066686038e+00
1.630357990211826591e+00
1.658320930083785338e+00
1.451848154467799690e+00
1.837511416149522070e+00
1.630818672020023063e+00
