1.798613439047842544e+00
1.790411461254186820e+00
1.930591246357750368e+00
1.718584899264934851e+00
1.749836152781994114e+00
1.911939674465159111e+00
1.766225641835506677e+00
1.954422610929078319e+00
1.726537561745424609e+00
1.746466347386249840e+00
1.971827503997929387e+00
1.780188838418323094e+00
1.967402676558781760e+00
2.107379978246582297e+00
1.812561859083359650e+00
2.009286196770267097e+00
2.006204185538491558e+00
2.001581715883424817e+00
1.818976986278498353e+00
2.018387677117840173e+00
2.144476731424840299e+00
2.184499283823340576e+00
1.780685724256126923e+00
1.843231275066316455e+00
2.145225535946555961e+00
2.094307399401659886e+00
2.080023018438698745e+00
2.190780720537564452e+00
2.155559944688022256e+00
2.063907599255078384e+00
2.026791965892379199e+00
2.112178791065696615e+00
2.123637410551298288e+00
1.853024527257103760e+00
1.792194867719049345e+00
1.968142824864916873e+00
2.251927139638629338e+00
2.127896962440164241e+00
2.313194580153647983e+00
2.252071315997211887e+00
2.156834273332814522e+00
2.232915885111589560e+00
2.247371539286885600e+00
2.033544441887681575e+00
1.950902904478349909e+00
1.992572109294126426e+00
2.332263054048344220e+00
2.072079627538608193e+00
2.092881632307658002e+00
2.202266661872998910e+00
2.144001571644158055e+00
2.279220009131519564e+00
2.116838254275832387e+00
2.293644093262991124e+00
1.753257625140858922e+00
1.806986555866155530e+00
1.703606796314096616e+00
1.777367510402181106e+00
1.798135981423597762e+00
1.737304205046393379e+00
2.014736371547086069e+00
2.009342617187200197e+00
1.912056905363645587e+00
2.012882938700332414e+00
1.812579350821071467e+00
1.949510085999601072e+00
2.010546935478090269e+00
2.128968119269496917e+00
2.290169568183331616e+00
2.227793588667889679e+00
2.174295646215964162e+00
2.378963489262532871e+00
2.279532374968428421e+00
1.902402379580509839e+00
1.893100588033640230e+00
1.828003821685820984e+00
1.844583421435234349e+00
2.003449607771573771e+00
1.910715855612837188e+00
2.151854655084860735e+00
1.900462210028497134e+00
2.081984970252741540e+00
1.984873272430222046e+00
1.906488012700621182e+00
1.935294290904720382e+00
1.957386518127041342e+00
2.237041795188374316e+00
2.110236416576841467e+00
2.075730734532526434e+00
2.190239882067428923e+00
2.176990974895784969e+00
2.213696836303383542e+00
2.263492366986915361e+00
2.181100876475941863e+00
2.345361677544119061e+00
2.273744930295281019e+00
2.136536739951262032e+00
2.059334352059088769e+00
2.184778957858737325e+00
1.775267664080347307e+00
1.817006355949996266e+00
1.873574401431665093e+00
1.814124424970293248e+00
1.706983484798635820e+00
1.935596378106124948e+00
1.755386439333695314e+00
1.941424137043297415e+00
1.794415061029349223e+00
1.693601530089101415e+00
1.743691988853014685e+00
2.009206746741685201e+00
1.885905030518436831e+00
1.715136057894472765e+00
2.024583469362579713e+00
1.990123954909719828e+00
1.748379572259529890e+00
1.803853265083866120e+00
1.963650776324652902e+00
1.727154856308275699e+00
1.916463151283863020e+00
1.852248471757763193e+00
1.957509860330574947e+00
2.039711608296591816e+00
1.876719047093216020e+00
1.971116408408924547e+00
2.086395200743173639e+00
1.754494417801830242e+00
2.011025044919987348e+00
2.047857766009924863e+00
1.958634959299998091e+00
2.164118401921788504e+00
1.985599395401271394e+00
2.128574825549195193e+00
1.913298077434609556e+00
1.905107947502839183e+00
1.946599968175599438e+00
1.863199551839541446e+00
1.901953586694853593e+00
1.755349928262361248e+00
2.187746497569727833e+00
1.866347567945319419e+00
2.151828568329468894e+00
2.246384466624393728e+00
2.264590211662097285e+00
2.143324098441321102e+00
2.263831878425402344e+00
2.186723256919725245e+00
1.827892378674357943e+00
1.784262617671581452e+00
2.061320596162313112e+00
2.086737314216962069e+00
1.946996689630686506e+00
2.069020220808769572e+00
1.965719744929772306e+00
2.130061792096993756e+00
2.216958917326600442e+00
2.107840138580094003e+00
2.269032791913208946e+00
1.934984867332550484e+00
1.933870792334568822e+00
1.964581438992655027e+00
1.780766058325418566e+00
1.814333090374786517e+00
1.741171001395676265e+00
2.204180181827180451e+00
2.048268843671212203e+00
1.994793833367703773e+00
1.944135194752882878e+00
1.959265704349928638e+00
1.919225810801808985e+00
2.034325589092532915e+00
2.038597868711634842e+00
2.266526759519733591e+00
2.101702155945162520e+00
2.143427415914931355e+00
2.245319010298602702e+00
2.178349893303863194e+00
2.315795112868451078e+00
2.258655874731171576e+00
2.209251766408665052e+00
2.308364601486018408e+00
1.962637079696926357e+00
2.083953008825200737e+00
2.061501337987509785e+00
1.786491733208531718e+00
1.908153303263119271e+00
1.774784428265981262e+00
1.655651106975185582e+00
1.599010431424520373e+00
2.115878686041786416e+00
1.918962402618421104e+00
2.027742322876968206e+00
2.058991159390789694e+00
2.143175712654106668e+00
2.230241650252218655e+00
2.134478947836213614e+00
2.138461321774445256e+00
2.245626793081103578e+00
2.233126152464690151e+00
2.150989642466142548e+00
