1.745349289485087496e+00
1.582257722738245276e+00
1.551654607619294524e+00
1.557761031803383656e+00
1.534399873177177298e+00
1.581523356302137806e+00
1.709034943371119830e+00
1.738574741516662581e+00
1.655300294723550225e+00
1.653488699481106217e+00
1.754354578688778421e+00
1.758772716216251419e+00
1.813258095032445949e+00
1.841488107617737402e+00
1.939461183213662787e+00
1.731153891922890375e+00
1.670278402878037527e+00
1.999576189261843995e+00
1.637416038551000819e+00
1.984993558989503804e+00
2.002147317294100670e+00
1.953505743261898076e+00
1.925056027196215158e+00
1.795130668048350309e+00
1.887088628916096855e+00
1.888990739514790018e+00
1.794677658203780668e+00
1.978601093406967548e+00
1.807084909260762817e+00
1.999118316471933499e+00
1.801855477821805218e+00
1.685901285314844067e+00
1.605045583065629833e+00
1.810296365175361188e+00
1.827389595568780223e+00
1.922878263879961747e+00
1.846816171356562730e+00
1.606691465619676906e+00
1.519310478738016279e+00
1.554307207736850938e+00
1.844301590683418590e+00
1.779109889554041812e+00
1.786387565725076731e+00
1.746078453247238427e+00
1.777106179717683476e+00
1.912491007771673690e+00
1.907541547476387267e+00
1.849316954183527928e+00
1.935242716372817862e+00
1.875075553258944483e+00
1.780282696901475781e+00
1.576682541714601760e+00
1.680520402617063702e+00
1.585656625231026684e+00
1.559643119121537191e+00
1.653880834741060291e+00
1.702143187268716717e+00
1.741745482256382704e+00
1.668848186017723778e+00
1.728510344462738990e+00
1.744350171278893802e+00
1.653733194505428550e+00
1.678440796210041830e+00
1.706780822208204595e+00
1.710374826190395048e+00
1.936549662029523500e+00
1.627059712464056673e+00
1.659708512397190194e+00
1.777291915994388960e+00
1.941463282328566908e+00
1.947993862782424701e+00
1.990370363902443263e+00
1.921880483988009480e+00
1.473096719968520985e+00
1.733747375641666588e+00
1.985897232162482817e+00
1.845827648794476250e+00
2.068054277848756950e+00
1.746744440716352154e+00
1.785845406429755089e+00
1.783482576080561710e+00
1.890186274967321500e+00
1.771276343987511215e+00
1.789766098397163274e+00
1.781627231940464906e+00
1.938577249220684751e+00
1.806423642935745866e+00
1.964551642521376262e+00
1.948101699618048022e+00
1.480692759061910557e+00
1.640900402336348485e+00
1.596880337767206504e+00
1.462607618204435189e+00
1.749959677989010309e+00
1.847021399728273394e+00
1.758966458946484179e+00
1.901152545606658917e+00
1.838671948816169577e+00
1.883567554153976475e+00
1.818451585405339355e+00
