2.187412638080962424e+00
2.211110784307281030e+00
2.192981553967173980e+00
2.212696934552390804e+00
2.146348040426729220e+00
2.162306376626915938e+00
2.202563615030885380e+00
2.306469394743888124e+00
2.004788841687405121e+00
2.110291549835412894e+00
1.982567539852814420e+00
1.955342732115286086e+00
2.111463935014373128e+00
2.225782442044335951e+00
2.058379640771143215e+00
1.982368801412948800e+00
2.330997216234402369e+00
1.953258909225057627e+00
2.311786459116663917e+00
1.922231187561023180e+00
1.955403638945837574e+00
2.126824916666300247e+00
2.586812149791958948e+00
2.465118930506237316e+00
2.077739492581244907e+00
2.260246610557078206e+00
2.122609126978567406e+00
1.940591657955323068e+00
2.410309647546067691e+00
2.018233252924561238e+00
2.212359623337436521e+00
2.410467721053361601e+00
2.109573778065580107e+00
2.194392735051333254e+00
2.337769733980336273e+00
2.263030827918322885e+00
2.458072717621345937e+00
2.438630033198369684e+00
2.326899842506060079e+00
1.903088521840488934e+00
1.955788723580135668e+00
2.295811053571142235e+00
2.010643037516605336e+00
2.394236147097901224e+00
1.955054624983262546e+00
2.485098102735440850e+00
2.128071229033937417e+00
2.357283870985387164e+00
2.292125653573287458e+00
2.178135428434291310e+00
2.354306028455197985e+00
2.261926570503562939e+00
2.253984986390826339e+00
2.213922976923025754e+00
2.034919070274784136e+00
2.178507155666339123e+00
2.222639860090112496e+00
2.007493645814256933e+00
2.159619476820795025e+00
2.164176669889680493e+00
2.454511642392577908e+00
2.060364762853897691e+00
2.253289201412440601e+00
2.206768253843233829e+00
2.412113183582290432e+00
2.267864543349641604e+00
2.233546065283015025e+00
2.143545702614688242e+00
2.180950725690244951e+00
2.404940792836641972e+00
2.164307700177725113e+00
2.375850564918538410e+00
2.243498525286571788e+00
2.311137834764912302e+00
2.451951848093631536e+00
2.342403090186396142e+00
2.395686194717225881e+00
2.274270582140841324e+00
2.516401601726568238e+00
2.323600335594150579e+00
2.393290232855551203e+00
2.472351240203610079e+00
2.103708938979366838e+00
2.236795721718339625e+00
2.367836359710053351e+00
2.385218601455775467e+00
2.138251453093296117e+00
2.279438777973016528e+00
2.443580643335888425e+00
2.430763156414736947e+00
2.186681018370325358e+00
2.082106094052086132e+00
2.199955842997824096e+00
2.118208403647086069e+00
2.119497292602573246e+00
2.271169651568679448e+00
2.175676875587306380e+00
2.445444449597430125e+00
2.073728299343167603e+00
2.186005417841967446e+00
2.220000891546046962e+00
2.408243914420256537e+00
2.339757567506852709e+00
2.550963670381652726e+00
2.477471855827388936e+00
2.519781263421952744e+00
2.598502642813929064e+00
2.475309718787182423e+00
2.497611457907975563e+00
2.394989400073351149e+00
2.556571434089023764e+00
2.274148127355478888e+00
2.282936958202277822e+00
2.309408614639433921e+00
2.204213055812042299e+00
2.245920165589580186e+00
2.325283055468533977e+00
1.901792556510011778e+00
2.625043007741314938e+00
2.223307806732565783e+00
2.649507599065942021e+00
2.535918728962871516e+00
2.322832274729773161e+00
2.506765129750148091e+00
2.477906380131305042e+00
2.393217624081790174e+00
2.595551217357826790e+00
2.345111588777386569e+00
2.548000866144317644e+00
2.543738005235551380e+00
2.340524405910760386e+00
2.362105090687417253e+00
2.439420942119507885e+00
2.435814207571960655e+00
2.256037372890831172e+00
2.499302098827125285e+00
2.483731877001338795e+00
2.464136251305021563e+00
2.049939157074679663e+00
2.099762903931520430e+00
2.075214827504720194e+00
1.932719117961124500e+00
2.111496335474117192e+00
2.236080679800756421e+00
2.004831784272369521e+00
2.115177828134757299e+00
1.770086767120288673e+00
2.031883811251951499e+00
2.063959090476784830e+00
2.160915686034021288e+00
2.071652341712617584e+00
1.702348640969524762e+00
1.948045329759381827e+00
1.887056689721897440e+00
2.104934520066303882e+00
2.248335666366481522e+00
2.334394923052570014e+00
2.042017138924993258e+00
2.290715172539632860e+00
2.079728151478176912e+00
1.927348838224669958e+00
2.150686264844039908e+00
2.475755402548701412e+00
2.593711945034983479e+00
2.522374633503139840e+00
2.004675533840638124e+00
2.243979096532756845e+00
2.320176541229216571e+00
2.354189087730475638e+00
2.302234143812304179e+00
2.491406158704538409e+00
2.409873046060503121e+00
2.473754535355433326e+00
2.451039328514369231e+00
2.446653218884133452e+00
2.335284546991941657e+00
2.388043140984446921e+00
2.407745063833175436e+00
2.196970921188473813e+00
2.655846473844956979e+00
2.756398344251803412e+00
2.730328965329856583e+00
2.517018446446436908e+00
2.511842851269891153e+00
2.484830666208671435e+00
2.089686828499797588e+00
2.267576054437074440e+00
2.303071289007713407e+00
1.982296432562732802e+00
2.199688139057697889e+00
1.989486491929217227e+00
2.395729510614681868e+00
2.158606051100842471e+00
1.973076491947478361e+00
2.321839357855019603e+00
2.016207716271777528e+00
2.170554762926443448e+00
2.166091207144640762e+00
2.344464737401613874e+00
2.460070378505867073e+00
2.277190334285907447e+00
2.358043878263605286e+00
2.337531190844301943e+00
2.353611632286653599e+00
2.395970914638911431e+00
2.349795533932806713e+00
2.191732018880477195e+00
1.896151675984402374e+00
2.057018249742004201e+00
2.026520569393821525e+00
2.086468037703437250e+00
2.145318376546609507e+00
1.949262319047668335e+00
2.238269856760065846e+00
2.154780586040116130e+00
2.202081614747147142e+00
2.498754635973963634e+00
2.216588372354646008e+00
2.323605636048305723e+00
2.534460416067927380e+00
2.459438789216647603e+00
2.324789213007254052e+00
2.584325121709851736e+00
2.345422442590568757e+00
2.422561518978583184e+00
2.374524134270611597e+00
2.403114988260110163e+00
2.322936736311156825e+00
2.395780998076621593e+00
2.356519402647833328e+00
2.627219631623728624e+00
2.628779987974633858e+00
2.623880610765308763e+00
2.457115117915880553e+00
2.584894504913783475e+00
2.593217800971171272e+00
2.461823372102768026e+00
2.636030075355198843e+00
2.456971351837478501e+00
2.324381609760122647e+00
2.785786474005522706e+00
2.417392663113533402e+00
2.312270319890095127e+00
2.386151490990346513e+00
2.388122612794854494e+00
2.381261890617615506e+00
2.335262083462382954e+00
2.404230333479937975e+00
1.776051669461828242e+00
2.318441928137072949e+00
1.995659931094077910e+00
2.195925176880361374e+00
2.275344799242332350e+00
2.182102738726799274e+00
2.165375936946306812e+00
2.107660718068306682e+00
2.051060621714172250e+00
2.258261163757755430e+00
2.220621090771698558e+00
2.037774498742395579e+00
2.018090977705335298e+00
2.163259002383352669e+00
2.333782301572698614e+00
2.121087093404638413e+00
1.900850692297381350e+00
2.366183193679041175e+00
1.972404561647710386e+00
2.169854210387637927e+00
2.040030921722399526e+00
2.623955053117716929e+00
1.942426028250275216e+00
2.055534138130522770e+00
2.310080327328170036e+00
2.251406896939504243e+00
2.038742342733990132e+00
2.191219188621542635e+00
2.373934803249266867e+00
2.047375027124768820e+00
2.257354360875420074e+00
2.292155678094375482e+00
2.060208706007363499e+00
2.333144602984287275e+00
2.515729094541213851e+00
2.437065932106930788e+00
2.396515793982689768e+00
2.056567099672522048e+00
2.067580699125281640e+00
2.092598134907382779e+00
2.244033142833490313e+00
2.498043971661105367e+00
2.468140841260133556e+00
2.373670818277858530e+00
2.185581928952229802e+00
2.267635832930803286e+00
2.420710784090306600e+00
2.246483713960363726e+00
2.266438686952185755e+00
2.181449382602399734e+00
2.206966091023217391e+00
2.207922761819633983e+00
2.191271759745693437e+00
2.217248788465349563e+00
2.141398119133338440e+00
2.185390940266108917e+00
2.227458976977843452e+00
2.320409746617623892e+00
2.127789467772946974e+00
2.267821441847797992e+00
2.412817106992434013e+00
2.116386274941306933e+00
2.253285148069573030e+00
2.043588747080064660e+00
2.212286710406315304e+00
2.163145680324731313e+00
2.323257071782078409e+00
2.163547442232437668e+00
2.148991206369202711e+00
2.485172479034420956e+00
2.195454426575555118e+00
2.346603225104876067e+00
2.212601039710379247e+00
2.318643121569445409e+00
2.269986580019131228e+00
2.265554242697613407e+00
2.383868596554892250e+00
2.109545415059525642e+00
2.414589497312514599e+00
2.258675029141866464e+00
2.457071232649381098e+00
2.114303484468012861e+00
2.190628292388979048e+00
2.238989857830976593e+00
2.241787706443846062e+00
2.228876173832604390e+00
2.133952544839851306e+00
2.347689272513734160e+00
2.278491493869495343e+00
2.220496328331642566e+00
2.504453882471443738e+00
2.213058089949378360e+00
2.263476471367417808e+00
2.427567104861415803e+00
2.146686384730525088e+00
2.126830389631700235e+00
2.116446588770831472e+00
2.142514515619755588e+00
2.103934676837291295e+00
2.362063876190212408e+00
2.236579384457704656e+00
2.435798931453196481e+00
2.089524402346536913e+00
2.156847766585153092e+00
2.134707115785460019e+00
2.369833741094133917e+00
2.388050739203980477e+00
2.526786044044378343e+00
2.513817972620763008e+00
2.517002663849250865e+00
2.539397558422407997e+00
2.530737832244688068e+00
2.457609328173175456e+00
2.431303800477930377e+00
2.467008715633661087e+00
2.406019162928680455e+00
2.378602296848438602e+00
2.264685831463127741e+00
2.062390467743150602e+00
2.347235244291970613e+00
2.149197863962886146e+00
2.388163164212574241e+00
2.345702123746312484e+00
2.267704380372704165e+00
2.320762791762464694e+00
2.469136445213481856e+00
2.386274461727563523e+00
2.471559376717301859e+00
2.665054796077093613e+00
2.195639629959817984e+00
2.280108454695037423e+00
2.525056263518817179e+00
2.432731026989266354e+00
2.492623584196928199e+00
2.435408342304168361e+00
2.326185312833602303e+00
2.636208427255580133e+00
2.393372371764224127e+00
2.285210016591248117e+00
2.480033012056146902e+00
2.251693070212243963e+00
2.312868498600807232e+00
2.245444573440436908e+00
2.522707414645585899e+00
2.238209582863075919e+00
2.257977442058445749e+00
2.544419613471000652e+00
2.323280764199439297e+00
2.496455071920419932e+00
1.937114265550887948e+00
1.918064150898091125e+00
1.927443968429333188e+00
2.031020903526984167e+00
1.966135381505742075e+00
2.062293065241308732e+00
2.152462150378381178e+00
2.004714301225368089e+00
1.772974313843835636e+00
1.869004390227075874e+00
1.987730259773553554e+00
1.933936380886083661e+00
2.084955037800041211e+00
1.645866227110140523e+00
1.985110927356946942e+00
2.215943236288248741e+00
1.854623612942805755e+00
2.181147424416429725e+00
2.279710886359152866e+00
2.263931641644765236e+00
2.178690679385835161e+00
2.113162748639041411e+00
2.364874882621964769e+00
2.206255752034173678e+00
2.290136682770525844e+00
2.344513697516635187e+00
1.971643377533961017e+00
2.206483133434924415e+00
2.192448451699052114e+00
2.126708941877515358e+00
2.267139660741820606e+00
2.386195230545924417e+00
2.343458026886243051e+00
2.354229395989044349e+00
2.339026099318606722e+00
2.517352131941400284e+00
2.330715346543216437e+00
2.562133462392958361e+00
2.452356228680173889e+00
2.417744247617023667e+00
2.376548810900368736e+00
2.600813495084451255e+00
2.457239848343273358e+00
2.590481815261417964e+00
2.644875437020503206e+00
2.548539870350949865e+00
2.292284448444719569e+00
2.341281583979903491e+00
2.303156076490425086e+00
2.710034013690811427e+00
2.710545526419038342e+00
2.478827638824580237e+00
2.392086273253208883e+00
2.469053086557709609e+00
2.583581049821451980e+00
2.169818110682725898e+00
2.265829142674757879e+00
2.373198061283661620e+00
2.081103760897141886e+00
2.326153399990425363e+00
2.176158194560146253e+00
2.421107892556921826e+00
2.364224283718795228e+00
2.028633194032501752e+00
2.143231006337207312e+00
2.023644771005520759e+00
2.099332671224309887e+00
2.223801702561627458e+00
2.111112055692793366e+00
2.108490986623426267e+00
2.082944794027950852e+00
2.049984775080763377e+00
2.093517300878599663e+00
2.094989197399894199e+00
1.932980223318231383e+00
2.083361090322903397e+00
2.151177474902345121e+00
1.963546340985804717e+00
2.311528490458669705e+00
2.150605861849433698e+00
2.275643646247528018e+00
2.450029498540745365e+00
2.309801020453566167e+00
2.499081082466635184e+00
2.392641266896127217e+00
2.404390203478484089e+00
2.440323746757615098e+00
2.410637845709533433e+00
2.512613222192555895e+00
2.493082064994680991e+00
2.384388006627288448e+00
2.653986847814667538e+00
2.526374138925020496e+00
2.515827294893213217e+00
2.671515560978587889e+00
2.295625773643938494e+00
2.293058037623518342e+00
2.320399974734888016e+00
2.219467543450839742e+00
2.233586610665775574e+00
2.295322482674023501e+00
2.155820746695688239e+00
2.331754615444661116e+00
