1.631437672732195088e+00
1.534636131408532611e+00
1.374142674560034028e+00
1.444970184667885738e+00
1.387277619936751138e+00
1.431676617705171850e+00
1.645756374488616780e+00
1.644908786009908974e+00
1.480446719906003628e+00
1.551731205044295514e+00
1.669297004496550052e+00
1.679105101734177818e+00
1.675501603499128134e+00
1.804966452022164880e+00
1.925317478334849008e+00
1.576045360202951828e+00
1.656174220099662975e+00
1.923669583013014606e+00
1.607681587960706260e+00
1.837968769484372045e+00
1.923936181937687451e+00
1.882791352686923103e+00
1.878627288832965814e+00
1.711472893826600838e+00
1.782444329791444293e+00
1.875018876529835454e+00
1.689545419242049373e+00
1.941044480999967403e+00
1.780162178392984407e+00
1.953658164618626625e+00
1.669877639792405333e+00
1.554494882211187479e+00
1.490519680965764371e+00
1.763345250048768076e+00
1.721495607543773954e+00
1.809974767425295727e+00
1.797582723031549978e+00
1.522342964123184483e+00
1.421563772966166761e+00
1.522909347229032484e+00
1.760519827445953700e+00
1.675542766578094644e+00
1.698881902146758938e+00
1.636461967302358600e+00
1.692547734906098889e+00
1.846833476321403156e+00
1.895301843533186315e+00
1.783451085398627400e+00
1.785869254257741678e+00
1.762547881420114315e+00
1.685104421692928067e+00
1.508749411581577604e+00
1.645851053505649864e+00
1.455003565909384289e+00
1.415615424683092982e+00
1.624372086139163951e+00
1.589876389515950228e+00
1.578642778645929834e+00
1.591318049928859280e+00
1.688888643052913752e+00
1.692227621404994498e+00
1.591702522907016970e+00
1.553077053796578566e+00
1.732686676166189210e+00
1.802307785102267523e+00
1.933900500319380544e+00
1.605259595567197550e+00
1.634703013805765881e+00
1.652253062611240164e+00
1.974522863495882019e+00
1.960072804822288184e+00
1.943643544417862801e+00
1.891386126952484315e+00
1.459399224295048647e+00
1.613906162008280187e+00
1.937548887633567807e+00
1.805170375530155358e+00
2.032538544124906199e+00
1.700173346827723586e+00
1.757137743366740557e+00
1.629060941232667314e+00
1.715298750759048918e+00
1.660498172114475812e+00
1.685414465829287556e+00
1.637263004311277914e+00
1.841094107734033036e+00
1.774370537793056091e+00
1.922666265186927292e+00
1.808519292023274438e+00
1.585192919564940350e+00
1.605075879279836970e+00
1.554565380657557228e+00
1.437511592929640036e+00
1.616414718088832858e+00
1.706029723334135939e+00
1.697852916772496945e+00
1.843721914241301274e+00
1.772531134292843369e+00
1.794051835187475019e+00
1.704638044562325261e+00
