1.815798390458581046e+00
1.845462424782778665e+00
1.963442875540909460e+00
1.757642929709947399e+00
1.743028358376061959e+00
1.945995837546121709e+00
1.789436908261407888e+00
1.904942650905917079e+00
1.719151160213275631e+00
1.827502581700781059e+00
1.912177991782881170e+00
1.898818616661849035e+00
1.964639696283913439e+00
1.969973237799624854e+00
1.700509318269779246e+00
1.902209524230427995e+00
1.734322691199105426e+00
1.345964040937867923e+00
1.447864307884424440e+00
1.390831062203059520e+00
2.162455569319044368e+00
1.749053464191293816e+00
1.399602000861714712e+00
1.380599810373415615e+00
1.832862244720677491e+00
1.535448281212614896e+00
1.681287707668174924e+00
1.517323098974107332e+00
1.657697985267373664e+00
1.467551198703968662e+00
1.873925970302960042e+00
1.934400597712013781e+00
1.992779031695726344e+00
1.623069353864983855e+00
1.541571838654591131e+00
1.681035520043004716e+00
2.177721236665551618e+00
1.840658420444591048e+00
2.157033525248142514e+00
1.990096030304765895e+00
1.860560797385853338e+00
1.667930867692039687e+00
1.483252975238498417e+00
1.675303991466751574e+00
1.609656768461920073e+00
1.708752095819858097e+00
1.955399571292098182e+00
1.602879666935226988e+00
1.329998003438410903e+00
1.416867805092802080e+00
1.924117530470411008e+00
1.831677095602096239e+00
1.949551749933400968e+00
1.555305996770078414e+00
1.757895588966071898e+00
1.750126275635719653e+00
1.726117588029343120e+00
1.729980490185415221e+00
1.761474078363341578e+00
1.660049370866533147e+00
1.802618455799395614e+00
1.849479776750225790e+00
1.660149970190869961e+00
1.859100552695670094e+00
1.614778849938532046e+00
1.654163218956093973e+00
1.794138232165693347e+00
1.812575696307953566e+00
1.901403164132115409e+00
1.963491917703711120e+00
2.086270582272764962e+00
2.090232817977441648e+00
2.110590972281033206e+00
1.757816057437752599e+00
1.783710943674138960e+00
1.746607607227345760e+00
1.760636166678573034e+00
1.777854320776104835e+00
1.810921071653131209e+00
1.937109275826103927e+00
1.754744402405655546e+00
1.857588407211772319e+00
1.775847019950896666e+00
1.836386367056913160e+00
1.616822692736311851e+00
1.864159287479938198e+00
1.514340166874843741e+00
1.980602404388094984e+00
1.848099853575143614e+00
1.925807980686566445e+00
1.781841023259935097e+00
1.878936385549447863e+00
1.988025160104668121e+00
1.978088569649304906e+00
1.651667578941902859e+00
2.185781347416380083e+00
1.893332664744706184e+00
1.799997826689017311e+00
1.853901740703235657e+00
1.811028720756501897e+00
1.796824896724765752e+00
1.898637765874635841e+00
1.853096391234676954e+00
1.755340517338093820e+00
1.954582659306425274e+00
1.797903304822496606e+00
1.993842476406585185e+00
1.832140023242136095e+00
1.775964778959133517e+00
1.857447010613995086e+00
2.014448529540322497e+00
1.936117485810104011e+00
1.866283567166919566e+00
2.066941562837305568e+00
1.974238135298903352e+00
1.946264488434882756e+00
1.849450527254175913e+00
1.972441594068732096e+00
1.846599547081611892e+00
1.835246455527655529e+00
1.777262322765843505e+00
1.841296369200680738e+00
1.913922549155059549e+00
1.718004959330802439e+00
1.848614232965440696e+00
1.891754279317553245e+00
1.720927261750794468e+00
1.773822045329409791e+00
1.953064144509975453e+00
1.839368219651436931e+00
2.004083195864689415e+00
1.883756256736941692e+00
1.913273102350972810e+00
1.848632702206268741e+00
1.934125512686088788e+00
2.007976139279168848e+00
1.748723627117400037e+00
1.845041490589873545e+00
1.776701145056678532e+00
2.141698829513439151e+00
1.742724529092284813e+00
1.892625910202309969e+00
2.096798807169416357e+00
2.011517325282778046e+00
1.927732676443957960e+00
2.007420309180599993e+00
2.034599313232680284e+00
1.924569391454137968e+00
1.788554903245779704e+00
1.914350126194522383e+00
1.897828072432598212e+00
1.918446412913242138e+00
2.123578735516854277e+00
1.857194431527279699e+00
2.095562196706147517e+00
2.018688269413076330e+00
1.962358755596401938e+00
1.999261976107389982e+00
1.782219554610259715e+00
1.897323141100698773e+00
1.884905302464717769e+00
1.846792467622995204e+00
1.762867810061453655e+00
1.755259131395003447e+00
1.950918809670326048e+00
1.862056112223442472e+00
1.784316203131338652e+00
1.937993679241701628e+00
1.937042330459247230e+00
1.806981186024524844e+00
1.882818408291575318e+00
1.900578776238901035e+00
2.014852870001889062e+00
1.811305070914358772e+00
1.780383118358435102e+00
2.018435231594767565e+00
2.086730822798220863e+00
2.227823413105918693e+00
2.038547140356830045e+00
2.020969138234983031e+00
2.119940019782658780e+00
1.929854256219994291e+00
1.965278960243179940e+00
1.897036151896043910e+00
1.808156153536422117e+00
1.877799926554692300e+00
1.787550043550673706e+00
1.810785716952776347e+00
1.774561421198924016e+00
1.885109969739509950e+00
1.827206417426615159e+00
1.963552125479195443e+00
2.014393917553302327e+00
2.072900703095660546e+00
1.937843803149275512e+00
1.855863253108874567e+00
1.914648425077042804e+00
2.164385531630353743e+00
2.100284048265147696e+00
2.056748577781626786e+00
