2.143532857435600292e+00
2.086406730968799916e+00
2.247281933378040719e+00
2.131179176923501561e+00
2.217506857712328916e+00
2.169820672946631390e+00
2.171091695140510147e+00
2.362603603483102610e+00
2.199164033235250226e+00
1.998573683784198751e+00
2.048793347219880268e+00
2.039333487762196029e+00
2.050596549710487437e+00
2.259075634591238391e+00
2.068977161041762436e+00
2.085719934613677662e+00
2.427044792858174205e+00
2.035206998079797103e+00
2.374798392308695938e+00
1.991543252341373416e+00
2.075653612752938137e+00
2.096998637750435268e+00
2.499904620232456853e+00
2.472875163654084663e+00
2.009666360568822085e+00
2.251613633134978976e+00
2.281174291268319720e+00
2.036294505250722864e+00
2.427901990843996938e+00
2.063520997326450779e+00
2.119888934103736133e+00
2.355548588700564938e+00
2.105639230798936445e+00
2.126004486391648740e+00
2.358177835521099830e+00
2.345684612892283916e+00
2.290382369138392438e+00
2.266400185298200309e+00
2.458170535682301594e+00
1.937146497538989376e+00
1.909136986814136350e+00
2.285356501573606813e+00
2.043237734509838699e+00
2.433274651803259747e+00
1.990458765723809309e+00
2.419008558881118987e+00
2.122920561118498028e+00
2.371471711730895215e+00
2.018883227539084224e+00
2.239693990362454201e+00
2.397687263344592257e+00
2.393722778879215252e+00
2.271526978097064386e+00
2.232956272161711553e+00
2.195076893488605574e+00
2.205346466540760719e+00
2.375144137401824729e+00
2.071701751779457812e+00
2.240638498181667604e+00
2.141556758032320040e+00
2.479971764549810942e+00
2.016008557578355287e+00
2.388261036900626966e+00
2.181969917535461434e+00
2.441050272056700887e+00
2.286215364700894259e+00
2.146491300277214354e+00
2.177462492635702240e+00
2.197509383272277184e+00
2.449270676171248606e+00
2.329321116737998576e+00
2.558581696539098171e+00
2.506431980305633633e+00
2.251470192757585309e+00
2.507486072522470799e+00
2.397696892979984895e+00
2.203618913311017113e+00
2.218363171622941721e+00
2.499599200034849922e+00
2.374240081531215019e+00
2.396647811521956495e+00
2.323257552941482729e+00
2.292515840137530514e+00
2.307768508682054964e+00
2.293906308601679989e+00
2.183731245472704252e+00
2.106263060234323969e+00
2.220113535269961247e+00
2.274020044594455836e+00
2.342566642156960199e+00
2.333097537733448412e+00
2.291261319638989935e+00
2.248491391000952078e+00
2.297016577260737602e+00
2.215683620289270905e+00
2.436140932256737557e+00
2.472510871357741724e+00
2.536501381526566234e+00
2.304068593800528308e+00
2.328909081796078695e+00
2.526324918894777394e+00
2.503630315521694794e+00
2.528399623358427828e+00
2.539263678520750300e+00
2.601167062629164750e+00
2.546026596865186509e+00
2.436038019457550163e+00
2.558356711606841305e+00
2.446812426645486926e+00
2.480369748404753327e+00
2.438662315514988688e+00
2.239369531208437181e+00
2.269334500005484312e+00
2.205658725669291442e+00
2.284989590751217658e+00
2.325839378496957099e+00
2.165142053250487031e+00
1.849670585966938008e+00
2.566955075813815768e+00
2.246142338828151175e+00
2.632521047245999668e+00
2.512927738296929281e+00
2.366900298352281329e+00
2.463813328792156643e+00
2.427898684671442542e+00
2.451538921219604816e+00
2.479516838553299074e+00
2.277429024888998121e+00
2.486114253388035156e+00
2.534615171153667745e+00
2.349223719901319729e+00
2.306641737386533553e+00
2.470707486349419391e+00
2.450484742617141887e+00
2.237117758577543469e+00
2.541215741104949188e+00
2.392490652336192181e+00
2.552886833903662112e+00
2.202205039227035144e+00
2.194962089944767492e+00
2.173399774972633036e+00
2.133523942887312952e+00
2.131316678247441310e+00
2.292662024927544895e+00
2.177967995222656494e+00
2.057352098135075025e+00
1.897523055979360107e+00
2.110132563814763884e+00
2.168453041876502230e+00
2.121765072510589434e+00
2.038975842569711983e+00
1.740131595931210473e+00
1.865501443409241622e+00
1.958843169584622457e+00
2.326134319075866319e+00
2.368604521617847958e+00
2.456194167992213462e+00
2.256636608572272440e+00
2.421699664391736562e+00
2.282156958332524965e+00
2.123691779552488779e+00
2.403464671345831416e+00
2.163657894573011387e+00
2.561464861806238336e+00
2.492330007151911886e+00
2.118513844463902007e+00
2.212054728136700010e+00
2.288522641430128068e+00
2.322151130000747798e+00
2.357623288730678279e+00
2.412583595700644512e+00
2.337764017787885784e+00
2.343689088746884419e+00
2.398407674714696292e+00
2.374689174650138401e+00
2.370025239853056132e+00
2.485291945646908474e+00
2.531367700512110019e+00
2.447594180894364868e+00
2.676138233896123708e+00
2.685333382399901492e+00
2.693964617905059811e+00
2.465505354172669250e+00
2.477161530858438265e+00
2.448508767898567307e+00
2.021191077390554813e+00
2.207829991067536302e+00
2.173128553005056585e+00
1.923926497774531175e+00
2.086683231066993383e+00
1.977924908080149091e+00
2.104185079761585975e+00
2.125658115407461413e+00
2.008678643544592024e+00
2.064898537519480826e+00
2.028916101778221126e+00
2.157271612159470386e+00
2.205932820729863408e+00
2.301917165816756317e+00
2.171462143874629991e+00
2.419327988903833493e+00
2.419410006443935224e+00
2.382081637599938073e+00
2.246320599250871020e+00
2.524001969684107838e+00
2.483330750530666986e+00
2.277103456640823254e+00
2.012018718195437650e+00
2.193542097411073755e+00
2.100135858191330307e+00
2.162766896798392402e+00
2.324477459641645094e+00
2.116458533274428344e+00
2.275038618993296513e+00
2.167455681071908113e+00
2.277890533811608886e+00
2.500724017740871830e+00
2.278992025475556904e+00
2.311537725318054015e+00
2.388593885113619919e+00
2.519994722304280454e+00
2.363926959138889838e+00
2.608301484049439178e+00
2.356747668405470009e+00
2.251665739221461848e+00
2.300493654372596009e+00
2.442871934145619761e+00
2.273521490656833066e+00
2.389098213154686956e+00
2.366770211708256522e+00
2.613765252779778336e+00
2.558728026803925193e+00
2.535015838575762182e+00
2.354346054664173238e+00
2.496020751207694399e+00
2.585082808574261204e+00
2.421991817795272173e+00
2.621163307722690572e+00
2.505428384724920576e+00
2.385705185915529825e+00
2.725303690221286601e+00
2.370761125972784100e+00
2.381012934218555976e+00
2.333808343048390910e+00
2.310876494051135932e+00
2.365533734970295843e+00
2.364940802505320683e+00
2.404009021711500438e+00
1.802680304193349459e+00
2.085245845441074053e+00
2.008091346927256104e+00
2.191292008147985193e+00
2.072362212055411934e+00
2.189582557159573728e+00
2.070696642514011643e+00
2.132739547361166998e+00
2.045940935015642559e+00
1.997423392789497765e+00
2.204076722946395339e+00
2.031603871081319568e+00
1.981439724076422104e+00
2.026031967116058485e+00
2.339049110546728816e+00
2.031381393801905411e+00
1.961466408224231461e+00
2.359353593579081476e+00
1.958706451629189882e+00
2.167767589100294767e+00
2.016615785390917015e+00
2.588727597730566377e+00
2.018040845185828935e+00
2.087627860586601436e+00
2.407715385954779297e+00
2.572027010649909684e+00
2.089476723389713797e+00
2.287957539041296950e+00
2.422951092413288432e+00
2.144147236962081760e+00
2.349921242214742190e+00
2.252462700275632557e+00
2.047954177662187014e+00
2.293318456393183435e+00
2.454761501865284856e+00
2.455695319158830436e+00
2.448096675499621178e+00
1.973291969019088876e+00
2.040602761059004511e+00
2.085854048205561639e+00
2.239588314693564897e+00
2.503305327899796318e+00
2.385847717922795930e+00
2.322987106255606893e+00
2.128445793150154586e+00
2.202245115234522377e+00
2.393676899284235216e+00
2.399606395367175793e+00
2.266220300707103341e+00
2.187493135474853467e+00
2.129578394975382150e+00
2.191560751560911680e+00
2.131911973775345803e+00
2.110418305239104786e+00
1.954458092673747593e+00
2.207966206547334664e+00
2.130660407799651601e+00
2.315489149727725682e+00
2.090292818946329678e+00
2.203756725465070954e+00
2.239713921920781114e+00
2.126115452853506671e+00
2.433733351693491809e+00
2.116261734802183714e+00
2.232042255362267191e+00
2.135967491930055306e+00
2.326007369445246553e+00
2.199089754794688378e+00
2.073973260535336927e+00
2.431881648487215219e+00
2.156271902573181354e+00
2.417875920023210945e+00
2.189820838661670876e+00
2.429116180759764987e+00
2.168264234426774184e+00
2.275734951959087038e+00
2.441018400214352901e+00
2.003551100626987491e+00
2.297328144432101649e+00
2.255191493638011302e+00
2.448905627091875647e+00
2.246047012107549978e+00
2.160601311908859401e+00
2.142457759098042480e+00
2.247274915086363123e+00
2.056993433809755079e+00
2.080061562147793364e+00
2.334249819314072827e+00
2.271761492989029740e+00
2.337298084919686048e+00
2.415059537038368731e+00
2.208082473634492615e+00
2.266097184375665208e+00
2.314815371619596718e+00
2.238403328377844392e+00
2.166307097593427322e+00
2.254625481053942337e+00
2.133342643358598689e+00
2.191871654086474663e+00
2.433614130248126450e+00
2.269298934047317307e+00
2.498248872353248551e+00
2.181545348621324099e+00
2.166068678568304762e+00
2.303734369473634302e+00
2.542853784351675639e+00
2.494779864894315136e+00
2.484822470313697629e+00
2.508330325069920264e+00
2.490605570697998150e+00
2.565899144906494733e+00
2.540777185346164035e+00
2.502581504253194478e+00
2.451206094124811496e+00
2.463981754180283978e+00
2.453466125979128609e+00
2.453781171283119455e+00
2.180086074567983534e+00
2.076630876036814843e+00
2.264000891557367723e+00
2.309777958180810220e+00
2.224678969227958270e+00
2.261928205214673415e+00
2.363539183964555868e+00
2.378476731937809063e+00
2.511133522843317589e+00
2.298733189350511186e+00
2.526665870558875593e+00
2.606592269774616444e+00
2.294275316519461594e+00
2.226509464781427194e+00
2.459350374195239386e+00
2.352304787588432422e+00
2.469188429633428772e+00
2.401508502685842039e+00
2.323877777246864618e+00
2.613238053985391662e+00
2.504432430928009268e+00
2.305792505144878657e+00
2.525581597472696060e+00
2.215010109149994744e+00
2.316489749815078270e+00
2.206150711788003260e+00
2.458906271707235192e+00
2.345602714200733629e+00
2.142299605648749772e+00
2.540088876028689491e+00
2.493309784317968791e+00
2.559023296399228542e+00
2.031177194987958234e+00
2.122149763087494811e+00
2.141983096783223850e+00
2.107764409004484474e+00
1.916542540926434723e+00
2.083794821550989607e+00
2.166769403731151122e+00
2.036924585261977061e+00
1.976181312331624973e+00
1.891318741328800179e+00
1.813977480082453075e+00
2.024850914754619424e+00
2.006665887701324369e+00
1.915020873491256825e+00
1.957818649468871186e+00
2.127088009244117561e+00
1.943024516543549574e+00
2.291163876208647032e+00
2.353665347366801441e+00
2.407032611323581150e+00
2.226368589573446855e+00
2.183825147341536432e+00
2.197919507869942279e+00
2.109366220830706684e+00
2.327058941583919793e+00
2.333872248395626681e+00
2.153742003319182530e+00
2.289385679800759466e+00
2.229543827444912640e+00
2.221124622507064217e+00
2.310132276250786987e+00
2.390877277036230542e+00
2.269517656016017515e+00
2.235785084806668710e+00
2.267069599187666817e+00
2.444838869554705418e+00
2.136961063363428615e+00
2.376131191732637760e+00
2.228837745443527307e+00
2.344311445652479176e+00
2.418471100832449316e+00
2.472813581659519144e+00
2.438543408009401059e+00
2.614327965469928294e+00
2.674308484596170210e+00
2.491657965197041857e+00
2.379106513137621448e+00
2.514096862037205504e+00
2.372909461666140363e+00
2.641858262838959526e+00
2.661340900769202822e+00
2.519470245788833385e+00
2.496913581122012893e+00
2.425712923463241300e+00
2.526771849068716769e+00
2.091780596360534705e+00
2.239389795421736107e+00
2.254731148711263344e+00
2.185826020671174597e+00
2.353311860434756930e+00
2.328833999876937622e+00
2.356548574513445349e+00
2.366230834841366093e+00
2.011849540250071566e+00
2.108804993275663620e+00
2.021046028322562638e+00
2.052514416750429227e+00
2.245082562647291446e+00
2.030035694131648860e+00
2.055252459041637447e+00
2.146414973339404675e+00
2.067480341096442853e+00
2.124134708955923934e+00
2.285809457098464836e+00
2.041932904141306349e+00
2.160768655715665343e+00
2.241365756026370004e+00
2.103072791914998074e+00
2.256412583821873596e+00
2.168372794659774172e+00
2.260534868314424628e+00
2.436969211843060368e+00
2.358638933543886651e+00
2.475915657605249898e+00
2.355156880784190498e+00
2.401119136272777066e+00
2.414111183366399516e+00
2.339818017559818220e+00
2.454893046322840444e+00
2.450785938287587840e+00
2.386681881123748017e+00
2.592595500875753078e+00
2.594192912707652177e+00
2.512135749661770667e+00
2.676701673574529927e+00
2.334039622381724133e+00
2.186962617670147324e+00
2.411057325168729726e+00
2.240782929953154756e+00
2.147074084502132330e+00
2.183624377359797197e+00
2.469849907643767217e+00
2.274890774420089468e+00
