1.787139483059805523e+00
1.784277259111906266e+00
1.906707097896551240e+00
1.739771365308979689e+00
1.732119608448883241e+00
2.052852620889353386e+00
1.738862336226737471e+00
2.058179406272245160e+00
1.743109098698655490e+00
1.971853371284010503e+00
1.988417487768073366e+00
1.864772007128427500e+00
1.956004293365314561e+00
1.969944701676610510e+00
1.816808312317312657e+00
2.113430520325325634e+00
2.129252827836412454e+00
2.063542070452510924e+00
1.891841565111777923e+00
1.944650234039597914e+00
2.162238161080552779e+00
2.206177909742987442e+00
1.796402688703269801e+00
1.810755995708380528e+00
1.896104746431011900e+00
2.073286353532953985e+00
1.919391946847852859e+00
2.173453236945392941e+00
2.175988949970785402e+00
1.948114878193314636e+00
1.863777981290627883e+00
2.079925617704866170e+00
2.104200657652445461e+00
1.879518940955114292e+00
1.749530100529522292e+00
1.783799253160701426e+00
2.315849739737078750e+00
2.063680260821666224e+00
2.371254287291622909e+00
2.139158012099524608e+00
2.204004139814020213e+00
2.237841062440718787e+00
2.158710376921857854e+00
2.101744322395953546e+00
1.976286374849927752e+00
2.162695324965678179e+00
2.321683042547666886e+00
2.124910609996584654e+00
2.161366344170141396e+00
2.219072245874171845e+00
2.144144189910719867e+00
2.259695225776791272e+00
2.142229587795046353e+00
2.283948941613067163e+00
1.843274995615814760e+00
1.883396991044397062e+00
1.794176603311983476e+00
1.793373772187983661e+00
1.855596636245696152e+00
1.677015370483060375e+00
2.090833894276501681e+00
2.101642488134813913e+00
1.843656217427440902e+00
2.019250423360201996e+00
1.778091843092793001e+00
1.894916477339086747e+00
2.018656665188435451e+00
2.029889710777204037e+00
2.272602672780754673e+00
2.285522184714919636e+00
2.236862838510681684e+00
2.430805886308828878e+00
2.382124749432453115e+00
1.844359966962184849e+00
1.930139894541265333e+00
1.845722114399473535e+00
1.894101227381740582e+00
1.948405528824251220e+00
1.977268401632374717e+00
2.116952411204905182e+00
2.010151073091073215e+00
2.145209702616220682e+00
2.007988964741237226e+00
1.863474577349071071e+00
1.917892612772429617e+00
1.950321378630689884e+00
2.185748959360258148e+00
2.093543020504892826e+00
2.073901146996083966e+00
2.199835618828422046e+00
2.116724234444377295e+00
2.197300545665454852e+00
2.368822254100666491e+00
2.213656187432609723e+00
2.309460408073486182e+00
2.256916814250308878e+00
2.196764082217885328e+00
2.084074431637362945e+00
2.148480519349921014e+00
1.905024184986567670e+00
1.810176096829446024e+00
1.902937033673344436e+00
1.747751318020689837e+00
1.682010248768278204e+00
1.883545000968372962e+00
1.707232757718168514e+00
2.056236240758395173e+00
1.727884947308644836e+00
1.674668922633485213e+00
1.895629423591675078e+00
1.982421776015492965e+00
1.827612541991569417e+00
1.766104278438422659e+00
1.971753009005923207e+00
2.034407088446372747e+00
1.884032626049059855e+00
1.866336911340022109e+00
2.039627578838492106e+00
1.912864095478767901e+00
2.017777457570695709e+00
1.931287856560352845e+00
1.973016878208412095e+00
2.084328824086052023e+00
1.883612814624665566e+00
2.019368034948977098e+00
2.179826442551655585e+00
1.845007742690110808e+00
1.845353083475149925e+00
1.991274165665965157e+00
1.838669439051771715e+00
2.131544014495652561e+00
1.947962687731235487e+00
2.103802600071939199e+00
1.805260181820162790e+00
1.890117574150671498e+00
2.023629430118724759e+00
1.949821130083306153e+00
1.966383261219327494e+00
1.838873559281798187e+00
2.296704987995876301e+00
1.970541293950684558e+00
2.236875038617197831e+00
2.295125636023302107e+00
2.141463642797944100e+00
2.167980116097727894e+00
2.236891754721376468e+00
2.235548954388980825e+00
1.975730878801740253e+00
1.822649628885902429e+00
2.075878982781571125e+00
2.183687598054896650e+00
1.946120520461296799e+00
2.097962049422621433e+00
1.930808715714927848e+00
2.277332692002922432e+00
2.238332712740855879e+00
2.112699725629175518e+00
2.257825441116511733e+00
1.825562776406286503e+00
1.917415105014264709e+00
1.945130103445833480e+00
1.802484540251817258e+00
1.785758418733996766e+00
1.798054769555705201e+00
2.042481238336990135e+00
2.097929877881140381e+00
2.152075745498382986e+00
1.982832737550527691e+00
1.971260743239054758e+00
1.847724513276800096e+00
1.993098215870161116e+00
2.052485636069924624e+00
2.234650005458122646e+00
2.053035910961177990e+00
2.095232073165216313e+00
2.380855555067659335e+00
2.170976340302267715e+00
2.401655917968671616e+00
2.315723407117518118e+00
2.162077108719360208e+00
2.281525611403257603e+00
2.094641850024026031e+00
2.083496202222713478e+00
2.168023401987325904e+00
1.765984902105866006e+00
1.877986173906919021e+00
1.790615694790677725e+00
1.801504100724246715e+00
1.756760773925184704e+00
2.021239250619433214e+00
1.869333268590266384e+00
1.962417599670806201e+00
2.014401090233335800e+00
2.125727223504771057e+00
2.181664532299448567e+00
2.184565707881928720e+00
2.203167499616508707e+00
2.196927358467383851e+00
2.250953622384065156e+00
2.222165537422666315e+00
