1.686121387399526661e+00
1.461345847506458018e+00
1.447560938584605328e+00
1.471235910562832760e+00
1.374987110737882823e+00
1.611921576880202878e+00
1.689738830087621269e+00
1.727468373709474037e+00
1.631978796781343943e+00
1.601255821235702426e+00
1.767991956307399137e+00
1.772108207525356249e+00
1.769783573675596688e+00
1.839121528481289625e+00
1.924321602434200473e+00
1.610808234977487707e+00
1.738741428377849729e+00
1.924668064245644405e+00
1.677217000357647869e+00
1.981820288380740536e+00
1.832513033791437040e+00
1.955439724313342786e+00
1.950053511311623744e+00
1.828432579177634132e+00
1.795920877520372994e+00
1.915675134722125472e+00
1.828259809152970705e+00
1.982759864655297743e+00
1.860203536861092077e+00
2.042265847433089920e+00
1.735795839486589776e+00
1.650554854732693810e+00
1.550814099765635889e+00
1.808701399433123580e+00
1.784998296029412623e+00
1.925689251901024468e+00
1.905659470153740598e+00
1.608506626192648392e+00
1.520648707243405617e+00
1.571056291633764923e+00
1.936806423710240921e+00
1.768642631717014524e+00
1.789586195111993350e+00
1.724007922815314897e+00
1.718816500506017197e+00
1.925852549639345490e+00
1.983210475538337292e+00
1.858097892658674644e+00
1.859478184478837504e+00
1.859999966763973944e+00
1.708879199031137386e+00
1.471257885832876866e+00
1.639773003432470233e+00
1.476349037503632111e+00
1.415339178150267330e+00
1.676830804352069215e+00
1.659660707785444389e+00
1.616036991842324300e+00
1.645279969739226855e+00
1.724156019994985245e+00
1.772599417871953520e+00
1.701382202277213151e+00
1.730773070635418964e+00
1.716773022464146869e+00
1.648621418094185609e+00
1.893809386956223362e+00
1.721950770294597532e+00
1.655769935730382336e+00
1.758485952423860299e+00
1.966822743367776294e+00
1.914746801986700664e+00
2.005581349621270881e+00
1.922890832248022708e+00
1.467735927858026868e+00
1.706557777943473742e+00
1.983572587689100386e+00
1.846848456713934716e+00
2.023800007375970544e+00
1.692884918826230933e+00
1.711600193893138444e+00
1.710200979224641316e+00
1.844526749832685386e+00
1.745770637447054296e+00
1.743061990164327613e+00
1.817272875950794564e+00
2.017495221548212481e+00
1.937220938643462675e+00
1.961221251729480253e+00
1.930976772484861215e+00
1.629874196431427169e+00
1.639686283452405524e+00
1.570551109461622019e+00
1.468420312530642091e+00
1.693918072798000107e+00
1.709731810698529308e+00
1.740144180346118175e+00
1.921163750819710359e+00
1.933243268195971254e+00
1.880386429821504946e+00
1.830817838571779932e+00
