2.099894173186901192e+00
2.093104078474429475e+00
2.240860721220908403e+00
2.104150585995774758e+00
2.139143070937592039e+00
2.041945652223289276e+00
2.214835758285387701e+00
2.308201572844543303e+00
2.037857913456798453e+00
2.020667690386965809e+00
2.051036369524438019e+00
1.938765664887121432e+00
2.148536775107378727e+00
2.179080357282428437e+00
1.956617562931840526e+00
2.131888798755199765e+00
2.165480782974324114e+00
1.985681969335092889e+00
2.275566868220058048e+00
1.907733871698550354e+00
2.050416774004613973e+00
2.157609663433410319e+00
2.422314524189869811e+00
2.337419869672685557e+00
2.094348893429513137e+00
2.333152386201109874e+00
2.174931137978097340e+00
2.067614221988352430e+00
2.394945142251566850e+00
2.114435447729825945e+00
2.319534828732324971e+00
2.454594977437992043e+00
2.154182504557115241e+00
2.157781711329729735e+00
2.282725894103719178e+00
2.377281088767298822e+00
2.347531109889924750e+00
2.406037157968372142e+00
2.445254339447157310e+00
1.789541523828771741e+00
1.781440858468532840e+00
1.750305682210722136e+00
1.841736078617892902e+00
2.421339775856522269e+00
1.727745597949842393e+00
2.008845605756739428e+00
2.031845460090273114e+00
1.876550407555775513e+00
1.908266645520227067e+00
1.778164950995266613e+00
2.011243492775218744e+00
1.954149213735518309e+00
1.815620293926217155e+00
1.868789767136678215e+00
1.880103262790029817e+00
1.916289897755502070e+00
1.944914904585461457e+00
1.782624189121719605e+00
1.941963697250864040e+00
1.850143663969438856e+00
2.133946161342781256e+00
1.744043470780047844e+00
1.929296694195477224e+00
1.849519198216853955e+00
2.101391268937676582e+00
2.353973666761269623e+00
1.892504525659620240e+00
1.823033050845936032e+00
2.160030247168512219e+00
2.076924843882217431e+00
2.047290392117698588e+00
2.359908517365691960e+00
2.437995570513102450e+00
1.944571885410917078e+00
2.209482438863488607e+00
2.132778389583498413e+00
2.027877296767439219e+00
2.158620991169274195e+00
2.314892931897480466e+00
2.281192355146317130e+00
2.361168800015702285e+00
2.167164785044190189e+00
1.817529096064860239e+00
2.027149607357503935e+00
2.207882390808914241e+00
1.899387447297516296e+00
2.073936417348577699e+00
2.181942884623462309e+00
2.300489462790716644e+00
2.293557211530014683e+00
2.278006626049800865e+00
2.292877240660268878e+00
2.071332731453895182e+00
1.921788306575661132e+00
2.074677810051960503e+00
2.302745868004096863e+00
2.290821059247447611e+00
2.418479539282558655e+00
2.116742662064178049e+00
2.032780546871951088e+00
2.360892184584222342e+00
2.512579731375010894e+00
2.502407190173065121e+00
2.509633312908565728e+00
2.593939022831083463e+00
2.347154858489487239e+00
2.470155373081020844e+00
2.219971331943812132e+00
2.283679427471457135e+00
2.129965521377515714e+00
2.215779654363854601e+00
1.944990944326896232e+00
2.038866635762117685e+00
2.113818273210413601e+00
2.041646226697412470e+00
2.160571935778091035e+00
2.110698575013476130e+00
1.786264821516010848e+00
2.327875891694988209e+00
2.133437108031930762e+00
2.378761579096991596e+00
2.349941549866574775e+00
2.300166260619567193e+00
1.929377648650389965e+00
1.949861834466355415e+00
1.932770449117705569e+00
2.198924251200653934e+00
2.395381048547019276e+00
2.501318087858444894e+00
2.367112863089596342e+00
2.278325088452333613e+00
2.231221580575838193e+00
2.412876271651679616e+00
2.331297550309780142e+00
2.250110160445101926e+00
2.424116395124400025e+00
2.455537431190587760e+00
2.407257848569296588e+00
2.158486542044032674e+00
2.149897231495782712e+00
2.049017701194753904e+00
2.130063054343889650e+00
2.051078412663707606e+00
2.203471976046219805e+00
2.109838336641729928e+00
2.036339596491985926e+00
1.913915738586092097e+00
2.074822838059310559e+00
2.082835564197960121e+00
2.105254437229013842e+00
2.087373861219734561e+00
1.780946032217120667e+00
1.958983496685212655e+00
2.003467701847849280e+00
2.299059797246609360e+00
2.231541827633780617e+00
2.328961855790129931e+00
2.071320338077028644e+00
2.411087941522166211e+00
2.183886855791931758e+00
2.132528646669312966e+00
2.165409087072113437e+00
2.141770184547066691e+00
2.471541369008003031e+00
2.496051348296106198e+00
2.078416758479939119e+00
2.220520823359009910e+00
2.325955637012123933e+00
2.213669096482618226e+00
2.224170435656188882e+00
2.202244063506809457e+00
2.142652649750579563e+00
2.129492176097129708e+00
2.193908605517030264e+00
2.238830846684068732e+00
2.180363977926093710e+00
2.541468217207598634e+00
2.494760570274649147e+00
2.433334524686765477e+00
2.541669522639664169e+00
2.479000152227138098e+00
2.535976277037510940e+00
2.475184547863323647e+00
2.475582430588745275e+00
2.399127536272445571e+00
1.942959858397725892e+00
2.092009852585829055e+00
2.136921822519307845e+00
1.847952213411756972e+00
2.019524624951799741e+00
1.886351105306396603e+00
2.071681109214552841e+00
2.037008251039701623e+00
1.911400703134349621e+00
2.044609875609894267e+00
1.973412713517125772e+00
2.043329347732298462e+00
2.033631387127879719e+00
2.309340247308062644e+00
2.120645637188097510e+00
2.147654639852568881e+00
2.426282650275940256e+00
2.214312311743816153e+00
2.198876731399632689e+00
2.541797241778959382e+00
2.455085637828577472e+00
2.111915107786272561e+00
1.992360594897100379e+00
2.098710206664633482e+00
2.070884963698071513e+00
2.172971669960112262e+00
2.227756286175973877e+00
2.061332445063249530e+00
2.252355065656639344e+00
2.163330301218366447e+00
2.208156471482653593e+00
2.378844017180400172e+00
2.267393064432770000e+00
2.256409672215900830e+00
2.361412362078510352e+00
2.332327269096843292e+00
2.344901922029019481e+00
2.448094046145598224e+00
2.347569565385467794e+00
2.296608402947310612e+00
2.353324297872919413e+00
2.420404004481489402e+00
2.254245042447364789e+00
2.232758146710587699e+00
2.371059703728366497e+00
2.528345215400286339e+00
2.345439825639597853e+00
2.322022116066816189e+00
2.238880861419760393e+00
2.595162002425016379e+00
2.557749068535903447e+00
2.415838741314864091e+00
2.609935909135419507e+00
2.389318150046670919e+00
2.311533525087491103e+00
2.677069232109869024e+00
2.510194230561581641e+00
2.313235402555550824e+00
2.257580978441153352e+00
2.365406970825392641e+00
2.303504319772767150e+00
2.434231596224791794e+00
2.453847325604670448e+00
1.854826290608612593e+00
2.031888984345962434e+00
2.068775667508618188e+00
2.211158053362803244e+00
2.204449224869931445e+00
2.180068874481502217e+00
2.157077486633552255e+00
2.087977575715869172e+00
2.033235832121218056e+00
2.148703559399585572e+00
2.249464261465658144e+00
2.056329009942691410e+00
1.970844071454158852e+00
1.985183589303262108e+00
2.295117947565713301e+00
2.199166747124466692e+00
1.963036807900298442e+00
2.241488901014468293e+00
1.945463219569560476e+00
2.256113275215856806e+00
2.095910169003021739e+00
2.458993266852412152e+00
2.041120777582621226e+00
2.207972580972077825e+00
2.356270888032832911e+00
2.325649763194517217e+00
2.092978586077029135e+00
2.284435939522412973e+00
2.361657140770683228e+00
2.226749727924192790e+00
2.319518829492041245e+00
2.159763628238808408e+00
2.187506918704666958e+00
2.329962461658833472e+00
2.355415523150731438e+00
2.285214804273794975e+00
2.503706062520499653e+00
1.985801449982802058e+00
1.946783083381904644e+00
1.994797813328623937e+00
2.191944021157547162e+00
2.486965476532411845e+00
2.329585383416978850e+00
2.321551167651754177e+00
2.150346445664453654e+00
2.099877337165139579e+00
2.246208058772304117e+00
2.289591365725527350e+00
2.262203823383447165e+00
2.151784192777810745e+00
2.044740037969380975e+00
2.171545421478589422e+00
2.055881418726642984e+00
2.114054357282321384e+00
1.926268444801481960e+00
2.069256542899332363e+00
1.984661206250472265e+00
2.273634182597437103e+00
1.966000558578797186e+00
2.039280912635602849e+00
2.175881377251973170e+00
1.957086697694142563e+00
2.391764272347407960e+00
1.951091661584472225e+00
2.270404828973184408e+00
2.062207468809409860e+00
2.231833369139060608e+00
2.228115502543042137e+00
2.013825840222808417e+00
2.344388143697231808e+00
2.128666475902290411e+00
2.327617576294828794e+00
2.117270348114662415e+00
2.391082611705198424e+00
2.339814875029377017e+00
2.287036955563743756e+00
2.423395760604401428e+00
1.952727328529305195e+00
2.321627248659293485e+00
2.322577677796442863e+00
2.378064975907399070e+00
2.012369904338749294e+00
1.978021144346040705e+00
2.135296417038440975e+00
2.205664162937281514e+00
1.992521930328266633e+00
2.124627996274394803e+00
2.312528949259625932e+00
2.423198509706679715e+00
2.232939132389526460e+00
2.393931784826388576e+00
2.150529735214063543e+00
2.425972480855569380e+00
2.501413393667111684e+00
2.130454695970037449e+00
1.956727572204532750e+00
2.059341999203558871e+00
2.101370644796047849e+00
2.082446479394074679e+00
2.500927544668392066e+00
2.274826199353741529e+00
2.520901546481623345e+00
1.986700590446264902e+00
2.099065714721073395e+00
2.164491663697327262e+00
2.453850467018184212e+00
2.390293347877843200e+00
2.482581685496307866e+00
2.603346800855892429e+00
2.471491022592638753e+00
2.413089846291977647e+00
2.540185785253603168e+00
2.414481971766049728e+00
2.419361305205784962e+00
2.276547191099684841e+00
2.275296646075225304e+00
2.184366798510768870e+00
2.147479186297398979e+00
2.032082249460649415e+00
2.243054821432601820e+00
2.142354061946146526e+00
2.250132959892775730e+00
2.182807297819643999e+00
2.395041424179545686e+00
2.319129484520904949e+00
2.331387675825876915e+00
2.351883726627327587e+00
2.440718983359209560e+00
2.587048634962209270e+00
2.191553980764945564e+00
2.260570243414315339e+00
2.370511346845501244e+00
2.403684512269495421e+00
2.479414182367077224e+00
2.321380011153723277e+00
2.357273316216910608e+00
2.552322428680263044e+00
2.441341863717581884e+00
2.258949735552683968e+00
2.479196736701853698e+00
2.206518518397123874e+00
2.340353993888601991e+00
2.191062858348278297e+00
2.444372281145636094e+00
2.279363615494068185e+00
2.159753292089988452e+00
2.506187194865359569e+00
2.467938251032862240e+00
2.581582199416892820e+00
1.966524207695087512e+00
2.035666839617849888e+00
2.021205960287774328e+00
2.179470049463552606e+00
1.932649159784742166e+00
2.022650361907632366e+00
2.169694397566231281e+00
2.116587301581381197e+00
2.061117046028997812e+00
1.914532494787510419e+00
2.053160705854551349e+00
2.119356380336824053e+00
2.122447786377311907e+00
2.127691202277882443e+00
2.061100879649633733e+00
2.136052708830130431e+00
1.951847999911397569e+00
2.319573473060542401e+00
2.269254407587334654e+00
2.453880169870340744e+00
2.104582741629491771e+00
2.120477186725154617e+00
2.339918286887204157e+00
2.153976559725729878e+00
2.224221710463694990e+00
2.256531739158406769e+00
2.040104801041397575e+00
2.278495476931758912e+00
2.220713183355133680e+00
2.185237599847529300e+00
2.257311379278040597e+00
2.378891257258972214e+00
2.267651213535692989e+00
2.174499629852097993e+00
2.328467441395923654e+00
2.415470230183279554e+00
2.282844535338412584e+00
2.217030928970066039e+00
2.321724996688537601e+00
2.245320957393891703e+00
2.214099689204592991e+00
2.351338919101152669e+00
2.377490910608066610e+00
2.416942045209661050e+00
2.559457022988684827e+00
2.510613614493491852e+00
2.358949472395479585e+00
2.563781370328513720e+00
2.567930361969666730e+00
2.651634759381285456e+00
2.513660198884734687e+00
2.365002179271712190e+00
2.382605126067784962e+00
2.473457708067594574e+00
2.465507849925082873e+00
2.096100867397586942e+00
2.161511704240371756e+00
2.157145790049257439e+00
2.071120742065831966e+00
2.122593713925899461e+00
2.203564148846785198e+00
2.483457403438881883e+00
2.418718639207565246e+00
2.018101298555738943e+00
2.167989707781159847e+00
1.980649217553732466e+00
2.030609599514773933e+00
2.173402948013450242e+00
1.994056168041098198e+00
2.108267832955022847e+00
1.987236298766930753e+00
2.102977349787650940e+00
2.038645865150613190e+00
2.205754975961526920e+00
1.990027147747508218e+00
2.197399288422920982e+00
2.223522672130541888e+00
1.900132200412102179e+00
2.169471385113652229e+00
2.108175435861024294e+00
2.225266166798914647e+00
2.322679846107441382e+00
2.250583845702475383e+00
2.458874057483054543e+00
2.364468879902801746e+00
2.406098735155902890e+00
2.408760153768932710e+00
2.361126442582389462e+00
2.502378539309062067e+00
2.300436029867355625e+00
2.339743475445864362e+00
2.593962658829976231e+00
2.525449766639557669e+00
2.444109566501491138e+00
2.690038410669755908e+00
2.280362281475341923e+00
2.269379039211204763e+00
2.269022540901668439e+00
2.177441370540027066e+00
2.094018358793303225e+00
2.264056023157493325e+00
2.361099011532189262e+00
2.258891468385983092e+00
