1.569898862567737030e+00
1.440372626158527014e+00
1.435564036903191898e+00
1.454761264216416716e+00
1.421110108293186958e+00
1.567832305096860779e+00
1.679863475972171116e+00
1.778757908587898173e+00
1.597827871852205650e+00
1.538650928385711714e+00
1.696927271922999081e+00
1.699676471112095522e+00
1.702910811932830004e+00
1.784032536891605902e+00
1.923417934030597021e+00
1.634671492198747300e+00
1.683689804104176790e+00
1.879549878440686994e+00
1.642237089298287378e+00
1.772041327443158343e+00
1.813190048183470626e+00
1.853180781464888405e+00
1.873902791682181768e+00
1.717176367665497194e+00
1.759281402846413878e+00
1.824115376898006957e+00
1.770259662252165800e+00
1.925215556710939913e+00
1.759569572929749359e+00
1.963625112830459596e+00
1.635942723901916862e+00
1.516977106665721831e+00
1.435477517486982046e+00
1.731501697038993370e+00
1.771622301739474992e+00
1.804573058165557464e+00
1.818213686054384493e+00
1.507294995710118934e+00
1.433852469821055964e+00
1.554053180000495304e+00
1.887547093825980848e+00
1.711950207222234566e+00
1.734779343155510523e+00
1.670739751480081692e+00
1.671923750065105851e+00
1.875769137064019931e+00
1.900527731907732054e+00
1.811724245332493544e+00
1.827701110486319003e+00
1.757561061677599179e+00
1.676599539177561216e+00
1.472604120570524033e+00
1.579254242478901782e+00
1.436744864426517942e+00
1.390026072407160251e+00
1.769581913564293840e+00
1.465119192261645775e+00
1.458705359407252766e+00
1.490543367289372201e+00
1.691059217951825122e+00
1.682622400068078283e+00
1.591262178619446521e+00
1.651035056870947981e+00
1.709094691426104040e+00
1.729276397026582091e+00
1.887687714459843846e+00
1.690611165329221510e+00
1.638163020056208063e+00
1.715215287201760530e+00
1.808353540684297878e+00
1.788675678098434085e+00
1.897526462487054255e+00
1.862748268412686814e+00
1.516592949083934050e+00
1.619817852869939179e+00
1.893234214585814312e+00
1.766022087558606568e+00
1.985874318924262916e+00
1.670828046869324401e+00
1.674687084899533884e+00
1.620753394750117149e+00
1.601187165996392325e+00
1.638803351066074665e+00
1.664487414517520136e+00
1.728806705261001886e+00
1.822889859193861373e+00
1.810916961090422106e+00
1.938508488438372757e+00
1.750449640629995862e+00
1.641459764624153106e+00
1.592279710411831584e+00
1.560312554636995586e+00
1.474081293367170753e+00
1.674538756254988936e+00
1.727140286326111163e+00
1.694300017107764011e+00
1.828133049510006547e+00
1.806319002928563622e+00
1.871141159025665912e+00
1.719404669385337314e+00
