2.095118733883071904e+00
2.127765375538662962e+00
2.262017440061916407e+00
2.109909877176809445e+00
2.203365470288491945e+00
2.125269341249345523e+00
1.999041887880200541e+00
2.358135532881605378e+00
2.123908442567266519e+00
1.997575009087099174e+00
1.897700324056347698e+00
2.058713734031869524e+00
2.181195521399090342e+00
2.268157340351571793e+00
2.244079695153623710e+00
2.114761364900766161e+00
2.225481626479239861e+00
1.824031892837771673e+00
2.485299083231391926e+00
2.005776734439019382e+00
2.147893132714917996e+00
2.253405104418712224e+00
2.400931360035162943e+00
2.410790670798551805e+00
2.154631820610296788e+00
2.354130770859700128e+00
2.101961698497218478e+00
2.024276381394879198e+00
2.365929517947009675e+00
2.200507598707745149e+00
2.294832588904478499e+00
2.461742381476003771e+00
2.069726613218878963e+00
2.097878052689078121e+00
2.425080021751091941e+00
2.350182319187406055e+00
2.339888914842562784e+00
2.405321333357851366e+00
2.566979486556899115e+00
1.966423337997354359e+00
2.008059140716692781e+00
2.379317231634902274e+00
2.092953172852219712e+00
2.457428336607246244e+00
2.015688111831272167e+00
2.495939507998644835e+00
2.230981918941810527e+00
2.413749084744238882e+00
2.159358007478579200e+00
2.385634465297104434e+00
2.434720609394813717e+00
2.525096816457414572e+00
2.342342518778553817e+00
2.302941401992677051e+00
2.313345953861817517e+00
2.285130065949408706e+00
2.403956957525003268e+00
2.102261171028543707e+00
2.323242377357695343e+00
2.196599624794267847e+00
2.458367394488922830e+00
2.155524493979125822e+00
2.346956972382764128e+00
2.191695529599596348e+00
2.360597126575021409e+00
2.471940121658316780e+00
2.244136168248070717e+00
2.151976052989021060e+00
2.273284061038175707e+00
2.392444027602175449e+00
2.280608237192137011e+00
2.574700902430952176e+00
2.621142714202062241e+00
2.222348197405970449e+00
2.481839731563203255e+00
2.380473099092588640e+00
2.287725226695011660e+00
2.249546933884785993e+00
2.437354098270613889e+00
2.433751746402537108e+00
2.499234199985770122e+00
2.383827968221751803e+00
2.159409071150581116e+00
2.290563748224593965e+00
2.258746442463491100e+00
2.317134507836228430e+00
2.173213338044744702e+00
2.210174245726546083e+00
2.496746568102301556e+00
2.410967645535923243e+00
2.510653950579966320e+00
2.401646219230884949e+00
2.382050759818902019e+00
2.321547627313036877e+00
2.307037881590791262e+00
2.505514847872643447e+00
2.418359140833234999e+00
2.638409212028784534e+00
2.353376120136071226e+00
2.313519192255185875e+00
2.484828902534877315e+00
2.564014622035793778e+00
2.603434932405165547e+00
2.665906525769221158e+00
2.649044457073773451e+00
2.603884382168814238e+00
2.634718079053077311e+00
2.657266897934789540e+00
2.527287211755567142e+00
2.679048481453864650e+00
2.576915662367549320e+00
2.345775644106752100e+00
2.479831791465050284e+00
2.402579253711580431e+00
2.328544267025295600e+00
2.355046684183586425e+00
2.277127298653587317e+00
1.921926833397515022e+00
2.624576450263377048e+00
2.280459386210647477e+00
2.711393719463759844e+00
2.582373353491330903e+00
2.401952515865022786e+00
2.589534167701673439e+00
2.526562825693485337e+00
2.534425735469617802e+00
2.645910797083870669e+00
2.439598904924126899e+00
2.568415101877032036e+00
2.657163876769431887e+00
2.387067678416099348e+00
2.407531404784306162e+00
2.596992328848009901e+00
2.509614792135891115e+00
2.333314905474388024e+00
2.626474324254675086e+00
2.492518374202679965e+00
2.636577002838351724e+00
2.200046067405138750e+00
2.257450925436397249e+00
2.079808852051744150e+00
2.111176719179333805e+00
2.100636826126967005e+00
2.219350503104273731e+00
1.937412045324585552e+00
2.042898335284271560e+00
1.835368931217768784e+00
1.885001670618226211e+00
1.965994150866557044e+00
2.010841976853605662e+00
2.087711904718217326e+00
1.913929397841057645e+00
1.853524045071382353e+00
2.297640327409330663e+00
2.284722425749409869e+00
2.471528484285715255e+00
2.527489465358424781e+00
2.461263775346187455e+00
2.470170709282187627e+00
2.420636296734542281e+00
2.322064731887337086e+00
2.283254978105815791e+00
2.478908175486246090e+00
2.653098016590549335e+00
2.637879693418899940e+00
2.107941038092806085e+00
2.312687590544628247e+00
2.358752948303420638e+00
2.369517774397139398e+00
2.383830916566660019e+00
2.499708520445015125e+00
2.477571739423496400e+00
2.628460112346574729e+00
2.627978529500033744e+00
2.509735730950481081e+00
2.385154861504211965e+00
2.561345934163146598e+00
2.574053152295785019e+00
2.513616637742673188e+00
2.732795985406083261e+00
2.725219910678054358e+00
2.676374473145582300e+00
2.491239550142908765e+00
2.551965482909859695e+00
2.557609681481522568e+00
2.096152232925950987e+00
2.274633657690113164e+00
2.443823126911062626e+00
1.936576449155353208e+00
2.211209998418264266e+00
2.035342545313384210e+00
2.308166227082752542e+00
2.108728681583886821e+00
2.085482953136113426e+00
2.368599976198735746e+00
2.096269803002797971e+00
2.124987593634229288e+00
2.181108174604886596e+00
2.363083360836814251e+00
2.352388230265256119e+00
2.301478758929046187e+00
2.402849697675921714e+00
2.294163385326493554e+00
2.450512189743261349e+00
2.476489268680210021e+00
2.457907108448028843e+00
2.301274693210184630e+00
1.956717339436842451e+00
2.182513809991279530e+00
2.080711672491195152e+00
2.166971562533953399e+00
2.234928518245640650e+00
2.204758077427763308e+00
2.301235062896909600e+00
2.231474651950250188e+00
2.309637730341152828e+00
2.429652948247782884e+00
2.291945497845648827e+00
2.289922808685004529e+00
2.583698565553252280e+00
2.499926509142354369e+00
2.436623089820419974e+00
2.622984138020267864e+00
2.417256966907676663e+00
2.367823669617289184e+00
2.486132275112839629e+00
2.525994904554103915e+00
2.447430337593960559e+00
2.503017134543531697e+00
2.511559914733362930e+00
2.736587717714252577e+00
2.591307961044821084e+00
2.585087605312874182e+00
2.575593592859146241e+00
2.632586272390726734e+00
2.694137969278422418e+00
2.446631797522686114e+00
2.608466577533869124e+00
2.427400387733225529e+00
2.383376319564518120e+00
2.656142775073200735e+00
2.467421734696743751e+00
2.476577391083969459e+00
2.452290326390844655e+00
2.314616209220757614e+00
2.334498257014533174e+00
2.480886171103492188e+00
2.486603541061897626e+00
1.889146238557948942e+00
2.103544503590144998e+00
1.903668847098551664e+00
2.230356730022741374e+00
2.034764258323098485e+00
2.329785064957610619e+00
2.230502303757160742e+00
2.179312453133188221e+00
2.151985584290756925e+00
2.205888096745367122e+00
2.214954550946184320e+00
1.993194230650873200e+00
2.053967831993891657e+00
2.128916463256969038e+00
2.350384568955672826e+00
2.151931424578644059e+00
1.994427889942768095e+00
2.401821547844442239e+00
2.015350272996764946e+00
2.196870876881841905e+00
2.148992362819068358e+00
2.457151644015107550e+00
2.109667347861407638e+00
2.158100333296037121e+00
2.385644743997490824e+00
2.277904703728827585e+00
2.066823685182101578e+00
2.338337829746783836e+00
2.501001049536868859e+00
2.193616942295640193e+00
2.396435041564395352e+00
2.160313364028240812e+00
2.163472223541003547e+00
2.545956824724193268e+00
2.492886729610765961e+00
2.483838273765214932e+00
2.512950656867653620e+00
2.104984879700069644e+00
2.127806487714937411e+00
2.161100414004569981e+00
2.258758656428422995e+00
2.471399801377080596e+00
2.503507227307609551e+00
2.391644364927929534e+00
2.120949850427589212e+00
2.234888844533110319e+00
2.480597866736539370e+00
2.468773320533582005e+00
2.454530253363245595e+00
2.345211837404863608e+00
2.308524386744996271e+00
2.336738719683318699e+00
2.208609510533343201e+00
2.248464020362225479e+00
2.032019360054799773e+00
2.296780108498378326e+00
2.234961244136394409e+00
2.514349616264038190e+00
2.175851105363164173e+00
2.176090611787596885e+00
2.363571664258612426e+00
2.217013761324664323e+00
2.570992592819578260e+00
2.102445131078700680e+00
2.203417512787574140e+00
2.227004358258307448e+00
2.332248214368386474e+00
2.407623769794545066e+00
2.154633885930625770e+00
2.438325957619450257e+00
2.280239655149536304e+00
2.347439069977761861e+00
2.203234015872467477e+00
2.513351251712369283e+00
2.352719619632294812e+00
2.236796252531233264e+00
2.456885202080620001e+00
2.123022689342918490e+00
2.352399746498339717e+00
2.369091317748808656e+00
2.485894405110275596e+00
2.175423690921422626e+00
2.159292696691219593e+00
2.238935173006392887e+00
2.207270843336119448e+00
2.169597674211919625e+00
2.171748568751650676e+00
2.296227159953475816e+00
2.402405298604907369e+00
2.337337769127767917e+00
2.509983879806065410e+00
2.266669232243858190e+00
2.524526400898479572e+00
2.583599065054809074e+00
2.289494605866555510e+00
2.306159370881855519e+00
2.340227754507586688e+00
2.367376328431256116e+00
2.379832559220871779e+00
2.491068147143866707e+00
2.483800194623290380e+00
2.567924560387262467e+00
2.341334889387427065e+00
2.236229878392843151e+00
2.330314626137530709e+00
2.541314119096052870e+00
2.428882701932460364e+00
2.512777783353016936e+00
2.581464266308445943e+00
2.532607675280302395e+00
2.521134903354701251e+00
2.603778317941179754e+00
2.581000948523499705e+00
2.447480501536250852e+00
2.462347363876995043e+00
2.512379143053925290e+00
2.512052115346732784e+00
2.231865103694104846e+00
2.122873876351024425e+00
2.368720813305489781e+00
2.332814511912989719e+00
2.457010697386895259e+00
2.426626114751011976e+00
2.410989954560083248e+00
2.434701672757712210e+00
2.518441404412176787e+00
2.412406162749304972e+00
2.546065506011867985e+00
2.691988779852449110e+00
2.373829285290898206e+00
2.459409429679150882e+00
2.571372924853152941e+00
2.592550846967352829e+00
2.591779053821058110e+00
2.491044188150411731e+00
2.406820696822589145e+00
2.660740785119932283e+00
2.565116544206952565e+00
2.229811801246578185e+00
2.615740851509323672e+00
2.350638728195439064e+00
2.579776904565682205e+00
2.296423928203757292e+00
2.647517493649043985e+00
2.441435342745491344e+00
2.285329090344574876e+00
2.654351848564378447e+00
2.592101743500516697e+00
2.634237898172630654e+00
2.099556970724164362e+00
2.140864612854964655e+00
2.186815742663702267e+00
2.186936448725462334e+00
2.126014832548878353e+00
2.173853986004464112e+00
2.228742361632598534e+00
1.980681560450365808e+00
2.115562208219273543e+00
1.913113518359329746e+00
1.922622955827790747e+00
2.176292445208594106e+00
1.987962892662617387e+00
2.139732082248039458e+00
2.065852795316645896e+00
2.112647554562333330e+00
1.887973480931838033e+00
2.467060322818841911e+00
2.499739274107498410e+00
2.519824805603659623e+00
2.432113990214523902e+00
2.375286267389122852e+00
2.509178673372080226e+00
2.237116143873504992e+00
2.375507288909491699e+00
2.330920135713268948e+00
2.206882874780356385e+00
2.282726093743315143e+00
2.238170822480454625e+00
2.290269749414643563e+00
2.299060628373083226e+00
2.581710159007054362e+00
2.449661544353780140e+00
2.399234598298594534e+00
2.367274859197321835e+00
2.491664633186396749e+00
2.414258560384092256e+00
2.589421252161239195e+00
2.344782112212682179e+00
2.425510761993098896e+00
2.567730265985376459e+00
2.663334977262496572e+00
2.511998282473839605e+00
2.607335988095305090e+00
2.696413965751017550e+00
2.561095643599922145e+00
2.413589584431892643e+00
2.600300053908254139e+00
2.502211021901394439e+00
2.727410984835342944e+00
2.729152623104866837e+00
2.536661683165900794e+00
2.530609735404627081e+00
2.527574267923271556e+00
2.582555820199261998e+00
2.125339822440595494e+00
2.346190265628208760e+00
2.334972699289707077e+00
2.342539033305334861e+00
2.304374409226687348e+00
2.372691183058594611e+00
2.576079579349155324e+00
2.485769079533568515e+00
2.053102632427225682e+00
2.149648514309586922e+00
1.924268212089285557e+00
2.026843184954236765e+00
2.298380470063828174e+00
2.055027228461099309e+00
2.096627666938080559e+00
2.163948746656272792e+00
2.079257410741167877e+00
2.128012169187390779e+00
2.305115122041179632e+00
2.102088610308356920e+00
2.367596863350776015e+00
2.365951263806287397e+00
2.107232657162657397e+00
2.207035100659064053e+00
2.203311085023571980e+00
2.306015620091136142e+00
2.429731645976438870e+00
2.384122373297492992e+00
2.526283741700468433e+00
2.353123514721985554e+00
2.489474491660904398e+00
2.541110018400800641e+00
2.466302882070675384e+00
2.581691230671706805e+00
2.531803311194845918e+00
2.506845751344172424e+00
2.670396209532323706e+00
2.624099266866853242e+00
2.511535044207700018e+00
2.621764384335211862e+00
2.422084717083613281e+00
2.356881935083178004e+00
2.369667982583055554e+00
2.279923090123961327e+00
2.258827580049171058e+00
2.388581684669739413e+00
2.495406692891772860e+00
2.420575577975952797e+00
