1.510324952956048739e+00
1.391759895431284866e+00
1.371446638342632474e+00
1.472660041737721803e+00
1.372743227009834532e+00
1.416425940552030749e+00
1.630608689001158185e+00
1.703127750107044314e+00
1.519165302444744681e+00
1.450963511561430330e+00
1.556010152930705770e+00
1.550626699546435505e+00
1.637307944715586050e+00
1.645305239541102305e+00
1.867817467763116523e+00
1.562648787558476693e+00
1.533433080003218540e+00
1.758844992190066181e+00
1.493382816096312515e+00
1.824975780522731350e+00
1.777503575349910658e+00
1.831025166678345695e+00
1.824090093766116416e+00
1.626054684460422672e+00
1.582125247340084861e+00
1.640517649855773863e+00
1.561654362499344195e+00
1.979010929935333341e+00
1.911033175564027964e+00
1.798005576825830287e+00
1.673825202453136596e+00
1.541222535056313792e+00
1.440103307748491268e+00
1.696716833073307562e+00
1.651693714686511827e+00
1.739372383574915526e+00
1.877404849663951047e+00
1.431124331826276075e+00
1.421673686985222451e+00
1.477672737432548011e+00
1.781349701465807289e+00
1.593465745689737867e+00
1.633603638903425415e+00
1.707981406978540617e+00
1.630987154155175256e+00
1.691066335278677002e+00
1.793761201563205843e+00
1.558868726483593203e+00
1.744688663783192650e+00
1.751859252365844943e+00
1.360619864126495715e+00
1.442604344170173469e+00
1.518107151055044124e+00
1.450809733393660927e+00
1.399248242143286136e+00
1.609951363295393012e+00
1.598129490684862652e+00
1.646826324981395251e+00
1.474396377248280210e+00
1.563248516811415412e+00
1.530090074013118473e+00
1.505628859828567423e+00
1.571679710890730552e+00
1.624716099746107867e+00
1.637901417893452560e+00
1.874364615840691917e+00
1.567399817633620573e+00
1.569270113804750455e+00
1.624598800253896469e+00
1.754114911404967669e+00
1.911641473908235911e+00
1.833991750801845511e+00
1.758009056641482770e+00
1.368994056445317131e+00
1.545503675277440481e+00
1.799771465771393242e+00
1.739815920947566319e+00
1.852552623496745543e+00
1.563500388195282476e+00
1.587032736524960130e+00
1.544064549182765811e+00
1.676247426682266006e+00
1.570309205801188490e+00
1.524586853433397504e+00
1.533100841690793192e+00
1.685814410044298661e+00
1.853827037643260178e+00
1.903986105220460079e+00
1.793626053028372525e+00
1.490193381275930262e+00
1.581755288102442147e+00
1.395405518620239871e+00
1.328619650881704750e+00
1.405767602422475004e+00
1.556798252418016837e+00
1.697807256975371937e+00
1.686428147176798564e+00
1.623536531789713244e+00
1.826964945985747768e+00
1.742338892097810232e+00
