2.152639756243235780e+00
2.067132609750302663e+00
2.304081045904834202e+00
2.206712707974742393e+00
2.141371103541634735e+00
2.189363243761231814e+00
2.127446950055425834e+00
2.345655769631100007e+00
2.163970120689439725e+00
1.928329615762274463e+00
2.014728614105566695e+00
2.168622843922338284e+00
2.121398426177845575e+00
2.209962243138102078e+00
2.259343019664745267e+00
2.028626536514047007e+00
2.047692743475856947e+00
1.871281373108403034e+00
2.300884862830499866e+00
1.926427303514462119e+00
2.100391708625244824e+00
2.025898776385513855e+00
2.390369911775355849e+00
2.095508638182169037e+00
2.124831772436803767e+00
2.275252907059841068e+00
2.153806003445327910e+00
2.133548323274502945e+00
2.365603740725072512e+00
2.096946776678199953e+00
2.137364958828484429e+00
2.222307207004838858e+00
2.229309308956735958e+00
2.249521262561765766e+00
2.241001733471995383e+00
2.310523947559913083e+00
2.287900637346576005e+00
2.205327930355573507e+00
2.221616617684984529e+00
1.768834748570512927e+00
1.805793590899473999e+00
1.958866305833261379e+00
1.939326039554733816e+00
2.248239042449874603e+00
1.753146795308340833e+00
2.181911016187408237e+00
2.096131216309376821e+00
2.169223696187748018e+00
2.039572834898715659e+00
2.033194790142862196e+00
2.116082380901692872e+00
2.047817671072661661e+00
2.179300608320810184e+00
1.945429323349492368e+00
2.063706420069564285e+00
2.003074424660090003e+00
2.064032613501129543e+00
1.885998681135929722e+00
2.129707997708261580e+00
1.945756177638290785e+00
2.210895503733776746e+00
1.778637650347968391e+00
2.025719826172164506e+00
1.852692393899445289e+00
2.372671513695008283e+00
2.184410434408562640e+00
1.963041042909367651e+00
1.844752770472112502e+00
1.846063265603644865e+00
2.224087536744260962e+00
2.032285604205258167e+00
2.201954728810281647e+00
2.326769739354672684e+00
2.042293710946199159e+00
2.197625160517236775e+00
2.064633017363946443e+00
1.994266501613286113e+00
1.991669354029935057e+00
2.134284433233447409e+00
2.033076680338163467e+00
2.217235473353826425e+00
1.953572789719267178e+00
1.861739272964454406e+00
2.141556113485112434e+00
1.891862948226872509e+00
2.009057136012829314e+00
2.119140498502117165e+00
2.297998260595770503e+00
2.296506751433658344e+00
2.375155513939934515e+00
2.151329514294363587e+00
1.980763075519723859e+00
2.146336128099011642e+00
2.088550030743013597e+00
2.036196068527588388e+00
2.065783806978632064e+00
2.053579426891703807e+00
2.144012778362244465e+00
2.025268366957143851e+00
2.111376829239299369e+00
2.026270653893590623e+00
2.024655280574732430e+00
2.152452091144481106e+00
2.141128919863057423e+00
2.300494341130739251e+00
2.325047860135531774e+00
2.143157938731204748e+00
2.168185623591154076e+00
2.214577657268907540e+00
2.143243761149844051e+00
2.173608309727853793e+00
2.319773898739748041e+00
2.331101760419282520e+00
2.183395266236030530e+00
2.109801696288417627e+00
2.206491869798835825e+00
2.147411180909309270e+00
1.826275788948746648e+00
2.260578687294114708e+00
2.040686145840723054e+00
2.286866252097748742e+00
2.342343561299820465e+00
2.259027593293827962e+00
2.292453687187779643e+00
2.322024872829083098e+00
2.168042938140620102e+00
2.402256892166052982e+00
2.151197621376549129e+00
2.345687273673465079e+00
2.336622397541175733e+00
2.092848112803132210e+00
2.159893397013887384e+00
2.136157706167106873e+00
1.945528526008687864e+00
1.878959248874141563e+00
2.220141297111383860e+00
1.883379875596283837e+00
2.403098215073033561e+00
2.137770769735277465e+00
2.068654316102223945e+00
2.068023999725285833e+00
1.991749204107788218e+00
1.948485084590424687e+00
2.155229753345103916e+00
2.071566863490016619e+00
1.940983025594375633e+00
1.846743834300541787e+00
2.091015737676392927e+00
2.092307800671870943e+00
2.109769213787518360e+00
2.111075582588551658e+00
1.851383772421595131e+00
2.003360516029216942e+00
2.034896019296853709e+00
1.965199550372753068e+00
2.218096631688096121e+00
2.159701162219151094e+00
2.078340546720339077e+00
2.142268139674705196e+00
2.101552948605129867e+00
1.942863403095137942e+00
1.927770714295827359e+00
2.243536666854786255e+00
2.265071826655231213e+00
2.156749566204579249e+00
2.164950166071067716e+00
2.241762088687514698e+00
2.128819522346905746e+00
2.207880993835061645e+00
2.234002055693999012e+00
2.307048061863819388e+00
2.261994272745978307e+00
2.277530274055469484e+00
2.446886178508144383e+00
2.262019217859442932e+00
2.125824837106518483e+00
2.126650576006878790e+00
2.141827456117908479e+00
2.099759285265425657e+00
2.601643018782102690e+00
2.558568442450672720e+00
2.526798523847853861e+00
2.359234411842503487e+00
2.362350867911538810e+00
2.348763797651200136e+00
2.040818321955879977e+00
2.178150588851583080e+00
2.203355241784447305e+00
1.851453578437033842e+00
2.153661575179401932e+00
1.838508041205196397e+00
2.191209678245235271e+00
2.112302485999146384e+00
1.963200433226280905e+00
2.201857662070166199e+00
2.067051102475531366e+00
2.113002443248209961e+00
2.129547672239676892e+00
2.255084751386267072e+00
2.258854969884981578e+00
2.237605717603453837e+00
2.296123473398026693e+00
2.093290329595236532e+00
2.197581258013970640e+00
2.222108654693362606e+00
2.216353370567533343e+00
2.092654718430379646e+00
1.901070760681806249e+00
2.011138471197789546e+00
1.970420031499478641e+00
2.160363023683278261e+00
2.236980481708120916e+00
2.019019230739268700e+00
2.165352444198791915e+00
2.118468713024084238e+00
2.225089111255211805e+00
2.430508778550155125e+00
2.203877642924642277e+00
2.183835446477142561e+00
2.435705996678769303e+00
2.489521043041784676e+00
2.196084356870974030e+00
2.537218578265746594e+00
2.199601825628075158e+00
2.073954981625425020e+00
2.105071674283347072e+00
2.276780970016504480e+00
2.056180146333478564e+00
2.025089528870227529e+00
2.079655423357001709e+00
2.484448613151646779e+00
2.524117105757907265e+00
2.106667772288563167e+00
2.074211824200960397e+00
2.181279658277336608e+00
2.338737219330664807e+00
2.184013994409570003e+00
2.537000258828400856e+00
2.129839402720175912e+00
2.194286353161101655e+00
2.558784215288041342e+00
1.965030336395886090e+00
2.018691898881033620e+00
2.169496357722818569e+00
2.080104513570749436e+00
2.202127883662383656e+00
1.908585795547229624e+00
2.141084605741933711e+00
1.871319310665051416e+00
1.948101310338997916e+00
1.941514602049467131e+00
2.125649775226428062e+00
2.103997201748719181e+00
2.186831592214726339e+00
2.109047165296149107e+00
2.134867186488764279e+00
2.164093054792235904e+00
1.961683511998108420e+00
2.272371301678959288e+00
2.009356031574988322e+00
1.986912948379353949e+00
2.187300668648496149e+00
2.417758239034783152e+00
2.215849861993203884e+00
1.977060915383439310e+00
2.079691391854770810e+00
1.902450107054679318e+00
2.323185476412659600e+00
2.164446593174512490e+00
2.430475184350263440e+00
2.132608307302395811e+00
2.209057154481688379e+00
2.333386220284999979e+00
2.312147989696139216e+00
2.122296158198790028e+00
2.289347057757694426e+00
2.367057063397446370e+00
2.219139152654537650e+00
2.257602375194709854e+00
2.270048094565364050e+00
2.235475033864501526e+00
2.306295138392848276e+00
2.281910871506457550e+00
2.264226748400058664e+00
2.204477783773884703e+00
1.823863087203018152e+00
1.898827932033451793e+00
1.958058535286548496e+00
1.831317439454176688e+00
2.061045566331243251e+00
2.155465467858364903e+00
2.195295500835499070e+00
1.933892555666331781e+00
2.022903941742605127e+00
2.078615182011315010e+00
2.097887711049281290e+00
1.970994648355938850e+00
1.863464947640304015e+00
1.840329733175194882e+00
1.974759802674399767e+00
2.065217905374517660e+00
1.874724083798578800e+00
1.775765760873244004e+00
2.088388468026784572e+00
1.995094135545715908e+00
2.277464913822243364e+00
1.895095950649996031e+00
1.914997191444461677e+00
1.991247272960468440e+00
1.888939059556651534e+00
2.267572152297406163e+00
1.742094601648420893e+00
2.197505206478541417e+00
1.958977769535163560e+00
2.040919258929600133e+00
1.956918611824466137e+00
1.836529605108755625e+00
1.941846391938100380e+00
1.912242776937699729e+00
2.137174059446607988e+00
2.050386698226509541e+00
2.170279457857193783e+00
1.893471097076521392e+00
1.916327331253070865e+00
2.046090708332671593e+00
1.826256314521011781e+00
1.915887920909281394e+00
2.093215896165089962e+00
1.954379658476667725e+00
2.105546135876638747e+00
2.047239488569237320e+00
1.928016512826654649e+00
1.913534845581324362e+00
1.738625132481280922e+00
2.199485578745617786e+00
2.374814871456275345e+00
2.271026706793991767e+00
2.120510696906852122e+00
2.230289726677757933e+00
1.983296617427479980e+00
2.119355476069259669e+00
2.139433314702317013e+00
2.034593407102770701e+00
2.031064764327056515e+00
1.860940615099558437e+00
1.978846417015486914e+00
1.929998178699998901e+00
2.144365223330831238e+00
1.983544255759049468e+00
2.189880391600379284e+00
1.874552390209573982e+00
1.850034159717167670e+00
2.018881964978946897e+00
2.066136441604061069e+00
2.050946826208823293e+00
2.057250038327613328e+00
2.361146687359691576e+00
2.032283705347404101e+00
2.105934626475092664e+00
2.155465514431139873e+00
2.037816847693651567e+00
1.974259314685279598e+00
2.207867753271889999e+00
2.210717216870706103e+00
2.204460874885757704e+00
1.930390173751667549e+00
1.982410851006362718e+00
1.935214583751340811e+00
2.005941362858883359e+00
2.043884095372438203e+00
1.871994794461067535e+00
2.055525257847547582e+00
2.177311096814686930e+00
2.288662153102698937e+00
2.067243778571253632e+00
2.118960718269332411e+00
2.289162430728901132e+00
1.907225339123334029e+00
1.981954049002793372e+00
2.077285351916010381e+00
2.007465453528436861e+00
2.311794976816725633e+00
2.070246951720229323e+00
2.127285252185152853e+00
2.473548587885907590e+00
2.201991110199507329e+00
2.159920722779863578e+00
2.257694981977308224e+00
2.066019908753011780e+00
2.198696888490758727e+00
2.014684257199228057e+00
2.411136128839709958e+00
2.014756717140290920e+00
2.014053519351444166e+00
2.498505953954495151e+00
2.419567410219751302e+00
2.299122729847677515e+00
1.771010405461509674e+00
1.773029061108301940e+00
1.945654649187631202e+00
1.973286070257975755e+00
1.855213859260978815e+00
2.112761365896272725e+00
2.067803110003116007e+00
1.900482318998386821e+00
1.938738978129640467e+00
1.852400933668522542e+00
1.959056792394421986e+00
2.002926951845735104e+00
1.960429479477945991e+00
1.847643082637027589e+00
2.147185911826750893e+00
1.995364984341412518e+00
1.927719364233589028e+00
2.104350261293360003e+00
2.057573140009096857e+00
2.201493104976878890e+00
1.879334884436832276e+00
1.980930070254143693e+00
2.162703890268403040e+00
2.176688771587226512e+00
2.282786727421321604e+00
2.075887140535132680e+00
1.877233178060755847e+00
2.075915350970862772e+00
2.106259945943709244e+00
1.998860148983108820e+00
2.016073337223497575e+00
2.172898558815107073e+00
2.039657370421261273e+00
2.036092390121528872e+00
2.007169416439857024e+00
2.261757717852595828e+00
2.109444806647501558e+00
2.173097722044201596e+00
2.125796827886564877e+00
2.202078497474487584e+00
2.236631427307541831e+00
2.238991556218970391e+00
2.087180657851679388e+00
2.256941152491621860e+00
2.232270217155523095e+00
2.142712480845112566e+00
2.192424657522610509e+00
2.185506113430406128e+00
2.009133504465216546e+00
2.310007766446821265e+00
2.482911194781576292e+00
2.160235805847628754e+00
2.289330615188522433e+00
2.290277683052151403e+00
2.247707352038446516e+00
1.863141112130909827e+00
2.165192445152305467e+00
2.013105901440787271e+00
2.113527610962035119e+00
2.115374988501093956e+00
2.080469161037811876e+00
2.213646009102319567e+00
2.180020837690743285e+00
2.101465147735551042e+00
2.125472220787879785e+00
2.036964578525146674e+00
2.137896252287496690e+00
2.187060016889125436e+00
1.968575268750708540e+00
2.159880844583464743e+00
2.130901832784154237e+00
1.934890701620546993e+00
2.078356187574240010e+00
2.023595917591413773e+00
1.848314322069577464e+00
1.974770636656208556e+00
1.915832988820786786e+00
2.031001223175250114e+00
2.059856693049773035e+00
2.226707625062033014e+00
2.208701254616676213e+00
2.297711320472007213e+00
2.224889172229271406e+00
2.371773928729782099e+00
2.157549029615786207e+00
2.268897873026389345e+00
2.168243079145158791e+00
2.102488528643393195e+00
2.214931078268261189e+00
2.044033140082063493e+00
2.047807338229972185e+00
2.214470768347221341e+00
2.428752127323780652e+00
2.373920571123172785e+00
2.459545869999519851e+00
2.162598008580062903e+00
2.009965044591045302e+00
2.118245095643376708e+00
2.106188958547040802e+00
1.954580766231559075e+00
1.941821950370987704e+00
1.950703991098213130e+00
1.879265551091878983e+00
