1.700797461851832226e+00
1.535222686605521636e+00
1.448502040345473141e+00
1.491749649614696693e+00
1.474010126244038821e+00
1.509194371766774623e+00
1.700151471404700132e+00
1.599929420733963381e+00
1.625868555882254984e+00
1.521008155701229159e+00
1.600319943011268009e+00
1.545704058202075792e+00
1.567021530185163547e+00
1.592283244394980590e+00
1.658436442253029108e+00
1.671148608976207539e+00
1.582686650468779987e+00
1.753277817202155475e+00
1.548970221604493158e+00
1.554770125871411501e+00
1.646876395562573814e+00
1.663807298585739280e+00
1.637473179946227431e+00
1.641764145378215689e+00
1.650062578923902512e+00
1.712182209573800185e+00
1.530829564207240479e+00
1.899649317818256300e+00
1.564477948193675472e+00
1.805152403484773460e+00
1.596283217093800610e+00
1.570970848861442892e+00
1.531756528353472202e+00
1.672085721103410805e+00
1.609002656815048171e+00
1.631715819530916933e+00
1.789974091304415538e+00
1.469971862658151052e+00
1.450853732620355441e+00
1.529304635450800642e+00
1.779046890135506098e+00
1.529065853304921507e+00
1.561710821228033730e+00
1.684532479762580692e+00
1.646101917259546132e+00
1.638754125378740767e+00
1.715779208461943650e+00
1.526303447995982498e+00
1.729559317399858243e+00
1.646072063414930176e+00
1.579934928258898363e+00
1.507202213761206222e+00
1.657279711437533942e+00
1.511711920118939068e+00
1.451373540394226946e+00
1.558092542896268640e+00
1.715546112363573350e+00
1.606737584496228166e+00
1.425362270462977365e+00
1.550976031121166443e+00
1.598416927223975881e+00
1.480409692327215643e+00
1.414084123897726863e+00
1.515702082772679260e+00
1.509233555970334706e+00
1.615355344184673525e+00
1.615653143852951557e+00
1.511241815465998117e+00
1.535157020061612476e+00
1.658482422062389494e+00
1.679787704042542851e+00
1.769840856169485388e+00
1.590158681385785977e+00
1.427252293027495345e+00
1.510083234243605910e+00
1.723142913798462184e+00
1.670829178172781759e+00
1.762961120759754197e+00
1.584732529225963304e+00
1.722269695577927751e+00
1.558675059736486013e+00
1.525213643959783205e+00
1.570389596897613815e+00
1.500619695797012154e+00
1.475571079484532699e+00
1.627715836208377231e+00
1.622067449983733312e+00
1.837646886463023543e+00
1.620707559061259850e+00
1.555766496553639522e+00
1.632466746497537757e+00
1.519763377329752529e+00
1.433254843451763572e+00
1.493003790208147219e+00
1.572858462019933512e+00
1.697959297273828438e+00
1.659911889590863998e+00
1.562699989187994909e+00
1.794881197790239469e+00
1.502538273119779610e+00
