1.822772354762426383e+00
1.816314666427913949e+00
1.870781518548249700e+00
1.771670600851234845e+00
1.755876205652167732e+00
1.971446153973729132e+00
1.787023977427354637e+00
1.924549090987863975e+00
1.719715894065817263e+00
1.802488393734672512e+00
1.940332633885928137e+00
1.816141903085358278e+00
2.009227433415717190e+00
1.971660668861972443e+00
1.636695984572540397e+00
1.712868552351606066e+00
1.679751620822552693e+00
1.643026412981984485e+00
1.587749231978468734e+00
1.675822273064763834e+00
1.753245302831212271e+00
2.059628403172942601e+00
1.678958566640021743e+00
1.674832589661550131e+00
1.812796308228144637e+00
1.791460016988084325e+00
1.715583869999217637e+00
1.901504309472942911e+00
2.035944538647252333e+00
1.727757781710690832e+00
1.907690423522828915e+00
1.822096236349647125e+00
1.880041953045826997e+00
1.642304385438648096e+00
1.664259154269794649e+00
1.659731851663692304e+00
2.072955967783804976e+00
1.795122359636143861e+00
2.092441763966110369e+00
1.963773789677411008e+00
1.816921497772730376e+00
1.963657029190025272e+00
1.675071229812845619e+00
1.810417466550846344e+00
1.775820828136849938e+00
1.915614624047928150e+00
1.911743641091578461e+00
1.750418319963527924e+00
1.691390711717198680e+00
1.684239417060553690e+00
1.801868038925404925e+00
2.018715278349183517e+00
1.977797998128804080e+00
2.077909172526594350e+00
1.688215888255331087e+00
1.793072826047762414e+00
1.765544489102479853e+00
1.795818688846765321e+00
1.753967947306478203e+00
1.607304279213493059e+00
1.888188361564737683e+00
1.662355297012438005e+00
1.639051662248111718e+00
1.837540257176575542e+00
1.636184219961106967e+00
1.749822260244997096e+00
1.791153386368862455e+00
1.850638109505463147e+00
2.065458737640875952e+00
2.166850529738874709e+00
2.124961778815797508e+00
2.292024516844255011e+00
2.152171856296794861e+00
1.721049040358214821e+00
1.828400701899330461e+00
1.653619092087456055e+00
1.767400415813108028e+00
1.798835176490562571e+00
1.767380932498438639e+00
1.961530910936721162e+00
1.810461660501184511e+00
1.864965172259542170e+00
1.841031458964152323e+00
1.868631187821345518e+00
1.715651190224072753e+00
1.882614105145167693e+00
1.843658402984888145e+00
2.027271731774301422e+00
1.942732752161921095e+00
2.031146432463502904e+00
1.891615217526175119e+00
2.013067900474658334e+00
1.785043959642421241e+00
1.775627984944381232e+00
2.014598539425032975e+00
2.269543274787499954e+00
1.946095156564540352e+00
1.884863728444876596e+00
1.882761954944757177e+00
1.912546235267666539e+00
1.862806520845968761e+00
1.810311967217297369e+00
1.842559395238295261e+00
1.726897155297834718e+00
1.941826524907074969e+00
1.746435527030575585e+00
1.800309948349986033e+00
1.784385311644705707e+00
1.710019069109255607e+00
1.769100664536378931e+00
1.973532424502364435e+00
1.907893252266646966e+00
1.791956311412124636e+00
2.060728969869805027e+00
2.029919644856103211e+00
1.832322826558552720e+00
1.684585545983982469e+00
1.918188519210740406e+00
1.717332489390874795e+00
1.876622384932745913e+00
1.814978406046431347e+00
1.838970375878953734e+00
1.924350309623310329e+00
1.774539868578874025e+00
1.830761659768454397e+00
2.046078194219515201e+00
1.749921019445904946e+00
1.835504486578112715e+00
1.879159122902587908e+00
1.837489109130665099e+00
1.990189462718048086e+00
1.856831864870563953e+00
1.915398919151845014e+00
1.802821134949112114e+00
1.950790261700520167e+00
2.023597136601638535e+00
1.832607724850021880e+00
1.912799206916927286e+00
1.756152913155024642e+00
2.125558786301228409e+00
1.814070488861323938e+00
2.011457282265333379e+00
2.047984784160175487e+00
2.088283388229164039e+00
2.057705331649855029e+00
2.126284331020368512e+00
2.106782081447545529e+00
1.853455235290934366e+00
1.743607371689451124e+00
1.939196813717676937e+00
2.021443717550271302e+00
1.834107709324972912e+00
1.960369401276082613e+00
1.920018813906901212e+00
2.164427020619786202e+00
2.133239127275595060e+00
1.973354181662537510e+00
2.158182128650196319e+00
1.853089690155553360e+00
1.887485590718559036e+00
1.922920223418681962e+00
1.782841258000096074e+00
1.813479422442336508e+00
1.762553476383587725e+00
2.007555893070599673e+00
1.867426574731217537e+00
1.947423023899765182e+00
1.975207510809081191e+00
1.961941278300199043e+00
1.888440965349019951e+00
1.915460695925458756e+00
1.965368694858867338e+00
2.137849710373645351e+00
1.954033385152141422e+00
1.954978663975782460e+00
2.231788104006629858e+00
2.063395383055640853e+00
2.275005154975466404e+00
2.253150002937946095e+00
2.049260694270580885e+00
2.167362888653212138e+00
2.049294866913821345e+00
2.029246570999829746e+00
2.024373302440940936e+00
1.785881306876738517e+00
1.868216210915103925e+00
1.718813976166615465e+00
1.778415429778748891e+00
1.643256368872723971e+00
2.025606973698822255e+00
1.882448273504118585e+00
1.977188026917959585e+00
1.964901321674763279e+00
2.033274087681280040e+00
2.059970757723074808e+00
2.040301983778860961e+00
1.965772917201524583e+00
2.200025301189920679e+00
2.111022921258941309e+00
1.980436954747555767e+00
