1.773444180356476219e+00
1.757668212257980533e+00
1.826596025371394205e+00
1.710061026866862788e+00
1.711013731294173112e+00
1.905458234690262875e+00
1.776442743715790362e+00
1.931513160916921379e+00
1.728607661832863407e+00
1.804643971806650926e+00
1.875951509145013185e+00
1.883813018469450373e+00
1.947032692398649623e+00
1.955906683003331370e+00
1.613517651665645536e+00
1.680349438222414005e+00
1.903813704954861130e+00
1.924606525277259728e+00
1.729002572992890174e+00
1.879759218855028058e+00
1.952719430955114133e+00
2.068940489853767328e+00
1.826201410223734722e+00
1.794321773377005158e+00
1.987231772735055024e+00
1.974899194172180072e+00
2.095965245811703515e+00
2.115957374215395870e+00
2.056256097382838099e+00
1.970637534492928333e+00
1.810596225225335809e+00
1.837205184366868638e+00
2.013961136820934694e+00
1.867558063311364425e+00
1.850202479564525770e+00
1.812755258926362911e+00
2.243191476535536300e+00
1.986167494813732670e+00
2.184323354901438030e+00
2.214584527005879266e+00
1.999386259967334878e+00
2.053211730649707079e+00
2.050058742161656511e+00
1.769863428870999567e+00
1.807365530398077791e+00
1.905389159935722221e+00
2.216919806041262042e+00
1.900169792823393156e+00
1.977243353236453727e+00
2.124312933819440197e+00
2.067958675072502750e+00
2.159766402662931295e+00
2.072504337110011363e+00
2.146906726349089300e+00
1.672390011901115026e+00
1.842736095142934571e+00
1.556203505723760649e+00
1.658564685470273803e+00
1.501099173705230383e+00
1.628399758591443591e+00
1.833788933354122852e+00
1.833603310576130019e+00
1.882793704407975222e+00
1.778350215978515170e+00
1.651272601843787102e+00
1.808836995807985737e+00
1.973106977150792751e+00
1.917435546832825244e+00
1.989490592926564716e+00
1.985809329045102434e+00
2.148392375431825485e+00
2.187758598991316195e+00
2.300196066697169250e+00
1.597244493751013072e+00
1.701758943366218579e+00
1.632299907640798908e+00
1.700809613025503708e+00
1.796715028571930661e+00
1.850453745898151148e+00
1.939204411681882290e+00
1.759095393725540690e+00
1.851701614983434885e+00
1.717722880089080473e+00
1.876605005829377948e+00
1.765163651048016868e+00
1.911596257957107303e+00
1.906644540681509792e+00
2.075225505656983938e+00
2.046728167520768249e+00
2.157420649194448536e+00
2.129322213851967849e+00
2.128603978246069506e+00
2.087458518521155604e+00
2.065983846660812251e+00
2.273076491369395491e+00
2.224257130912740799e+00
2.127609793932879079e+00
2.037196758740762004e+00
2.106088653796599708e+00
1.777172498012508095e+00
1.769590873552170374e+00
1.842515816352002345e+00
1.816028496847877038e+00
1.710270991028616239e+00
1.849925667750029534e+00
1.729170697307406357e+00
1.944143565750888980e+00
1.756150627072474490e+00
1.745460962054390386e+00
1.781929663645911877e+00
1.877805016365637458e+00
1.873862774501124262e+00
1.839345695614551524e+00
2.078966200101639128e+00
2.056635751733529638e+00
1.805065791705990019e+00
1.731796549706466015e+00
1.857155113306759198e+00
1.643154218053983984e+00
1.832258612314898727e+00
1.710436179341116913e+00
1.863650781211950491e+00
2.063597107209186543e+00
1.931268320935227267e+00
1.898240531804923803e+00
2.054839785525309104e+00
1.778528388428872065e+00
1.945379163269593592e+00
1.974888873122961463e+00
1.990516634368041160e+00
2.062472559491698387e+00
1.923364363985038406e+00
2.019593240069836870e+00
1.799306279927370911e+00
1.857221576390396089e+00
1.908757806701056658e+00
1.782001791217969977e+00
1.916474840457776718e+00
1.923406174413002878e+00
2.120411201171117810e+00
1.956655110988087864e+00
2.092723550849125758e+00
2.275766366240088434e+00
2.198904010522744201e+00
2.066987770725420948e+00
2.077264294407379364e+00
2.079749508285547499e+00
1.755259872574260083e+00
1.609530428476447783e+00
1.765979700925248697e+00
1.992537586390141557e+00
1.839887958827669978e+00
2.056123857411149558e+00
1.779032983601391837e+00
2.079424724248289724e+00
2.219033279339002185e+00
2.058210867989310078e+00
2.162124413843617088e+00
1.929883708791113150e+00
1.884893248380850705e+00
1.900450630486952397e+00
1.754821469029052672e+00
1.676161441061928770e+00
1.656099926618684215e+00
1.861978554470576031e+00
1.902330635590150587e+00
1.941119254801951355e+00
1.809052087003617748e+00
1.854912513111139916e+00
1.788825011309548518e+00
1.938273800610226472e+00
1.857764080447526389e+00
1.972389670225580094e+00
1.962656273692809705e+00
1.964285426605782092e+00
1.991096997797040746e+00
2.116290970973291330e+00
2.260121999984090024e+00
2.209356096747980835e+00
2.189084148696347043e+00
2.269591364923156274e+00
1.983260368212232061e+00
1.771071733916889324e+00
2.096168522377956922e+00
1.741699796419946544e+00
1.836348293880728511e+00
1.667739151457954705e+00
1.646857527906339103e+00
1.608441605925471141e+00
1.880680747631175320e+00
1.899130372137635581e+00
1.916292331078840228e+00
1.994476960625284345e+00
2.055566112994124950e+00
2.107876127543692579e+00
1.932670032886278921e+00
1.884277236443450354e+00
2.193995202858986637e+00
2.272262672130002770e+00
2.222685482418584879e+00
