1.624516783130601993e+00
1.516092132470696630e+00
1.507141839547160078e+00
1.464692512925076517e+00
1.463007256169131409e+00
1.505642993741395763e+00
1.736282130265288215e+00
1.758741547851505604e+00
1.589638082470717029e+00
1.579134993067998316e+00
1.782082518543540717e+00
1.737010612561082024e+00
1.742869901181552938e+00
1.812984859255040160e+00
1.923754254702159772e+00
1.678525353932048159e+00
1.713518895225159877e+00
1.969799636102736340e+00
1.681962419329023906e+00
1.911596697732544925e+00
1.915058858233605665e+00
1.917566649632938880e+00
1.952500681427492557e+00
1.748797550333586637e+00
1.765538300713523689e+00
1.872379557608350176e+00
1.772840265361112388e+00
1.967880319485166174e+00
1.835682673766404038e+00
2.004191801940633511e+00
1.698356547626022950e+00
1.700935865714525042e+00
1.573911405189343471e+00
1.847166322546496930e+00
1.803101203674615016e+00
1.850843557570243547e+00
1.859213195117177975e+00
1.621373131421910196e+00
1.524550142313231049e+00
1.593913734786211345e+00
1.828548788073196096e+00
1.645079959146184212e+00
1.750610942700842054e+00
1.677732823570781573e+00
1.728307471633486747e+00
1.895129530900072190e+00
1.901173650773672952e+00
1.846154041136892632e+00
1.898813841412731129e+00
1.833067950873709773e+00
1.657902782227499872e+00
1.527880008906185028e+00
1.650523518528628220e+00
1.538452192937104002e+00
1.473703662891620469e+00
1.656693498605896986e+00
1.682895101733082432e+00
1.725929862883373689e+00
1.567549628366428083e+00
1.656858266931906076e+00
1.672057147532668431e+00
1.537089657624043593e+00
1.614971188395018853e+00
1.677700319860231604e+00
1.713957044721588829e+00
1.891101587997990885e+00
1.669491697080271564e+00
1.567345832851034126e+00
1.691380908957167195e+00
1.982711459855085456e+00
1.903078255601559743e+00
1.935307991555967888e+00
1.960913433822116803e+00
1.461463899367376307e+00
1.588134707132994317e+00
1.892296721060167108e+00
1.798087917857254636e+00
2.041960107469396046e+00
1.695695590750420756e+00
1.732384784033388359e+00
1.766522036367502047e+00
1.850158518252623674e+00
1.705207373618154332e+00
1.754872514899267877e+00
1.787882290863977541e+00
1.907626247425693089e+00
1.782712482656491293e+00
1.907027657578211688e+00
1.905923617734739395e+00
1.607055580344429080e+00
1.609434292754883034e+00
1.555020804697470060e+00
1.471927900623811958e+00
1.668912189750848762e+00
1.745261266615746099e+00
1.666686223594221916e+00
1.835953419833116662e+00
1.793897465846313377e+00
1.872566277403024948e+00
1.795664817332329966e+00
