1.504033005703990566e+00
1.523256979216212503e+00
1.510094385684969343e+00
1.505020688982570132e+00
1.502722157855925333e+00
1.741315259263699566e+00
1.614992692417944742e+00
1.718026897402429753e+00
1.575374467782353349e+00
1.511147016585624003e+00
1.621689965112913079e+00
1.608480154034175769e+00
1.636787983496963195e+00
1.719444502161613375e+00
1.904644728047100166e+00
1.592774442057662831e+00
1.651345651106458590e+00
1.789904439790229063e+00
1.541220009069790509e+00
1.787522216239691542e+00
1.898971790404520243e+00
1.774211254483047728e+00
1.683799523539130982e+00
1.566922113556371565e+00
1.589871400949172786e+00
1.741701715718842580e+00
1.716605576026187796e+00
1.978884807398954893e+00
1.812780448655733068e+00
1.901206733508495450e+00
1.775875542027604670e+00
1.756789946229258659e+00
1.562449958133812045e+00
1.723889379200544747e+00
1.778934458366490778e+00
1.702917050103517571e+00
1.861393008813932992e+00
1.489281917671219091e+00
1.470992834211582334e+00
1.562906282789353618e+00
1.752483016734478261e+00
1.741328710907414035e+00
1.794830800466605814e+00
1.815117896396938768e+00
1.750970927827940171e+00
1.888638147356263897e+00
1.818572374623317112e+00
1.689151841230215334e+00
1.822569279395504172e+00
1.686212225560731026e+00
1.591436385985933955e+00
1.549189096416909717e+00
1.684084332725931166e+00
1.558789284195455593e+00
1.555065950071635505e+00
1.725886079887422930e+00
1.670365286035805363e+00
1.737568060428332783e+00
1.566198364246439212e+00
1.555798760900621858e+00
1.540829017576638149e+00
1.509427551785142319e+00
1.544465936145946072e+00
1.702584019458628806e+00
1.710835126361475389e+00
1.881906134281911669e+00
1.624726525427007351e+00
1.587357374969264878e+00
1.570605058225242212e+00
1.845756902105389674e+00
1.773732772864698548e+00
1.667579625004928179e+00
1.774925173522801769e+00
1.415045463851563268e+00
1.505834155632362670e+00
1.679514651101019940e+00
1.783026998639046790e+00
1.878270613602653016e+00
1.774243165631897101e+00
1.669984078499564317e+00
1.493264062850530705e+00
1.630571045274188835e+00
1.705609610112272634e+00
1.684788760182801548e+00
1.703041059249206679e+00
1.691490236592681606e+00
1.786311840925760119e+00
1.879681739051067169e+00
1.749793063749309985e+00
1.392863234486341639e+00
1.518970323704641912e+00
1.567786550570685167e+00
1.481939050865859420e+00
1.701914671758287589e+00
1.693472940635086132e+00
1.757390832486801058e+00
1.841004741875526651e+00
1.733062153689971963e+00
1.833568560259930758e+00
1.673533178480631101e+00
