1.681305496938225730e+00
1.524546758007479630e+00
1.465195673359916517e+00
1.544561780595208544e+00
1.494895879284583229e+00
1.533176357438255089e+00
1.737023638491962840e+00
1.756293187223452401e+00
1.579376139510247024e+00
1.586383197794565048e+00
1.706609240986009191e+00
1.746818723575636056e+00
1.788508952851864064e+00
1.866533081812126182e+00
1.944227290061360414e+00
1.666034141100771526e+00
1.719124308003600721e+00
1.979449242855639834e+00
1.703572033366487215e+00
1.912638523047396788e+00
1.871117075710011068e+00
1.926241322333399619e+00
1.942173069734776991e+00
1.757608411172060681e+00
1.857204085885008293e+00
1.858155669946889077e+00
1.790015950380601017e+00
1.911950691201861563e+00
1.788546766257361531e+00
2.036167450327925454e+00
1.655290249608308839e+00
1.549759315090643463e+00
1.554034188287234830e+00
1.864849885790593076e+00
1.766004494018414084e+00
1.870989339248740446e+00
1.777702169039492741e+00
1.523335567175669425e+00
1.463160832124465349e+00
1.576193491847351913e+00
1.898446321444883678e+00
1.649394211149643796e+00
1.707130612063235908e+00
1.682994421408562369e+00
1.708166194214624456e+00
1.913528147449004013e+00
1.926620003868392939e+00
1.867083595881852132e+00
1.826146208775701218e+00
1.792857749812477142e+00
1.639564151384372614e+00
1.545304447263523118e+00
1.646395075226089855e+00
1.550653440116358972e+00
1.472535373660496472e+00
1.673744761833394934e+00
1.667510901777289778e+00
1.742675184975366331e+00
1.644075873730018733e+00
1.698586067657339216e+00
1.742433578779932990e+00
1.633371894519465517e+00
1.658930367871121359e+00
1.728641667173424601e+00
1.718125515106485146e+00
1.874722523210595515e+00
1.704899754056520056e+00
1.665335139713706614e+00
1.705626588449457470e+00
1.956032187695895930e+00
1.877866329426945979e+00
1.922843858575886022e+00
1.880786768745089432e+00
1.441326773405406270e+00
1.684177149409699981e+00
1.945193570214780010e+00
1.803778589182901682e+00
1.977503300509844131e+00
1.659572435901795151e+00
1.599025883715186502e+00
1.707729454458067009e+00
1.814671007572241868e+00
1.675776553315067030e+00
1.709107832159655560e+00
1.743968531958160373e+00
1.973266026377915372e+00
1.830106652097548636e+00
1.979042052700721754e+00
1.911307063753036939e+00
1.581852513379767400e+00
1.593764446510543609e+00
1.462200650336070940e+00
1.417169107486889734e+00
1.624721751635005873e+00
1.683284790797096475e+00
1.716119939080046120e+00
1.897078853530806297e+00
1.899632084252680819e+00
1.850679523761283196e+00
1.776558609428148472e+00
