1.898055393818963266e+00
1.697117376210362627e+00
1.806697420553234679e+00
2.340314617134372277e+00
2.299425217913669162e+00
2.280027401082997507e+00
1.905173108827563189e+00
2.126555837163774054e+00
1.375309827692908771e+00
2.082210895954495822e+00
1.776277269460979635e+00
1.653111923047138054e+00
1.239050897372724336e+00
2.554521785221077756e+00
1.359932072295086281e+00
1.217051578450939475e+00
2.268572319046132879e+00
1.764627756845229989e+00
2.411567389201858091e+00
2.063142657235535804e+00
1.587085101038574475e+00
1.720493962193653026e+00
2.475790270795515724e+00
2.416470630944583142e+00
1.450833654542543316e+00
2.505439509147581401e+00
2.040999044348746239e+00
1.771552011319199149e+00
2.549375177514999979e+00
1.802226581587817122e+00
1.868190228218165716e+00
2.412159880382740873e+00
1.851569282033450836e+00
1.946701917582904118e+00
2.250488229711407939e+00
2.411942328002960600e+00
2.212211320317674534e+00
2.174304933229018744e+00
2.488829752754385005e+00
2.053526967748862120e+00
2.165906143246925097e+00
2.419846157608763093e+00
2.197331221427716308e+00
2.456419902875637717e+00
2.174238233514001362e+00
2.505529736674470431e+00
2.254033227068056977e+00
2.395984310674848849e+00
2.152911350149133707e+00
2.255175721421721402e+00
2.314742823097643232e+00
2.417315860661526372e+00
2.218148828363561975e+00
2.264327599441630756e+00
2.278016346720688645e+00
2.267151576961345061e+00
2.322539632187120784e+00
2.070871411014169716e+00
2.268594863172211706e+00
2.106164626169533260e+00
2.433769604793038166e+00
1.957849779168737703e+00
2.322547636078300837e+00
2.093881252882483057e+00
2.458293126597556277e+00
2.499555828677265890e+00
2.242186300430333290e+00
2.054144513234927860e+00
2.294050784498708584e+00
2.528394762772783189e+00
2.351085297090512949e+00
2.587441703291466943e+00
2.608024424891753679e+00
2.395587934723097501e+00
2.581476853820098505e+00
2.561795530943051791e+00
2.356184031224233255e+00
2.445384316624268362e+00
2.602043633670925171e+00
2.493908755775770203e+00
2.534209473333468132e+00
2.485112146404762079e+00
2.263385655496450433e+00
2.310772942869326219e+00
2.405366324962686431e+00
2.387408984828720548e+00
2.072421608959670092e+00
2.262581574116878436e+00
2.474672420448749577e+00
2.394983750056189464e+00
2.438523221006356323e+00
2.445988121120661773e+00
2.256373728299696513e+00
2.250089531230309081e+00
2.402647179521808951e+00
2.451544589326239088e+00
2.402714829053380186e+00
2.620018304050543811e+00
2.431119875032227373e+00
2.371505927631015531e+00
2.456259913587092392e+00
2.663122539719060100e+00
2.766846509972234358e+00
2.830948305424656475e+00
2.758289342617766593e+00
2.546496608930731043e+00
2.738817680614387573e+00
2.656614907254803093e+00
2.549869767634655560e+00
2.613586034092641786e+00
2.671168638273708762e+00
2.297350990240511592e+00
2.264233785243823682e+00
2.287376077782208306e+00
2.337150031847224252e+00
2.361909710083954561e+00
2.242464621624808974e+00
1.954224178782877130e+00
2.619118806907146269e+00
2.313107295484935211e+00
2.826612880769592273e+00
2.654936531797715382e+00
2.483157183327435291e+00
2.605303591820297360e+00
2.563675469447426636e+00
2.524089940952356947e+00
2.712386100459621030e+00
2.570781852117806299e+00
2.684684714313074316e+00
2.639099619443429301e+00
2.488072920613420891e+00
2.463261462434348292e+00
2.742963327723201505e+00
2.593666436092023631e+00
2.348383944078640262e+00
2.583287882423511483e+00
2.608638537324006634e+00
2.621741963874841819e+00
2.149750447518198548e+00
2.274701307438203646e+00
2.147700375983419896e+00
2.148566960849636054e+00
2.184021873103154654e+00
2.340092663439744314e+00
1.941950879069020752e+00
2.074195321376135492e+00
1.716379538025289531e+00
1.893166790287574841e+00
1.944789907225747738e+00
2.140879233716275198e+00
2.089108367806082445e+00
1.565975651384657885e+00
1.666916402504277972e+00
1.910056103833845942e+00
2.337542722560940422e+00
2.504955741488797738e+00
2.573203788604414122e+00
2.563590177576655194e+00
2.498713453474671553e+00
2.289019286318886071e+00
2.379483245653490009e+00
2.374125391602901036e+00
2.350097195702202324e+00
2.723400725479477202e+00
2.697692055332196581e+00
2.152179110442973275e+00
2.455634190994946398e+00
2.457302999022367818e+00
2.487606758811570007e+00
2.545905414237863429e+00
2.603114282483426578e+00
2.474326124307607788e+00
2.587820192189017376e+00
2.632328349965529224e+00
2.571575554967909572e+00
2.417153001336117324e+00
2.676848417686529036e+00
2.723061087222964360e+00
2.667964891358955093e+00
2.696495204790237743e+00
2.705308202730023481e+00
2.681319705224368910e+00
2.571807555368161413e+00
2.577220005678543924e+00
2.673315691827058860e+00
2.302166115957597903e+00
2.383155789194772112e+00
2.460610282418479677e+00
2.094144097027943019e+00
2.265128021863126229e+00
2.098095370066677123e+00
2.410526169910855110e+00
2.276969747364414598e+00
2.219429956163667672e+00
2.402978141866978223e+00
2.227160826963399121e+00
2.209405348372162514e+00
2.197233129257720297e+00
2.478497714263049545e+00
2.378871497095352172e+00
2.328355403159130699e+00
2.491841956642865785e+00
2.433995872670556615e+00
2.365262994667476804e+00
2.574197079122225507e+00
2.554863419650380330e+00
2.352811120398653255e+00
1.957310488525376480e+00
2.275370120156312570e+00
2.132666025885364025e+00
2.253820032603069290e+00
2.373287911434028619e+00
2.271929446178150958e+00
2.404593346713129520e+00
2.358467142587952203e+00
2.378785911888685600e+00
2.510918877958459472e+00
2.359046810261565152e+00
2.474293040609972572e+00
2.672924831662431888e+00
2.457621971583086928e+00
2.391152710594766528e+00
2.563966655713377563e+00
2.467690420050624667e+00
2.498753140121964478e+00
2.484692290993107733e+00
2.523100500288451009e+00
2.433294954084325834e+00
2.530942701828359009e+00
2.460602188377861044e+00
2.798823667116922653e+00
2.768242978183989678e+00
2.664219383517419715e+00
2.536665920333232016e+00
2.594247590456665531e+00
2.711045391478916322e+00
2.438672129820771417e+00
2.626860302961449900e+00
2.460302277332389043e+00
2.521093475190540278e+00
2.706395150063692245e+00
2.500061763622407174e+00
2.507268778753186211e+00
2.552184531282249313e+00
2.575497284835398304e+00
2.406871224751169436e+00
2.570305468725272213e+00
2.604238211036783657e+00
1.710597907299745257e+00
1.862335679462135296e+00
2.000990004803121725e+00
2.277179915086278594e+00
2.178417700089161801e+00
2.171003388514244570e+00
2.194544693487504361e+00
2.207929867735693552e+00
2.129890004060618569e+00
2.203218999140021062e+00
2.148242272621991855e+00
2.050187288959469001e+00
2.151751056359866521e+00
2.265252148577570068e+00
2.166638242221547550e+00
2.247709946694656846e+00
2.017928664713905196e+00
2.368367143071894443e+00
1.987626540473177883e+00
2.226857769048583346e+00
2.287287094001818399e+00
2.505705954458713247e+00
2.054326911059339178e+00
2.312171393153003240e+00
2.308126173839244011e+00
2.403888471958558259e+00
2.059739341383263866e+00
2.236107339929792825e+00
2.421646208978443404e+00
2.248575915818290305e+00
2.224627210325997861e+00
2.144069413552710301e+00
2.138842353797291818e+00
2.472795441992240217e+00
2.370036214446795686e+00
2.333821822416913161e+00
2.571240119067031316e+00
2.237268551368684744e+00
2.301885217713903753e+00
2.369727073730895306e+00
2.314912395340590567e+00
2.771796117088231259e+00
2.551577683183232637e+00
2.504676396440372876e+00
2.352323263173663026e+00
2.380424656418625329e+00
2.492427406868324535e+00
2.548757422670276274e+00
2.291590823938878696e+00
2.327828680578259757e+00
2.160811943302110016e+00
2.312492292919049675e+00
2.308099389042600258e+00
2.277735940503732071e+00
2.148050159937106685e+00
2.277554995697759210e+00
2.278321468888840684e+00
2.464897158834272073e+00
2.115635299668788161e+00
2.352114360738302601e+00
2.527173585525809063e+00
2.295903075024715356e+00
2.584366978848654295e+00
2.133257992549535409e+00
2.370453945076119062e+00
2.296252637289672549e+00
2.545199793007758782e+00
2.471096258043527172e+00
2.286247057973162633e+00
2.630752405806467298e+00
2.219154448842888261e+00
2.516188612071708963e+00
2.370216677568786956e+00
2.527521388472164787e+00
2.430829239687930077e+00
2.445566298917238868e+00
2.552624604076145776e+00
2.214336522156907350e+00
2.558179773297407866e+00
2.427223746793440995e+00
2.528641469785104956e+00
2.368655457743422676e+00
2.432749606000053078e+00
2.437486617414347467e+00
2.477531401975480829e+00
2.356746051800697739e+00
2.251318886364950256e+00
2.262890337825581355e+00
2.445174393901412557e+00
2.410362536529988109e+00
2.559481962798690002e+00
2.253850320698061349e+00
2.490686237509552647e+00
2.660436768283868769e+00
2.362741544666125293e+00
2.164215234870476401e+00
2.352973070870201688e+00
2.537753508162202465e+00
2.432446597258595578e+00
2.688130103600738341e+00
2.505475107458647432e+00
2.675444307888062756e+00
2.195683673070321529e+00
2.517583569048568837e+00
2.506156536594845274e+00
2.702997726697015324e+00
2.632881686558663059e+00
2.682808645983647100e+00
2.778216107883970221e+00
2.735675633164309506e+00
2.593308107139354224e+00
2.702937905186888479e+00
2.637808682983149744e+00
2.571444442420402599e+00
2.657138438698587013e+00
2.582164681751455859e+00
2.615739302763298024e+00
2.468524872596565611e+00
2.180527888194542907e+00
2.493597397967194595e+00
2.286901542706832213e+00
2.532667074153386100e+00
2.316308205410666510e+00
2.538550436872408333e+00
2.595759252784909155e+00
2.555180711044900743e+00
2.521997059621900128e+00
2.647288233094591270e+00
2.727058776507089721e+00
2.326398777185713751e+00
2.407270448907874894e+00
2.681865440161890657e+00
2.613143421814478007e+00
2.678084257377340016e+00
2.551254264271558103e+00
2.483516136180605738e+00
2.714592573949272225e+00
2.525147854340443754e+00
2.470711677897836189e+00
2.681189968306322946e+00
2.407907202539524061e+00
2.587339480667151026e+00
2.376780913320150290e+00
2.638011741092629592e+00
2.518102532319021147e+00
2.359987580531282436e+00
2.735589848665334944e+00
2.592929159916622872e+00
2.730468647865222920e+00
1.956307909145132973e+00
2.094264671367250585e+00
2.109450107319282175e+00
2.185683564850311456e+00
2.064172129368102127e+00
2.261176706432089123e+00
2.238499774275412246e+00
2.114131815990563101e+00
1.775473706782055405e+00
1.808218432328683623e+00
1.966785369867490418e+00
2.012985672602442655e+00
2.171806670193630495e+00
1.847706022927668723e+00
2.140559020378377753e+00
2.164308950139726573e+00
1.944522408403248859e+00
2.504489982741270548e+00
2.582186392321616619e+00
2.595226734314586281e+00
2.519363516496408995e+00
2.417156444250103231e+00
2.634292596004616627e+00
2.373978081263389939e+00
2.492057905352524028e+00
2.387685852039665768e+00
2.154900984003549791e+00
2.389500566207786836e+00
2.410073480669551405e+00
2.396449545023361605e+00
2.504122204360866188e+00
2.620496731235396837e+00
2.577992462662864082e+00
2.612090719426666485e+00
2.527901371042064582e+00
2.680426010075338983e+00
2.520750339185946043e+00
2.528198765167787965e+00
2.419383273133437484e+00
2.519840021825765941e+00
2.538173477678866696e+00
2.630088012539019804e+00
2.578201684414443307e+00
2.716797836019789969e+00
2.796662771001920955e+00
2.688105281007621361e+00
2.439899890375444080e+00
2.658158445657617719e+00
2.600953973342724268e+00
2.717814106047232059e+00
2.826288225769619356e+00
2.553740086404067355e+00
2.531857162201295974e+00
2.530877155168491210e+00
2.633793825530657884e+00
2.318276017561445634e+00
2.269604377117697691e+00
2.470333200642031102e+00
2.242948220422360084e+00
2.411074275200157047e+00
2.517769357604305203e+00
2.696449319264370370e+00
2.729457833282015411e+00
2.268474155403131576e+00
2.417008937306552863e+00
2.075757249273864957e+00
2.262325202345842889e+00
2.365954760929751099e+00
2.229239656560775718e+00
2.275201703386693808e+00
2.227307996041597793e+00
2.288919807291212472e+00
2.263945628089325979e+00
2.292858607293452700e+00
2.043113514818417187e+00
2.262579870016936390e+00
2.441141665473154365e+00
2.105516523185197109e+00
2.217514006229555967e+00
2.170505805146038192e+00
2.344620181983299023e+00
2.546601990441463403e+00
2.411256265527040643e+00
2.538611355765824307e+00
2.523769019783205447e+00
2.521737425487552642e+00
2.550232043678779981e+00
2.534753295164348774e+00
2.575416679445490686e+00
2.660890876766047963e+00
2.578220195907180656e+00
2.739804844381839466e+00
2.623386570076044144e+00
2.521606347404652837e+00
2.730229742906912449e+00
2.578641445860351933e+00
2.440739115707349249e+00
2.714233678218905599e+00
2.598167640814126322e+00
2.400059370917451584e+00
2.455987732878902818e+00
2.561691463948521985e+00
2.519214275139153081e+00
