1.697805063382573865e+00
1.512607231843971389e+00
1.498293182602304041e+00
1.546328027598848465e+00
1.488763260798883437e+00
1.484616284509704398e+00
1.735152098080345207e+00
1.764541002104872858e+00
1.502949655931431483e+00
1.550304624622075522e+00
1.637232984218207177e+00
1.675708360893729321e+00
1.626439488025235303e+00
1.687413271855760399e+00
1.792842747099120837e+00
1.724755809084939751e+00
1.639564167671305972e+00
1.822930495933496875e+00
1.594561996113592617e+00
1.697415043237628263e+00
1.774939904426014126e+00
1.723286291373124168e+00
1.742243963902709636e+00
1.655186165339287196e+00
1.691599330373654286e+00
1.722560448419939494e+00
1.517069237037887319e+00
1.783880117328804360e+00
1.629934756645651461e+00
1.838626447461556790e+00
1.674794543757986087e+00
1.619545108629100838e+00
1.573520345594867198e+00
1.709902930955492950e+00
1.582878938355668286e+00
1.714057359409833170e+00
1.700261413609863492e+00
1.558878516884356857e+00
1.488092423519962848e+00
1.552920060781085132e+00
1.776298273651863546e+00
1.591113778442262650e+00
1.647395688215627985e+00
1.682541987802465666e+00
1.632676474507189113e+00
1.683076654713228759e+00
1.610438857242930011e+00
1.571783704967774087e+00
1.816589049050126192e+00
1.629631833761712612e+00
1.746716643790967582e+00
1.544010713772316690e+00
1.673203250839451206e+00
1.553651110253299272e+00
1.517868137823541241e+00
1.689948997398482256e+00
1.692768282678812852e+00
1.698150505075993744e+00
1.626544462070248276e+00
1.647064158241297482e+00
1.627149731768961827e+00
1.517490867261881204e+00
1.503538659155829293e+00
1.617165988787579556e+00
1.581147291080490014e+00
1.696952285872372235e+00
1.668724938098489652e+00
1.576350563050963105e+00
1.619403510151310011e+00
1.777900601213971310e+00
1.785305004460327583e+00
1.816165080060259118e+00
1.695856811775434236e+00
1.481956673281799031e+00
1.645694990758027831e+00
1.849907153347558175e+00
1.668162994865292958e+00
1.811185812097527936e+00
1.686892448704769176e+00
1.713425977633234565e+00
1.580463279154585621e+00
1.684677038772135482e+00
1.660193252152522669e+00
1.598756408878103441e+00
1.560404890877354012e+00
1.719954004471058395e+00
1.868078717413637957e+00
1.921349319717950754e+00
1.833100654366287552e+00
1.562443366208879914e+00
1.684027706875072861e+00
1.634936763161676465e+00
1.507940662793180620e+00
1.589809142144503085e+00
1.621468413681432130e+00
1.707828126102890920e+00
1.726727030484739300e+00
1.637590503215452520e+00
1.926992148798610138e+00
1.739056204671876271e+00
