1.739285425905491511e+00
1.511264945061618681e+00
1.462124146388514179e+00
1.503554150526821509e+00
1.446013902453865851e+00
1.529175019689431814e+00
1.717195428582766192e+00
1.750105148435701308e+00
1.550529611775328664e+00
1.587040985590318698e+00
1.746501918606866655e+00
1.711972189667659627e+00
1.720229356763779638e+00
1.816962702549060005e+00
1.868286231902111849e+00
1.675522814216447776e+00
1.671716971859395384e+00
1.852992850652785517e+00
1.649125570711259980e+00
1.865741856911285579e+00
1.865041175575330445e+00
1.851303557527363530e+00
1.836891677870760908e+00
1.722194088263681033e+00
1.679070612318550593e+00
1.777239960608113067e+00
1.725778401794883177e+00
1.948936880956513518e+00
1.765752674893053875e+00
1.935984918254010756e+00
1.691212728400742993e+00
1.552211463873368835e+00
1.521495259680754497e+00
1.702895179387985847e+00
1.720172645388931221e+00
1.853732267784925947e+00
1.917199328590309504e+00
1.535153852998849322e+00
1.479062712187233508e+00
1.600030747300279277e+00
1.835974270117265883e+00
1.658627780741895652e+00
1.736044174558107001e+00
1.692407269723119612e+00
1.730573077974307816e+00
1.826586347736070648e+00
1.783219174154201170e+00
1.680246442026227749e+00
1.908778595876950535e+00
1.841190280159534121e+00
1.603246977229399794e+00
1.568025636425188551e+00
1.684537309052174248e+00
1.568594920799455839e+00
1.479437298657914512e+00
1.623225977053934121e+00
1.692342911638888170e+00
1.681800381534891642e+00
1.559973219859025262e+00
1.609406758964326389e+00
1.558904819154209198e+00
1.506278501165664085e+00
1.510652234870367039e+00
1.630432638296307468e+00
1.691298654700785109e+00
1.858278543183423448e+00
1.636671190111765206e+00
1.579372418484484841e+00
1.617044437790345457e+00
1.962238062628692381e+00
1.896334317469276387e+00
1.701756576250923025e+00
1.785417776871707662e+00
1.485610527750569787e+00
1.615849096497974147e+00
1.731056199049863187e+00
1.785562483787369592e+00
1.940511452474201759e+00
1.685692748660090112e+00
1.734539587917689918e+00
1.598060971151898269e+00
1.755063153576432722e+00
1.673994112627333664e+00
1.640311977418322575e+00
1.626310884385529398e+00
1.667279561574220414e+00
1.870665596959665722e+00
1.885484489509775985e+00
1.873233776525343508e+00
1.491159086360718256e+00
1.589783794919995552e+00
1.574599324474161843e+00
1.454478517573604357e+00
1.688928696856721201e+00
1.658503661956025166e+00
1.680952298247730958e+00
1.776917585918594389e+00
1.679249801386220042e+00
1.804835939187500404e+00
1.758076799234117971e+00
