2.077358197670222228e+00
2.026794165247191692e+00
2.211349415205761115e+00
2.074003056100151454e+00
2.170974134333295336e+00
2.114702070982917625e+00
2.125199172102964162e+00
2.331659987505298570e+00
2.006611533072023335e+00
2.071722310054864291e+00
2.038859285196696014e+00
1.926346766953960898e+00
2.054667424891977401e+00
2.188138483352515706e+00
2.250711360055516419e+00
1.996960084228252885e+00
2.230644155659776029e+00
1.982668630357508066e+00
2.303743436331337158e+00
1.912896994262944572e+00
2.016044402574108219e+00
2.055047477124333888e+00
2.372714592489352015e+00
2.307324339797925283e+00
1.992888979041662845e+00
2.228690286486936678e+00
2.142551514671741320e+00
1.971591564187934020e+00
2.331364272278360517e+00
2.011845246315947744e+00
2.083630116291833811e+00
2.413246023011522023e+00
2.015101501382560389e+00
2.114559647905165818e+00
2.219323777674751863e+00
2.357992685646206787e+00
2.233097334636005016e+00
2.353094696317151957e+00
2.338951255775196358e+00
1.756108560445614808e+00
1.984438508443518767e+00
2.066839319786680118e+00
1.979569031578994887e+00
2.269770415922579776e+00
1.825495537862325879e+00
2.348930937818089593e+00
2.181086813739492314e+00
2.244603257793286843e+00
2.076462632548905507e+00
2.200438291091785903e+00
2.056557040487554389e+00
2.233391367367043134e+00
2.142439163556148607e+00
2.140029710523221773e+00
1.997828563749205477e+00
2.086816981760426959e+00
2.060898265693323683e+00
1.838305525196093804e+00
2.147551582210276422e+00
1.956618011192936768e+00
2.138330157829950284e+00
1.979752014165107710e+00
2.016984475511746755e+00
2.096112150191760559e+00
2.064156003929067840e+00
2.344666812700062941e+00
2.136201371330007426e+00
1.975854393282306498e+00
2.188831378907616809e+00
2.147447778426891052e+00
2.203510236658850374e+00
2.192620400953928961e+00
2.354311540623698296e+00
2.117541057874937849e+00
2.196384067001999618e+00
2.091901479113956519e+00
2.268628953201326848e+00
2.107766220035708127e+00
2.627977701866077709e+00
2.236552426322614195e+00
2.223074556764453202e+00
2.490872718443899458e+00
2.102330515506812603e+00
2.219829560686003678e+00
2.113029788243824481e+00
2.284153097730783344e+00
2.127280412678683952e+00
2.401919801848116265e+00
2.384372773317812833e+00
2.383586753429387972e+00
2.258029709079916625e+00
2.133356766812252836e+00
2.109364731802405135e+00
2.056722334025558041e+00
2.149891637671450528e+00
2.194626952792802843e+00
1.990429677905124484e+00
2.471510682200032782e+00
2.051166645581720349e+00
2.101771426132093445e+00
2.053988046495156983e+00
2.137013713509933854e+00
2.543308938491632087e+00
2.579126158935778346e+00
2.478772603619026071e+00
2.270932206201922821e+00
2.449949622826544715e+00
2.304281635094265202e+00
2.296407249095897551e+00
2.277132520955306383e+00
2.193589628899721866e+00
2.041313558671096651e+00
2.154956499680818371e+00
2.030813217388200087e+00
2.127389926996170022e+00
2.149980472988440638e+00
2.201525050018851903e+00
1.722341066756830186e+00
2.475776708206793852e+00
2.135976138883760367e+00
2.592262291972171617e+00
2.439771672707039762e+00
2.196838724617991456e+00
2.384605788367906154e+00
2.308274333647967858e+00
2.365612064148737925e+00
2.520760037720934932e+00
2.354466713252879817e+00
2.477003841328995648e+00
2.497811116196506642e+00
2.347257881034476412e+00
2.352028087680230861e+00
2.434946925781294791e+00
2.492796187186306689e+00
2.267235649452191915e+00
2.337147342446531884e+00
2.615385521239443900e+00
2.409402352710509287e+00
2.000530430399792170e+00
2.208868054161644334e+00
2.034157584859805912e+00
2.048384448592600826e+00
1.985719823714562349e+00
2.181396450793000596e+00
2.037813635703652260e+00
1.970552519705350170e+00
1.910091415498913703e+00
1.986460345826849938e+00
1.951262806987000387e+00
2.202956188945947691e+00
1.963268076483374314e+00
2.007803120351646875e+00
1.882286146681102057e+00
1.827832694211954490e+00
2.261756681769192756e+00
2.171669786746764697e+00
2.323559867961889402e+00
2.184768190195254256e+00
2.321719947629765635e+00
2.179042490914248287e+00
2.035265102503407864e+00
2.177915597160259509e+00
2.584352676288505180e+00
2.361721155793516935e+00
2.468154460849908194e+00
2.006772670195009933e+00
2.201740616287343855e+00
2.298249495698580169e+00
2.182025816546027563e+00
2.260675118771071190e+00
2.489094642153518944e+00
2.222702101099105487e+00
2.453169962969728335e+00
2.397157212226670886e+00
2.345101435379413513e+00
2.305954482320409227e+00
2.633366457837080787e+00
2.590554945282918631e+00
2.541940208563038706e+00
2.551491241225981810e+00
2.615977700539870110e+00
2.583414480866319973e+00
2.421969508594334464e+00
2.511171932202155510e+00
2.452802107505573481e+00
2.138021675007705902e+00
2.327063579669129467e+00
2.370611924802682235e+00
1.768807778295808930e+00
2.143913924487129918e+00
1.865074327039135671e+00
2.327243769633907444e+00
2.122385596134306773e+00
2.044140654227518006e+00
2.235001099712436989e+00
2.070049939959858865e+00
2.151172170789744875e+00
2.125543679732354363e+00
2.252017720214310792e+00
2.156266849557310739e+00
2.106782361634742529e+00
2.372739011090856831e+00
2.127451390448991120e+00
2.214549879995960868e+00
2.348532414875942997e+00
2.292114486194242851e+00
2.222084885917265940e+00
1.896183890381131221e+00
2.034366850753297040e+00
2.040073452357439532e+00
2.046572129781388139e+00
2.068041692932199194e+00
2.088753548713237596e+00
2.258868123560392682e+00
2.060231022653729926e+00
2.160822985851210909e+00
2.285042422389299777e+00
2.095046078039401127e+00
2.280518219467611907e+00
2.428353522491305316e+00
2.392313750581049892e+00
2.177911309301397313e+00
2.509996771059836096e+00
2.222764371442335740e+00
2.381569405343562096e+00
2.396022398319324065e+00
2.391479029335639162e+00
2.275915631135924766e+00
2.327199673311796779e+00
2.418097238562030515e+00
2.442357925496746240e+00
2.325124572898796593e+00
2.359594742244318422e+00
2.437884274939488449e+00
2.613223856325574967e+00
2.524593686665896453e+00
2.286222751030727807e+00
2.515149962014031182e+00
2.350395612806238876e+00
2.316690258286380200e+00
2.634984952679034542e+00
2.380272528100431551e+00
2.443566290879481517e+00
2.323249403472445795e+00
2.378281759807268081e+00
2.356931569824385342e+00
2.519867919476389329e+00
2.499756340434433177e+00
1.923671746281571338e+00
2.032007815072689905e+00
2.077261402608378660e+00
2.188985181956861314e+00
2.170844419949306658e+00
2.195931505468271983e+00
2.148042502133814757e+00
2.203846072970023773e+00
2.149211331634421462e+00
2.175125922675032353e+00
2.211545883884451946e+00
2.036339947404849582e+00
2.008339994703198794e+00
2.124894454296493596e+00
2.300207514366237938e+00
2.228758003503552132e+00
2.001866838905258739e+00
2.478645165397827643e+00
1.973722237727000728e+00
2.234036118227802348e+00
2.113914433850436758e+00
2.523943717743612591e+00
2.071894898800735518e+00
2.107504608252244616e+00
2.255808620485275195e+00
2.442900008271392753e+00
2.032543000745511197e+00
2.271974015047188544e+00
2.354896418444119899e+00
2.185381600238243571e+00
2.274722622210287426e+00
2.086508614238108628e+00
2.155213663941333735e+00
2.321893885475737385e+00
2.402796404670834551e+00
2.392547993881911861e+00
2.496359315812427759e+00
1.887891159440517885e+00
1.903584333424854558e+00
2.001173861635475504e+00
2.032531239044029991e+00
2.335392734435071560e+00
2.253287825251538923e+00
2.214847709440146417e+00
2.058723026783277010e+00
2.132683644804383771e+00
2.226634610202195219e+00
2.249142960742115172e+00
2.156548799501654567e+00
2.106428196163901312e+00
2.094156043786852717e+00
2.085538571275089126e+00
2.083235932654353473e+00
2.112345570439889020e+00
1.989034235455675592e+00
1.996330818776517635e+00
2.216793224264473672e+00
2.293487838424606462e+00
2.114720372265301851e+00
2.052889493498449180e+00
2.075673581530551370e+00
2.005736972157816655e+00
2.384521943199848781e+00
1.947201237275634877e+00
2.170304949561909780e+00
2.052049917263920609e+00
2.170224945360220925e+00
2.231380168552099530e+00
2.049646826974274916e+00
2.382587568586956195e+00
1.999800773664441866e+00
2.261008730852582804e+00
2.098784710927116048e+00
2.267099257421411718e+00
2.344103872391959609e+00
2.035539750837280781e+00
2.332707683917062624e+00
1.857041488367592308e+00
2.337825054288170001e+00
2.164442508286302580e+00
2.383033108830006519e+00
2.179687261128882447e+00
1.943570236452375255e+00
2.040514711367299228e+00
1.983587134014495712e+00
2.074581399240353008e+00
2.223484091770129290e+00
2.397821331718816840e+00
2.370874634242216228e+00
2.344808328736084135e+00
2.449986312403003463e+00
2.081043355348269230e+00
2.309701677649970364e+00
2.498053682646486529e+00
2.205975501254236804e+00
2.030164859515135589e+00
2.167208450861831892e+00
2.349812751284671375e+00
2.301267513335956139e+00
2.548823437046276563e+00
2.422837215723182780e+00
2.483695096560823767e+00
2.135105966967549396e+00
2.279149060068493160e+00
2.342805566714097232e+00
2.302487945308970829e+00
2.481353788480807676e+00
2.469010913303734345e+00
2.389043515956413177e+00
2.521854834407306623e+00
2.224991040568108591e+00
2.385033292299658214e+00
2.269735320511459431e+00
2.292521096963780369e+00
2.282135811844600237e+00
2.193138850458958622e+00
2.227185577543637329e+00
2.095462660538446986e+00
2.045304481437999478e+00
2.338210539314194758e+00
2.144855052820646257e+00
2.285658166585608164e+00
2.240348379341529306e+00
2.312328111394400310e+00
2.269011735613941649e+00
2.131166438638260718e+00
2.227192730796829778e+00
2.358120601984492026e+00
2.340886409353379882e+00
2.059640508568961970e+00
2.209642807668277253e+00
2.354061452436481794e+00
2.360881731366333725e+00
2.393984071677823344e+00
2.303032161150582180e+00
2.273821750517749152e+00
2.596101492719458559e+00
2.304631092340732934e+00
2.268258946653266328e+00
2.431085016321777204e+00
2.251154110672671127e+00
2.389760579751000424e+00
2.018204100970736103e+00
2.400990092873730664e+00
2.219395555510738305e+00
2.086134424157781275e+00
2.394322096913119147e+00
2.401264579436537705e+00
2.410337896660931012e+00
2.014390263179924201e+00
2.069663420844430224e+00
1.952701306065933284e+00
2.146127464050015199e+00
1.985645478483236914e+00
2.175931706192002490e+00
2.217117802721947584e+00
2.082056443294171277e+00
2.081549927622342366e+00
2.088682747355915303e+00
2.111081931854133398e+00
1.878562927470585953e+00
2.161287537907882861e+00
1.944278292775196260e+00
2.145183308421007240e+00
2.311978885585529664e+00
1.836744786349523428e+00
2.264122969761492854e+00
2.323646646754539802e+00
2.404242123582716051e+00
2.348012373576807033e+00
2.258812098554895176e+00
2.462653581773281086e+00
2.294096812551718489e+00
2.287465682779544984e+00
2.072712116121750103e+00
2.047963912685988763e+00
2.168729633215360941e+00
2.196932033427663189e+00
2.067626104445743795e+00
2.196056021855440132e+00
2.397667394950375286e+00
2.252206022336136648e+00
2.178133031091811223e+00
2.132429163208596545e+00
2.346391179723699594e+00
2.225472821436182524e+00
2.422562009451128429e+00
2.172511635250363504e+00
2.233329935179753978e+00
2.491951812928314691e+00
2.472713374850783463e+00
2.360496884642472981e+00
2.306390917918508698e+00
2.502910191559575281e+00
2.320568651501361046e+00
2.325513518652285949e+00
2.380075188597076785e+00
2.326592328721093228e+00
2.619332916231329467e+00
2.608495267803679241e+00
2.466360049533284027e+00
2.351729555564501251e+00
2.417461056262285357e+00
2.428646007581951149e+00
2.031809898809156412e+00
2.352032592262647270e+00
2.356889554661268704e+00
2.134198859747627353e+00
2.364383585464478799e+00
2.351775447264408125e+00
2.466244677692226439e+00
2.430012495505237791e+00
1.922043247363683482e+00
2.102268904967322438e+00
1.849573851456238982e+00
1.980726175358181740e+00
2.145700837867124289e+00
1.861956389842785331e+00
2.045509697930741222e+00
1.953238596313258579e+00
2.006025715947352239e+00
2.023406048566438464e+00
2.055237791524139102e+00
1.872632240356704392e+00
2.124353752336777923e+00
2.123771262916310576e+00
2.051461988037481809e+00
2.270344799142723247e+00
2.195689243246205624e+00
2.270591816741923452e+00
2.454980833400862927e+00
2.332947748107365271e+00
2.514305555064702435e+00
2.261162000355562363e+00
2.385625138829250425e+00
2.365719575635984562e+00
2.274546545935054898e+00
2.357237394134643171e+00
2.328794442300191392e+00
2.262903232877511162e+00
2.456211705806114587e+00
2.530070884195585013e+00
2.459198440913017425e+00
2.517088004704854054e+00
2.327267849526997168e+00
2.273489357794191257e+00
2.352934095061473663e+00
2.284571511609145844e+00
2.106716634038150016e+00
2.255504080548130563e+00
2.220250177152882642e+00
2.190220064577482084e+00
