1.828703769184072181e+00
1.843236129387380906e+00
1.992920864521686930e+00
1.763858309073691899e+00
1.789332389670960755e+00
2.019211375994380386e+00
1.801982565098743327e+00
2.005545998147953757e+00
1.746875632513531729e+00
1.773438439692661461e+00
2.018384061481491631e+00
1.815364965359781202e+00
1.973155375616287621e+00
2.119651881100791613e+00
1.817182752377526800e+00
2.037008915464705083e+00
2.066238846218344083e+00
2.040774479647996742e+00
1.923703339430491654e+00
2.028043311740455934e+00
2.164266550318892257e+00
2.173269081278084158e+00
1.932900520730955751e+00
1.903441141893506439e+00
2.094404100941607005e+00
2.135234958405909378e+00
2.043862255003973782e+00
2.180019282098148992e+00
2.194056114720926765e+00
2.034987543842966762e+00
1.997426556315921475e+00
2.147687282543918830e+00
2.150086395229594771e+00
1.884185978866234512e+00
1.833865467949399752e+00
1.966881796571101626e+00
2.226051500183769960e+00
2.123399834489715143e+00
2.333353866430869505e+00
2.234815861728967068e+00
2.187083734469896346e+00
2.267994323417584557e+00
2.220549048363164246e+00
2.054479038043078631e+00
2.050269385149403600e+00
2.094102919618206826e+00
2.363210893586041639e+00
2.108765916466077250e+00
2.159060271717664126e+00
2.232950776814514260e+00
2.157801708856178280e+00
2.282333789099943999e+00
2.155227279321030309e+00
2.292483031687656325e+00
1.785797174328736636e+00
1.826932264425276564e+00
1.753841047199352188e+00
1.808474100331758372e+00
1.808760745800075842e+00
1.753181901714563562e+00
2.056859216360918730e+00
2.066115470475684557e+00
1.924175346757636129e+00
2.014081111219057973e+00
1.793621183710483402e+00
1.964665392851408399e+00
2.036479360239421776e+00
2.110404517974398431e+00
2.268472548595656502e+00
2.234168344516117788e+00
2.184291990746358714e+00
2.347983177082748618e+00
2.246985143385250794e+00
1.876712824384069833e+00
1.931769475786951018e+00
1.888627223382624454e+00
1.871909014033090513e+00
2.073337489248613608e+00
1.990205299195712874e+00
2.126644679403600247e+00
2.013917897588933137e+00
2.121263901662699958e+00
1.974469877258091977e+00
1.923453998699011791e+00
1.932983923582885843e+00
1.940087931036855950e+00
2.225145536939575841e+00
2.096829120073659070e+00
2.099871766275732021e+00
2.196011623149401348e+00
2.200788850986215905e+00
2.249937752465688501e+00
2.263958557434934349e+00
2.177231962218723282e+00
2.343941009235472439e+00
2.285556498185474794e+00
2.158497681041342542e+00
2.080083061473893657e+00
2.181421833571899338e+00
1.813801706248419521e+00
1.794854724398071033e+00
1.823150215109942129e+00
1.855169052141137698e+00
1.719679783558830666e+00
1.969556755388564673e+00
1.777312070684019973e+00
1.998549713710412457e+00
1.828291482586035022e+00
1.721897333933540608e+00
1.873770647159624714e+00
2.050380250288527773e+00
1.902467787870270710e+00
1.741558144065788127e+00
2.060264432313868799e+00
2.060391750938441291e+00
1.766821618323452414e+00
1.739349697889334578e+00
1.942768898366044494e+00
1.747520479002650839e+00
1.923761967999926936e+00
1.850350619776042871e+00
1.948727817169598531e+00
2.060865401553689580e+00
1.980372519808980769e+00
2.006397420156496914e+00
2.133691254155539951e+00
1.839397771247127444e+00
1.947960864470891451e+00
2.092484260267556184e+00
2.048939367124356536e+00
2.191223307308896029e+00
2.005914432055988961e+00
2.155206433918031905e+00
1.967345830419207742e+00
1.946619437266110086e+00
1.956928951183775744e+00
1.958154497497907043e+00
1.864451611860038938e+00
1.799072213639026474e+00
2.152450106495448878e+00
1.885822628803724088e+00
2.179930114321326329e+00
2.263881568802588173e+00
2.271582524108961554e+00
2.161422385598479767e+00
2.210495470129295814e+00
2.174083731588891233e+00
1.909304666667787531e+00
1.730543656529856200e+00
2.016519070811786385e+00
2.094124210379623374e+00
1.912754363957793524e+00
2.106200079571173056e+00
1.986126000412963499e+00
2.139296791719257573e+00
2.241492195537201582e+00
2.106702123137403238e+00
2.267215187703612855e+00
1.873061747147433120e+00
1.919621071913918398e+00
1.924895079503317064e+00
1.773275601677183344e+00
1.756076014806189356e+00
1.735714603612288354e+00
2.205756247073521248e+00
1.951418657444603744e+00
2.078656299740371249e+00
1.942523656885523975e+00
1.972295239847646764e+00
1.916295341380596984e+00
2.007566888833046015e+00
2.063573314370935385e+00
2.223380082615219244e+00
2.089333122840197454e+00
2.135196640198706142e+00
2.233440236201285956e+00
2.141622952044115458e+00
2.243564002950876102e+00
2.274033730649474450e+00
2.211582367844752817e+00
2.289359533719646844e+00
1.991504432038776473e+00
2.058151196749807621e+00
2.138618766288922668e+00
1.796030296020226125e+00
1.882473576401221038e+00
1.733595066706403953e+00
1.706356529088646212e+00
1.608934734353102192e+00
2.126908848727345980e+00
1.865985458417979803e+00
2.023242289925927029e+00
2.045637613257678122e+00
2.145817399809379022e+00
2.178738011373480887e+00
2.100158759356162808e+00
2.104202194748071353e+00
2.236854499323552403e+00
2.183469967568540948e+00
2.148970483856413871e+00
