1.712896199545808962e+00
1.764266816219737244e+00
1.916959320435637437e+00
1.637491413361658488e+00
1.695816777881923088e+00
1.837809589407153554e+00
1.679933872946897111e+00
2.012096366997186525e+00
1.682033622780683579e+00
1.928373577278043038e+00
1.921917460650077736e+00
1.739017271753495519e+00
1.881266788673087831e+00
1.948058710563266072e+00
1.769699157747981033e+00
1.926209108328298614e+00
2.055366136771854535e+00
1.994563919686734410e+00
1.802802647464514907e+00
1.841299050146574912e+00
2.037162606528972741e+00
2.056856069397604347e+00
1.699470699669242135e+00
1.697527466689838116e+00
1.811021290353413082e+00
2.052542915356048159e+00
1.832459888954457217e+00
2.089983653955115983e+00
2.118665933581847849e+00
1.992482247548134744e+00
1.870507382042925881e+00
2.058809522618078702e+00
2.149144369734580451e+00
1.748278857049129886e+00
1.720035016136149508e+00
1.872019954369962935e+00
2.228857634146069966e+00
2.134333845990787015e+00
2.273624967590895718e+00
2.226028340151358531e+00
2.171171999214737358e+00
2.132472827999231324e+00
2.013326846629607036e+00
1.949730979080180671e+00
1.845169065667222608e+00
1.894126025839462990e+00
2.066475461910254552e+00
1.839673227334737149e+00
2.040946266996578107e+00
2.055423500671893944e+00
1.941749887298063193e+00
2.127308663992879101e+00
2.110050015087498565e+00
2.149446605027796497e+00
1.702506213384190836e+00
1.775368821863190671e+00
1.681143041306469410e+00
1.733936593692444461e+00
1.707552882528031057e+00
1.708424165898226210e+00
1.924876090108538218e+00
2.083369493187251731e+00
1.792317026940597913e+00
1.984885327422218904e+00
1.539233783081957574e+00
1.726205860476656806e+00
1.846843316727160733e+00
1.880183102324511468e+00
2.069252836608342694e+00
2.059632779293205207e+00
2.172395239597652239e+00
2.160225992985927768e+00
2.263771428278393394e+00
1.811066613301090644e+00
1.896847666119366949e+00
1.804670025171516645e+00
1.837680968323751385e+00
1.900123874457294360e+00
2.014487164754257709e+00
2.144490039855759811e+00
1.836366437731225876e+00
2.010779988167095578e+00
1.848557293325859163e+00
1.869105645150262562e+00
1.649907479326667925e+00
1.859318927767632745e+00
1.966143576535075210e+00
2.041781528073103757e+00
1.928646900003300635e+00
2.111760244437419498e+00
1.991974513991518814e+00
2.042147638813460730e+00
2.087461421865957067e+00
1.953470354324698954e+00
2.124270884764558165e+00
2.234951498870521469e+00
2.146752746219137364e+00
2.029743207023615437e+00
2.152312615180422384e+00
1.876499947765739140e+00
1.812427396927810630e+00
1.946045156656811104e+00
1.855103652021920624e+00
1.784099313755939997e+00
1.913811147209052876e+00
1.810664951958297131e+00
2.120154879440988349e+00
1.859105073531477581e+00
1.783404193019805684e+00
2.030664364460731619e+00
2.039214672088398572e+00
1.988216383358536232e+00
1.836876613595567198e+00
1.959905726633423662e+00
2.137489767553089060e+00
1.850293313099628856e+00
1.740579386766694991e+00
2.018409353564420083e+00
1.877759807828166538e+00
1.916952125661080197e+00
1.856419165827657425e+00
1.878127381662257012e+00
2.015595872601786187e+00
1.801964046593250712e+00
1.848814260402773524e+00
2.047850363817377950e+00
1.700799635108599661e+00
1.926574573641846033e+00
1.969032823436120294e+00
1.791489010482733013e+00
2.038257554506190061e+00
2.012613377853744723e+00
2.056993229697371195e+00
1.922133146147170901e+00
1.944212148641896398e+00
2.074632993285169924e+00
1.842787503826208706e+00
1.861891633641103105e+00
1.831277016348456632e+00
2.247022297066754160e+00
1.976107404211665752e+00
2.239440552744758062e+00
2.233635517048710994e+00
2.117171004546296587e+00
2.039833386417542194e+00
2.078308794981065244e+00
2.093635910129407751e+00
1.965244852695356981e+00
1.819575693276573647e+00
1.960799161139846092e+00
2.050032543487981140e+00
1.837452140539616474e+00
1.987121247223856635e+00
1.800933795648567370e+00
2.080150401345119526e+00
2.132384798399620252e+00
2.075454044625447025e+00
2.126289880714478553e+00
1.875507442259078283e+00
1.826306840366649142e+00
1.839947823677166250e+00
1.824536445940855067e+00
1.812115563658462269e+00
1.768516909440354778e+00
1.960086055003990690e+00
1.993305510915455159e+00
2.172790311732447854e+00
2.078363482499140158e+00
1.799544380531436616e+00
1.786204139684798964e+00
1.806019722301506425e+00
1.778388580393490015e+00
2.104483293955094592e+00
1.906919244190234730e+00
1.901049047318059237e+00
2.249077256529771862e+00
2.122887784128738797e+00
2.234265573627290280e+00
2.239185893393190963e+00
2.065273675672251397e+00
2.108324936599631716e+00
2.006348443784172986e+00
1.949696196151367245e+00
2.092194991395877945e+00
1.913711929878038953e+00
1.965605633335923308e+00
1.808677447676442673e+00
1.782439497849335641e+00
1.763535956280021022e+00
1.864327826024436696e+00
1.904887028224439005e+00
2.013839609945656139e+00
1.963013627101676928e+00
1.976325108637183581e+00
2.011613367917254536e+00
1.936898377139401939e+00
1.957774380812694170e+00
2.227177124607942815e+00
2.222542676242673210e+00
2.151002578402094745e+00
