1.696765113383689627e+00
1.591449146958594074e+00
1.534997707280954859e+00
1.587282207616527607e+00
1.525985226529394723e+00
1.569999367481452524e+00
1.718802562590884486e+00
1.765222052388357055e+00
1.669324107645424382e+00
1.533236684624150081e+00
1.651523475941158559e+00
1.615878464288881711e+00
1.607330031186450015e+00
1.644306359425194763e+00
1.687504930282118565e+00
1.638957966538786781e+00
1.643563816424165269e+00
1.816848143798291293e+00
1.592751834187803306e+00
1.524855993174042412e+00
1.667454542258131056e+00
1.758833750867936363e+00
1.652212185349724027e+00
1.663344127575948184e+00
1.616837112320115732e+00
1.708295634378134809e+00
1.515165188457132661e+00
1.892669366791934094e+00
1.609765677464094269e+00
1.703351827274479424e+00
1.662035623484980684e+00
1.607265513249715339e+00
1.502301694140510957e+00
1.706915981573820185e+00
1.504133285467970316e+00
1.691405173725998301e+00
1.721768575346954488e+00
1.513481858579518891e+00
1.451578606645162806e+00
1.504597010204016483e+00
1.759482274832627535e+00
1.565574974810864495e+00
1.540625299256975778e+00
1.690117963453593219e+00
1.630942296975927741e+00
1.699849999153842273e+00
1.705869809552987393e+00
1.610948767626903200e+00
1.813718242660628865e+00
1.599385474238680382e+00
1.731088776791597894e+00
1.548233932506791088e+00
1.672488890485574142e+00
1.544311390170068909e+00
1.495907826495187498e+00
1.717691695056220214e+00
1.663562476829981929e+00
1.659415000355992653e+00
1.579774464616650498e+00
1.618386629502898355e+00
1.568213883708547085e+00
1.499685203977227488e+00
1.486924472701858457e+00
1.558655787099812562e+00
1.613149268827631211e+00
1.718108611374275396e+00
1.606329624419656543e+00
1.575823454273072688e+00
1.555430572656366417e+00
1.706937405627884541e+00
1.683563901406243790e+00
1.722892526632940680e+00
1.640809528253787120e+00
1.457440985578082548e+00
1.591966968583915287e+00
1.827914693447996841e+00
1.594757345331639931e+00
1.787297792424405340e+00
1.645302653507804358e+00
1.755127412764606376e+00
1.555201158025127484e+00
1.637245295998142725e+00
1.625353729581566764e+00
1.496351577885002282e+00
1.441086079770539374e+00
1.653828222079979371e+00
1.751112147107861228e+00
1.855193053703835915e+00
1.646162366972462543e+00
1.456346868267986538e+00
1.616648682830046369e+00
1.566544430298112633e+00
1.441237768528595975e+00
1.632085939159487964e+00
1.560954034813649471e+00
1.654112385593265344e+00
1.693431945800461191e+00
1.577041089991968681e+00
1.823999562644297301e+00
1.511380300200831028e+00
