1.750640856904487341e+00
1.764104911618917582e+00
1.860135781489098639e+00
1.694261479010475968e+00
1.724777451442558007e+00
1.943094148908148799e+00
1.734411038984436049e+00
1.943645927697531306e+00
1.744234935062352498e+00
1.880812346169445037e+00
1.919097807594377647e+00
1.839236470116057065e+00
1.879273342596861074e+00
1.901202154994500404e+00
1.606907007096398443e+00
1.812190392048974807e+00
1.962198766834186037e+00
1.887187653175881552e+00
1.752477804529450678e+00
1.765975585892694433e+00
1.775154490484825320e+00
2.063258891038375342e+00
1.725341625328312700e+00
1.814398309789898134e+00
1.725063610882967780e+00
1.829701478942150850e+00
1.718635181167464943e+00
1.925880409194623555e+00
2.096606952735025509e+00
1.760702311634135819e+00
1.858193973506550911e+00
1.910350890876926666e+00
1.903414333223740540e+00
1.724182915332103327e+00
1.681367451317402173e+00
1.685743508188945361e+00
2.087354456263342595e+00
1.722275269370047823e+00
2.315401908384851382e+00
2.187833384511512769e+00
1.921234965305789189e+00
2.054025609392187146e+00
1.900279311495578494e+00
1.812114907199642300e+00
1.836408197191672365e+00
1.829611102626388819e+00
2.185634827952012582e+00
1.842054679415107588e+00
1.954883965123013656e+00
1.967821191180282092e+00
1.993692031798026010e+00
2.125612554266281151e+00
2.086577079768151766e+00
2.080854214702976712e+00
1.724832425074609432e+00
1.698653060847919560e+00
1.704548443080806219e+00
1.731597684720861841e+00
1.612904259574993837e+00
1.449831086973291328e+00
1.896554011011353014e+00
1.956911391045022430e+00
1.791300778617520795e+00
1.812666823301425145e+00
1.604970409281811117e+00
1.782264472304771363e+00
1.938624652638231582e+00
1.817262968463280171e+00
2.062259292313657344e+00
1.912469122693319035e+00
2.235703364163782680e+00
2.281830250334822896e+00
2.189208657777579781e+00
1.662286053144723219e+00
1.758461192244955562e+00
1.692225601245894495e+00
1.754359773956575719e+00
1.809206258650746690e+00
1.787857823856634942e+00
1.995935193453572731e+00
1.817070625599420675e+00
1.977345882709169889e+00
1.789630706041977604e+00
1.663155722858219221e+00
1.733810931652961074e+00
1.828027474758127768e+00
1.855654483174131952e+00
1.874041385111290925e+00
1.938245124586428503e+00
2.100451341222210111e+00
2.053569976122231022e+00
2.054645206558820547e+00
2.060538487103781513e+00
2.051648184179298173e+00
2.188477082019143705e+00
2.148179852236761445e+00
2.075296591879612240e+00
2.034009262321313738e+00
2.137380840416452266e+00
1.875151159384105926e+00
1.869841629719592335e+00
1.897616631765582040e+00
1.853742572742572259e+00
1.728234260785222576e+00
1.893857358295513382e+00
1.759701795710495231e+00
2.033219730280724669e+00
1.840037151138833593e+00
1.723324523593422253e+00
2.066925846234749287e+00
2.010526202911419258e+00
1.878273973425184984e+00
1.746664213268174670e+00
2.023268354083759490e+00
2.052448781526500898e+00
1.688551819241953300e+00
1.671520830706149985e+00
1.862908131833094005e+00
1.729622205315357819e+00
1.785756040996099747e+00
1.710794012577466772e+00
1.823195923315143796e+00
1.913738239826925591e+00
1.735248320575967007e+00
1.769548522888139130e+00
1.976613094706898943e+00
1.631080432011299264e+00
1.954589867902734479e+00
1.823534155608896645e+00
1.782552598858687887e+00
1.983705309458875021e+00
1.819219020605295167e+00
1.929921465590395346e+00
1.785370017234624962e+00
1.966637953120836668e+00
1.935600915757986318e+00
1.760942069603284255e+00
1.944310767341030477e+00
1.756987299638255173e+00
2.121790229133626582e+00
1.950636273473923321e+00
2.178055393296413289e+00
2.073288628588964677e+00
2.127549177495596133e+00
1.866138056789689692e+00
1.957575614933257713e+00
2.006014863979999063e+00
1.635062914797355216e+00
1.775865164781172512e+00
1.930093646329419599e+00
1.839109783657450148e+00
1.841113607042752287e+00
1.908608857485360799e+00
1.789893066505443331e+00
2.071934816555059733e+00
2.046933424179189664e+00
1.977279596720062482e+00
2.062049741113910706e+00
1.863544902840013728e+00
1.786131547031965860e+00
1.880298995940212103e+00
1.748543800796993342e+00
1.779063815300287787e+00
1.792129944308092027e+00
1.980207321853470814e+00
1.953775609727399942e+00
2.045442592402775706e+00
1.811671214586972889e+00
1.754253326026016691e+00
1.733855970933693813e+00
1.829332399482507920e+00
1.842079949271195671e+00
1.994117976375463286e+00
1.908802010875459754e+00
1.836485656188487470e+00
2.031758211454622209e+00
2.035473753883294545e+00
2.278283085977618416e+00
2.231926696230420948e+00
2.063180547400237153e+00
2.070219631956399464e+00
2.030073883054014150e+00
2.006812056227426311e+00
2.053917975061219536e+00
1.653062231081879219e+00
1.775665144264367168e+00
1.564894576827850603e+00
1.603041428192024664e+00
1.591700173097773341e+00
1.934360162297092733e+00
1.872290691211096814e+00
2.007530764693468583e+00
2.091499836719028949e+00
2.027442298722838654e+00
1.988152338624859627e+00
1.904551801872885530e+00
1.898560516420882083e+00
2.101801106198962987e+00
2.135062884767184865e+00
2.047989380169620954e+00
