2.040036135785804561e+00
1.917173351889043476e+00
2.247341581026110369e+00
2.091075729017926932e+00
2.125280613593512946e+00
1.995388010674597812e+00
1.996596114431302471e+00
2.201264397996997690e+00
1.939933616173598052e+00
1.867356703367463400e+00
1.963323683563062527e+00
1.862846683785934321e+00
2.044907123050069053e+00
2.168218935044695428e+00
1.918947451135352811e+00
1.965550520963225134e+00
2.127732881602695247e+00
1.829374650559225213e+00
2.267209315872553699e+00
1.807336291165730247e+00
1.921509089240890589e+00
2.072173435656011087e+00
2.337638533938726670e+00
2.306083655915327046e+00
1.932643075578446279e+00
2.213791300409730933e+00
1.959882668625841040e+00
1.901348565989573691e+00
2.389036681402859852e+00
1.965206163867400546e+00
2.249149274819319366e+00
2.379666192083604415e+00
2.089117032841217636e+00
1.978453426830560247e+00
2.336550781398955223e+00
2.391282441806464210e+00
2.384571303803743270e+00
2.321756147663078806e+00
2.375917603039654047e+00
2.007924826008784080e+00
2.074585451335827724e+00
2.349090541526793530e+00
2.066528338764205941e+00
2.384043196125339215e+00
2.115505856281236330e+00
2.389350158115973066e+00
2.116058132263773484e+00
2.374816807779315919e+00
2.313850827547586864e+00
2.103012570844642326e+00
2.320410742579634089e+00
2.208755514655946772e+00
2.251570547865070715e+00
2.117830852436891842e+00
2.044595060994372826e+00
2.098413175450595247e+00
1.982441441305311969e+00
1.927662984417999992e+00
2.047079299346949544e+00
1.945614738668733468e+00
2.271349442665348217e+00
1.869146049044167368e+00
2.026451702474592054e+00
1.911805283145697087e+00
2.138205332960696925e+00
2.172052958974261649e+00
1.945608708998428638e+00
1.903917095057787723e+00
1.998541082891233556e+00
2.211835902409585497e+00
1.960186428928605729e+00
2.336967412915248232e+00
2.323425904273021647e+00
2.077640228890201612e+00
2.276284634096166659e+00
2.054067252882666228e+00
2.163650347265576368e+00
2.122609723174263774e+00
2.418289351754491001e+00
2.191603819023941746e+00
2.288150537783441685e+00
2.339707949578677226e+00
1.843907358192211188e+00
2.100518155808637655e+00
2.077034456273558760e+00
2.008961584981984849e+00
2.110415173929187205e+00
2.210915806853552379e+00
2.457061254983246013e+00
2.424908669005721773e+00
2.324741892213693095e+00
2.142795431801043815e+00
2.190562660026724284e+00
2.058839056136644530e+00
2.114938529903310549e+00
2.205142572826478187e+00
2.131062195592496433e+00
2.364640459733284406e+00
2.286581544456638415e+00
2.136173732288301430e+00
2.328678332888963087e+00
2.359033809037992757e+00
2.390962121021533271e+00
2.354688289896582631e+00
2.436214410771132766e+00
2.431892719490613253e+00
2.526320848088553728e+00
2.366708864551143598e+00
2.461788180045300756e+00
2.360681201242099458e+00
2.292357359348823120e+00
2.270279901846467219e+00
2.322274770549956013e+00
2.187715158682688177e+00
2.222108213538100507e+00
2.145260142081789390e+00
2.380356509636571083e+00
1.988196102092271600e+00
2.523009441121102370e+00
2.054858471700076628e+00
2.646645745439280883e+00
2.457709693651834115e+00
2.263826855106445990e+00
2.322804471286990857e+00
2.354581869877762301e+00
2.342717000042770614e+00
2.503136273591606287e+00
2.322912765979269434e+00
2.343277680554142428e+00
2.358381511783594231e+00
2.079623676188862014e+00
2.106772333356097260e+00
2.342340637953155280e+00
2.206347199065678222e+00
1.944440793194318617e+00
2.413484714560472977e+00
2.233676593454353654e+00
2.487109522767551706e+00
2.090992924961567745e+00
2.138793362168619261e+00
2.078747517436019709e+00
1.985672696379761071e+00
2.133801386209219331e+00
2.135132534368056945e+00
1.917845830462580503e+00
1.953857915635389908e+00
1.871880377886955271e+00
1.972001743974464150e+00
1.998687067392460603e+00
2.224965793859990271e+00
2.018532947216662432e+00
1.749768600867301016e+00
1.862632126596460491e+00
2.128339090747271012e+00
2.166536384931482928e+00
2.178724429743228885e+00
2.212563238165556445e+00
2.201491636847995537e+00
2.154155765000894007e+00
2.129706699119107594e+00
2.119517873311964617e+00
2.040145873430035284e+00
2.358763022967937939e+00
2.520361211380505395e+00
2.466506592962195210e+00
2.009278056664844492e+00
2.125655982221251517e+00
2.195385418309136139e+00
2.188176220710545294e+00
2.139951672750532996e+00
2.425246551864580269e+00
2.217496099001794008e+00
2.442268989093856479e+00
2.386329989683137143e+00
2.189881235287203687e+00
2.263807695645768892e+00
2.292087607902183244e+00
2.371507459019680741e+00
2.215242035830337297e+00
2.465649351911576748e+00
2.567690792643987585e+00
2.352916698833283249e+00
2.306453877945489062e+00
2.456227374582394596e+00
2.414802384429122206e+00
2.131085280646802360e+00
2.228596893109977106e+00
2.222176153476698168e+00
1.973657033645733083e+00
2.185356911540931701e+00
2.092018760482759809e+00
2.256670500624564202e+00
2.124611673599959172e+00
2.021768498474835862e+00
2.301879691815585272e+00
2.029024180858157500e+00
2.167735966479327647e+00
2.258509348718854781e+00
2.324879009297370569e+00
2.340952053715356751e+00
2.287667905203375263e+00
2.357729338838997268e+00
2.159260601517412059e+00
2.312770516461590375e+00
2.277820308029028684e+00
2.237075800659623415e+00
2.220390692309190950e+00
1.964857100380720922e+00
2.137861552171800739e+00
1.979273620373597220e+00
2.127338552355589218e+00
2.216650698094617677e+00
2.058396522206433765e+00
2.063022832170971377e+00
2.087028224102291052e+00
2.199458756581338825e+00
2.332690964145504253e+00
2.184522151027720405e+00
2.221465869617442745e+00
2.348584522087625359e+00
2.342415208583579211e+00
2.292202196991033780e+00
2.467211540369425915e+00
2.334499475152660430e+00
2.292203308174371124e+00
2.315056158212701831e+00
2.421838874613958303e+00
2.407709651135292006e+00
2.377799289163536667e+00
2.435849202588500795e+00
2.462462342981290853e+00
2.573573970931875898e+00
2.413623713238258528e+00
2.336151224062185339e+00
2.502003570709537161e+00
2.517040510391413743e+00
2.280387524456397585e+00
2.467912764489393673e+00
2.242759613857726819e+00
2.168203840004983007e+00
2.555762880950976257e+00
2.165968313529131439e+00
2.126588544967706440e+00
2.080593755133877121e+00
2.072251644803625226e+00
2.127973133335705480e+00
2.246919365486461651e+00
2.326529220682287402e+00
1.874613499363746438e+00
2.092469865110067939e+00
1.722558128259368937e+00
1.735945042282980300e+00
2.002255898898155362e+00
2.034136359403515559e+00
2.223943655676716258e+00
2.129372382014777632e+00
1.901907875526414049e+00
2.264103511413334324e+00
2.152565548442247678e+00
2.035255230732824216e+00
1.679653343572894197e+00
1.723464302563883832e+00
2.294784892925003650e+00
1.959366590875080583e+00
1.739709419875763441e+00
2.169713933624191959e+00
1.694699649543475850e+00
2.136379910983331243e+00
1.862572523461505369e+00
2.400645268794262321e+00
1.806350262165981713e+00
1.896514006610845016e+00
2.322299903551125588e+00
1.890143756595711766e+00
1.792590703127946661e+00
2.252664971250507353e+00
2.376925914069706547e+00
1.822532803528823520e+00
2.324277247113224476e+00
2.103702331776390100e+00
1.944797357223855716e+00
2.290191812590877785e+00
2.410402565083089588e+00
2.421639374873107986e+00
2.403652881960291143e+00
2.126261733429832379e+00
2.054841132362956291e+00
2.088614675362885365e+00
2.244431631948803574e+00
2.625112778708613259e+00
2.387473941021846624e+00
2.406037977220168322e+00
2.269927651329251006e+00
2.358428928459963547e+00
2.382424953923034217e+00
2.436368190733301020e+00
2.293561947950805813e+00
2.204793065703391175e+00
2.189612933465584277e+00
2.168421467580525341e+00
2.174510061773518910e+00
2.182539605280270134e+00
1.971805344092098178e+00
2.140996027853478534e+00
2.070365930862702264e+00
2.066055133702583202e+00
1.935504284378485762e+00
2.056249625704567929e+00
2.156065847686243764e+00
1.960882047804846096e+00
2.270320176434470483e+00
1.928912251142487877e+00
2.075588734165938032e+00
1.966893402612870156e+00
2.192138490011134255e+00
2.201625285787886188e+00
1.962978010160602915e+00
2.431710084830487340e+00
1.958508157667494531e+00
2.188098659674961421e+00
1.970039654841108767e+00
2.168034671573634942e+00
2.029202903631761146e+00
2.137103161490098380e+00
2.417075147418613401e+00
1.841102459221298782e+00
2.225725665487884086e+00
2.248083023717327045e+00
2.251669408532892103e+00
1.974660921664166624e+00
1.981122882707597288e+00
2.120384431457134067e+00
2.058993260837729711e+00
2.066921724581956887e+00
2.084045765141844697e+00
2.259469514848323257e+00
2.375995629162991118e+00
2.330219552316402432e+00
2.392440782534950294e+00
2.153323963941649932e+00
2.258974390049458325e+00
2.395677536723950229e+00
2.256468323408580723e+00
2.111931433891366616e+00
2.137885767686164229e+00
2.230398994909705834e+00
2.301579895701995060e+00
2.444159479809941082e+00
2.292562058955020632e+00
2.474968042582872396e+00
2.109031621588643102e+00
2.259786474259366074e+00
2.354286686811968732e+00
2.278683716134272785e+00
2.417649787260693017e+00
2.403396966794598910e+00
2.305618819725367086e+00
2.444330779092462880e+00
2.450416135579612131e+00
2.572775107750068457e+00
2.482148527330765297e+00
2.357747326774314534e+00
2.377777885434340099e+00
2.347165213791748251e+00
2.437482665045226149e+00
2.275827877003191890e+00
2.215568955947710972e+00
2.333556489140077961e+00
2.192051636865336661e+00
2.314729631307251623e+00
2.279571227333395456e+00
2.312439099629230999e+00
2.358577133766261547e+00
2.360417875702087276e+00
2.221022319428189729e+00
2.532179665037869842e+00
2.422265226406109306e+00
2.211831541465493434e+00
2.282831559592739090e+00
2.433422082071506676e+00
2.407472344019013111e+00
2.461698905503614920e+00
2.312016636739933073e+00
2.344579474295831467e+00
2.377980972165254947e+00
2.329593327590582685e+00
2.039884334885242900e+00
2.390419205246264056e+00
1.983479895342098676e+00
2.109418200257921150e+00
1.985433578087137718e+00
2.340713350315140939e+00
2.039299594110290048e+00
1.990910500660574955e+00
2.427617867629492832e+00
2.396384549635750538e+00
2.489508239454870875e+00
1.978220150433469549e+00
1.981166897870537014e+00
1.969470483819927731e+00
2.090556043828928789e+00
1.971889306502517147e+00
2.102672284655364709e+00
2.080981837122072964e+00
1.620323986425091789e+00
1.751537472679630669e+00
1.510232238641317393e+00
1.931788236011496407e+00
1.910611553082424807e+00
2.038317198003283259e+00
1.906534787751362314e+00
1.925982503788817635e+00
1.309115067317802472e+00
2.095323765447621778e+00
2.295129035168851139e+00
2.355728226862085162e+00
2.333212443921889090e+00
2.224398559341251413e+00
2.290477783280642221e+00
2.344873544174096214e+00
2.143834260846606110e+00
2.317664284741058900e+00
2.255742619082465872e+00
1.993018834375707593e+00
2.050096765763032014e+00
2.186575334640993518e+00
2.151592101266361023e+00
2.229905484052438602e+00
2.324086783917005405e+00
2.222194313797067000e+00
2.209569136679403911e+00
2.281120538967568390e+00
2.434399107893704617e+00
2.273216769299605478e+00
2.301186470066597600e+00
2.267921301958851554e+00
2.471781080575702116e+00
2.279947056618577772e+00
2.489617018308143415e+00
2.357247992662531821e+00
2.672156869885066399e+00
2.584753609193669810e+00
2.510074992600044741e+00
2.247607778299867576e+00
2.309214520847368224e+00
2.258404771729229932e+00
2.598874180344089346e+00
2.408394288815051354e+00
2.188000545141883801e+00
2.346778233002644320e+00
2.413250225232980384e+00
2.441195485078347716e+00
2.223917475591391746e+00
2.286694032406119792e+00
2.340650908946853903e+00
2.228452242728123700e+00
2.320355363609759358e+00
2.340364652648014410e+00
2.353818812583543085e+00
2.363872999443281220e+00
1.967871264958978239e+00
2.008801589068340387e+00
2.082221958099320425e+00
2.145014173743757802e+00
2.101160390458531868e+00
2.221068377299858732e+00
2.272081396684054955e+00
2.265092713921647238e+00
2.174009764601112504e+00
2.215112738979232443e+00
2.145623224834793952e+00
1.983837438538788245e+00
2.143627321787576090e+00
2.195567807070375466e+00
2.004937863606932158e+00
2.133125836765840777e+00
2.048718057239427015e+00
2.149861487428359030e+00
2.234121240766145711e+00
2.096080240688333429e+00
2.324104950670316416e+00
2.269253895757255002e+00
2.307875846535157649e+00
2.322328512164934633e+00
2.293657936547925047e+00
2.396373792140458203e+00
2.334811630897535295e+00
2.403114125927613198e+00
2.573718094528582689e+00
2.466322297542460795e+00
2.389716729504254289e+00
2.579659075831064463e+00
2.029216646117058431e+00
2.068196684302966215e+00
2.083817709430079379e+00
1.953877945511392156e+00
1.953979522497458765e+00
2.149417533716520889e+00
2.169583698355059820e+00
2.192634902022167598e+00
