1.830874635445727039e+00
1.813474425638671894e+00
1.866954856391431994e+00
1.761828253656387178e+00
1.767720149413345876e+00
1.995106216511508102e+00
1.789512018707384300e+00
1.928506324595860910e+00
1.732581172220516441e+00
1.814932489218224809e+00
1.934032300510892588e+00
1.914963158331978832e+00
1.939299088081352096e+00
1.999646628129891690e+00
1.607998148101316360e+00
1.813398347377527031e+00
1.841420201866580841e+00
1.696229518439957840e+00
1.620624085349148258e+00
1.723720051122947128e+00
1.769346365069057292e+00
2.078670239324126090e+00
1.683306724783938391e+00
1.662625446132240281e+00
1.815554407028249662e+00
1.814621702749146470e+00
1.730676195112889726e+00
1.982824729990179335e+00
2.065356451815102634e+00
1.684564855248908755e+00
1.896533488527148981e+00
1.816029949137118349e+00
1.852568716738105081e+00
1.684983043270228409e+00
1.679920452146098642e+00
1.708464483365556008e+00
1.976860169483169338e+00
1.732349802070724198e+00
2.143541562467138117e+00
1.998269192395280891e+00
1.842750033033549339e+00
1.902074822979758606e+00
1.785186140459648518e+00
1.824117707773268426e+00
1.794057115983058504e+00
1.917622605289475590e+00
1.941653139118091342e+00
1.708913995605521041e+00
1.714421926383012940e+00
1.717028568278913259e+00
1.904958920769462827e+00
2.059569221277035567e+00
2.015393458225990475e+00
2.095524734474505824e+00
1.746204333762201744e+00
1.785862509977455215e+00
1.740316622398000446e+00
1.806276934834497361e+00
1.766528432845054786e+00
1.614442144102299581e+00
1.918229635845163372e+00
1.714434822236471367e+00
1.671156511905967479e+00
1.827973043903961647e+00
1.642477290336128215e+00
1.753580818359961935e+00
1.818086106979949879e+00
1.776122221988216232e+00
2.055821718394217790e+00
2.105837840636998415e+00
2.138954452323103439e+00
2.311525195300294655e+00
2.184760575597576970e+00
1.715635861073851576e+00
1.824756824069970751e+00
1.645025444997545661e+00
1.735493727300928768e+00
1.810974125719738037e+00
1.772232980935656510e+00
1.977267125844636597e+00
1.824833299392279118e+00
1.888648008671302447e+00
1.835244832188506425e+00
1.867929548806765538e+00
1.682398913906629545e+00
1.893293147534136578e+00
1.785277619189944653e+00
2.003732756531622083e+00
1.947726175334575816e+00
2.027228617235867336e+00
1.948451367556309766e+00
2.029130060909160260e+00
1.720252559267152037e+00
1.757849785231002882e+00
2.062570729951068049e+00
2.239919259597525247e+00
1.949728839401111191e+00
1.892878396358771864e+00
1.876826689398856551e+00
1.910635140529942211e+00
1.845729258831447339e+00
1.846615773358179835e+00
1.834981591692018466e+00
1.728136008854118444e+00
1.937460577861967570e+00
1.741596290062734864e+00
1.902474173898361931e+00
1.778725410357085535e+00
1.716529210489498913e+00
1.841430333728653723e+00
1.989720758673423129e+00
1.893858392576493799e+00
1.802533041105396583e+00
2.019427366703390181e+00
2.028286131320525154e+00
1.696664952863418785e+00
1.663067284703094728e+00
1.920590032741562148e+00
1.721617926535566001e+00
1.846923041401515642e+00
1.785284077489458054e+00
1.816413881454585821e+00
1.948420672427997991e+00
1.753026682135895742e+00
1.862564304234682444e+00
2.045355589641432825e+00
1.754323363438989647e+00
1.856029491915842211e+00
1.918829735576350171e+00
1.786420068054243693e+00
1.998601814210072547e+00
1.869884515346903253e+00
1.927522800987395035e+00
1.790787498144062795e+00
1.920943914717668788e+00
2.002707535316804677e+00
1.800242721811044833e+00
1.902123416864547334e+00
1.779847257103890135e+00
2.098649803355283172e+00
1.825813079071080480e+00
2.018450437100482553e+00
2.031029962509802722e+00
2.048726927543687459e+00
2.030719206283568834e+00
2.092802943872357435e+00
2.113648580904319285e+00
1.807097221424216915e+00
1.734389613351954296e+00
1.930405125942014299e+00
2.025741586629071556e+00
1.823056870939749441e+00
1.891955487440885930e+00
1.878099125032303585e+00
2.124068829130317138e+00
2.122991971406180234e+00
1.986438914959967050e+00
2.155595189767497644e+00
1.851909392458686909e+00
1.879076960316223399e+00
1.913462478387196741e+00
1.781012014699243196e+00
1.806447592455502127e+00
1.740642291422843657e+00
2.010558505781249838e+00
1.859950407399594496e+00
1.994816835111856035e+00
1.958120279138562791e+00
1.933050523252008102e+00
1.902591549951278216e+00
1.919353537050909608e+00
1.978079164559072067e+00
2.124074143745949605e+00
1.972157421900111451e+00
1.977955761465038265e+00
2.218361220546341439e+00
2.049558088998078453e+00
2.253672265915169337e+00
2.251876772922551950e+00
2.043962077140424327e+00
2.154291603763007767e+00
2.033849657797246469e+00
1.972967609333383665e+00
1.996820077944601035e+00
1.773079773832385353e+00
1.869024169889229592e+00
1.706249267567733874e+00
1.765721581803767926e+00
1.649942637013942726e+00
2.011672829187963085e+00
1.874457738492507408e+00
1.978683340814632485e+00
1.936042896985410877e+00
2.030693125554524414e+00
2.075726262786823817e+00
2.012686150549516384e+00
1.979685470566661554e+00
2.186794752753443039e+00
2.091172319546060532e+00
1.968329458720887493e+00
