1.821456248359840657e+00
1.799692959579921592e+00
1.841661504490410550e+00
1.743751443225442177e+00
1.737445367888518444e+00
1.961009705820620397e+00
1.755131737945428982e+00
1.863823044704383980e+00
1.742946689044940545e+00
1.824331533293461094e+00
1.905184775658650187e+00
1.849913087486303898e+00
1.848323355426572778e+00
1.882427896984497639e+00
1.593108735074615812e+00
1.644071538186349102e+00
1.769344991825166913e+00
1.739563661598283240e+00
1.583628984653695726e+00
1.697404201140709556e+00
1.717900647860098662e+00
1.835564348426479642e+00
1.528260287002138895e+00
1.622929401320494680e+00
1.638925125210708877e+00
1.778688107196058077e+00
1.636284722239635725e+00
1.822903917403257301e+00
1.829184914334505363e+00
1.660906861508414822e+00
1.725648077834575078e+00
1.732925109252370977e+00
1.767836594813088524e+00
1.624632099422471443e+00
1.583912300491186809e+00
1.594370857403773822e+00
1.908665924768577549e+00
1.679015354579129760e+00
1.771206193541334573e+00
1.803606062699489865e+00
1.805101083157082620e+00
1.790456032075981030e+00
1.765213192917553187e+00
1.676808968085137908e+00
1.678078768862856451e+00
1.713927166364678012e+00
1.944978467134537814e+00
1.684321577209013654e+00
1.863678013763506280e+00
1.883437589042996407e+00
1.681032699067393832e+00
1.896574671356765940e+00
1.720388331873474286e+00
1.953826006376057745e+00
1.700842623078270499e+00
1.892841342064780052e+00
1.646418725240689440e+00
1.668276301938795170e+00
1.714571026697513156e+00
1.703359242685640984e+00
1.745614175492874676e+00
1.784743314020890814e+00
1.631929431481751847e+00
1.674387697399574826e+00
1.633282320696809675e+00
1.642427121833976322e+00
1.783098935362170012e+00
1.657775886173634250e+00
1.802881840953845405e+00
1.829560938474512177e+00
1.942033230315148407e+00
2.038726265878665345e+00
1.746148670697015071e+00
1.773284983077785926e+00
1.697174885121707000e+00
1.701752203390879403e+00
1.724771683086353535e+00
1.762428736137640062e+00
1.774422863284239371e+00
1.872104544862589481e+00
1.697488388372826007e+00
1.865395635497020921e+00
1.721298022379537995e+00
1.820851649800060645e+00
1.606711087664231874e+00
1.867912532586881946e+00
1.680908683766988210e+00
1.864313232898487716e+00
1.826141594396160306e+00
1.923582100029881392e+00
1.762622354361378374e+00
1.816769114720081291e+00
1.860665995566552544e+00
1.680392845866929719e+00
1.875166483699395092e+00
2.142147193678499484e+00
1.875855344374638856e+00
1.633483400791142959e+00
1.812826942635837879e+00
1.786997991804444075e+00
1.646647350900830586e+00
1.809574360652713709e+00
1.912512959802562307e+00
1.925745765779216745e+00
1.932972883105871009e+00
1.906338611731169141e+00
1.899178132359184756e+00
1.902084915738816884e+00
1.917308342189849135e+00
1.984444091659981257e+00
2.036661583964024302e+00
1.976962215076421225e+00
1.856374647248414833e+00
1.955361441483947971e+00
1.969791183729354911e+00
1.420043114791763816e+00
1.427100232274127523e+00
1.763816974932099768e+00
1.518798869347778746e+00
1.744103186745860290e+00
1.628444987121296039e+00
1.715419874972491376e+00
1.617071309636661125e+00
1.561768218411835552e+00
1.745114935541704382e+00
1.784539857118459194e+00
1.525359225312855838e+00
1.583840258006786961e+00
1.708255876133294882e+00
1.600861898186454413e+00
1.765002447661542240e+00
1.572558094584561417e+00
1.638860575219892368e+00
1.538582596637039668e+00
2.036748941842906113e+00
1.862417220999311951e+00
1.639035328768612576e+00
1.613599002772869273e+00
1.530335840544638781e+00
1.939553910044783835e+00
1.690044717380869477e+00
1.838792460130574735e+00
1.834880595141830550e+00
1.680718927364760029e+00
1.775524377510645735e+00
1.792325593539188189e+00
1.896771697098102338e+00
1.746140459389077471e+00
1.568245830280933006e+00
1.648525090114814962e+00
1.801866796804932003e+00
1.751017819441512247e+00
1.726620461784899918e+00
1.644400776846006940e+00
1.907898131264489816e+00
1.808378173287837010e+00
1.700434600544145303e+00
1.960929095675704836e+00
1.840575118905607876e+00
1.783372856951516372e+00
1.841390247179371942e+00
1.690698186051481589e+00
1.672163827119475643e+00
1.733193175934897079e+00
1.681764952097149379e+00
1.689027935633547362e+00
1.883633514992417490e+00
1.830322910060873332e+00
1.731519340427189801e+00
1.765208778679531187e+00
1.819107044584252098e+00
1.724016106818934357e+00
1.814575282966220060e+00
1.656676356037858344e+00
1.610586474608535434e+00
1.907161257654507835e+00
1.935893241905141338e+00
1.874497081778938590e+00
1.858493148063775413e+00
1.843711867585402731e+00
1.913314248530998851e+00
1.909732952263518468e+00
1.806372151366888001e+00
1.843300014404764209e+00
1.718204138259178171e+00
1.806613823112446893e+00
1.614106558985565654e+00
1.672353677883203771e+00
1.599028199007300532e+00
1.741543193240574272e+00
1.819035819198890902e+00
1.800736606841701670e+00
1.841386142641282975e+00
1.862727643316187676e+00
1.835602311431519418e+00
1.628760236899952307e+00
1.638311522486902483e+00
2.072913445030092561e+00
1.965666272480448118e+00
1.820850084293437865e+00
