1.668159983911691180e+00
1.527127063775006510e+00
1.443045019161569797e+00
1.531748773117980633e+00
1.496593200369802146e+00
1.529305444046058726e+00
1.679952270562722783e+00
1.769058631705419993e+00
1.687535748810914171e+00
1.633715557162321641e+00
1.781733248435244832e+00
1.808535953830593179e+00
1.793809578235735946e+00
1.888817116778261695e+00
1.986909933524918070e+00
1.674639574614644744e+00
1.741654405804065275e+00
1.924853265552441073e+00
1.693973814932629329e+00
1.962448697394607589e+00
1.922917385859576500e+00
1.919288542037922207e+00
2.005013485181883048e+00
1.741874241536421231e+00
1.886315921196906942e+00
1.879417281942403095e+00
1.766810451059735110e+00
1.973890920828616169e+00
1.898342435646724002e+00
2.047023634626943700e+00
1.728881924714428253e+00
1.663165331487863829e+00
1.585859735913518032e+00
1.789344493240673017e+00
1.796314666736442467e+00
1.906406427356567068e+00
1.861628785142998455e+00
1.627039368527110730e+00
1.530605082734321831e+00
1.567878916376334253e+00
1.889587012267827992e+00
1.735951421734199807e+00
1.767055430070805011e+00
1.738887628182558265e+00
1.715422858288594199e+00
1.920400015897276047e+00
1.920568393889315661e+00
1.832800656554569585e+00
1.843197982318816042e+00
1.821617331741459456e+00
1.712751356360453725e+00
1.559290514914178249e+00
1.734147803896429751e+00
1.577960009065936253e+00
1.488741205737379447e+00
1.597486239672775366e+00
1.753558981895910529e+00
1.719025838670866779e+00
1.679061082604937472e+00
1.751234872327230629e+00
1.810732502616913209e+00
1.709748108633801555e+00
1.760409352860090149e+00
1.761408532128687199e+00
1.740692966934522135e+00
1.936522992155015777e+00
1.751354473446764315e+00
1.694521427176903128e+00
1.760031124457970275e+00
1.954984947334730050e+00
1.941454948545091819e+00
1.991115396637399337e+00
1.963566419006691932e+00
1.493130704501175465e+00
1.721917596021608876e+00
1.973833079854029560e+00
1.864253539906654211e+00
2.046283269076497380e+00
1.704195120387202111e+00
1.747470493963429794e+00
1.777465660346086107e+00
1.800877120615448579e+00
1.710426815601811867e+00
1.739675334054046507e+00
1.775196944560177625e+00
1.963579390717631101e+00
1.894750938841330834e+00
1.951005018818381842e+00
1.897765321922457060e+00
1.643316907205419675e+00
1.658960432793197048e+00
1.583469399249190834e+00
1.530075177360523009e+00
1.783893689993069076e+00
1.772047070411228775e+00
1.716069298264238929e+00
1.906973532377647107e+00
1.914873268477055523e+00
1.925321999267775253e+00
1.813818961890741654e+00
