1.701839164951082894e+00
1.796655392797046114e+00
1.899917159598681682e+00
1.717283651654684995e+00
1.729246963881070798e+00
1.882636171821722382e+00
1.719963602165215377e+00
1.984163392147690885e+00
1.721795744973453779e+00
1.748934236802528464e+00
1.960980863776624616e+00
1.678464477690797541e+00
1.824793366744528633e+00
1.940682637156209145e+00
1.712038858212905135e+00
1.978807191921552855e+00
2.024801740179558163e+00
1.998935143192835939e+00
1.873273437328474733e+00
1.869338431374849563e+00
1.932659150178032803e+00
2.123813307419861296e+00
1.817104424846707866e+00
1.837745457318297193e+00
1.947357480294364285e+00
1.953355724185499964e+00
1.971670893775061106e+00
2.066908033065218753e+00
2.145844430786122636e+00
1.982456916436486472e+00
1.727246797503595444e+00
1.978964130950550349e+00
2.154092700542263206e+00
1.786872627237964917e+00
1.802703517583432058e+00
1.729279521091143135e+00
2.305696831913000011e+00
1.868619336553797083e+00
2.230809529784746559e+00
2.218005847022120225e+00
2.105468001531388023e+00
2.135757606113849238e+00
2.079181100283526540e+00
2.023291377085248310e+00
1.948565283941749771e+00
2.006908198707245017e+00
2.245715545075644748e+00
1.917295669520353130e+00
2.050678365369149603e+00
2.182734717318196349e+00
2.008330709723358698e+00
2.234271071122099439e+00
2.053834562433010547e+00
2.213829568801140013e+00
1.719544120482858984e+00
1.855425038425659201e+00
1.620045819539991161e+00
1.581779066707386994e+00
1.748744492053811550e+00
1.654523256594093272e+00
2.026227271554811082e+00
2.003887072437068095e+00
1.804454908174978778e+00
1.837492521454000327e+00
1.676725099439628774e+00
1.864881481526030838e+00
1.888771962798976745e+00
1.952422302811189114e+00
2.200828907048980820e+00
2.147948604695090857e+00
2.180719058045492709e+00
2.259712019812143424e+00
2.294613875948475101e+00
1.723525617730339077e+00
1.741651219242066118e+00
1.717716944557868608e+00
1.789446664782631258e+00
1.898269807900634376e+00
1.939296882212318662e+00
2.002008864099084740e+00
1.912158157119425494e+00
1.992706641277034230e+00
1.826062555859355285e+00
1.800626536942935951e+00
1.787323784302699448e+00
1.889766623822539460e+00
2.046593603933449579e+00
1.963673816459288402e+00
2.002633849871709781e+00
2.166506545437815401e+00
2.065918136228499513e+00
2.138344463851326260e+00
2.250265520314983725e+00
2.068431696503957973e+00
2.198538922410658181e+00
2.170523027308002284e+00
2.054674972296059554e+00
1.975130893000790699e+00
2.040392476298869884e+00
1.804739511387791318e+00
1.779889918315792574e+00
1.831776415624895682e+00
1.830989552372192408e+00
1.697690725558608449e+00
1.927730330646034940e+00
1.709519026460466495e+00
2.000722515886804942e+00
1.784213629853175442e+00
1.660384356895934443e+00
1.768180929340187335e+00
1.968348272127449672e+00
1.778085978818724433e+00
1.675787749843464125e+00
1.934268300374246907e+00
2.103700717033490264e+00
1.823268760691648005e+00
1.717397352240046526e+00
1.997689728678630816e+00
1.792386680880178051e+00
1.915030368619695000e+00
1.813398478701238048e+00
1.821870461476072567e+00
1.971502540091726319e+00
1.845571951589123127e+00
1.808938789273544234e+00
2.103870850426653671e+00
1.796809313863059643e+00
1.942855098752531706e+00
1.985401913367175197e+00
2.040027044547841673e+00
2.106812851618245386e+00
2.012096679688780476e+00
2.111049775130358075e+00
1.946742001194589289e+00
1.876115458843276684e+00
1.936185835066703387e+00
1.796425542830628830e+00
1.897659088947732720e+00
1.835876797101589686e+00
2.232260712559463567e+00
1.785758902188565811e+00
2.134417067388453937e+00
2.228789274951434418e+00
2.171303780539929562e+00
2.009602708829980156e+00
2.060447013804209249e+00
2.177837370141991080e+00
1.867791186482240517e+00
1.822727930395568796e+00
1.923702090919988894e+00
1.978951212434780116e+00
1.860379822642708625e+00
2.112187011988325480e+00
1.834992011320011995e+00
2.167569658028118518e+00
2.205045490478552139e+00
1.986985894889954807e+00
2.238044411072526163e+00
1.842914090189637477e+00
1.820458174239583560e+00
1.896395074935531166e+00
1.758179587132300492e+00
1.704257800242506837e+00
1.682810926884789060e+00
2.005386709868758999e+00
1.939008737136022731e+00
1.901485244038812361e+00
1.825476577442969983e+00
1.924546859967649626e+00
1.822219052673752504e+00
1.906528097897967289e+00
1.940529613259635466e+00
2.133528595982351117e+00
1.935666148965211608e+00
1.869910198424906911e+00
2.100264710821933001e+00
2.129991629903726480e+00
2.221089528847070671e+00
2.250402162745878343e+00
2.081409590475530980e+00
2.186633728466444992e+00
1.967607896515497501e+00
1.956577184726994600e+00
1.927399783638462205e+00
1.748340372805636367e+00
1.831839350370545461e+00
1.710239734684910973e+00
1.706910614179747654e+00
1.613181530017245846e+00
1.945182191612841116e+00
1.802768498866599289e+00
1.842229659812482989e+00
2.032983225847100339e+00
2.006085342095572877e+00
2.071861770294407989e+00
1.939671860423104022e+00
1.932915817263259894e+00
2.127225950066068627e+00
2.085194116094551742e+00
1.975071454980871444e+00
