1.503259700021876144e+00
1.323465381045960454e+00
1.299993102854674953e+00
1.418493219055986687e+00
1.404699310462727668e+00
1.450580630704147556e+00
1.530832520803062424e+00
1.536551639290164806e+00
1.480455838538415447e+00
1.547110104891040727e+00
1.750598955110442612e+00
1.689498541728773340e+00
1.639685066433997473e+00
1.701837083703816811e+00
1.744995630351888538e+00
1.493227002627867339e+00
1.642305451016252249e+00
1.573134602256329284e+00
1.555067916968098540e+00
1.547001088861028162e+00
1.573495038989393136e+00
1.706604518952590910e+00
1.706544738315544985e+00
1.682171286309029234e+00
1.778813668477927656e+00
1.744001920489878010e+00
1.563437461872325018e+00
1.731706038086761712e+00
1.604135172565531064e+00
1.842500281015278851e+00
1.290934134001959999e+00
1.367579656372607033e+00
1.481547901934775702e+00
1.532407356801723131e+00
1.551211053831058173e+00
1.516432788821484356e+00
1.603913232602696803e+00
1.371406079276441536e+00
1.497230173139622700e+00
1.605095598494389098e+00
1.588333292806695551e+00
1.576133823172974235e+00
1.649275974458304761e+00
1.274234304095665182e+00
1.287448923976801884e+00
1.714474252409463384e+00
1.768567727210192064e+00
1.736021308066692859e+00
1.540981865356651603e+00
1.468941011385881845e+00
1.509794147306635193e+00
1.430559315503536766e+00
1.521529288483073561e+00
1.449773013341171035e+00
1.487259938248008062e+00
1.474151442594225259e+00
1.583502737635506419e+00
1.582212642921209111e+00
1.581917712892767058e+00
1.553094536971665329e+00
1.501213433969749600e+00
1.415325513853122663e+00
1.415234594416060032e+00
1.455682836279930115e+00
1.488651499466460582e+00
1.636247691729043829e+00
1.501537537748682816e+00
1.434324359845592367e+00
1.292080691341890297e+00
1.657457316247642476e+00
1.592454501007049883e+00
1.565853759535701606e+00
1.717241585540133952e+00
1.418955469560279958e+00
1.470570229314523747e+00
1.668283020689564689e+00
1.522393053482236303e+00
1.785281788157282667e+00
1.240767076165131932e+00
1.268336446112824811e+00
1.278318940638003554e+00
1.358831262759200742e+00
1.287642924304672754e+00
1.399437702316841836e+00
1.455068155581151768e+00
1.670175945302196485e+00
1.669863188188720038e+00
1.851006012934728107e+00
1.635125887449421000e+00
1.298563680371850104e+00
1.413800474252458805e+00
1.406869551336091595e+00
1.309020517094870328e+00
1.352823577550870127e+00
1.377586913893412035e+00
1.382850756748362997e+00
1.715491661591061812e+00
1.510610248342917128e+00
1.769208869292825170e+00
1.646440340170566063e+00
