1.988204521448711848e+00
2.162544394969612149e+00
2.218611585717083390e+00
2.114160759818353608e+00
2.145693336741870461e+00
2.027045480861705329e+00
2.350189689522277803e+00
2.342528541838331257e+00
2.039146006368127040e+00
2.011512428934043140e+00
1.967276476903489613e+00
1.932151180414804825e+00
2.034823829646009941e+00
2.163653916840563962e+00
1.950027884101830811e+00
2.045723878431422005e+00
2.280413617851123398e+00
1.832551978268500470e+00
2.324477103277448720e+00
1.969040776066885323e+00
2.080873273653122357e+00
2.069210778049812571e+00
2.588443838462266111e+00
2.420492697921512004e+00
2.061919420473122599e+00
2.276439701857507991e+00
2.024187268892863045e+00
2.048193288426148229e+00
2.399355471016476837e+00
2.115516380705137145e+00
2.232795740296088294e+00
2.399442915530083820e+00
2.150607490603080763e+00
2.110763038885967280e+00
2.318379091987313512e+00
2.366915769301531469e+00
2.416072972024554399e+00
2.402227196240710683e+00
2.336152340378641945e+00
1.900435723948210809e+00
1.979309011562177201e+00
2.046698722949373828e+00
2.098336775646921559e+00
2.409714571721913057e+00
1.896559219468825663e+00
2.467690009117733396e+00
2.227423818075384254e+00
2.255451023536644950e+00
2.105385978679014780e+00
2.248197803085741686e+00
2.301396580245526735e+00
2.433470310010523718e+00
2.118036216024913099e+00
2.109888870637847358e+00
2.214568458902988368e+00
2.283218284728038672e+00
2.443786110456298566e+00
2.156285002115990945e+00
2.252678817132713007e+00
2.193009559199038616e+00
2.579546013127153259e+00
1.946188988186095870e+00
2.221893529682246182e+00
2.097699567224320383e+00
2.428823349870968151e+00
2.510159111662400466e+00
2.175371527708193753e+00
2.077946840846225829e+00
2.340963744178067074e+00
2.395917346847765472e+00
2.396352679204358793e+00
2.483661462868247849e+00
2.552443503356516263e+00
2.301003744542116092e+00
2.428836692543994147e+00
2.370921989699385168e+00
2.334979033407734494e+00
2.351902165035313796e+00
2.640580811389084293e+00
2.386499229397462063e+00
2.487585188157846350e+00
2.424112935884649378e+00
2.298344308234135269e+00
2.375520468198809354e+00
2.392130420000043500e+00
2.261712058900191114e+00
2.077987180110695942e+00
2.285268310384511281e+00
2.519235867479810764e+00
2.398439126839512880e+00
2.207148134359191438e+00
2.064389388836502803e+00
2.263975933331408452e+00
2.160218136368213138e+00
2.293105859698680860e+00
2.141046916250929133e+00
2.201322924986326868e+00
2.323524593774382474e+00
2.250026179443370467e+00
2.184019827817086590e+00
2.579911050944554418e+00
2.417590993337732641e+00
2.649909554598871342e+00
2.808881863893676112e+00
2.684474784647712831e+00
2.540345215315924943e+00
2.535561649487901636e+00
2.573430059464949515e+00
2.495661061599759201e+00
2.560229615688777383e+00
2.598742827619845208e+00
2.265571752985345633e+00
2.185149806495592095e+00
2.293656406519592572e+00
2.304084989594560984e+00
2.408392958584209875e+00
2.240833758200732717e+00
1.986429672945787095e+00
2.592042602701460474e+00
2.235903868984403076e+00
2.724953522430990205e+00
2.586316853460923326e+00
2.358971102551200794e+00
2.479795494779389209e+00
2.482120397864907346e+00
2.473845837079103660e+00
2.610301724042734861e+00
2.407628696054309181e+00
2.647906901059676077e+00
2.534689458432277220e+00
2.428535892412186481e+00
2.426316974091849765e+00
2.567508734000019555e+00
2.521005645643046300e+00
2.361775759794990659e+00
2.582830865612369742e+00
2.593855172618604321e+00
2.589770508606386468e+00
2.153639894046996517e+00
2.140707265839535189e+00
2.172187266674155293e+00
2.143130940354757374e+00
2.180112457003984261e+00
2.271445331661989364e+00
1.926417937281220238e+00
1.863436107939280717e+00
1.750229760496661235e+00
1.942922480400026242e+00
2.229708104547715397e+00
2.100701525929022928e+00
2.201937969744148571e+00
1.637119032688242992e+00
1.823643369847416151e+00
2.128160589081539378e+00
2.151167388043804252e+00
2.535853844299978732e+00
2.581212562086231177e+00
2.355632053854230357e+00
2.286645009130129136e+00
2.240508933587738838e+00
2.229154587663702891e+00
2.219318765135912752e+00
2.493226428592962840e+00
2.567670335503106305e+00
2.589720304683216678e+00
2.105297879472522560e+00
2.410035598528069034e+00
2.401579885049464291e+00
2.563689623924860772e+00
2.373080388437700528e+00
2.706988005488857763e+00
2.474686652102227047e+00
2.570397331802650065e+00
2.666628366358944291e+00
2.418248468589478062e+00
2.364831339214975792e+00
2.485955928554017369e+00
2.500819964924334560e+00
2.589711724345137966e+00
2.635204190131346103e+00
2.720214559094960904e+00
2.624157450823469073e+00
2.588972596489228284e+00
2.608271738782517613e+00
2.599869444894662873e+00
2.157240996794067556e+00
2.309810324840912088e+00
2.248420257129069011e+00
2.042522940061089365e+00
2.191357731908787354e+00
2.020058527825339123e+00
2.251386584905620047e+00
2.039088337965342390e+00
1.920233857612011485e+00
2.358799783203161748e+00
1.937935737924445068e+00
2.095617455163279796e+00
2.149920556815926531e+00
2.329872811935983723e+00
2.305963458980856640e+00
2.202913003941179060e+00
2.361363982771833570e+00
2.318243290677343360e+00
2.378667015384971606e+00
2.430602511168546975e+00
2.385358904398673818e+00
2.340805254418539150e+00
1.951804168615489221e+00
2.195160935160564541e+00
2.117382374973033166e+00
2.283475535499118969e+00
2.294568412333183538e+00
2.146840969710417824e+00
2.212346177752533283e+00
2.172224189726795984e+00
2.303072228211553441e+00
2.512874360229656379e+00
2.413149622236965719e+00
2.464904118752976547e+00
2.552540097060970847e+00
2.465451265699945438e+00
2.492742603540968549e+00
2.554158190882196422e+00
2.478094301334407668e+00
2.477666647258585098e+00
2.525181797327491928e+00
2.585374868138163418e+00
2.433398612031826058e+00
2.403815934747206118e+00
2.531485012401109014e+00
2.657626825645380109e+00
2.543571285927911596e+00
2.589003579032460145e+00
2.513926353275494741e+00
2.621421758367485033e+00
2.701654254012587408e+00
2.508678320291721775e+00
2.646453266849511099e+00
2.477517876504966576e+00
2.518528594531355580e+00
2.710512637438520667e+00
2.461441140396638527e+00
2.456904850014105079e+00
2.417603315006176423e+00
2.462937596388696360e+00
2.421473659709517445e+00
2.450337462384945653e+00
2.459566135657513808e+00
1.785583996548784302e+00
2.119826923131149066e+00
1.878710105717288137e+00
2.124806043757859975e+00
2.222147498918059405e+00
2.131701042283900005e+00
2.207128217998631126e+00
2.096503963088440337e+00
2.016951578325016925e+00
2.193093537962788275e+00
2.172025161108865010e+00
2.026566525352547110e+00
1.964639746147885058e+00
1.999631421576219426e+00
2.324171107629403377e+00
2.038851517407690217e+00
1.883374735632379782e+00
2.289740112890096935e+00
1.931645965137713583e+00
2.084121288929478233e+00
2.022518322322605311e+00
2.539313807640462883e+00
2.012994022105087932e+00
1.990813000145703171e+00
2.316514524515939311e+00
2.290537293248536610e+00
2.072096597827051134e+00
2.185619185221010952e+00
2.350312135636174027e+00
2.250442308236952016e+00
2.211332943304100684e+00
2.160915572521975303e+00
2.192948116358125255e+00
2.383156160172832383e+00
2.437921723352261871e+00
2.398753655120661854e+00
2.456368344325018604e+00
2.150368412252951611e+00
2.089399424459882582e+00
2.096218188297672036e+00
2.288940942607058826e+00
2.653867558162919416e+00
2.465226696603266987e+00
2.450201015628684864e+00
2.210892853754534038e+00
2.214935777598363131e+00
2.401563577743688338e+00
2.249113159698728825e+00
2.323061095596692827e+00
2.190803744692069621e+00
2.080775361958338454e+00
2.271810304813089765e+00
2.249460277472027592e+00
2.255875668301428494e+00
2.055727247786260481e+00
2.172388691240208392e+00
2.128867160492919020e+00
2.376785850218551488e+00
2.052160153764173600e+00
2.262859917018535949e+00
2.426860073382500982e+00
2.062153886033975425e+00
2.492080682471419451e+00
2.092937229880124317e+00
2.405462513048674644e+00
2.209798351898256463e+00
2.441490531945260667e+00
2.410034721009858938e+00
2.190200934985735870e+00
2.524651467307824859e+00
2.243407966533677023e+00
2.440838041902465338e+00
2.366612948475650402e+00
2.388774854501609646e+00
2.370018109795042349e+00
2.294413659486709278e+00
2.508018443149163890e+00
2.150367389314403521e+00
2.364817431464949493e+00
2.416683007169712294e+00
2.533640601475467324e+00
2.307033235125647064e+00
2.278950363606672802e+00
2.222838437047017557e+00
2.262229319387842441e+00
2.129999429020893675e+00
2.206158646743831220e+00
2.240581456656681958e+00
2.507116612582085402e+00
2.343019197473710236e+00
2.438961453869364693e+00
2.252578049799029092e+00
2.351685915711286601e+00
2.447458302993961610e+00
2.300116595895095539e+00
1.991727337392386499e+00
2.164373391149197356e+00
2.268528011735409855e+00
2.220806653624388893e+00
2.554479381074418409e+00
2.251571183275328014e+00
2.634030248517829964e+00
2.119986344847369697e+00
2.295542772145977128e+00
2.421551180929824465e+00
2.479127182799110152e+00
2.469001141387614062e+00
2.621089562112811855e+00
2.694421717028565588e+00
2.624097962136340279e+00
2.537498168773821394e+00
2.583453405324844798e+00
2.522008014233191098e+00
2.461805772211935750e+00
2.494819897249078267e+00
2.511819429344984478e+00
2.553501608095344100e+00
2.330349795116406497e+00
2.068865406956976738e+00
2.426229192568330362e+00
2.152367423851443196e+00
2.442371927751263438e+00
2.248805522111147592e+00
2.332137564233088156e+00
2.533850905792500718e+00
2.516736734698037825e+00
2.321022719128804646e+00
2.516847237167203044e+00
2.749932525761305868e+00
2.346763241734327377e+00
2.509852617800931274e+00
2.651758319926676766e+00
2.492321382015062703e+00
2.556238116452332232e+00
2.498097715956466125e+00
2.317415040473682186e+00
2.610481679715489722e+00
2.491567421133833893e+00
2.300903674777643459e+00
2.582174606486725477e+00
2.257370052291015394e+00
2.382532864297944641e+00
2.338082529822019140e+00
2.563687988372608029e+00
2.380933483892487601e+00
2.375733254462685462e+00
2.644114717654371560e+00
2.593863278985501175e+00
2.657438591000945038e+00
2.076253914615827867e+00
2.154967729768061169e+00
2.102768836043194867e+00
2.214364585718462841e+00
2.041279369320025960e+00
2.186969331178317155e+00
2.277095028704235524e+00
2.031093950842312701e+00
2.031048591342582199e+00
1.824278322083007442e+00
1.881158272690432787e+00
2.170607053477814130e+00
1.999047398463492886e+00
2.055941175474826910e+00
1.997455110025669667e+00
2.031450672508685606e+00
1.966974147281583152e+00
2.413149440681839675e+00
2.570095111306415436e+00
2.347862475103204449e+00
2.339902982876969517e+00
2.274397714614903698e+00
2.340870031049004041e+00
2.266010618459629367e+00
2.417427305680553751e+00
2.427138516556122116e+00
2.139137198777258941e+00
2.321296209377641251e+00
2.491341431777474913e+00
2.347623635681627352e+00
2.426028368707841665e+00
2.591271322315145564e+00
2.476262977448056457e+00
2.521510620160400951e+00
2.333965503357748439e+00
2.617830359760572101e+00
2.401859154906231808e+00
2.629607337789559907e+00
2.411224459023472821e+00
2.544863235207638130e+00
2.551353668406881603e+00
2.651142459840825527e+00
2.367858958343552089e+00
2.652418217597513728e+00
2.710824448722021884e+00
2.609952895425148522e+00
2.382314470948140972e+00
2.501958241275699990e+00
2.441644777491852825e+00
2.679896898869378319e+00
2.682062427359715340e+00
2.439848314152550213e+00
2.506425887258715512e+00
2.559794723980479692e+00
2.601301731819693597e+00
2.233383719924649125e+00
2.225101423563758285e+00
2.298017348422158879e+00
2.202427370621967473e+00
2.251504836785209740e+00
2.356341036890108320e+00
2.497368703120629974e+00
2.427867973187171291e+00
2.127549286456477784e+00
2.315087495653874505e+00
2.055700782425785800e+00
2.102598715056504197e+00
2.269576309326891028e+00
2.098573032623977319e+00
2.127790602898499195e+00
2.073114502884164878e+00
2.172936455081543095e+00
2.130537280095885055e+00
2.360982540462300161e+00
2.100338055921880720e+00
2.407231805661411705e+00
2.471833022420008685e+00
2.012792342690445491e+00
2.206233803855207398e+00
2.280102482459050783e+00
2.397015872050383134e+00
2.402009699767442719e+00
2.413444449891345212e+00
2.525702416213476020e+00
2.496038156026662236e+00
2.523551449508778521e+00
2.536483573033708971e+00
2.461346229651459439e+00
2.631311993079798128e+00
2.587816204121464736e+00
2.576535618817292761e+00
2.736401117137293060e+00
2.606096515319145546e+00
2.468257826496319307e+00
2.564648375785242962e+00
2.482252162796123152e+00
2.410314040719359951e+00
2.388281396031552539e+00
2.351097974118340428e+00
2.229519773428224827e+00
2.380187840632041141e+00
2.383809898444968933e+00
2.304905105764113227e+00
