2.051675761320874702e+00
2.190545502302983838e+00
2.071317550447392630e+00
2.145435787688973583e+00
2.124176625029547516e+00
2.191121165115482050e+00
2.156191243941374847e+00
2.446946247638619010e+00
2.178838895296609124e+00
2.129552451090077625e+00
2.064608100464803808e+00
2.029718606706816253e+00
2.212281951682065095e+00
2.214326676641482639e+00
2.129687459812630745e+00
2.155259386034084290e+00
2.403366577040399577e+00
2.007425337246245611e+00
2.463909180178199598e+00
1.988090089206564492e+00
2.126082900595291036e+00
2.174306346318609418e+00
2.485380462296814752e+00
2.411748117098066135e+00
2.120178129916152177e+00
2.311750225595823327e+00
2.219665693255910011e+00
2.228912750301436319e+00
2.317626801713451368e+00
2.136905088250508289e+00
2.165796673203189915e+00
2.419688736649020289e+00
2.243705995510694606e+00
2.301922392090545166e+00
2.210398034599639239e+00
2.242065968854552782e+00
2.250189646886004979e+00
2.363734821705818501e+00
2.456130432069658198e+00
1.858008635563428657e+00
1.823788704844149899e+00
2.045178758716053924e+00
1.903580877800186366e+00
2.222488146869733505e+00
2.036459002134002105e+00
2.278311027921879006e+00
1.985585255436979280e+00
2.234151950567191847e+00
1.986918320277991867e+00
1.898219861973458267e+00
2.184890500708196459e+00
2.103827551951722885e+00
2.008306174505862352e+00
1.935366401102327050e+00
2.017987386245112980e+00
1.929034876718117353e+00
1.970474143414699952e+00
1.924632407121819044e+00
2.081633269691744115e+00
2.090254116878621282e+00
2.303118615298368255e+00
1.909124588713633219e+00
2.012165411215142807e+00
1.980944938083099904e+00
2.224516262157612889e+00
2.227838759368631738e+00
2.018008049774117740e+00
1.988620406620540848e+00
2.117326916347441745e+00
2.282503116726343428e+00
2.134590547062518606e+00
2.487109509111620653e+00
2.331180599192600233e+00
2.172928896297015466e+00
2.324557525620555509e+00
2.254710482864342502e+00
2.280537238892742735e+00
2.182445649342737326e+00
2.465678877703880723e+00
2.322020233384754828e+00
2.326905972721111659e+00
2.386960577513209003e+00
2.068547794332852519e+00
2.187859706368801671e+00
2.212557008836574468e+00
2.217833901973572441e+00
1.958784697477197634e+00
2.263503717901770074e+00
2.345290384630716041e+00
2.355400887499048856e+00
2.285155261334001597e+00
2.121086459578021888e+00
2.000832286539049765e+00
2.072065813252462529e+00
1.990949608000604831e+00
2.089262628717726500e+00
1.989904554451457974e+00
2.284856790310613839e+00
2.058408569490018269e+00
2.010239719223276822e+00
2.253575438074741033e+00
2.138913202129431035e+00
2.433262122495960966e+00
2.663536834110470153e+00
2.547455834983196610e+00
2.306171449475461266e+00
2.288180235728387135e+00
2.281446126865855017e+00
2.367434448303877392e+00
2.187898943948717534e+00
2.277681319081686251e+00
2.061904047248853011e+00
2.121527031196212665e+00
2.073685440507521349e+00
2.054681594834835145e+00
2.177753280674940672e+00
2.059606767159293916e+00
1.814546701136537266e+00
2.364776241693088199e+00
2.166153367279004982e+00
2.525294652749120239e+00
2.496292950554018120e+00
2.312273739148631879e+00
2.221236455467183735e+00
2.266975307887251656e+00
2.184982532389551757e+00
2.265553849591964486e+00
2.383065445411190364e+00
2.399408840274960042e+00
2.314565863000949353e+00
2.281025251142400290e+00
2.237615105998594256e+00
2.311477358478591704e+00
2.312317672706265981e+00
2.181652220126128139e+00
2.355269245294489000e+00
2.395501758971616102e+00
2.402315292320037710e+00
2.010277577274513394e+00
1.984874547462811778e+00
2.048377761628432214e+00
2.076972520472708084e+00
2.012399622723885173e+00
2.243637362506430311e+00
1.979318006703363109e+00
1.970408191984745372e+00
1.811978425543587568e+00
1.955406624795307025e+00
2.135826535302692619e+00
1.954897164947372534e+00
2.083849705481228831e+00
1.989179178580329443e+00
1.884438576352430506e+00
2.040321632996763057e+00
2.136451267539295706e+00
2.109168146949096379e+00
2.228971298157455649e+00
2.019203495748948196e+00
2.058208553795474849e+00
2.073076458134775368e+00
1.935193733112781977e+00
2.042266249754379537e+00
2.250760318810216098e+00
2.187593033138074183e+00
2.264073191921134764e+00
2.011840252638867454e+00
2.107423751145646396e+00
2.225417261421324788e+00
2.210353894158911814e+00
2.369283532444694806e+00
2.236349571729029595e+00
2.356925186017384544e+00
2.182407158390863078e+00
2.158285447169642879e+00
2.347960891133417771e+00
2.200902955179128373e+00
2.339672846864591538e+00
2.241698325173651529e+00
2.386184948886821200e+00
2.438898940833562623e+00
2.552747261153589520e+00
2.449383561351834437e+00
2.357029743340222527e+00
2.496896359001706145e+00
2.391554398688950922e+00
2.005251438684689358e+00
2.123978980467100097e+00
2.094171125514950660e+00
1.843045579891374741e+00
2.028300701871564193e+00
1.931337745580193443e+00
2.169328758627866893e+00
2.049767783031886115e+00
1.923601096681678557e+00
2.105426314326655390e+00
2.032232983647835223e+00
2.025437851071118178e+00
2.062609009506623625e+00
2.213810670393731694e+00
2.152298669040251244e+00
2.127796924773964093e+00
2.269846372068588192e+00
2.145278093207767078e+00
2.111993776416878354e+00
2.291279650838808024e+00
2.161937487631359733e+00
2.091053456523188192e+00
1.772976137406012898e+00
1.958853666586845677e+00
2.021983540689905823e+00
2.121411888783625521e+00
2.205553194874221745e+00
2.037794114994728734e+00
2.082935667735456686e+00
2.054364264015968722e+00
2.054706433094770635e+00
2.366992381955088209e+00
2.251800641678549653e+00
2.308501965134089229e+00
2.327911697375818267e+00
2.367677419625730195e+00
2.392285057780244806e+00
2.373574011417217022e+00
2.325988850174965705e+00
2.298158437286351052e+00
2.282266515583855071e+00
2.426315626472014042e+00
2.168373890008046700e+00
2.157263141747948421e+00
2.294719303668275590e+00
2.404580046726042308e+00
2.344421204975004613e+00
2.205772760414791644e+00
2.175590902129360238e+00
2.416018917596191251e+00
2.470709126472019790e+00
2.486272709460058294e+00
2.503218142351948394e+00
2.334054538359485953e+00
2.298623420340406565e+00
2.697031531874719334e+00
2.415204680354621214e+00
2.263688211883000623e+00
2.212117796219429167e+00
2.303373699264907426e+00
2.239648502809759911e+00
2.156621010290059814e+00
2.361677928608044930e+00
2.026626329246803859e+00
2.323338168803617876e+00
1.971664911338945281e+00
2.110385172357776007e+00
2.363534618309610646e+00
2.171439833352510451e+00
2.212774009744185477e+00
2.237422044920057029e+00
2.192013958655466332e+00
2.316054017039904878e+00
2.210095408590859734e+00
2.062293772089077937e+00
2.080454739185846336e+00
2.173763971631001990e+00
2.248016910881790231e+00
2.184097131983962825e+00
2.138742839670229490e+00
2.543233038701176341e+00
2.014601659453141291e+00
2.170729450357738344e+00
2.182288360715904929e+00
2.612801405219078443e+00
2.110266518792395019e+00
2.146946686106780966e+00
2.294298027141905116e+00
2.586928153055052082e+00
2.154769240776982731e+00
2.196543027650945223e+00
2.214636226306153421e+00
2.188620688228725797e+00
2.221789034153707210e+00
2.413989779034193983e+00
2.194217338447848054e+00
2.184467536200600080e+00
2.309550090307064263e+00
2.442831724889589662e+00
2.283328766776432595e+00
1.872310166738166082e+00
1.911168175316101836e+00
1.953529813095916223e+00
1.878395232388426095e+00
2.288651989437262113e+00
2.248495314485964069e+00
2.017102190937667405e+00
2.064554839955392129e+00
2.106298066597997121e+00
2.093137191576879275e+00
2.205032198800758181e+00
1.788782246268294296e+00
1.971000378240105544e+00
2.008077061169526889e+00
1.865888365707682350e+00
1.985913457584310926e+00
1.912765147558425083e+00
1.814361680808306732e+00
1.973338529978426958e+00
1.906054183612029052e+00
2.184927404735291123e+00
1.860035175744463531e+00
1.863360526546400608e+00
2.182949806484361321e+00
1.793516602136927318e+00
2.144731021459717724e+00
1.890225226049672136e+00
2.103840854152374984e+00
1.881840385447288266e+00
2.026418822484571614e+00
2.008209572652144281e+00
1.886481334426505896e+00
2.248129789098176623e+00
2.030253385394888976e+00
2.105148993148761249e+00
2.096459186766713056e+00
2.332741170561784205e+00
2.331637667896006239e+00
1.991464928731471629e+00
2.148836144464822961e+00
2.009327900314485493e+00
2.388717271653719276e+00
2.113096035799446160e+00
2.401388721008554494e+00
2.074718145826072835e+00
2.131438901355833693e+00
2.236131657713529730e+00
2.091315317220108660e+00
2.085520352880822159e+00
2.205049845627940375e+00
2.228179568967105340e+00
2.154293994499754561e+00
2.061788917665339671e+00
2.136599408420948087e+00
1.922153348808808726e+00
2.116567793752693660e+00
1.848541222911924908e+00
1.950415073104236452e+00
1.870307333013658813e+00
1.947727922978244264e+00
1.958502127021992223e+00
2.058407562892579534e+00
2.155301510326255165e+00
1.951949180227785963e+00
2.398597899766356623e+00
1.905217311269115310e+00
1.984122514605089593e+00
1.987600994390331444e+00
2.378295881533773581e+00
2.318964428879955353e+00
2.482478149804293377e+00
2.438756605677494971e+00
2.333513595733341717e+00
2.251466526265327062e+00
2.396584464003778336e+00
2.139169249744646173e+00
2.166005033582337980e+00
1.973727825190063401e+00
1.913414267119340817e+00
2.046485502746113738e+00
1.801094059517171386e+00
2.067694014495139232e+00
2.183391383532991004e+00
2.229582262819929994e+00
2.161404716104993184e+00
2.286505681171466353e+00
2.384040693732783378e+00
2.168756873802973661e+00
2.223612414318382413e+00
2.551833790749204578e+00
2.165197519104928858e+00
2.582974410235332474e+00
2.038214398983154929e+00
2.142138956386087312e+00
2.016122712956913698e+00
1.820873302970715812e+00
2.030120590676938619e+00
1.878232383779168124e+00
2.196245904710255825e+00
2.451121604975640800e+00
2.293251603983935905e+00
2.241293931243738324e+00
2.322881953445710579e+00
2.151110047868110442e+00
2.235302654171043457e+00
2.208249497862995625e+00
2.332280923693173857e+00
2.254406103010927254e+00
2.075315733627236980e+00
2.311392826527543853e+00
2.243419966741885485e+00
2.215699114317471352e+00
1.684663265679998467e+00
1.789585640533001287e+00
1.699870987298061742e+00
1.946878920373191546e+00
1.913653389440514552e+00
2.133567424277787339e+00
2.096994347027632877e+00
2.030539123314359262e+00
1.726381577171408832e+00
1.753296769950546841e+00
1.954129652983230603e+00
1.959148655938363737e+00
2.023318734516191597e+00
1.767131763919677301e+00
1.991832524864915133e+00
2.318308921552822088e+00
1.774548900789115535e+00
2.247630944842923473e+00
2.324714708964852772e+00
2.142527648412012375e+00
1.952783391116980072e+00
1.984348761171257358e+00
1.932320699149380205e+00
2.113545656069072631e+00
2.097992968330129937e+00
2.002550823896149801e+00
1.965445066861672085e+00
2.183860248996112752e+00
2.228918784173803402e+00
2.180322508607425380e+00
2.155050805423323723e+00
2.243577407232071774e+00
2.243125523981699843e+00
2.180567673012793861e+00
2.274901527911979304e+00
2.083851147835289019e+00
2.301537362070187775e+00
2.068210019054399051e+00
2.241094149185007822e+00
1.977394526798075924e+00
2.292184438624723875e+00
2.103840364452534750e+00
2.128436863514721722e+00
2.109327564171995295e+00
2.339777413848918020e+00
2.377334078749745228e+00
2.187377094495234431e+00
2.333263536957234763e+00
2.275035344527942094e+00
2.544571713719476325e+00
2.411733237635956151e+00
2.362399963364837596e+00
2.319472147790164751e+00
2.351603220714370224e+00
2.275342284689482852e+00
1.902916378717767643e+00
2.083938609560499700e+00
1.992891919118464861e+00
2.068918671159507561e+00
1.872135098668298081e+00
2.157954803051152393e+00
1.922204333390051145e+00
2.097680573146302407e+00
1.996296001647424045e+00
2.108436045205715814e+00
1.871553784580814561e+00
1.953564483456084577e+00
2.057605221374096072e+00
1.986762184474673454e+00
1.946166374574746616e+00
1.974150935078903935e+00
1.796243284482381686e+00
2.002222759975752719e+00
1.843607146890650528e+00
1.696498453630888470e+00
2.000767527032130122e+00
2.023233355645093656e+00
1.960376627951818884e+00
2.194455659406848724e+00
2.087657558797892943e+00
2.226394256438993580e+00
2.400693285932165910e+00
2.340855496967396920e+00
2.427639914371614527e+00
2.260253695492982384e+00
2.355631647767801873e+00
2.290017069096268454e+00
2.252557726185279385e+00
2.389560428780369339e+00
2.127233953349700446e+00
2.201920841006093532e+00
2.368152035741868389e+00
2.541839217596774336e+00
2.499479186022306898e+00
2.534430894600537165e+00
2.274745971204717332e+00
2.141327544806828076e+00
2.276041825494513837e+00
2.179850983209971282e+00
1.968646358814009290e+00
2.194514508689923815e+00
2.290152912031482746e+00
2.073190078544498327e+00
