1.880562069165965022e+00
1.825068759208406499e+00
1.906183394523903729e+00
1.747063201119016584e+00
1.802663934643091936e+00
2.033445453437610073e+00
1.805839633655758503e+00
2.014780742982434703e+00
1.767185689507074109e+00
1.918406772859177822e+00
2.033102476936562208e+00
1.806249213068663151e+00
1.968115262035634805e+00
1.934405712988939818e+00
1.782469893123616034e+00
1.924971735029705089e+00
2.098663786072729742e+00
2.016024768099835995e+00
1.824948585581482430e+00
1.943033122009272029e+00
2.143255059743963908e+00
2.158658590126018684e+00
1.858065666936399962e+00
1.812235778414819309e+00
1.958313391792879887e+00
2.042988783247221996e+00
1.952230812697707041e+00
2.121231648776211731e+00
2.118963213436486193e+00
1.912277039695302605e+00
1.893422967018084435e+00
2.025451403698616648e+00
2.042263905634845056e+00
1.794439364585634911e+00
1.829856761821558209e+00
1.844321387502570131e+00
2.140541906543555584e+00
1.978300130312746985e+00
2.199830083357637189e+00
2.095192013233152739e+00
2.098264742777051328e+00
2.101178681030397399e+00
2.088756375385417918e+00
2.060628289280254322e+00
1.930503274388586821e+00
2.029219626138915267e+00
2.236942301599695426e+00
1.988138126304044961e+00
2.053988174824289192e+00
2.207601380967849192e+00
2.012839274239583087e+00
2.199476563181698818e+00
2.067765460550494705e+00
2.244415328088586570e+00
1.816496649497333360e+00
1.897220973231450669e+00
1.685823236407429926e+00
1.738464792543222837e+00
1.868922204024307643e+00
1.769068393256698402e+00
2.052064569408294847e+00
1.985749752352103936e+00
1.832952880438967869e+00
2.087726349721293673e+00
1.693983810366158860e+00
1.903980707212030721e+00
2.006559036508040794e+00
2.067167774063765950e+00
2.251856500104763015e+00
2.147789468340609353e+00
2.223130951910107900e+00
2.408588613054669203e+00
2.334402787270104973e+00
1.868642432418033072e+00
1.884784848377558664e+00
1.785952566431253663e+00
1.848347996723385123e+00
1.967525254972584126e+00
2.045199470323880941e+00
2.062329124455919427e+00
1.934443519234047004e+00
2.148481239722563441e+00
1.901579303757990225e+00
1.898797939097749632e+00
1.743844064845440744e+00
1.934520582762103924e+00
2.123372125531793220e+00
2.070498946157621312e+00
2.008679611962105760e+00
2.165701901270948859e+00
2.054597961985961785e+00
2.143964653624534922e+00
2.186524680099141360e+00
2.026247663932519316e+00
2.220808854953850275e+00
2.251834224596265255e+00
2.243426673028410256e+00
2.030594731354856908e+00
2.197637472283636040e+00
1.852427094426688514e+00
1.763544713888489213e+00
1.892326794520108324e+00
1.830426756678502409e+00
1.704972957659374844e+00
1.868728353344706994e+00
1.750788264307768571e+00
2.153907764741211928e+00
1.819990011696796639e+00
1.725759364244517924e+00
1.847429630788661514e+00
2.025245259221791994e+00
1.902515625028383672e+00
1.837838046718946350e+00
2.016935515185584560e+00
2.073397963840706293e+00
1.955912269544617610e+00
1.839564415212798565e+00
1.990881340443345859e+00
1.855125726472213854e+00
1.909221209936225794e+00
1.827475296101310986e+00
1.896942989116701561e+00
1.963657192897006798e+00
1.867620894126072129e+00
1.921475718071157690e+00
2.059493744440737295e+00
1.724085679945612792e+00
1.853377610965929900e+00
2.000135867635610687e+00
1.896362523477980400e+00
2.102813611432570173e+00
1.888220215632612220e+00
2.019097467517811495e+00
1.823758593813478601e+00
1.866992698852117938e+00
2.003304186439748946e+00
1.802778695301370915e+00
1.936526733284592350e+00
1.850598601030378099e+00
2.161737387470719529e+00
1.842377054241738588e+00
2.100181415298799870e+00
2.212920872057671406e+00
2.039159920690083005e+00
2.089171112859783630e+00
2.141939000414369687e+00
2.215849741075570201e+00
1.959257519976075557e+00
1.868218517450204619e+00
1.965003947132835549e+00
2.146193741459700099e+00
1.889919394739185465e+00
2.163490966583101471e+00
1.894673963554644347e+00
2.186158078479839340e+00
2.150675683898140900e+00
2.056671505355034846e+00
2.240899014167034409e+00
1.940795891702059128e+00
1.932650215108173253e+00
1.979050134908924230e+00
1.795335938821492672e+00
1.726516898331150074e+00
1.661469094262957302e+00
2.132675463405411254e+00
1.979379319702071705e+00
2.181514265919182627e+00
1.929351332085786908e+00
1.961364263373872374e+00
1.882619824224639471e+00
1.979082712360362928e+00
1.956713750128166396e+00
2.160420684411979320e+00
1.960601885218396845e+00
1.996877892021184708e+00
2.222900715043911291e+00
2.177191779196001153e+00
2.304762246073779774e+00
2.296814103550811392e+00
2.110825900034374314e+00
2.172864732306803326e+00
2.028795685125924564e+00
1.958005612389754013e+00
2.132672162708509234e+00
1.888569890581282218e+00
1.973755907054108194e+00
1.850296009991331037e+00
1.826559676445185021e+00
1.809949387659281594e+00
2.004792219018031840e+00
1.901127990368885801e+00
1.955500661201047485e+00
2.021915910362937829e+00
2.048153264822883290e+00
2.071461687735656643e+00
1.953361651937727261e+00
1.982781740386065472e+00
2.249113944257037367e+00
2.208441320123126772e+00
2.190572291845864328e+00
