1.720498777925009160e+00
1.501032967895091108e+00
1.486818093385954720e+00
1.453434359898497119e+00
1.420505316040401533e+00
1.581189344822427900e+00
1.699751503128317909e+00
1.716044844040668593e+00
1.553561206147469731e+00
1.454187488972403575e+00
1.630241844150749797e+00
1.611889336516300508e+00
1.606281208057537047e+00
1.683455651307033119e+00
1.902484155085340856e+00
1.652642259182139917e+00
1.606474144549004057e+00
1.849113626204373251e+00
1.556869567011408773e+00
1.950382483485359142e+00
1.764245991322530349e+00
1.750873482032912376e+00
1.698105464890581118e+00
1.610271486616680958e+00
1.718979546987491336e+00
1.739999007736587000e+00
1.650195082283139048e+00
1.927538719742240225e+00
1.820691701723226696e+00
1.887551225408999001e+00
1.717870452961400840e+00
1.607838665812345802e+00
1.518172610569423320e+00
1.728425757678518693e+00
1.696784899773555066e+00
1.893706644422093799e+00
1.834213418970733089e+00
1.476375055541243375e+00
1.438978657901536229e+00
1.500281181743136294e+00
1.851362630572788381e+00
1.631507536424390281e+00
1.626665453844792664e+00
1.660184859249320022e+00
1.661550886358953649e+00
1.873618347070270973e+00
1.744660579106502185e+00
1.700611493775336713e+00
1.763846380566739258e+00
1.816508171346348455e+00
1.735846101981768141e+00
1.542243600113954560e+00
1.685246363739665743e+00
1.528927077696470294e+00
1.459632597149632005e+00
1.674266026643192351e+00
1.670933649975575808e+00
1.618382478406457103e+00
1.536841846347082097e+00
1.584411467140541596e+00
1.550179393313215526e+00
1.465093567164922339e+00
1.509485155773760079e+00
1.595174467531917939e+00
1.715129576200152384e+00
1.789447358818601730e+00
1.754544253560399003e+00
1.506187379223959066e+00
1.713203546033412961e+00
1.929402463489882313e+00
1.860274135871063939e+00
1.728546063324612359e+00
1.758208486963295458e+00
1.427536774035082834e+00
1.601988507025898123e+00
1.815371775033790103e+00
1.709639383264123014e+00
1.880551548994977562e+00
1.706990566522911035e+00
1.761433310869158220e+00
1.630049205484227048e+00
1.803909820023553712e+00
1.630833681025017912e+00
1.558852902688847131e+00
1.628009110588799047e+00
1.801768388850617297e+00
1.785765002525234291e+00
1.936152483624822507e+00
1.805471008879591333e+00
1.476232126627034624e+00
1.590213340671897013e+00
1.440706182234538391e+00
1.376083866142107537e+00
1.546412398128687471e+00
1.591505250492748713e+00
1.742784807768854360e+00
1.770932305847980004e+00
1.664881658627193506e+00
1.786735536599163288e+00
1.718927040804632433e+00
