1.841281307740778805e+00
1.814738436903211127e+00
1.920906714182829989e+00
1.805031153837031610e+00
1.773305717348379051e+00
1.961184984058139236e+00
1.789145824606451773e+00
1.966880938019661240e+00
1.785238615870041512e+00
1.953503328082573098e+00
1.936841652416482429e+00
1.747730014406346122e+00
1.920647209255472943e+00
1.946206547147813382e+00
1.762160464906576296e+00
1.892575679322238358e+00
1.962881393034962008e+00
1.846282845080480683e+00
1.778818754464607910e+00
1.766325785636537304e+00
1.841845306804413163e+00
2.058224929464103514e+00
1.725090190930052447e+00
1.826771237686682925e+00
1.866945974557230103e+00
1.851306273193744190e+00
1.763656098633466840e+00
1.955437395343949003e+00
2.065842797213124360e+00
1.922729229409956941e+00
1.883884909484325743e+00
1.996355167043515566e+00
2.083998950404203132e+00
1.760723490414471515e+00
1.663961484474608232e+00
1.753433085730728758e+00
2.309587724567943479e+00
1.890390802677963222e+00
2.303264842990160322e+00
2.262898321906919641e+00
1.946108123852582805e+00
2.078152248466392127e+00
1.869597179982208868e+00
1.963265636743657394e+00
1.865512319089545956e+00
1.900220003615813003e+00
2.164567560753666076e+00
1.873339796694334813e+00
1.955843447740908125e+00
2.000879269833633511e+00
1.951899757060119978e+00
2.141438141724621325e+00
2.050236139530115853e+00
2.101933468708900410e+00
1.717705768695123147e+00
1.668546126441610822e+00
1.732757592671921865e+00
1.765672778426494727e+00
1.665166626832889074e+00
1.430981872140710376e+00
1.941868099640642331e+00
1.959143412249274130e+00
1.777609658823887662e+00
1.820715189539767742e+00
1.590368213811234943e+00
1.722730033329544996e+00
1.895150446709942926e+00
1.867092792369341225e+00
2.046483876149798320e+00
1.861713538459387696e+00
2.225602405743322354e+00
2.285862866574333463e+00
2.232087934870369939e+00
1.702355114050159823e+00
1.738609713203030260e+00
1.671669304501988584e+00
1.772992678969547375e+00
1.910658324805323494e+00
1.884722021217265953e+00
2.070056740301691622e+00
1.843092430100886636e+00
2.009163297598652420e+00
1.752230265598227366e+00
1.811242070111160229e+00
1.659741278508712448e+00
1.851152346336795818e+00
1.957985570979690060e+00
1.987573011412206769e+00
1.962041913592385667e+00
2.123715589865718734e+00
2.036100288770654743e+00
2.087522142120972202e+00
2.082210866870412236e+00
1.967930902960225881e+00
2.186142281157394951e+00
2.178259172117520404e+00
2.106134107275645206e+00
2.034424549516289815e+00
2.130001040482965458e+00
1.924986987240782987e+00
1.863189142482470473e+00
1.910888158153691840e+00
1.886368374703452533e+00
1.763404244583955949e+00
1.931411583115919317e+00
1.776805168994424422e+00
1.951947391811943655e+00
1.836106942202799575e+00
1.764550197391286268e+00
2.092048050656478697e+00
2.025267227922491475e+00
1.915303758368183340e+00
1.820937469695671496e+00
2.039665515992849176e+00
2.056822977719106049e+00
1.864309425598678072e+00
1.823470571877575219e+00
1.913836456821055743e+00
1.769376754544941033e+00
1.847848404230854502e+00
1.754663831702983234e+00
1.773462713316534600e+00
1.952758250586026811e+00
1.822331947295351195e+00
1.758024446253206863e+00
2.040972788445018615e+00
1.639411210512632833e+00
1.912592880732115530e+00
1.860828970509077251e+00
1.849140561397684346e+00
1.963506514963688776e+00
1.866210422546298098e+00
1.949336855691747639e+00
1.818167805628654987e+00
2.016435651673992080e+00
2.066659314858154239e+00
1.774230273350231091e+00
1.971759900202009863e+00
1.768003762146135305e+00
2.281936996297291742e+00
1.908731152021040600e+00
2.176151800228681932e+00
2.236243484335286524e+00
2.149116128449080954e+00
1.847986256960385099e+00
2.015929730601664804e+00
2.085815337059716335e+00
1.720163457543441465e+00
1.765341349934978599e+00
1.900671555426974635e+00
1.843096248249294522e+00
1.818090264262553157e+00
1.988913619316801773e+00
1.791606148742481919e+00
2.058966063022682036e+00
2.080953828011573137e+00
2.018961934286431781e+00
2.132546290511582399e+00
1.838115338811500576e+00
1.815026002650468318e+00
1.871973248931724454e+00
1.771668433219223848e+00
1.836781936719821484e+00
1.781179901582020220e+00
1.929033659189668182e+00
2.034964683639166605e+00
2.054433883356825419e+00
1.953465062216622528e+00
1.825218249882111898e+00
1.772862734218244807e+00
1.888115148358722850e+00
1.796383411492917581e+00
2.115044209254792307e+00
1.972800192904972993e+00
1.966012454600960080e+00
2.114359835172496815e+00
2.181939252270673979e+00
2.311617978416521169e+00
2.242471569194514736e+00
2.013076321391973345e+00
2.118435435021636337e+00
2.057519109945224578e+00
1.990855286567754012e+00
2.011721379356993467e+00
1.720956940897707232e+00
1.846317833654578910e+00
1.659106823952162024e+00
1.627886753388340324e+00
1.613325215735695650e+00
1.916763878923646303e+00
1.832870709025368638e+00
1.925942572858596380e+00
2.021108992100019819e+00
1.990728465840154282e+00
2.066872461872942601e+00
1.923751580422504714e+00
1.936085824138866984e+00
2.182351249318334130e+00
2.205427969323206394e+00
2.157873491450712944e+00
