1.766078095423233352e+00
1.747904745626733369e+00
1.836090994083647399e+00
1.656782128613394134e+00
1.636736900709513831e+00
1.955890499702044982e+00
1.681799120151337812e+00
1.838211142089717365e+00
1.680518149732229682e+00
1.713999475643535719e+00
1.811881861377210745e+00
1.790965999392157837e+00
1.823840631161490311e+00
1.860491352011324429e+00
1.686680274472491137e+00
1.842327622571320767e+00
1.969490745057969727e+00
1.913233239051383316e+00
1.745870439148627273e+00
1.787939233557555685e+00
1.900250328342719452e+00
1.963580643570845830e+00
1.634278253280693427e+00
1.690329850233555975e+00
1.666732287324190320e+00
1.823387528450198358e+00
1.741270026220492539e+00
1.963144004758875960e+00
1.987791128734905932e+00
1.819710655662277077e+00
1.840060183673539074e+00
1.856574566267747084e+00
1.814877068464179954e+00
1.743584591933997618e+00
1.660407542608292708e+00
1.680145053235904129e+00
1.963545892062990905e+00
1.757435307195441609e+00
1.874829602437348752e+00
1.909654400848275202e+00
1.936434781320760967e+00
1.874748935254063387e+00
1.919438925909145555e+00
1.865488493649368973e+00
1.788259661761317343e+00
1.854607071436402688e+00
2.049056353993019108e+00
1.821463741079434318e+00
1.919680147188917330e+00
1.918666434024777434e+00
1.813362701565045310e+00
1.884005046265135874e+00
1.827219032739665794e+00
2.038570130899572508e+00
1.630529052464729123e+00
1.787680643153828797e+00
1.718408483816517451e+00
1.723116325109667279e+00
1.805407505171274352e+00
1.591489769056056103e+00
1.827711661473456983e+00
1.763924715831500123e+00
1.790675733605116671e+00
1.802019442596770382e+00
1.626553274935772730e+00
1.723199416952250651e+00
1.717940891332204068e+00
1.722433220720556157e+00
1.761699270718463106e+00
1.899587474906179629e+00
2.062516620568528580e+00
2.321889789832840112e+00
2.253856633419584199e+00
1.792769535109460355e+00
1.737409705512119817e+00
1.713796990297536960e+00
1.805304843993602359e+00
1.906938432430879571e+00
1.791835340118250075e+00
1.839957885044184671e+00
1.846312108052681422e+00
1.812989800971291698e+00
1.675128869878873550e+00
1.797857764492662325e+00
1.655418130384296527e+00
1.800605587698412835e+00
1.782172716114321709e+00
1.938008491855882198e+00
1.822434099903527338e+00
1.993658530866123879e+00
1.803569179781477461e+00
1.806133164343552755e+00
1.777759870532921394e+00
1.755944908547796945e+00
1.962647420025520395e+00
2.122354304683768511e+00
1.851598830496724801e+00
1.811409405024553054e+00
1.833344485763020559e+00
1.997200520018077130e+00
1.772891767184358036e+00
1.862746256964846303e+00
1.810790574715545054e+00
1.674296040019009224e+00
1.805330162050458043e+00
1.701610398378026634e+00
2.001545303141218035e+00
1.748652024771297997e+00
1.683293327882972923e+00
1.999098590188491231e+00
1.870805498176044024e+00
1.784872831096270041e+00
1.705897727772300643e+00
1.955256425671390907e+00
1.908743264704703790e+00
1.716714586475748927e+00
1.724136506951932324e+00
1.913318761950818958e+00
1.816244382061351414e+00
1.821077186836131512e+00
1.751663397526686650e+00
1.785902006086908189e+00
1.750586458576286475e+00
1.659468433007107890e+00
1.750780211108990514e+00
1.913328415223118473e+00
1.653212164577948284e+00
1.762985732573360664e+00
1.821845387569798191e+00
1.760294196226554586e+00
1.938529312134663840e+00
1.807741459705926923e+00
1.885452037173416917e+00
1.782149213480023642e+00
1.833975066503466644e+00
1.857581573325810087e+00
1.799955816016201693e+00
1.835664597643123619e+00
1.762671387010070756e+00
2.060313345941585439e+00
1.748123659207791336e+00
1.940035523412588114e+00
1.885315557767698769e+00
1.909623170659964231e+00
1.866547949742763057e+00
1.915925809459127604e+00
2.010812466578748126e+00
1.746784484048973685e+00
1.774501221118197192e+00
1.922445564690277164e+00
1.912476863797731630e+00
1.739037702786333295e+00
1.772983566391689969e+00
1.674099446357454113e+00
1.967304644826121107e+00
1.920114360700417633e+00
1.846579421742652327e+00
2.060113047229687577e+00
1.761618480621048421e+00
1.766782529899202148e+00
1.796267918800047214e+00
1.753439044979031136e+00
1.754636690792543474e+00
1.695973381608881336e+00
1.870226696068835404e+00
1.829820259612564781e+00
1.808828798950947059e+00
1.856755826535250620e+00
1.793930273871374270e+00
1.681527995468154568e+00
1.787102971121200978e+00
1.701537839986020151e+00
1.970125892944803780e+00
1.678822226240465065e+00
1.640407287744996001e+00
1.904990402303362362e+00
1.924919063259017626e+00
2.196771326028850613e+00
2.206810595841941502e+00
1.954169585364877060e+00
2.022827668744057839e+00
1.814815298887910711e+00
1.775844221353331420e+00
1.799192399471156278e+00
1.757284455059450856e+00
1.817245039142240559e+00
1.690016718870274381e+00
1.681184180281045437e+00
1.661109063841634814e+00
1.733030264819308552e+00
1.761354041013111438e+00
1.817764995674029604e+00
1.901728880226894347e+00
1.851214899657093182e+00
1.884508111039671086e+00
1.726791676801912701e+00
1.735893705956085498e+00
2.045787740604908755e+00
1.979391249976990785e+00
1.883814666491315126e+00
