2.184526240883426951e+00
2.167896732880152388e+00
2.308092703159284387e+00
2.147222934464319000e+00
2.144703352615368264e+00
2.100179233685037339e+00
2.410921503470998317e+00
2.308794323914368452e+00
1.984803829691875743e+00
1.941286469396843462e+00
1.982130012516153394e+00
1.940729750302845336e+00
1.984904632988132578e+00
2.184322491576125902e+00
2.042451950637724334e+00
1.986730836529419397e+00
2.220080269193864364e+00
1.915462745476095296e+00
2.316767271467556455e+00
1.963816433632183944e+00
2.042957336338453889e+00
2.113719650462444033e+00
2.403955233452007789e+00
2.200111128922267234e+00
2.094527186180935807e+00
2.240510242919658612e+00
2.056689039610072101e+00
1.974310602852297647e+00
2.269401293905236372e+00
2.099270552062328932e+00
2.236875292855031727e+00
2.222443583619718943e+00
2.093590912891164724e+00
2.050466926067656015e+00
2.266248223790895633e+00
2.222706964104612215e+00
2.394666027263936403e+00
2.282440295435621991e+00
2.399349571549526328e+00
1.934672616438740889e+00
1.879206484445708814e+00
2.265815843000958285e+00
1.956468462771767225e+00
2.434133574719112403e+00
1.818572792449689279e+00
2.285066628817932433e+00
2.208541783925931590e+00
2.236117717876025868e+00
2.071471364407063920e+00
2.122904003733148581e+00
2.270627914370331180e+00
2.238308836330043405e+00
2.212153300895812524e+00
2.094355445561649542e+00
1.949049968404972910e+00
2.025627948762450004e+00
2.069164919010039405e+00
1.923003824118576066e+00
2.150170758034588570e+00
1.959971612782773098e+00
2.113469365387635079e+00
2.026553756392545314e+00
2.066763130160286011e+00
2.116860924866418525e+00
2.072046562144163495e+00
2.365288136738787017e+00
2.171485768530727167e+00
2.020241167818164651e+00
2.088104859750293141e+00
2.177347160812845406e+00
2.224612955582782714e+00
2.273509723961326223e+00
2.482098518219179262e+00
2.133347951904315032e+00
2.205281029970155959e+00
2.183985986173195837e+00
2.272515514551191274e+00
2.195750271844020940e+00
2.457065535590805094e+00
2.205241072152513748e+00
2.264446125432454604e+00
2.300012697366849768e+00
2.160336739757331870e+00
2.244692415463046320e+00
2.227302826337638209e+00
2.266126527162310555e+00
2.112001425973916824e+00
2.243147212250664602e+00
2.384720573640299879e+00
2.309375094396111994e+00
2.187152643904239468e+00
2.083094859588050518e+00
2.121630672811916973e+00
1.969386396857057298e+00
2.011529332751395671e+00
2.151400396145517924e+00
2.020702081272848005e+00
2.423563328593192789e+00
2.044482548098056629e+00
2.051744506487858999e+00
2.113471873036372184e+00
2.134252982725072467e+00
2.461180290303022211e+00
2.584541609721083599e+00
2.424775253107255946e+00
2.370017642268088753e+00
2.397014845291155272e+00
2.231120307392338464e+00
2.279992903837984031e+00
2.298542669431189900e+00
2.288611741614905881e+00
2.247723483213572848e+00
2.278280083098616071e+00
2.215185203352942445e+00
2.194250841692068743e+00
2.238263265478476427e+00
2.245314733045804978e+00
1.876064491949684054e+00
2.351155699332554416e+00
2.056041274879087055e+00
2.677020645039042357e+00
2.205601429835195582e+00
2.196700466644905259e+00
2.268349945967429893e+00
2.476879492907345437e+00
2.388986520445412154e+00
2.622222939354049487e+00
2.132786289766557708e+00
2.529032367339600906e+00
2.349812148607363316e+00
2.158992531748954224e+00
2.242340561804579746e+00
2.478400933441556209e+00
2.283509349080357520e+00
2.267264119461525507e+00
2.492420698541975010e+00
2.399092407300229102e+00
2.493696341300232877e+00
2.218565690482612318e+00
2.126223559972238775e+00
2.122818832693358804e+00
2.088235331317288335e+00
2.123791656562888708e+00
2.193889751369108243e+00
1.947482197974538476e+00
2.085231376975256623e+00
1.874927742715822854e+00
1.940493796895313983e+00
2.061577648051658329e+00
2.167920792619074000e+00
2.210688596909804016e+00
1.752289783674912504e+00
1.922517257450824024e+00
2.033228313369731310e+00
2.132585432169853412e+00
2.286770572468610041e+00
2.250685636966144543e+00
2.113728878833017522e+00
2.197548040777840495e+00
2.067207763681986776e+00
2.006998702904215559e+00
1.926269336404663024e+00
2.480906187201552093e+00
2.372891258831927530e+00
2.475034932882024030e+00
2.062912958669452568e+00
2.180028256260228225e+00
2.106171894374234466e+00
2.268749537904811042e+00
2.127570343516627105e+00
2.548236371563600500e+00
2.187784439153392047e+00
2.381002090606502808e+00
2.465154145930040563e+00
2.233360860901981493e+00
2.246013982819039523e+00
2.580518461313528356e+00
2.512319957791958824e+00
2.444686710912232552e+00
2.599439397318813683e+00
2.601354503638841908e+00
2.411621483895098450e+00
2.335969453452739764e+00
2.517272511630403109e+00
2.488117583661411558e+00
2.140688120688065244e+00
2.258917224366832510e+00
2.450633522260821096e+00
2.022599435597263628e+00
2.192822688947369869e+00
1.988812236644629694e+00
2.329581322367318741e+00
2.070791832563076529e+00
2.000999698657862869e+00
2.269662413518828359e+00
2.028312970021687534e+00
2.115934235624086224e+00
1.998613071059996305e+00
2.260883743525631484e+00
2.324822053877580785e+00
2.176647305954303224e+00
2.280495494187228189e+00
2.177321529912452647e+00
2.131864136127817222e+00
2.360034284437451113e+00
2.229307242760184327e+00
2.247993346894405775e+00
1.863135441992501251e+00
2.058971687555669394e+00
2.020536867715869267e+00
2.064791816427322679e+00
2.209182797609832161e+00
2.067170283247684814e+00
2.129070216740307053e+00
2.093115364369552811e+00
2.263737892439146027e+00
2.326024012925197226e+00
2.092942750716045630e+00
2.196820447722771075e+00
2.576902196021727320e+00
2.300012544357813216e+00
2.287066954980501610e+00
2.459946005923928869e+00
2.257933203676660394e+00
2.060899762464849516e+00
2.268345422960215352e+00
2.459923327802091553e+00
2.130408977341615717e+00
2.126667602474570984e+00
2.258194486625151765e+00
2.510407803830640550e+00
2.457498332986970180e+00
2.428886103674992913e+00
2.187722491882950759e+00
2.511990458399572912e+00
2.601322707067489581e+00
2.390696005295648963e+00
2.595489402958627956e+00
2.367849966204076839e+00
2.312613608845268676e+00
2.660187972580539295e+00
2.364200327148251013e+00
2.326466686283626739e+00
2.219257907327437440e+00
2.216507934895688425e+00
2.228409950447859611e+00
2.403044357466118885e+00
2.323830250109510942e+00
1.693137609581413683e+00
1.793465325318008396e+00
1.941282024051739219e+00
2.173724016509871682e+00
2.159933673024285739e+00
2.129593832426468936e+00
2.117074066349747596e+00
2.131145673902032911e+00
2.081157095300554261e+00
2.108905786169450902e+00
2.219729587288875372e+00
1.963388938879114587e+00
1.985496192745730415e+00
2.065767842094577755e+00
2.282273226603205529e+00
2.086758321041011666e+00
1.937534551377006364e+00
2.253685008637400955e+00
1.950410514112320692e+00
2.250972971467107175e+00
2.074276776029949865e+00
2.535334679263988367e+00
2.055816118391368796e+00
2.107269154467309225e+00
2.307418164783184178e+00
2.168824863340932385e+00
2.032451544485929684e+00
2.215461469355313184e+00
2.385691663134990037e+00
2.214641956615146512e+00
2.294194291982070588e+00
2.122302913339386254e+00
2.192535241897791032e+00
2.385710330336437757e+00
2.481896850475541871e+00
2.378791605185406777e+00
2.459339228239191044e+00
2.110813368860763539e+00
2.090072917723967194e+00
2.087665136772454133e+00
2.217467655142937311e+00
2.603506499888826653e+00
2.388045087048840553e+00
2.416936104221247827e+00
2.218402466963062203e+00
2.151099276590992648e+00
2.200660934679457892e+00
2.304043512169279495e+00
2.326685598168432900e+00
2.197226968124145863e+00
2.146213971934141984e+00
2.201217379594092360e+00
2.047098254740160606e+00
2.110881626840932501e+00
1.952112472386767772e+00
2.119814363642134047e+00
2.014488041546433017e+00
2.209465091263535630e+00
1.986659985151821628e+00
2.035885212911081155e+00
2.183808633786699094e+00
1.988100377565751975e+00
2.362309525922032361e+00
1.976520497755517969e+00
2.169221060536602685e+00
2.058493111184009905e+00
2.201303312085876041e+00
2.192821678959282039e+00
2.100719893638462121e+00
2.261816721721335188e+00
2.120019093443925140e+00
2.226029655050802969e+00
2.156664049230009095e+00
2.397992971824324915e+00
2.209527058334384897e+00
2.081985164674873712e+00
2.420003919688241911e+00
2.046065809868591323e+00
2.301271728021933249e+00
2.302482803384389598e+00
2.423701546512324168e+00
2.268016572527411512e+00
2.247186090400223879e+00
2.230386532523755960e+00
2.217168387278507957e+00
2.128974602097822189e+00
2.123018332492534910e+00
2.309162625285027026e+00
2.262449823704621110e+00
2.199457533809585197e+00
2.417760987910356985e+00
2.160080249358278248e+00
2.285730209511312783e+00
2.350247998215461820e+00
2.140083998769493068e+00
1.982250118188983556e+00
2.065728816027859072e+00
2.118118100266354276e+00
2.092924322616934951e+00
2.462183353447654266e+00
2.145084234209896579e+00
2.552276101379560735e+00
2.092656542058749736e+00
2.125759666903139333e+00
2.192760908648712981e+00
2.290773558732182913e+00
2.285724842463007001e+00
2.477776210531736911e+00
2.542768115247848737e+00
2.421169950290591899e+00
2.235639696962383294e+00
2.449844323380788502e+00
2.201542293771472814e+00
2.402827358408255343e+00
2.141263258213510046e+00
2.220351578433119144e+00
2.203112303743223421e+00
2.147060550340504914e+00
2.048093574062598510e+00
2.280688400951864647e+00
2.307233727290376901e+00
2.230144162060693880e+00
2.294643538052376197e+00
2.284807234601091253e+00
2.315799482218627858e+00
2.268162768503056093e+00
2.324984024004418615e+00
2.449929450708984824e+00
2.618861525216995112e+00
2.229753000224385495e+00
2.228410925378118357e+00
2.322180310700069139e+00
2.434491733081971976e+00
2.473786951632799713e+00
2.264869957032218828e+00
2.076146594458847527e+00
2.558995017680564033e+00
2.466163338722498821e+00
2.236402601486551234e+00
2.497046531746341280e+00
2.099514412024762855e+00
2.151327342579341106e+00
2.120795199770822315e+00
2.452839698028600246e+00
2.120040224324995837e+00
2.097548358786200495e+00
2.527162160839446781e+00
2.498507646237603907e+00
2.580532690697455944e+00
2.070637614155576678e+00
2.178928961407287090e+00
1.994102330707977488e+00
2.093756157168039866e+00
2.039256778364735734e+00
2.110639694657566068e+00
2.076233726437605398e+00
2.034061574656224725e+00
1.991803508900189312e+00
1.851876091393484192e+00
1.942144884051091758e+00
2.096273583431136789e+00
2.048088144910211295e+00
2.027481505892798630e+00
2.063604342092252963e+00
2.016473931701509237e+00
1.998737928711699752e+00
2.154495078971830679e+00
2.236380102412432791e+00
2.184547280961740334e+00
2.150156249074899328e+00
2.138050868975648999e+00
2.282187495264567545e+00
2.277745656039776634e+00
2.369873698251228511e+00
2.285578182763252197e+00
1.988236978513833408e+00
2.238831141655100776e+00
2.190986907358403624e+00
2.093187403749149578e+00
2.099671714958015745e+00
2.426650524292592870e+00
2.109446080473698970e+00
2.105035916380221916e+00
2.051239363031523766e+00
2.211214782090049624e+00
2.082051173283975931e+00
2.096809092459578583e+00
2.113317792538575546e+00
2.100291078874831907e+00
2.242317608831438935e+00
2.455950608391277434e+00
2.261305051855278414e+00
2.390378975106936199e+00
2.458450860667888094e+00
2.432958350737554731e+00
2.432395089521311338e+00
2.466291344746484704e+00
2.403840197487328911e+00
2.686093707859237067e+00
2.504673899260311476e+00
2.288713513217852213e+00
2.419730411963912697e+00
2.473128866085892330e+00
2.531034565335489095e+00
2.044825360194291619e+00
2.196308403998926906e+00
2.177025917048623693e+00
2.070740258618064544e+00
2.357515931404908560e+00
2.163759602995814380e+00
2.423136741126796778e+00
2.304490936863420103e+00
2.049535453049846190e+00
2.158802594504788619e+00
2.107428262851387846e+00
2.195906336189433095e+00
2.362801854207932983e+00
2.148058594944267430e+00
2.185663408933883112e+00
2.118207821253111245e+00
2.034883686341014464e+00
2.059520872773056510e+00
2.280078414749096449e+00
1.954483671562716740e+00
2.251953253481976169e+00
2.233751322828288810e+00
1.998707708510247150e+00
2.176039118101129599e+00
2.037182592466411979e+00
2.196064450453167449e+00
2.366006722623334113e+00
2.169136678177823185e+00
2.367399847085623232e+00
2.259696450649933297e+00
2.442576990703432482e+00
2.295670984128808989e+00
2.109619882841850647e+00
2.476558087272452635e+00
2.243795129992949278e+00
2.228703206306105855e+00
2.611451120414380433e+00
2.589439114284434851e+00
2.545367877396741196e+00
2.560452802799697558e+00
2.278496565833651566e+00
2.295405553584556113e+00
2.291233813871012437e+00
2.177361744066466098e+00
2.189983201196964657e+00
2.287746614222335495e+00
2.278046279811856589e+00
2.194695677732288797e+00
