1.804254800623025679e+00
1.809895544071991491e+00
1.900955360531674465e+00
1.738260032660888355e+00
1.771095601717568302e+00
1.902956676386965418e+00
1.787566787029691628e+00
1.949682352132172225e+00
1.779309416584051506e+00
1.843555446182274515e+00
1.943083425795070207e+00
1.792494145789497395e+00
1.921260850908178330e+00
2.009243865313417476e+00
1.521750453865149622e+00
1.608541031429734591e+00
1.681964504412502892e+00
1.652555353613948563e+00
1.543822454506834196e+00
1.677069725452117854e+00
1.850509949573358792e+00
1.998474013860371823e+00
1.580492515691269917e+00
1.528216775801075844e+00
1.821780350623587674e+00
1.723880783141487516e+00
1.703241023868495407e+00
1.954796499627431849e+00
1.988014611968678569e+00
1.787167918278954160e+00
1.809710554412395256e+00
1.886195572444563595e+00
2.010012503418028729e+00
1.619180412245565304e+00
1.586242803139191082e+00
1.738267436750658979e+00
2.160366947626659151e+00
1.963075158481043969e+00
2.154600681314702282e+00
2.047185298940127129e+00
1.924875402212615549e+00
2.003360895484076920e+00
1.809243311757073869e+00
1.670729380229062366e+00
1.692591420208386044e+00
1.800807795988961901e+00
1.952165572450009545e+00
1.823732784400522444e+00
1.644267839404732756e+00
1.726302604025301557e+00
1.981388684871652428e+00
2.129396313726462431e+00
1.969002409022300393e+00
2.076526296684546580e+00
1.761515573452664407e+00
1.775171110138539898e+00
1.715655719793268696e+00
1.740588576731566084e+00
1.721072491885426547e+00
1.612506068891149225e+00
1.966322986866811950e+00
1.995760640428984933e+00
1.760245297795551833e+00
1.783466796312330072e+00
1.637889275006823242e+00
1.819611770501416981e+00
1.948660611753255001e+00
1.843641639368871044e+00
1.848374404752838540e+00
1.923040420843128873e+00
2.209661694410854249e+00
2.110305875932172004e+00
2.150242453064789228e+00
1.649816675225261431e+00
1.748562626357534011e+00
1.671478754771528186e+00
1.730041440332553249e+00
1.734326975920142067e+00
1.793291954951829137e+00
2.010968091913808209e+00
1.806601085817129526e+00
2.060539597622442987e+00
1.794971421754285812e+00
1.826250329380069148e+00
1.718380937325130420e+00
1.893987086777197071e+00
1.878574622181837128e+00
2.005944663462962296e+00
1.932730735511995368e+00
2.078789848932872886e+00
1.971954062590229872e+00
2.109468838909735133e+00
2.096326881045827317e+00
1.970326085968373997e+00
2.174675314879317867e+00
2.199334965472850012e+00
2.041108835554696466e+00
1.946608623379716851e+00
2.022165930208021489e+00
1.871825526940792184e+00
1.822790157155394164e+00
1.901563334872166777e+00
1.847695266939674008e+00
1.746556339746879960e+00
1.907482211190649091e+00
1.782228156153490728e+00
1.933594776738541299e+00
1.848426778057041586e+00
1.770258114024126916e+00
1.907666841181183237e+00
1.984214929760223622e+00
1.909680287704057511e+00
1.840658799988813543e+00
1.898309264615127168e+00
2.061865842256250581e+00
1.808269226701273436e+00
1.676153539181306940e+00
1.906175394675876600e+00
1.717558023835395131e+00
1.860135123911994537e+00
1.741811805853635375e+00
1.833821133830936700e+00
1.917050069079078600e+00
1.667261269310745808e+00
1.839162282990878694e+00
2.024866388963095343e+00
1.676662473104635787e+00
1.794123588368999433e+00
1.857404210428085900e+00
1.842489072395873340e+00
1.998557784079749711e+00
1.855579668623801748e+00
1.965762815230448268e+00
1.829231834784338373e+00
1.898907637880274057e+00
1.950932023629503131e+00
1.796965737858701617e+00
1.779523333536039420e+00
1.687925130451066069e+00
2.168994044892214479e+00
1.789887764123088587e+00
2.052343482206957059e+00
2.152039541714544590e+00
2.044592926086485907e+00
2.014177049095008609e+00
2.119470336030397029e+00
2.063034308240187187e+00
1.760672265628993483e+00
1.753071876567916965e+00
1.956208815833615722e+00
1.950856247817225109e+00
1.875777132063218167e+00
1.873229856930511028e+00
1.842126544233560370e+00
2.061718555778247808e+00
2.116710667052173367e+00
1.973393158366965050e+00
2.170662432258735119e+00
1.893222620201275630e+00
1.895313912686929170e+00
1.868944075911958214e+00
1.847344764784239812e+00
1.822823502326078371e+00
1.848462589387708466e+00
2.011938880008256714e+00
1.942850825177577567e+00
2.057295733131371485e+00
1.845453112148609520e+00
1.865508776824029269e+00
1.835357376379029848e+00
1.876995757573308721e+00
1.844663745214691453e+00
1.944826493503582610e+00
1.953429459921523614e+00
1.868541647469541100e+00
2.075862946914123874e+00
2.136038286529019725e+00
2.276778695768674865e+00
2.166870426203863609e+00
2.050509733110298161e+00
2.216600765669468842e+00
1.984561461348607780e+00
1.842907754837815659e+00
2.072806126979011676e+00
1.773483085660384928e+00
1.787623657949393152e+00
1.652880256887993671e+00
1.714652857707922085e+00
1.622085626245355350e+00
1.957902332776290333e+00
1.839656325446467511e+00
1.917024078605574555e+00
2.080589313419602959e+00
1.996177260818941424e+00
2.076326869310648693e+00
1.967972012282510175e+00
1.948356381306628471e+00
2.101169176755427248e+00
2.154999238768168901e+00
2.076805312818717830e+00
