2.016497478665322252e+00
2.022568898110533642e+00
2.128327462447098029e+00
2.062901328384797228e+00
2.089440054849422523e+00
2.070825404946365467e+00
1.915607471530721861e+00
2.145731464107485831e+00
2.015976349882916629e+00
1.903735180842871078e+00
1.891892876583712413e+00
1.928128310839753778e+00
2.019935741943660101e+00
2.020822740732370004e+00
1.987650454631655350e+00
2.035014069266281922e+00
2.128157366132531703e+00
1.936418075137992689e+00
2.117765724624339096e+00
1.847907707246744913e+00
1.995742200776543074e+00
1.959292713380917039e+00
2.367370304205005382e+00
2.243016333158198705e+00
1.958737850587146667e+00
2.106764214720344697e+00
1.993477471045536520e+00
2.040535324995633726e+00
2.223076720459318700e+00
2.029666010019747002e+00
2.063310363096789946e+00
2.095719774191093787e+00
1.977767701232881370e+00
1.978045688046124573e+00
2.329470650548032484e+00
2.183523400590716257e+00
2.321446602278970595e+00
2.264571240239499073e+00
2.241250376983215276e+00
1.890323814767978172e+00
1.865947706819925944e+00
1.896983146164639589e+00
1.927181982044512631e+00
2.088655208975600530e+00
1.765685277815189247e+00
2.058096983278154379e+00
2.013765807021091980e+00
2.084708936040951865e+00
2.021419263734797411e+00
1.981888857169143314e+00
2.035874811739231571e+00
2.148668358059574235e+00
2.044449256802248538e+00
2.045956686408873182e+00
2.095084657485322577e+00
2.122528054732139680e+00
2.159607425076591980e+00
2.047841209363303161e+00
2.042784797913620665e+00
2.035389315962647050e+00
2.056365812460354991e+00
1.917921012446251128e+00
2.024081884354584915e+00
2.017760792665486580e+00
2.040129567139327804e+00
2.112132621610840033e+00
2.033525134223860498e+00
1.989961501807715027e+00
1.995051245823804997e+00
2.110257254346283862e+00
2.029121051455629932e+00
2.233897560791636483e+00
2.422278204334284535e+00
2.073887576535815569e+00
2.258154821145129443e+00
2.135494457979275396e+00
2.080739316222557811e+00
2.151569135718074399e+00
2.336009073931790248e+00
2.101298931570658723e+00
2.279706585251015216e+00
2.317853456471488105e+00
1.968336553790124066e+00
2.075874997106789799e+00
2.052619115971947572e+00
2.090264588184457484e+00
2.000657648949680123e+00
2.117279860061976660e+00
2.181844845635251051e+00
2.217323651944704377e+00
2.097166699424766634e+00
1.926333811196896617e+00
2.092446377830817994e+00
2.039215209412101437e+00
2.080452215364627655e+00
1.914808514707222020e+00
1.992256845761072315e+00
2.099038635786034224e+00
2.000781341272756642e+00
2.079549610937778681e+00
2.064510630488237908e+00
2.066640125142494622e+00
2.044740467645474791e+00
2.183590447145629998e+00
2.300747479403638884e+00
2.150163323193891696e+00
2.244055242752864832e+00
2.169987410765752411e+00
2.184714210696879988e+00
2.325402338362867471e+00
2.286247837123124071e+00
2.119192116469626797e+00
2.234308925394025813e+00
2.185311209176592939e+00
2.169715188390057836e+00
2.193938853051796478e+00
2.126302032203483350e+00
1.844096828234023100e+00
1.968644005389233120e+00
1.682921979389151890e+00
2.179043988728734504e+00
2.284772074422965371e+00
1.871128157786408286e+00
2.112215278749009162e+00
1.989995095463367392e+00
2.113515957877115881e+00
2.301503734054817230e+00
1.784289298069623664e+00
2.217629910809672644e+00
2.147349214181898169e+00
2.079694664305494989e+00
2.031685460590765491e+00
2.283193375973524564e+00
2.237908291568800667e+00
2.036668754711714158e+00
2.413113694711403134e+00
2.178801074601736332e+00
2.361429837133990794e+00
1.801073600778186456e+00
1.809031643006260737e+00
1.912117369478061768e+00
1.621372816735055178e+00
1.796778324992456710e+00
1.913779424791573147e+00
1.850858732683545949e+00
1.898474307934254313e+00
1.802902909626819650e+00
1.844493939194988608e+00
1.976649680820011801e+00
1.954831051480689474e+00
1.951774192940379571e+00
1.845267041676850850e+00
1.836543083353102013e+00
1.917264701749906042e+00
2.034532136145934977e+00
2.147926324670889731e+00
2.093628293972876975e+00
1.993103390162799471e+00
1.963128258212821775e+00
1.936600663481805151e+00
1.983412394844552562e+00
1.976681239822032587e+00
2.184929094849806130e+00
2.116665856968158455e+00
2.398276923191861254e+00
1.660362909187759195e+00
1.888603122054688832e+00
1.795183081068460140e+00
1.861326841535984267e+00
1.741486537924470168e+00
1.973155004048950278e+00
1.770616451266281643e+00
2.051347216351167013e+00
1.978265976801220294e+00
1.815582224942056122e+00
1.770394379741480728e+00
2.160631062060301311e+00
2.079698492705719381e+00
2.094823592049857908e+00
2.249931074889314431e+00
2.599361940960193795e+00
2.268821464432498658e+00
2.117572351584974477e+00
2.024078694092703135e+00
2.041223727512274877e+00
1.976520915262312883e+00
2.036808156690065985e+00
2.118395813629031732e+00
1.918920197538359851e+00
2.044340190080204955e+00
1.917701757514033156e+00
2.097214879050807834e+00
2.038726283315768217e+00
1.851365133464067281e+00
2.104619267186530696e+00
1.981090547800872903e+00
2.115536063430115910e+00
2.079710846932681712e+00
2.168793603482022103e+00
2.104777396304603254e+00
2.146297575989219997e+00
2.208170671881859892e+00
2.095951804925318296e+00
2.013186566609783235e+00
2.040864140792190806e+00
2.113204621060948529e+00
1.634217124492610029e+00
1.501228625390867544e+00
1.649952930279953378e+00
1.699117430805405782e+00
1.937171846184805313e+00
1.908806999036229968e+00
1.733765104996042306e+00
1.811739966623807208e+00
1.840087705967841103e+00
1.855135255018673712e+00
2.086739081002755736e+00
1.865686486114293663e+00
1.947370414301304198e+00
2.136783649861647483e+00
2.120708472926724486e+00
1.894029688152500723e+00
2.287168212478638996e+00
1.948505769843696944e+00
1.754973876491094709e+00
1.756517813406674122e+00
1.937513603478757007e+00
1.811895709844161040e+00
1.877179710564928827e+00
1.847090651239824410e+00
2.119514224127748925e+00
2.187122818659668955e+00
2.006824919307584221e+00
2.083183227666808524e+00
2.190398904868361196e+00
2.397369737495654629e+00
2.176205892529824659e+00
2.098520241556943056e+00
2.123722367125512989e+00
1.985774929820989687e+00
2.323523698492863332e+00
2.071657362042510719e+00
2.021099030512512051e+00
2.000271482147521152e+00
2.057740696815489656e+00
2.103177235841148018e+00
2.017134113692144126e+00
2.270406959086437304e+00
1.854235940384016290e+00
2.094841016208660811e+00
1.827792387857536616e+00
2.115008517892781548e+00
1.990170559279870854e+00
2.090822051581664009e+00
2.089069001847262630e+00
2.088809160202091952e+00
2.019354628102050242e+00
2.021797852473547152e+00
2.069485690697541180e+00
1.881592726768281265e+00
2.060515723131153276e+00
2.377945406516225102e+00
2.132579065963686293e+00
2.041257176814265328e+00
1.882088057065661291e+00
2.331642481128580080e+00
1.848106008749289098e+00
2.023904163463980055e+00
2.132509492680957575e+00
2.304894912643820071e+00
2.010668809490565589e+00
2.011315425284073921e+00
2.123665864319255636e+00
2.365866809889656253e+00
1.928374802804324606e+00
2.110447504701623789e+00
2.226419500619669645e+00
2.066761763731649104e+00
2.169084781032851517e+00
1.938465856598718728e+00
2.029789406513422545e+00
2.177608121374383199e+00
2.209560793901812037e+00
2.094616453782184973e+00
2.057683386949880955e+00
1.786655315936120703e+00
1.933724794895931520e+00
2.043542813411903136e+00
1.915222987036059088e+00
2.093089797698767907e+00
2.228910226300681696e+00
2.354075469995397185e+00
2.031470239991536531e+00
2.080677262972739694e+00
2.054662675018865681e+00
2.179416833924671337e+00
2.138187116337332938e+00
1.999019670000259596e+00
2.030385570209107815e+00
2.094014721203055540e+00
2.087430613529678514e+00
2.091388243059500773e+00
1.913634196704091739e+00
2.053554629124194619e+00
2.066053818613380333e+00
2.041282373921947446e+00
2.018827016594201496e+00
2.047465938336014979e+00
2.079188751272958324e+00
1.953382778677502873e+00
2.088710103637406057e+00
1.981107482026569278e+00
1.932301403521559546e+00
2.027442596673173725e+00
2.152307633715522250e+00
1.983603469069574299e+00
2.009509994127418153e+00
1.997923903239972931e+00
1.948456705882593676e+00
2.153098975640042489e+00
1.978054144909071832e+00
2.139217324047093527e+00
2.061426393040137306e+00
2.003777193665332579e+00
2.131265687323947500e+00
1.896673166160813606e+00
2.055768430983773154e+00
2.014884730133650770e+00
2.181391338992257456e+00
1.954600012461379377e+00
1.980048950598788604e+00
1.998251638007125797e+00
1.804406448729742429e+00
1.954144450894399032e+00
2.046042522673252595e+00
2.132867255166511988e+00
2.037104298085099519e+00
1.963246511093158952e+00
2.146666054617957897e+00
2.141990469400101738e+00
2.022834296759216333e+00
2.007978145358354727e+00
2.126392574675096458e+00
1.953989810631578727e+00
1.863236382699255289e+00
1.799427770400046755e+00
1.988432151227822686e+00
2.050283256357266382e+00
1.865738271879995080e+00
2.092420538901493376e+00
1.893740542808505456e+00
1.948164104965541821e+00
2.000460868716678053e+00
2.183670942316376706e+00
2.016278448722463423e+00
2.104667581691975986e+00
2.165706252058048342e+00
2.134833613825366960e+00
2.129073173923441420e+00
1.966909808608724664e+00
1.991591778587497030e+00
2.066686350331701227e+00
2.120055159767138431e+00
2.211186076461131300e+00
2.105287053036194234e+00
1.963391340047517364e+00
1.966116601978429745e+00
2.288694634061673394e+00
2.128879675391234461e+00
2.184065070912192041e+00
2.143511648653714019e+00
2.336634638477276038e+00
2.257133841107004990e+00
2.103012119150078352e+00
1.957418757443331492e+00
2.018821901052437529e+00
2.146401785005130680e+00
1.880465152439246834e+00
1.890743341823975188e+00
2.126930381478335352e+00
1.976653785194538715e+00
2.247374839380697154e+00
2.212241520592030941e+00
1.731735713413497413e+00
2.242779906341209717e+00
1.930405281323569922e+00
2.027964815190985259e+00
2.297860831178060614e+00
1.954181166369329148e+00
2.035360645561423265e+00
1.966268877046798425e+00
2.467104703587172931e+00
2.199725802793005780e+00
1.979777106623588523e+00
2.435839764305151700e+00
2.241201308989236196e+00
2.178693080932509574e+00
1.739579178649274693e+00
1.754514650389022101e+00
1.844149713003886859e+00
1.901965171234149432e+00
1.840996374568524718e+00
1.901838228260833041e+00
1.951878642971257349e+00
1.930079860457488028e+00
1.975231172366809673e+00
1.861701638119180657e+00
1.911361435303023715e+00
2.010651610369832643e+00
1.908833149492618508e+00
1.871468332947509028e+00
1.926008399827041195e+00
2.093897527978387796e+00
1.667704930518263406e+00
2.121144876323970863e+00
1.905698335198286131e+00
1.985071570373463823e+00
1.953614850521653734e+00
1.880838576589656475e+00
1.944689142276685656e+00
2.026843150309180608e+00
2.080767315036141429e+00
1.971621655082067770e+00
1.825319808409910038e+00
1.960397806346776406e+00
1.924758350704470100e+00
1.961465320593430928e+00
1.813399108254388326e+00
2.176081029716180559e+00
2.050246074483616621e+00
1.814999714114267526e+00
1.861051108368887430e+00
2.169548826516643825e+00
1.797805241999903103e+00
1.940571860680890159e+00
1.927425218246594074e+00
2.031025859445486859e+00
1.790205631348846138e+00
2.040413571908949120e+00
1.804117016935981033e+00
2.014691351677198483e+00
2.037840553418938772e+00
2.086102821177384659e+00
1.924672358656840387e+00
1.998217017741176216e+00
2.144638026289662935e+00
2.513918785706073411e+00
2.408022238591011277e+00
2.332186183211311103e+00
1.915921382862399769e+00
1.743049452026284918e+00
1.853490313478436402e+00
1.808817811232855677e+00
1.912769504357431982e+00
1.818217574554449545e+00
1.947947177458814849e+00
2.009807764325594714e+00
2.005263736995606116e+00
2.057668309382155059e+00
1.996600508485302461e+00
1.964744944556965578e+00
1.973356612613116123e+00
1.897334631237796554e+00
1.953907487708355983e+00
2.018277413605445769e+00
1.999237562177422767e+00
1.997520209262208635e+00
1.995873015206804268e+00
1.933159598226591225e+00
1.971595793014939479e+00
1.910477552625912567e+00
1.721303724628388654e+00
1.920415343466897573e+00
1.979963267399697857e+00
1.854920334269243520e+00
1.978319262139575985e+00
1.847216586690567430e+00
1.936808111614302552e+00
2.069827139521589920e+00
1.848246418774654343e+00
2.075223640292681360e+00
1.985844375651747207e+00
1.803539508217227638e+00
1.956245669862495928e+00
1.844799604701335305e+00
1.793859844327030162e+00
1.851517933375733449e+00
1.822696753138673298e+00
2.099092354003827765e+00
2.292579224398594295e+00
2.329664399549231213e+00
2.313441287909494992e+00
1.932541772066116881e+00
1.829336451819709941e+00
2.148572168922370906e+00
1.987015105963060968e+00
1.804785972747452893e+00
1.809892358613397922e+00
1.927867752129695411e+00
1.861259713812964067e+00
