1.802074453138822197e+00
1.853245210555393152e+00
1.892320679736903877e+00
1.782141824969515120e+00
1.798464644549259139e+00
2.083404408736567515e+00
1.814896539025472100e+00
1.964043351952925232e+00
1.752265035965867357e+00
1.766387077905744674e+00
1.932542336582151243e+00
1.778474456823463612e+00
1.920683316479737446e+00
1.958008293873572780e+00
1.721224572936354891e+00
1.975867011346138069e+00
2.119969263657090153e+00
2.035636543185420866e+00
1.821779918437111512e+00
1.950896863328629438e+00
2.170820414150889555e+00
2.156802731968630926e+00
1.937685827705004415e+00
1.923547734271319420e+00
2.059792159957750002e+00
2.136861983806261911e+00
1.991437025215784917e+00
2.193395492334182517e+00
2.170328035540059819e+00
2.010023734460042011e+00
1.888772908636836334e+00
2.027800506121625990e+00
2.057831717321312315e+00
1.827424266907555550e+00
1.867404069288249202e+00
1.841015211641580773e+00
2.318041608431832490e+00
2.147631618154628885e+00
2.380944544349297587e+00
2.181723635634677638e+00
2.189463785419546671e+00
2.208945114951843980e+00
2.127904974194603227e+00
1.937791339931580925e+00
1.826491370135750580e+00
2.053916391068504321e+00
2.287134639761649435e+00
1.985001497183275898e+00
2.103352482270647084e+00
2.165198376400256919e+00
2.062844486888170792e+00
2.166665957815792520e+00
2.100208026746721579e+00
2.242961433084619483e+00
1.790707336975456032e+00
1.762479019761324039e+00
1.728126867598827276e+00
1.756976515646223147e+00
1.804686004372925812e+00
1.678097263140144957e+00
2.027977898404768275e+00
2.133123583758411268e+00
1.842474792787655913e+00
1.936282790857716485e+00
1.714066046259814513e+00
1.912529935044740670e+00
1.986621294606194965e+00
2.037424521364777696e+00
2.131252415929791422e+00
2.257863350076429576e+00
2.186747651722471097e+00
2.358839812774595757e+00
2.271164949107536302e+00
1.843455055250844632e+00
1.872753854878038693e+00
1.814651748665267128e+00
1.806647782547484704e+00
1.877789052602707898e+00
1.951249767417648107e+00
2.093465071733893623e+00
1.896210768181069373e+00
2.090301877722476220e+00
1.824804797936220080e+00
1.864532260989600010e+00
1.796877240409637144e+00
1.862810182625940447e+00
2.067334740567554618e+00
2.041114093751398961e+00
2.002541148839630747e+00
2.139761186891250500e+00
2.108476915198331358e+00
2.136057213803605581e+00
2.282915567848563310e+00
2.082950282312836521e+00
2.254615343660123283e+00
2.295608059283124724e+00
2.087466732989414542e+00
2.035173918031062623e+00
2.117108995386995041e+00
1.831510965065273666e+00
1.807554529398717191e+00
1.891390461292498770e+00
1.889859127841795772e+00
1.821088604671829980e+00
1.871562137901921830e+00
1.807772661821127169e+00
2.113631685604424160e+00
1.830128009074029505e+00
1.805847860473248856e+00
2.054188309523067524e+00
1.979673648849877843e+00
1.884001785790866856e+00
1.872259956027226391e+00
1.888717381041953969e+00
2.024954543463490353e+00
1.936700924418350622e+00
1.783721987829088418e+00
2.015203842194464467e+00
1.762708421799029646e+00
1.911991753604296962e+00
1.802335123372382109e+00
1.926957804925718110e+00
1.980402941801894690e+00
1.884964111493120598e+00
1.971888488265269412e+00
2.063398825751029175e+00
1.808963003934369151e+00
2.023951325868143414e+00
1.999330474203286023e+00
1.926931688590622915e+00
2.062794729204006305e+00
1.907439503483455034e+00
2.031699176926125894e+00
1.839555014548856171e+00
1.935991706597454121e+00
1.982890523218793000e+00
1.883084571203820889e+00
2.068668227028757300e+00
1.908869688447241364e+00
2.173413857156971218e+00
1.906073663497029225e+00
2.120729970319352731e+00
2.293758682712457642e+00
2.176023634196061707e+00
2.132194390460647959e+00
2.195563696956851274e+00
2.193985559597090962e+00
1.769512426144876249e+00
1.782874762318421791e+00
1.904180082120682016e+00
2.178645621335009608e+00
1.917183403961318033e+00
2.112843700062709384e+00
1.960046628311512329e+00
2.216268669044850093e+00
2.135419133964614247e+00
2.022709035892370277e+00
2.183110365358866378e+00
1.879648394579402915e+00
1.909541312841220417e+00
1.895383515369452931e+00
1.831849689227901479e+00
1.808542840919163286e+00
1.736875182359902681e+00
2.114141121453402050e+00
2.044304179320090231e+00
1.946394471992240360e+00
1.927724310174202760e+00
1.986940562172686109e+00
1.955733547076620393e+00
1.957587829320308837e+00
2.032639120176171321e+00
2.191456356261380911e+00
2.059139767756694717e+00
2.062268569176006761e+00
2.284019842230799124e+00
2.056163097031164178e+00
2.261319896950389818e+00
2.266619234328481891e+00
2.107938525372596850e+00
2.261534755939638153e+00
1.996960563807621991e+00
2.034367653698607281e+00
2.005449063609045179e+00
1.834079669324158779e+00
1.900558663929312608e+00
1.771549606902086627e+00
1.650048370871727288e+00
1.660788838300188308e+00
2.064965970764218728e+00
1.826286221990899516e+00
2.070707582656411638e+00
2.081546437348665624e+00
2.085127375438717401e+00
2.118413340083161955e+00
2.032478244319388949e+00
2.129706631656292704e+00
2.147516577836349416e+00
2.128949919781037536e+00
2.188384897784559691e+00
