2.174657414690138069e+00
2.022468637134302583e+00
2.266560188449676438e+00
2.158782135290734150e+00
2.120082246970661721e+00
1.996408727001381944e+00
2.059368242747702471e+00
2.394782390329597277e+00
2.024790114394505736e+00
1.882596585341940409e+00
1.906127955295316978e+00
1.922446692062808715e+00
2.087482909632631500e+00
2.219214139098452332e+00
1.985344493723016690e+00
2.080940545092108351e+00
2.331875782682661491e+00
1.843623394103118596e+00
2.399882821788275944e+00
1.843542699778704996e+00
2.157834339971957505e+00
2.067150830241947013e+00
2.485996993366172525e+00
2.361328324953599012e+00
2.213824118885928449e+00
2.326500517771471710e+00
2.157155183528229880e+00
2.050405041975977838e+00
2.500184344885923782e+00
2.210667439040678417e+00
2.309005479472188593e+00
2.378407634844349250e+00
2.144043847966417893e+00
2.168236038790110065e+00
2.377476769721730943e+00
2.425100672019648407e+00
2.374189496068591865e+00
2.428317268866688750e+00
2.438936087636740968e+00
2.004393686077784675e+00
2.057250602112312698e+00
2.357838442326706918e+00
2.173957581725733945e+00
2.490165099656632908e+00
2.097009903823654042e+00
2.440501119324098411e+00
2.201669332596599915e+00
2.404840839695161936e+00
2.283111045587474131e+00
2.239766900093265622e+00
2.414383066046302595e+00
2.374079461471170660e+00
2.277111684727811003e+00
2.266069243862217419e+00
2.196619603911767360e+00
2.229197268515268782e+00
2.269694986271773463e+00
2.051282890149124682e+00
2.234341172231579353e+00
2.105379205552408095e+00
2.391787006853193454e+00
2.042923417743260028e+00
2.206681666885951909e+00
2.177379307669622399e+00
2.388859226957646076e+00
2.354417001429836898e+00
2.207596121746909112e+00
2.106258447635640962e+00
2.189630470421556563e+00
2.422900089862944917e+00
2.197000953869172157e+00
2.451201857283345387e+00
2.440104739250219978e+00
2.232783094023427228e+00
2.473917031232177877e+00
2.421877061742241377e+00
2.268566498318841607e+00
2.401108151482370889e+00
2.445952520154221155e+00
2.359584810655987575e+00
2.476213927778377677e+00
2.342988114453720794e+00
2.078686163505449880e+00
2.078918847187364971e+00
2.213336934679252188e+00
2.199161610133383071e+00
2.142339296536046600e+00
2.442565602351736587e+00
2.552114473958794871e+00
2.470186812790285291e+00
2.389262505595487251e+00
2.341983394600774204e+00
2.232535538840077383e+00
2.310357918263929111e+00
2.201699276960324081e+00
2.363157028397063986e+00
2.312131828130040478e+00
2.525784664449006289e+00
2.202587087052937154e+00
2.281887494865310728e+00
2.252080364172488025e+00
2.425125319606658891e+00
2.541153947967001336e+00
2.539149457150662759e+00
2.606618864158122051e+00
2.550430176428810647e+00
2.458888267527437499e+00
2.479296927549818008e+00
2.526016139241527458e+00
2.441665687860716805e+00
2.541029222805123222e+00
2.366358007551274234e+00
2.376444439157765043e+00
2.300226626818694609e+00
2.395080566103810149e+00
2.339064919697252165e+00
2.402537126599086470e+00
1.977138935886687987e+00
2.608743230637019295e+00
2.242161122751915148e+00
2.746223885103195261e+00
2.559169340723410624e+00
2.364175723653615169e+00
2.432196154805148947e+00
2.468134629998218532e+00
2.382033256340049032e+00
2.624272357496357788e+00
2.494042448420641822e+00
2.475689041828123660e+00
2.428546521068664976e+00
2.312195193153296469e+00
2.312326255184199209e+00
2.572703936910469835e+00
2.353124131949879239e+00
2.242695246486554606e+00
2.616631476911256637e+00
2.354264979112827838e+00
2.586579811121123118e+00
2.132369861109578935e+00
2.210521489932317785e+00
2.115427578980272116e+00
2.053797531031848589e+00
2.171109909145379380e+00
2.221271299379743436e+00
1.982386462929479842e+00
2.042214610522485874e+00
1.878910287656246680e+00
2.052370794022820188e+00
2.203836582526857324e+00
2.140262865912806678e+00
2.180516626738811858e+00
1.855935339738738588e+00
1.900547708587067453e+00
2.111464531505153008e+00
2.355908332105113967e+00
2.373168613614278222e+00
2.481354022098417822e+00
2.281055020385841292e+00
2.377909351295993456e+00
2.260405198805371718e+00
2.119967123226143002e+00
2.227346980548183808e+00
2.518396017179823421e+00
2.471803237224862393e+00
2.537176587648778625e+00
2.059939156017016160e+00
2.329751363882663906e+00
2.384318715953760659e+00
2.387102942222916191e+00
2.283183205918222658e+00
2.607337318790711844e+00
2.383145933775893788e+00
2.565018619006601774e+00
2.580812637855139258e+00
2.439772302329915377e+00
2.338106794132683408e+00
2.460269906292297026e+00
2.481942182509406791e+00
2.592030591356515590e+00
2.731270191359941535e+00
2.777751750539310116e+00
2.739039057649117037e+00
2.408046052500696810e+00
2.485413882150913523e+00
2.586140264862349269e+00
2.141356962720853296e+00
2.388958771592608610e+00
2.409207915605795058e+00
2.015827562656265837e+00
2.273024384825607758e+00
2.058965060141987546e+00
2.377838619643020124e+00
2.181542433139106674e+00
2.076131717010244682e+00
2.415533276757312553e+00
2.143673572106489011e+00
2.225267551420641254e+00
2.172400898882046683e+00
2.443542024503350341e+00
2.304965886808620024e+00
2.303127509166674081e+00
2.503656583695887061e+00
2.326228876644569343e+00
2.269986063050554836e+00
2.478467992165810596e+00
2.401888635984385623e+00
2.237812052070351054e+00
1.847997775153672251e+00
2.191781173382742143e+00
2.051501248372027852e+00
2.147881520458150284e+00
2.348489200369276997e+00
2.167017727888615131e+00
2.392417279442686340e+00
2.205328255407008609e+00
2.278289159497881133e+00
2.443124535337660497e+00
2.220676303476550206e+00
2.340941538299006641e+00
2.639100387269281089e+00
2.508999146376849954e+00
2.347806730028419775e+00
2.614752451810661515e+00
2.337003825216518837e+00
2.400594284337595585e+00
2.421432516381109679e+00
2.389498080895441579e+00
2.376389025648318665e+00
2.389448185491431342e+00
2.401306567468126207e+00
2.643513442538144798e+00
2.645677120351531464e+00
2.371422013117045591e+00
2.379672772166024686e+00
2.549170714390848858e+00
2.665946003838421952e+00
2.444176991552843070e+00
2.673270383798775907e+00
2.474127544783118360e+00
2.443574276813789581e+00
2.658565289127847286e+00
2.343023822267281453e+00
2.391971173067224399e+00
2.396691821349280271e+00
2.393923753634582319e+00
2.343350100534459912e+00
2.371600375635358304e+00
2.360013467957925215e+00
1.850379649315735398e+00
2.064145662596455821e+00
1.922578341065400709e+00
2.121999248995075860e+00
2.111567316817406059e+00
2.223946672777168843e+00
2.183883756672404974e+00
2.100746433420982662e+00
2.107346434712081606e+00
2.153703080580332774e+00
2.198726763161736653e+00
2.033347207990841454e+00
2.004090279870762714e+00
2.242000593876990244e+00
2.329410686385983364e+00
2.066136060470652236e+00
1.979382546403412269e+00
2.404919247761255985e+00
1.932926527955656226e+00
2.171905195377111575e+00
2.056819648931483613e+00
2.576001800895279636e+00
2.121443075295574410e+00
2.030924236815690787e+00
2.341606128444621682e+00
2.226523321333251371e+00
2.092624285625422687e+00
2.210899083378044860e+00
2.481811392026814111e+00
2.202802122514365912e+00
2.386383532720766976e+00
2.170828975474356604e+00
2.110776301407280453e+00
2.391834506346037781e+00
2.500294227944618974e+00
2.422076500370145880e+00
2.365144829839549434e+00
2.064242807211741582e+00
2.097143746094507932e+00
2.181862594544634604e+00
2.090766588431186346e+00
2.640009979881382307e+00
2.491555642830840522e+00
2.462517626944493276e+00
2.137385637585762943e+00
2.216509535140462450e+00
2.402252314980747983e+00
2.476177244855710224e+00
2.358974159260892378e+00
2.294481024615446341e+00
2.267086935553901839e+00
2.285214735313557455e+00
2.218148847197390250e+00
2.207259957829429187e+00
2.022987280552098088e+00
2.305547122503158075e+00
2.210274914330220053e+00
2.294985656646202354e+00
2.089590633853783963e+00
2.220293682601295338e+00
2.233549552762009949e+00
2.109407699157719751e+00
2.494169019338479565e+00
2.057256573494768759e+00
2.399401700101684298e+00
2.135340245370394907e+00
2.323664543778509728e+00
2.419469807742966605e+00
2.084749973736367945e+00
2.427931429706398969e+00
2.135213358125374938e+00
2.383528180197703517e+00
2.222273693423483909e+00
2.280172730381238466e+00
2.322248838991149089e+00
2.215190297286193655e+00
2.512181666113368905e+00
2.102399288166817648e+00
2.370035583501150178e+00
2.358570489827202632e+00
2.399004932295151438e+00
2.273214336989386908e+00
2.202035370517621438e+00
2.270644941793636296e+00
2.281635477413306745e+00
2.181799953249445867e+00
2.190048160829020762e+00
2.408161544015764211e+00
2.367834821338109741e+00
2.362953164021638575e+00
2.585180733468765091e+00
2.368814098035330051e+00
2.269139459204282616e+00
2.294880697928001201e+00
2.343703967401203681e+00
2.199321221660216708e+00
2.168542969308624002e+00
2.178080388476874241e+00
2.228810175335449451e+00
2.269278019212437325e+00
2.277136035690308979e+00
2.405347849828967988e+00
2.235141438942463754e+00
2.136539259386155631e+00
2.303220339695729368e+00
2.419834360153311881e+00
2.266500599062732046e+00
2.363962468236825210e+00
2.496921300125717114e+00
2.481975541555586418e+00
2.500632787113112876e+00
2.615600404168779036e+00
2.477824132510694888e+00
2.456721629901344350e+00
2.437954574863705925e+00
2.397171508148986607e+00
2.337762955960255518e+00
2.393355239887585473e+00
2.138271688784780356e+00
2.224141384573455671e+00
2.335953736413845849e+00
2.293965686546751481e+00
2.355392368958665550e+00
2.421835886930499893e+00
2.381340257996725995e+00
2.488729633995808044e+00
2.419560851549726443e+00
2.488348503465697359e+00
2.710951437732379343e+00
2.255356133071117153e+00
2.367091539313396442e+00
2.542340731338347037e+00
2.488871987077729386e+00
2.538949181466553462e+00
2.408342455773509361e+00
2.391638148630848004e+00
2.586001753168973849e+00
2.370652060600208610e+00
2.307229142012288570e+00
2.418034496160648139e+00
2.251940268719715199e+00
2.339512435899621323e+00
2.234031572455342562e+00
2.547071970614160463e+00
2.276072503049995532e+00
2.228319987099605992e+00
2.568383826564319516e+00
2.571571286668543621e+00
2.563948284727871396e+00
2.078952064145883405e+00
2.075989833714254384e+00
2.033876238982291085e+00
2.194024262041433637e+00
2.055916656851291435e+00
2.232719411723815828e+00
2.160701946806252938e+00
2.155733219348565211e+00
1.972401670034020560e+00
1.864261119316578563e+00
1.901734932735847483e+00
2.189228357692727833e+00
2.077658494771565056e+00
2.045065260780727812e+00
2.081434250195840718e+00
2.095470029162288750e+00
1.946831171443288211e+00
2.361789441518962196e+00
2.375466858473871845e+00
2.371952675203925498e+00
2.270821325518724176e+00
2.213089303431809984e+00
2.390179357771680113e+00
2.229020160933051997e+00
2.401035381036922267e+00
2.322077302457073333e+00
2.138499441928306766e+00
2.289075794283552234e+00
2.257571098891364869e+00
2.206100285607671019e+00
2.288131282248091036e+00
2.549780244666102647e+00
2.383843575011441729e+00
2.402784684137114546e+00
2.190783772492793435e+00
2.517523593208049082e+00
2.348256878014192139e+00
2.481504492204615442e+00
2.352619323669846718e+00
2.450489307826819285e+00
2.495065391798767962e+00
2.557072123244766182e+00
2.410475476351142454e+00
2.554459277146703400e+00
2.678418174444709976e+00
2.550567533321553171e+00
2.446842004635818579e+00
2.385485875705015690e+00
2.469003459117571353e+00
2.841185733069929498e+00
2.759180675768639901e+00
2.548139479433025212e+00
2.305711948760310825e+00
2.400953691851413385e+00
2.509484308905165051e+00
2.229593122040712139e+00
2.297254863780302969e+00
2.282519655268248737e+00
2.306734172523540405e+00
2.414455298975430431e+00
2.411522993829549488e+00
2.478989731971989130e+00
2.457063900788818422e+00
2.166793457691959635e+00
2.328255592414708808e+00
1.999330169284906811e+00
2.178705895136420878e+00
2.286755494006131428e+00
2.125972590037049414e+00
2.174492435239173016e+00
2.198223356040176935e+00
2.127790824584083307e+00
2.191744204923038897e+00
2.295648767299732551e+00
2.038571328519219072e+00
2.242404519094371551e+00
2.247910390884435561e+00
2.045108510103457622e+00
2.234873138217601252e+00
2.097506023727984115e+00
2.250291744252551851e+00
2.468858513559542445e+00
2.167832629704229408e+00
2.491672584085147246e+00
2.314390867374590322e+00
2.268246016983649582e+00
2.380248348362068000e+00
2.442494388015913120e+00
2.464887447790606867e+00
2.414918871356760643e+00
2.379130287202319671e+00
2.592511484182605130e+00
2.692719844031134180e+00
2.596738180812821817e+00
2.689975916821241153e+00
2.432782201734937200e+00
2.521605734480290462e+00
2.416632035521284916e+00
2.273335757532059631e+00
2.226660704341528518e+00
2.448240333408077340e+00
2.342367975452422701e+00
2.378952669528902497e+00
