1.636557570301687470e+00
1.414404898832651192e+00
1.392046000037380660e+00
1.448144904890601214e+00
1.341887045517568433e+00
1.585212752643962997e+00
1.671997970570350267e+00
1.616410183353523378e+00
1.505810441178836445e+00
1.546006101395330345e+00
1.684643058737230525e+00
1.654890199374610127e+00
1.610319088720001179e+00
1.651768154909119213e+00
1.882504238961133058e+00
1.631270894537048211e+00
1.641544108449819683e+00
1.895224609217329714e+00
1.570637440582706157e+00
1.797065960013238151e+00
1.771869181247645475e+00
1.759127839973745777e+00
1.733015899090920131e+00
1.697294535025515527e+00
1.665019263314010178e+00
1.777650691610673350e+00
1.620835238503411491e+00
1.804400104416326922e+00
1.773668011091733110e+00
1.814623919352548409e+00
1.673576540508588062e+00
1.625252699420854485e+00
1.542548061619228417e+00
1.748126412021294040e+00
1.653292175287289112e+00
1.819483480069051140e+00
1.783800132391032855e+00
1.533206306611651026e+00
1.490611351672999296e+00
1.558788605144181938e+00
1.817822474113810705e+00
1.663119377842649182e+00
1.653926743677418099e+00
1.637265267313684713e+00
1.619850125259290730e+00
1.763998724974356946e+00
1.782776148081738565e+00
1.632381715784635201e+00
1.847168312813299851e+00
1.756279386956601130e+00
1.629210231520393570e+00
1.439950409375940987e+00
1.578464328819432216e+00
1.425693054167848750e+00
1.398979715914533628e+00
1.739873491947448558e+00
1.539812823735577263e+00
1.564000146991102680e+00
1.497548771990952376e+00
1.591084427909587040e+00
1.531452549832120980e+00
1.474918320045292441e+00
1.572775628949153681e+00
1.653736907381840204e+00
1.589251230773187196e+00
1.866729920323564995e+00
1.590665648857599646e+00
1.533323620261076714e+00
1.578065707972763576e+00
1.835486793460342714e+00
1.805229832362548859e+00
1.789979679807488955e+00
1.725247608268948962e+00
1.426115080182087658e+00
1.576329725452762842e+00
1.816667292603538542e+00
1.738302317863826829e+00
1.804506369759645512e+00
1.650463672038285035e+00
1.666700915359979440e+00
1.505995401132906197e+00
1.433373821864406095e+00
1.562514835513451050e+00
1.579596516517148386e+00
1.612065762435695548e+00
1.585325713960405336e+00
1.828152037672212016e+00
1.871884319808867936e+00
1.788872083893931819e+00
1.330298515690619077e+00
1.524613586941432120e+00
1.516057044321998282e+00
1.395231889963907568e+00
1.560228608886795598e+00
1.653289439618441881e+00
1.741595805524181584e+00
1.767354460685319761e+00
1.554454744607960182e+00
1.807723018976106655e+00
1.723824690522290037e+00
