1.760482774833304731e+00
1.817735683534435376e+00
1.887827194333315362e+00
1.697298080555116773e+00
1.750150609263564805e+00
2.039339200753734094e+00
1.791341625826157857e+00
2.043753556005814875e+00
1.745548090646714678e+00
1.746185349174444568e+00
1.983829221231232509e+00
1.737051092854894119e+00
1.941121562842743398e+00
1.978257217106288879e+00
1.793213004372534058e+00
1.870146376450338099e+00
1.963751488808517909e+00
1.979516579334180681e+00
1.857290333053431830e+00
1.905221903484866086e+00
1.953079303761257046e+00
2.017237716295910310e+00
1.800410752603417652e+00
1.793863265025748888e+00
1.797042627365794010e+00
1.958395671818941475e+00
1.904756601103157365e+00
2.108823138078584680e+00
2.066824786949362558e+00
1.859229764730347734e+00
1.873042585006062799e+00
2.011173019361922165e+00
2.050093464779995323e+00
1.803800979184515541e+00
1.766719897392795557e+00
1.717838508152818244e+00
2.193632610288168472e+00
1.787910872882182201e+00
2.208294205509223396e+00
2.094654762932681713e+00
2.168855368190514721e+00
2.202983518165382293e+00
2.092661336448948362e+00
1.986030253170276927e+00
1.875055123176450067e+00
1.908183230154127941e+00
2.216466301302232100e+00
1.937902588016485073e+00
2.005182813233367778e+00
2.170611215214521383e+00
2.038882579440248310e+00
2.199981265501889993e+00
2.042504478064880225e+00
2.141862567742172097e+00
1.709312625105728678e+00
1.759729909186204422e+00
1.664154833197875494e+00
1.719930207244685150e+00
1.760792233804702622e+00
1.759555941200433571e+00
1.942507311286416183e+00
1.986641873593974816e+00
1.782115977836970844e+00
1.987872694943229046e+00
1.652267073122694940e+00
1.826115968782542787e+00
1.926791698523787844e+00
1.987855352344539694e+00
2.161918005733293402e+00
2.165185106457544251e+00
2.131451882823892419e+00
2.326366926284354264e+00
2.275739545394012797e+00
1.874257619210010217e+00
1.777806219410874577e+00
1.841075420967069887e+00
1.816609742125742777e+00
1.953788261043027941e+00
1.940052183674192854e+00
2.032528084258272916e+00
1.887981295402100468e+00
2.035288551099074805e+00
1.796189886659344870e+00
1.888714467676222419e+00
1.760456969817294270e+00
1.851080698625148013e+00
2.088976421976131537e+00
2.070896300952702607e+00
1.975060114218062379e+00
2.141087584514536957e+00
2.080874881238371721e+00
2.104623017728687540e+00
2.259919259497819244e+00
2.136751225320339120e+00
2.269967006513696539e+00
2.293079321687641947e+00
2.097119742924772545e+00
2.044737291780635680e+00
2.062991972568785304e+00
1.811047601702473253e+00
1.843908988889420897e+00
1.873545556528101175e+00
1.880972313238095772e+00
1.756519920924414446e+00
1.889296341429292037e+00
1.808790465074411324e+00
2.073581226311922876e+00
1.864087446186299957e+00
1.791121533431435875e+00
1.960634493734878747e+00
2.026881736824055924e+00
1.883195998536275395e+00
1.889390438817735829e+00
2.021884791640976342e+00
2.010210811205293879e+00
1.718876830205306350e+00
1.694944466003046157e+00
1.929989826075592330e+00
1.794125901667602330e+00
1.930319572147821683e+00
1.845839061461786113e+00
1.926215940197200771e+00
1.921686715598953210e+00
1.742059802111942446e+00
1.917967941843881530e+00
2.015509280881086607e+00
1.697734730412297610e+00
1.795647245071330778e+00
1.964945609875845101e+00
1.878462607343105661e+00
2.074803627355744862e+00
1.843606633025948849e+00
1.956878499601599097e+00
1.746295344469422250e+00
1.938022235510004077e+00
1.979695149087492556e+00
1.871082542229374424e+00
1.883827553791886933e+00
1.764541261107615444e+00
2.105558056725101324e+00
1.867090206992341850e+00
2.061628168116066195e+00
2.089472485349631814e+00
1.987717068808956933e+00
2.125891854604923470e+00
2.164785797485790919e+00
2.130281480410419537e+00
1.862438300553193482e+00
1.849022503648232174e+00
1.977509144804154628e+00
2.110144350474258079e+00
1.835470573232432345e+00
1.992203908170309123e+00
1.875744440706101468e+00
2.102273389555938454e+00
2.089553812891677964e+00
1.975354007496894271e+00
2.170452549372351658e+00
1.769710775811881742e+00
1.854193373643608034e+00
1.838085839083093642e+00
1.799798703034088510e+00
1.808941794875616571e+00
1.722302355349055070e+00
2.056536540467027940e+00
2.050385310292534236e+00
1.888749989510503546e+00
1.996797590113417398e+00
1.896395181494933357e+00
1.831326247084826386e+00
1.889025521880239866e+00
1.931283171674327059e+00
2.130656536646878152e+00
1.870833794441149500e+00
1.988453208024772101e+00
2.250374028260833992e+00
2.115589150532300788e+00
2.319815895550097373e+00
2.289328010504893651e+00
2.113641466763494847e+00
2.170738199501664578e+00
2.010704425615019275e+00
1.911529418860342000e+00
1.972106876486355187e+00
1.842271323074274658e+00
1.868115059830860014e+00
1.712199019032466740e+00
1.747553000983379512e+00
1.707654158450800042e+00
2.023518299721192459e+00
1.746938714516928837e+00
2.026826568021023345e+00
2.054268131800455421e+00
1.971917670213496399e+00
2.049610592740371384e+00
2.024532837353026249e+00
2.014331646823356969e+00
2.263346407925570958e+00
2.175799990144289708e+00
2.104919083731930041e+00
