1.798276923635512503e+00
1.793858608549067757e+00
1.924886914041839425e+00
1.747159795208373945e+00
1.771558375487789272e+00
2.034267871683758333e+00
1.774742391382487572e+00
2.071528987223791862e+00
1.803407173760925408e+00
1.845485854070340270e+00
1.973866342246539674e+00
1.922138008312227697e+00
1.920103951466489933e+00
1.953344703486921352e+00
1.634218796037074650e+00
1.824837365056722671e+00
2.037534830728411350e+00
1.895460135795476786e+00
1.805956388920788580e+00
1.897854118194003847e+00
2.100515179187332659e+00
2.072667010571720425e+00
1.866030270604188912e+00
1.863611685017351194e+00
2.025083087927515457e+00
1.999486914548231242e+00
1.912758966525598181e+00
2.070981001041203751e+00
2.082323777300389533e+00
1.877279325062368720e+00
1.837916353960690863e+00
2.081096688148091456e+00
1.982672017094468053e+00
1.880905702024522785e+00
1.880132237721597654e+00
1.888060429450716615e+00
2.167003687589631689e+00
1.999159650159463286e+00
2.280936697701142268e+00
2.170190039029912921e+00
2.200802060888846334e+00
2.227351763621000735e+00
2.121947738460512767e+00
1.968474071707398965e+00
1.918605497393142789e+00
2.012029258981952839e+00
2.193376898851766565e+00
1.983532954792003977e+00
2.066244415856070216e+00
2.095299270767643662e+00
2.076304478767593942e+00
2.189364678389757568e+00
2.092438149762978483e+00
2.215617519820072712e+00
1.746490440200833882e+00
1.758824972707856205e+00
1.662029762658154164e+00
1.652121003478026928e+00
1.717415908693549653e+00
1.473868815017758349e+00
2.076216196700804151e+00
2.088070124735777799e+00
1.900015545061480848e+00
1.832135818446613662e+00
1.680629911658876985e+00
1.742594309050735424e+00
2.022077351840634307e+00
2.031306935828038007e+00
2.169632838997782365e+00
2.278907584863046676e+00
2.137899739539447896e+00
2.258557771458671315e+00
2.260094061129040988e+00
1.644639010224085096e+00
1.749073488414439215e+00
1.677891258865315205e+00
1.887231575102663816e+00
1.920994831978796169e+00
1.955701841601564128e+00
2.075429420879819631e+00
1.887929525900162941e+00
2.131729002671749029e+00
1.896617729401879782e+00
1.818333302884603597e+00
1.759211532434157732e+00
1.828694849801412836e+00
2.024750462901154791e+00
1.965124108439243900e+00
2.019070477768687422e+00
2.155734305762917469e+00
2.093577331218696713e+00
2.141000119829783888e+00
2.333873319593189333e+00
2.145207610290346345e+00
2.252092147797483346e+00
2.243424419954576976e+00
2.207201413212128482e+00
2.037032995347335618e+00
2.123723284486312313e+00
1.783553320354885896e+00
1.759160381734746759e+00
1.816799261768884843e+00
1.779425003972868735e+00
1.738193933419529102e+00
1.900237518022163341e+00
1.737133832854469651e+00
2.080329478205802385e+00
1.754251723752729530e+00
1.770923885412033050e+00
1.884848453834631954e+00
1.928459777258798802e+00
1.860661439283920915e+00
1.836072721356139414e+00
1.983997398420286107e+00
2.085565086908784505e+00
1.861236371726851635e+00
1.791498596252985465e+00
2.006402666139427637e+00
1.797727782505792682e+00
1.959058081428254328e+00
1.794130376635096891e+00
1.904677160769159716e+00
1.970753243187382875e+00
1.774046147704427590e+00
1.965404277654367426e+00
2.071530744520097667e+00
1.723177767187131781e+00
1.952656685599652997e+00
2.013529526827975591e+00
1.947745543032045834e+00
2.056823183287757928e+00
1.941626089579711500e+00
2.031016369427859569e+00
1.855712029526096041e+00
1.869961962771160113e+00
1.997693304196194397e+00
1.856178325723237377e+00
1.881373995710072577e+00
1.867787026947526741e+00
2.135175444335552175e+00
1.953107797769725096e+00
2.022945462128713068e+00
2.151339776923247626e+00
2.121445013911697153e+00
2.076320772224701017e+00
2.171021860267820180e+00
2.194350355180557877e+00
1.844523386304597334e+00
1.828994703014189538e+00
1.990491933617154929e+00
2.161307356738161101e+00
1.907377958754896907e+00
1.981640667549095403e+00
1.862813457468895262e+00
2.187527691937261487e+00
2.098509954836523583e+00
2.026482160810757716e+00
2.192816005557852943e+00
1.825886752561659110e+00
1.862913374331421679e+00
1.845803819422784153e+00
1.796649193321734561e+00
1.614633296159794673e+00
1.603817902651405891e+00
2.052840219549025402e+00
2.028271534379424867e+00
1.922472573066560830e+00
1.944120384153457115e+00
1.926966927758836601e+00
1.876742127014727757e+00
1.945123359235753968e+00
1.949294791580400865e+00
2.190032591699610620e+00
2.024876188870049720e+00
2.073521988498652657e+00
2.317737568582503016e+00
2.107367319698984609e+00
2.301452603325766511e+00
2.337166900969138261e+00
2.173816971468848447e+00
2.218011006071128666e+00
2.048690807324120122e+00
2.017113995035145990e+00
2.066577120624364827e+00
1.798322405588681949e+00
1.813136680968881365e+00
1.675717627915886077e+00
1.779481496647432825e+00
1.694880058323545491e+00
2.011986935961323386e+00
1.772855967190272164e+00
1.998679047916343654e+00
2.140175945637991184e+00
2.062229849161201223e+00
2.107343725006794788e+00
2.046068112242505954e+00
2.097203084817668373e+00
2.170087308915477298e+00
2.210748788067347093e+00
2.119558104482011984e+00
