2.126972082171916245e+00
2.143293911265058860e+00
2.286732774130196599e+00
1.976453228712194532e+00
2.083899986263160642e+00
2.020314993543181892e+00
1.994350106915976362e+00
2.357884232753141518e+00
2.038419240536114785e+00
1.985994734882856827e+00
1.901538196327621444e+00
1.903993920174652743e+00
2.096131911214718091e+00
2.282478340582897225e+00
1.973847585117892711e+00
2.044948748174390207e+00
2.354026174236468094e+00
1.843268600993092532e+00
2.377502097389789792e+00
1.841941754214147409e+00
2.045811382418175395e+00
2.049616793180822238e+00
2.484224926171179515e+00
2.277644188716266171e+00
2.013454240778352666e+00
2.289841549095445128e+00
2.142232885442269197e+00
1.989711946235441120e+00
2.400236656545150282e+00
2.116041543016985216e+00
2.221660775075908312e+00
2.343544545422705738e+00
2.125178467882835598e+00
2.234368474829196760e+00
2.259623884171737540e+00
2.333198557985307175e+00
2.363773728470648816e+00
2.293057222885932500e+00
2.154580807372440621e+00
1.912149002312716561e+00
1.926233941167130759e+00
2.121261880958747792e+00
2.101898156049454958e+00
1.964145519596018019e+00
1.902126593978553215e+00
2.239032793309485125e+00
2.186302405895802714e+00
2.336075767900383848e+00
2.130062897367407171e+00
2.063477168262720429e+00
2.044811034884037593e+00
2.136980103484828586e+00
2.151889524592824454e+00
2.121889805890081249e+00
2.066864941103671249e+00
2.141493578134767706e+00
2.062779300470730437e+00
1.997250383396205198e+00
2.019957875896956523e+00
1.975217184782576574e+00
2.270436710777420597e+00
1.864139734888363931e+00
1.983483304188760954e+00
2.034227506450817291e+00
2.171507555153945557e+00
2.211724789427504501e+00
2.153808228932824420e+00
2.053439513667466354e+00
2.048662354857641255e+00
2.243292315520610369e+00
2.117568202455302195e+00
2.169523926856620211e+00
2.341328113194615756e+00
2.114065297498729734e+00
2.273397739954797547e+00
2.115595587470691985e+00
2.254284759584767706e+00
2.138447313613340839e+00
2.341038794796966638e+00
2.196275680592791879e+00
2.236616506150920891e+00
2.175271800603277850e+00
2.129349321744521628e+00
2.183262611183187207e+00
2.158370345382307764e+00
2.238209537319878262e+00
2.232053069855667538e+00
2.334338623646015076e+00
2.423607608248786516e+00
2.238445177374639883e+00
2.127056392295917586e+00
2.009736055126690513e+00
1.999719768608285930e+00
1.842235942554945272e+00
1.880996391750852981e+00
1.992604995167850834e+00
1.983964188826496500e+00
2.102923547884660405e+00
2.035576353467904109e+00
1.968192062456521230e+00
2.106540161827650692e+00
2.249361850840821742e+00
2.167706578299302134e+00
2.355513283303908523e+00
2.388253653460717718e+00
2.186132879576729415e+00
2.365293961747644946e+00
2.132478392702247039e+00
2.378808163476406001e+00
2.174820070819337037e+00
2.367312164371932592e+00
2.075488013107958274e+00
2.203049762957029145e+00
2.119600034443222203e+00
2.013486549741514420e+00
2.192818861854815005e+00
2.067906370952362849e+00
1.821047381342878246e+00
2.099538992294527784e+00
1.782867426813375955e+00
1.931544253227408081e+00
1.823217160593441299e+00
1.842031458517632725e+00
1.948547978957968274e+00
1.813817507304692711e+00
1.958147832417961531e+00
2.167379750017706552e+00
1.945907404401462815e+00
2.291795883589036631e+00
2.285386936283410275e+00
2.178978770282072208e+00
2.071464525793671463e+00
2.254409536653645407e+00
2.162409446742842967e+00
2.083396967670758215e+00
2.284392605201673643e+00
2.210668638563277888e+00
2.465336541962930728e+00
1.924489354296377686e+00
1.776344614605649186e+00
2.060873561670339527e+00
2.056807588528261288e+00
2.074144787374678778e+00
2.209811636651532130e+00
2.004467947544280371e+00
2.015095842158917350e+00
1.913377323937859753e+00
2.036872127185383796e+00
1.948668291533144359e+00
2.169935108536140245e+00
2.006264467559215170e+00
1.964364042070537941e+00
2.023151450213188873e+00
1.733094140333691247e+00
2.065457116075702260e+00
2.123665601686392179e+00
2.304933693182733112e+00
2.012503410803751169e+00
2.076729987520991472e+00
2.107136027154989932e+00
1.978098509002412353e+00
2.041448180762398312e+00
2.314678112531391996e+00
2.102174721494819654e+00
2.389318244589724749e+00
2.085023617046620981e+00
2.141385318922393033e+00
2.036977813448193508e+00
2.199817068793169295e+00
1.949852587730393827e+00
2.101064642128091631e+00
2.105969722536860100e+00
2.045414158162320195e+00
2.058237553044757639e+00
2.065823082152396850e+00
1.863302010297297695e+00
2.318955476329457976e+00
2.216920448917979236e+00
2.439883555940696169e+00
2.398734569627759328e+00
2.593898456119382967e+00
2.489267960242458777e+00
2.214115333883523551e+00
2.274485529047697518e+00
2.224994446297340556e+00
2.130165209823688066e+00
2.210292875528046430e+00
2.342843990311445967e+00
1.911555938086339612e+00
2.203415428794722519e+00
1.990792957837618671e+00
2.241516058698131530e+00
2.132323007221124556e+00
2.075863752916035754e+00
2.200437674372361041e+00
2.094565655852202557e+00
2.114214746846637905e+00
2.056129163065618659e+00
2.223434265846178093e+00
2.202605900625095980e+00
2.128455306277025283e+00
2.304755453696799794e+00
2.126365941943822335e+00
2.359278478529489576e+00
2.206485727064572355e+00
2.216836954783556468e+00
1.836321132163158953e+00
1.753934633344134797e+00
1.886248751913148336e+00
1.925945724985867802e+00
2.153020197345004494e+00
2.182964682259320277e+00
1.932471580065077577e+00
1.997513225277743443e+00
2.148880193803766492e+00
2.177609689374566670e+00
2.258786616854426388e+00
2.175304341074626002e+00
2.236653234658679157e+00
2.189179185097209768e+00
2.335886213887067075e+00
2.241543528407529351e+00
2.390053406334028629e+00
2.258461575035828339e+00
2.054171811859811125e+00
2.133147230655602744e+00
2.304423633742200384e+00
2.030085605931453152e+00
1.947453372799636373e+00
2.078515090494953643e+00
2.183103059315850913e+00
2.214495212754494791e+00
2.149753047716554288e+00
2.084190043560794070e+00
2.351263487198771873e+00
2.470945348317400647e+00
2.258046284072007470e+00
2.537557973206911122e+00
2.408085807708883586e+00
2.361348861961298784e+00
2.720439451822373567e+00
2.268003883724284631e+00
2.253376327930755707e+00
2.299826675857592040e+00
2.191827444426420080e+00
2.284106567632246954e+00
2.336740716154745989e+00
2.158894110636186969e+00
1.941763648398590059e+00
2.139866004172349179e+00
2.012834076609363532e+00
2.090705055733684592e+00
2.179696080910955569e+00
2.069373675774346388e+00
2.041609807881745287e+00
2.082960047155496319e+00
2.029195808360875208e+00
2.108051947785298808e+00
2.171163931788271828e+00
1.950462395868136634e+00
1.973357053603231881e+00
2.043655619062576534e+00
2.283524455231745520e+00
2.072155709783969346e+00
1.912362420416158892e+00
2.338432361234283441e+00
1.895808391745565480e+00
2.191364424970805302e+00
2.099128561441105489e+00
2.469101660425030431e+00
2.038587297162608891e+00
2.039521833593306521e+00
2.241109189509674415e+00
2.234226520100769164e+00
2.074937416091624076e+00
2.132607170438747701e+00
2.297194204306846288e+00
2.096515015268120230e+00
2.196774980691011514e+00
2.210876890342082124e+00
2.121643666847621734e+00
2.254528587971091458e+00
2.259386719491110362e+00
2.359835329807251192e+00
2.299089956822077063e+00
2.024431250899106249e+00
2.083120519377900770e+00
2.112384244980391568e+00
2.165964374310095586e+00
2.528828702833033404e+00
2.315830702173153011e+00
2.303619742359175770e+00
2.232816212493951014e+00
2.311646587664321739e+00
2.217298891813918704e+00
2.182151782965824349e+00
2.236482208879799760e+00
2.154845749560670765e+00
1.920693456618967065e+00
2.271600866130324636e+00
2.156130249609375049e+00
2.193865043189391351e+00
1.978086147749793300e+00
2.033220918383021214e+00
2.042342901522126830e+00
2.251489141733451937e+00
1.942940157037376991e+00
1.963765097892668399e+00
2.107269384818344360e+00
2.036920817939875672e+00
2.315200415031930081e+00
1.945633880814285455e+00
2.180315345729923138e+00
1.990143043034879433e+00
2.226703785783582301e+00
2.151804728456987004e+00
2.048588649975130682e+00
2.308584735290742262e+00
2.064187305295917430e+00
2.315754304694589649e+00
2.199281405303885606e+00
2.212195644570694508e+00
2.231439790210649754e+00
2.125107892731620929e+00
2.441523584949105707e+00
2.102434543068805173e+00
2.227742119141877808e+00
2.320498233334837845e+00
2.441523448745987146e+00
2.229651757181984717e+00
2.247706856555304888e+00
2.254489348887002365e+00
2.259296604168179012e+00
2.100438126927700822e+00
2.137058562148398622e+00
2.228195244966090893e+00
2.345305810876394670e+00
2.139972160215167563e+00
2.233526344592939861e+00
2.153382079186572540e+00
2.185268329188548186e+00
2.140176702054019220e+00
2.038666762183483083e+00
1.986214512772758178e+00
1.939863244083442018e+00
1.969263677324940121e+00
1.883984095428125727e+00
2.129346748127840527e+00
1.963786284974490037e+00
2.337848679657468676e+00
1.979087173869236382e+00
2.051696173803671641e+00
1.984174097095276146e+00
2.230017792760736750e+00
2.061798769866456382e+00
2.397461072418237027e+00
2.431147923289480151e+00
2.329552362846416091e+00
2.287956449521285407e+00
1.991634671704437531e+00
2.059965074635749627e+00
2.049405385945546776e+00
2.163168659421732087e+00
2.154942979756095056e+00
2.083192256800971975e+00
2.190434931117121842e+00
2.058325967475100882e+00
2.301965687064743804e+00
2.000374064557574272e+00
2.403854580294219279e+00
2.064047767315911219e+00
2.230218405441491303e+00
2.258106042331864405e+00
2.129699042201003145e+00
2.054387151755819207e+00
2.193046042938824769e+00
2.519520402911304746e+00
2.041257094196641919e+00
2.100722822330137074e+00
2.223426888782249033e+00
2.275384237256327769e+00
2.291354177110881185e+00
2.299549378254917897e+00
1.910864205123219417e+00
2.379964231654402962e+00
2.216905536330339821e+00
2.245505782970757647e+00
2.348585161469741500e+00
2.176893879334270920e+00
2.167340475618829032e+00
2.063841816669199858e+00
2.336210865111670643e+00
2.056577688158761852e+00
2.134579285368414681e+00
2.412124198291419219e+00
2.407062695557923515e+00
2.489238601284390118e+00
1.794373285045072874e+00
1.861784738955482466e+00
1.967633278408236430e+00
2.069895774297518365e+00
1.917439508689618100e+00
2.125390517053380890e+00
2.120832336200036750e+00
2.076573037708321134e+00
1.984189427869456068e+00
1.818266487608754201e+00
1.945464213262455333e+00
2.007579332970951036e+00
2.087871769761810992e+00
1.893419122993518666e+00
1.951381649108068217e+00
1.956449468002849690e+00
1.897744408992168008e+00
2.281201203731274330e+00
2.314150633566549597e+00
2.095884233593290791e+00
2.206321424831269695e+00
2.010219431285418246e+00
2.051061243901161735e+00
2.200334605354627104e+00
2.421024795659672435e+00
2.100332322323364753e+00
1.977404228643906858e+00
2.072421755233917917e+00
2.258339369248483663e+00
2.056103321795123673e+00
2.125523444606868484e+00
2.324237156393735404e+00
2.178458103417428848e+00
2.229728662012931295e+00
2.152210654240094279e+00
2.302701835008328146e+00
2.061808731517790871e+00
2.438622380415988111e+00
2.098100263851067737e+00
2.242714709915471172e+00
2.084030460207381363e+00
2.340355709466678480e+00
1.944481099092494558e+00
2.148379252450788091e+00
2.120819063632663593e+00
2.092196361960965145e+00
2.175747028479530609e+00
2.328908260007771514e+00
2.208880196540957908e+00
2.753181795666018505e+00
2.471632018246300522e+00
2.364517811512115930e+00
2.200013091810919086e+00
2.267905241676800632e+00
2.316187254396679496e+00
2.076083565888152904e+00
2.125448021999443160e+00
2.205254887503084849e+00
2.141016906797518882e+00
2.096929789073028072e+00
2.132962633212528214e+00
2.171305361053195160e+00
2.094775193472131924e+00
2.128571617325908161e+00
2.143351968030493993e+00
2.017795261333653389e+00
2.099623162312166169e+00
2.219061531668988341e+00
2.071743798984436946e+00
2.171974604688433619e+00
2.066294443188545493e+00
2.065808036660617297e+00
2.100652816279945156e+00
2.027873336331258880e+00
1.860108170117470427e+00
2.080456299289480615e+00
2.198789709114079560e+00
1.956375944257515709e+00
2.088039044504202302e+00
2.042183000117561598e+00
2.134371192355705382e+00
2.116786667337678285e+00
2.145231455052814429e+00
2.166611246863090035e+00
2.190881212301964975e+00
2.232460372717041341e+00
2.151799045409010347e+00
1.939099441653473921e+00
2.253499972126213446e+00
2.017209436493514030e+00
2.070654267116426528e+00
2.404647823569070475e+00
2.471675441468949685e+00
2.591581566852381169e+00
2.754272572183520396e+00
2.256642010183721236e+00
2.034079378498231616e+00
2.357711100743980381e+00
2.232732520399192566e+00
1.877353787808828223e+00
2.017231096006163238e+00
2.137604015175256666e+00
1.890181068958254329e+00
