1.904305141445958860e+00
1.875540603381270266e+00
1.933461044796837225e+00
1.801334641026671957e+00
1.848614499362574826e+00
2.091097723060479918e+00
1.838151409771408229e+00
1.957813665550570015e+00
1.839290140600492673e+00
1.806126968998688298e+00
1.981961575315496660e+00
1.867114160520569444e+00
1.931370419072804934e+00
1.944289054690023111e+00
1.685171178533644509e+00
1.839799162172669922e+00
2.029009800279285347e+00
1.927123980615610632e+00
1.750539771262697109e+00
1.793467351503558183e+00
1.860700923594653444e+00
1.855438516707260455e+00
1.647536427250432922e+00
1.655647015845225889e+00
1.816992047885263029e+00
1.803523492185081789e+00
1.681043091401017486e+00
1.827199670521036046e+00
1.891441638834299610e+00
1.710091940767117791e+00
1.842506003554164495e+00
1.852966900407994499e+00
1.938074030081417432e+00
1.715774862611993079e+00
1.633084471714331576e+00
1.702075113238941340e+00
2.001481536833526587e+00
1.798130378265339280e+00
1.828540606917247402e+00
1.912532584543036984e+00
1.794878306537066592e+00
1.885560522498180402e+00
2.026847963653765294e+00
1.882373089987296355e+00
1.924621757964712465e+00
1.831429939057957368e+00
2.016063928021044838e+00
1.885718571498687046e+00
1.991028013142641440e+00
2.044780102466916549e+00
1.889309745717518751e+00
1.983614615704883288e+00
1.878706796103532639e+00
1.909249515929729357e+00
1.623336645199968675e+00
1.756577129759243627e+00
1.702099196982575391e+00
1.728845475662173836e+00
1.815011347368340466e+00
1.543504253450930452e+00
1.838454219518332877e+00
1.810427789654823538e+00
1.752570038892499849e+00
1.798951421789168226e+00
1.523296743702216238e+00
1.610765974651883203e+00
1.866120551577773679e+00
1.719817276162913577e+00
1.906003758386219049e+00
1.987133934674911284e+00
1.941684098427616467e+00
2.194956516360582643e+00
2.217610347807567717e+00
1.694647396308021969e+00
1.768025086403103296e+00
1.718278779294297731e+00
1.754379048198768887e+00
1.772985855190632343e+00
1.903314433887735024e+00
1.959459595067713167e+00
1.833765290301974549e+00
2.012207002847787418e+00
1.744037263546524219e+00
1.766058018137860453e+00
1.608706174062572103e+00
1.812100751461679149e+00
1.835212035091600358e+00
1.909069870978998829e+00
1.812599131764219385e+00
2.067813366690351096e+00
1.923502266785536818e+00
1.904264408752434523e+00
1.898641384926229581e+00
1.839573684752415117e+00
1.977589241757204741e+00
2.150820169243089275e+00
1.854834184312403877e+00
1.900252752990620353e+00
1.727367660815248618e+00
1.942001910196787362e+00
1.779722414231277527e+00
1.973603879770629677e+00
1.860353407397279835e+00
1.743328787510376898e+00
1.893526250375021647e+00
1.790457051004140654e+00
2.019308899679608693e+00
1.828679515186256488e+00
1.763160148251874171e+00
2.012432875621705364e+00
1.956287692949181700e+00
1.868054385458302713e+00
1.840653957931471796e+00
1.927511959353820359e+00
1.912446770666868856e+00
1.687610463854517961e+00
1.670702592697922650e+00
1.919135954931513677e+00
1.864282621711538912e+00
1.807374211570149214e+00
1.739039370954450714e+00
1.792356796579328782e+00
1.806011797305385524e+00
1.682628256871777417e+00
1.737412828920902319e+00
1.789244387119319546e+00
1.635798049065509074e+00
1.751967064249378314e+00
1.751938960120924538e+00
1.783127184347278460e+00
1.848228289909590538e+00
1.776314663287374973e+00
1.809080981865144322e+00
1.670647950600808285e+00
1.872499010812573195e+00
1.887877397082532438e+00
1.781890221194155854e+00
1.819775004351577685e+00
1.782695239907830187e+00
1.925195389124228385e+00
1.744492889167637450e+00
1.817824119229026536e+00
1.872421977693497164e+00
1.899849014962289306e+00
1.759186311192859842e+00
1.877907983930787283e+00
2.016752731929578157e+00
1.813380766499438357e+00
1.748471372820261438e+00
1.829940187446900346e+00
1.876926722721090846e+00
1.785666653549005334e+00
1.791883833540777626e+00
1.789551394480969559e+00
2.083820800397170991e+00
1.925414049897068880e+00
1.801945023670878276e+00
1.948636329723322458e+00
1.831375453423299771e+00
1.772725827811492572e+00
1.830669024490638286e+00
1.769623635555383601e+00
1.734524171371946810e+00
1.802474143471335166e+00
1.870753889364057621e+00
1.856891732768418235e+00
1.787713579845439105e+00
1.779211201567067580e+00
1.856229761138148415e+00
1.729443815532829332e+00
1.827558712483025927e+00
1.688337711473494318e+00
1.989292798225891667e+00
1.738074384972142061e+00
1.667423206196107843e+00
1.914903485702105446e+00
1.961126786819002099e+00
2.184331107903228375e+00
2.231083491376036676e+00
1.935630481201012110e+00
2.027476290314373486e+00
1.884880497992081017e+00
1.890733853012228183e+00
1.871031538236536562e+00
1.730599010457349429e+00
1.807311653962611286e+00
1.700198642678072636e+00
1.684586376835155219e+00
1.672304792552340658e+00
1.789940638306341869e+00
1.768751977807872411e+00
1.813135279897780006e+00
1.982837947077902729e+00
1.870648782446378666e+00
1.917614789426602684e+00
1.779999002277658171e+00
1.805507370648396392e+00
2.085824960620255464e+00
1.895593766254023427e+00
1.717134576066235319e+00
