1.753951431470611944e+00
1.825365568407770978e+00
1.928388482073549959e+00
1.677094270255893083e+00
1.723631278818429591e+00
2.055303109583290322e+00
1.786028901342880504e+00
2.008233967755813421e+00
1.706887555816510194e+00
1.848955633599216553e+00
1.903833472525980008e+00
1.778861807559405150e+00
1.999900372621655764e+00
2.028002101549630787e+00
1.763279493822387467e+00
1.959555618252863285e+00
2.118751693440969142e+00
1.975706475217809510e+00
1.857577689209818139e+00
1.941777573380548461e+00
2.176922197464292275e+00
2.111197658206038330e+00
1.806572791993519278e+00
1.838612995353706925e+00
1.923637853679243781e+00
2.100464955913747378e+00
1.896732854294116866e+00
2.165697439972482208e+00
2.173317622894829437e+00
1.911968003102252789e+00
1.861455583115587231e+00
2.033661562395777000e+00
2.106049850909796906e+00
1.824942808205747724e+00
1.799815422212765581e+00
1.844971173780751039e+00
2.198951384253304830e+00
1.999840436342340322e+00
2.249056307624003104e+00
2.155474062944370495e+00
2.197675549593535393e+00
2.202979807958099112e+00
2.160938782105124023e+00
2.003682616282786544e+00
1.948155851887552803e+00
1.929575912506578561e+00
2.343359841277899314e+00
2.042661976362758036e+00
2.118865708681390458e+00
2.119948778385898791e+00
2.081090194155325257e+00
2.227780461092321307e+00
2.063477351197454901e+00
2.188923471083089378e+00
1.792357498390470649e+00
1.894868176790466485e+00
1.813466856066384247e+00
1.799488735225254210e+00
1.822976386364437040e+00
1.698520292673183718e+00
2.114058984055112500e+00
2.081864884617846023e+00
1.845660820134992663e+00
1.954909302039913310e+00
1.717736166450054336e+00
1.805834286445278769e+00
1.959940140525316066e+00
1.983902141592944091e+00
2.166957381693479512e+00
2.246919328430755147e+00
2.213625317724521313e+00
2.363656008734140723e+00
2.246492234013710121e+00
1.824467507607356209e+00
1.887876471008265167e+00
1.791838187279702899e+00
1.850522716341971741e+00
1.950160847301007916e+00
2.030519813343567570e+00
2.097330810160709547e+00
1.969211444916365350e+00
2.132789272600505548e+00
1.948790288272473914e+00
1.854222363558654330e+00
1.816976634162861703e+00
1.912496401043135341e+00
2.079547456353088020e+00
2.078071543255284315e+00
2.020624220409765748e+00
2.162448618739826856e+00
2.071860324570995449e+00
2.131849430585265104e+00
2.215698447017150130e+00
2.137671251416292328e+00
2.230522008292015190e+00
2.252852859800799301e+00
2.081808754667130668e+00
2.003026624745405826e+00
2.167574865838997500e+00
1.824780548843800254e+00
1.768803170777568434e+00
1.804167618012873620e+00
1.820992990920472732e+00
1.692881584545492757e+00
1.915467977454882398e+00
1.777275900440723921e+00
2.016555420932621079e+00
1.836367047000738495e+00
1.668027554845417537e+00
1.818630217124498127e+00
1.956209566509003572e+00
1.860459968396419583e+00
1.772453341662817650e+00
2.023066668459875483e+00
2.063598725582286519e+00
1.942023373519719431e+00
1.865884249062322198e+00
2.031233039439903632e+00
1.814480118548547294e+00
1.887384519158967544e+00
1.828200329054119111e+00
1.909111123517650110e+00
2.073201910612452181e+00
1.814547828263392226e+00
1.916044070277448608e+00
2.078929481056968065e+00
1.730628696615505779e+00
1.856409903818607710e+00
2.035307498321596853e+00
1.872879412846722547e+00
2.129293488768706055e+00
1.934622968567528023e+00
2.028706995990514628e+00
1.854125536085116099e+00
1.940840271733769828e+00
1.964151733138352895e+00
1.892704587999236132e+00
1.925389805465870685e+00
1.881074173534558858e+00
2.214470824965268037e+00
1.932577259090897615e+00
2.119135505536682285e+00
2.204852878197711696e+00
2.123263934061292879e+00
2.177960325115064766e+00
2.208661475362720061e+00
2.220087801540469918e+00
1.955690948631247705e+00
1.843754162897622839e+00
1.961754951066767338e+00
2.190629324951307577e+00
1.842602954027794393e+00
2.114403534808536378e+00
1.914712301342488932e+00
2.202791060898001252e+00
2.171435028987463767e+00
1.992449485748589044e+00
2.265150828538686323e+00
1.870463060637370667e+00
1.845617067247040000e+00
1.899715996216779779e+00
1.809876334367361617e+00
1.813336604089774706e+00
1.748558712587505060e+00
2.051776232242271902e+00
2.004812128666543014e+00
2.088013290107915143e+00
2.018261656104342272e+00
1.928143616077649947e+00
1.873075778406024350e+00
1.914573544779305303e+00
2.005333273054391796e+00
2.134666839712638708e+00
2.027571781211708224e+00
2.079311573228085575e+00
2.343301442789405886e+00
2.155037805324985012e+00
2.413215431243193265e+00
2.342496372502355761e+00
2.161570684643540741e+00
2.210519998196699198e+00
2.058018026132477640e+00
2.081873673261042335e+00
2.116030696061134364e+00
1.800900745333144481e+00
1.877206950046132583e+00
1.753821586398518484e+00
1.794439533434793788e+00
1.769410663914121384e+00
1.984054461269173508e+00
1.875926329747180654e+00
2.029406178327485932e+00
2.071725989712250193e+00
2.062598388288340967e+00
2.109162506786793401e+00
2.168303394491335467e+00
2.098073763963109517e+00
2.255955896405481109e+00
2.279359465965106413e+00
2.200926210762916835e+00
