2.282299135413793145e+00
2.156664205988339855e+00
2.177537960668224581e+00
2.169526382162624945e+00
2.209927384078972157e+00
2.150699621428076913e+00
1.996287978584754264e+00
2.317476325489878253e+00
2.183765054050896826e+00
1.947990465333249377e+00
1.993227733029046211e+00
1.988487370019716760e+00
2.276356886609838703e+00
2.228372049825708689e+00
2.048416113275482786e+00
2.341041361623625416e+00
2.127128949461243757e+00
1.929576608594896436e+00
2.284784950405438941e+00
2.005291271264818764e+00
2.051472334796044628e+00
2.237346943076957917e+00
2.485089760886264099e+00
2.372519395010540766e+00
2.249891536342704779e+00
2.264132425735729370e+00
2.092722118230091244e+00
1.981457302298440082e+00
2.286229212121315246e+00
2.194944587759198207e+00
2.355211765213711228e+00
2.264751884698313678e+00
2.021826490761103656e+00
2.061834827384430469e+00
2.313707191773290095e+00
2.301482816420732380e+00
2.469896863111226359e+00
2.560265679205834921e+00
2.524827204224309174e+00
1.833005093804238594e+00
1.777929771005627879e+00
2.021067515888324007e+00
2.028355240101170853e+00
2.355794111047963657e+00
1.923258751498970298e+00
2.447030803468032811e+00
2.208584419695874601e+00
2.270975063419478523e+00
2.068419396909949803e+00
2.107701745304693119e+00
2.219904445669533377e+00
2.302894300666179728e+00
2.206566367050643240e+00
2.182068091731746762e+00
2.223805370039444007e+00
2.248674364857765617e+00
2.295363839054143540e+00
2.100148732139750507e+00
2.168371740827176986e+00
2.116675187055375051e+00
2.468388316677530891e+00
2.032800259496765793e+00
2.265373184274078522e+00
2.235993052082215549e+00
2.394578856896570240e+00
2.461428215151837851e+00
2.217896412020091024e+00
2.137263594148574697e+00
2.194147879196437501e+00
2.342867250905928955e+00
2.357076987432914272e+00
2.501812365678467653e+00
2.595047322416971003e+00
2.320257812825356147e+00
2.400499569418200974e+00
2.320524429472941019e+00
2.196295391265978836e+00
2.365105898797593031e+00
2.598674898847863179e+00
2.298310466090494053e+00
2.474223143165452665e+00
2.328085592797165315e+00
2.276532986887011223e+00
2.398810237884181351e+00
2.415325693200551793e+00
2.233352778135515138e+00
2.312189373848225316e+00
2.422802324606087243e+00
2.480962088466983850e+00
2.314725605753063853e+00
2.376888362351925021e+00
2.303145261216521078e+00
2.189252478107089228e+00
2.216441055303491670e+00
2.214495395440043257e+00
2.546280471377239785e+00
2.285941247359173811e+00
2.506672244083437917e+00
2.164999103200980990e+00
2.188363536247568852e+00
2.287842452879076838e+00
2.447346424598459524e+00
2.455473416877568038e+00
2.666895016004652952e+00
2.560309036220031587e+00
2.508291288695653432e+00
2.576139120713958786e+00
2.531522147378654441e+00
2.563686731053683499e+00
2.587629196427374101e+00
2.648607320260950804e+00
2.304823125816217733e+00
2.409736222414498474e+00
2.334012758259243814e+00
2.221771767408861731e+00
2.477178156198072134e+00
2.260934205899376881e+00
1.877447311909496541e+00
2.497829709110147345e+00
2.231713211144961573e+00
2.704175219024935295e+00
2.566663510785068603e+00
2.452561425980070098e+00
2.547494069327685740e+00
2.538394651094908472e+00
2.357280864970053624e+00
2.586405395859360912e+00
2.347471003953977675e+00
2.567277271558875196e+00
2.632414724355315538e+00
2.367342000786612388e+00
2.414461070968669798e+00
2.468232136800168952e+00
2.383774049880137635e+00
2.299695189416515628e+00
2.516619662926872891e+00
2.379038841716802466e+00
2.693389410513905347e+00
2.066652210058037120e+00
2.090364872192942425e+00
2.108729534126398075e+00
2.008602516338361621e+00
2.114583231547432440e+00
2.257726498404664550e+00
1.829617716217828649e+00
1.855884656593359328e+00
1.813471361761247680e+00
2.146148784920510089e+00
2.073249659784343280e+00
2.404416047400543821e+00
1.997873495954294087e+00
1.716443242778416645e+00
1.893004954944204066e+00
2.054443122964681123e+00
2.234373307392120811e+00
2.402404061573468308e+00
2.406541364311176601e+00
2.179031374033162383e+00
2.478197581646094161e+00
2.177597042049035370e+00
2.226364087606708342e+00
2.157653028080110058e+00
2.449581229339983235e+00
2.609935571364447870e+00
2.665549743021725426e+00
2.105361432736533978e+00
2.359038706313135059e+00
2.331796468284495827e+00
2.437935584509693054e+00
2.404368397151829040e+00
2.444327853882382495e+00
2.449173331442974888e+00
2.510903711587535891e+00
2.573636477605758976e+00
2.497872561217019616e+00
2.304071367855459851e+00
2.426657350523987677e+00
2.454513717154545027e+00
2.501405570028940151e+00
2.626992155041931731e+00
2.552109889073727711e+00
2.649238079149741409e+00
2.479872532538555330e+00
2.559858318690009238e+00
2.537934368836214372e+00
2.209593064725564382e+00
2.296970079392138153e+00
2.547744165693522245e+00
1.946988376804672294e+00
2.123573511270214542e+00
1.914276966310070938e+00
2.331469866912944333e+00
2.074039820932981115e+00
2.008813310729655743e+00
2.335542358141260877e+00
2.019651508760208714e+00
2.114159300494478533e+00
2.090496581432256029e+00
2.244543832425560215e+00
2.294057466823739677e+00
2.205542594427289949e+00
2.254429457068250819e+00
2.214280715949626277e+00
2.295366939865123967e+00
2.464342590779425191e+00
2.438211119713346697e+00
2.242207755835659455e+00
1.954975507400180668e+00
2.124781248448779802e+00
2.097885780761428620e+00
2.191150779561667150e+00
2.277376774890636391e+00
2.124195514480951452e+00
2.298329487991074505e+00
2.222690290665840784e+00
2.391747044451125515e+00
2.428584409359306751e+00
2.282389810849674738e+00
2.304716898158341909e+00
2.534558296459645810e+00
2.464556985310172088e+00
2.425124135587854557e+00
2.511806146658298822e+00
2.400045738286360475e+00
2.289657367787393927e+00
2.376963241578878172e+00
2.500158467312713739e+00
2.306644039096957588e+00
2.338754073228796582e+00
2.408657283887611467e+00
2.698427676797245933e+00
2.679707457280042338e+00
2.535076915826646626e+00
2.376990525311847513e+00
2.607379777027922341e+00
2.594383531916794716e+00
2.349637574683232089e+00
2.606665321254357792e+00
2.302193042756125241e+00
2.342535464377227594e+00
2.738924120454078182e+00
2.360206106088979183e+00
2.367395590397091354e+00
2.453307781628982553e+00
2.311889016762744387e+00
2.339400932495478980e+00
2.377550917154368282e+00
2.387855055709198648e+00
1.875064879656840988e+00
1.967827518087195138e+00
2.125763629013816658e+00
2.306451022187073541e+00
2.239484111409755673e+00
2.209782942578577991e+00
2.311356416443180795e+00
2.292054523193570059e+00
2.180310914071770245e+00
2.263261333957547361e+00
2.344260520843398421e+00
2.057623682820830524e+00
2.073467530439544682e+00
2.156955271097793947e+00
2.374690303184253892e+00
2.240016549179033589e+00
2.017726918616292053e+00
2.300936277206194980e+00
1.997819095776598664e+00
2.299701295996382289e+00
2.193297102723205771e+00
2.503381339100356762e+00
2.104967741713817286e+00
2.189924153497269987e+00
2.367458744786677283e+00
2.377096243273986165e+00
2.088195549481280278e+00
2.300326520512524731e+00
2.520403678439994799e+00
2.249134464750205176e+00
2.246543153608961507e+00
2.211126233447366918e+00
2.193761599236967452e+00
2.401509327654312465e+00
2.512130364775227775e+00
2.518897580839456030e+00
2.374453376027862994e+00
1.935905677426944083e+00
2.051519957035916608e+00
2.146921030004935727e+00
2.103613074227303148e+00
2.449162171953140010e+00
2.407902150938149077e+00
2.317843157319992464e+00
2.174770194525226685e+00
2.287570719465518376e+00
2.371470293658731077e+00
2.261271820508861108e+00
2.318026345154525103e+00
2.242362560007544303e+00
2.047533086493739329e+00
2.284749387807429866e+00
2.205551018239064298e+00
2.173911549109488472e+00
1.996809463390074812e+00
2.216080423112924969e+00
2.123428750683097110e+00
2.467581537354564425e+00
2.128243849256974851e+00
2.248208529768473518e+00
2.537846730072935486e+00
2.079594367822386491e+00
2.502309052556191293e+00
1.971527309373641401e+00
2.415645348301803885e+00
2.148313077255814996e+00
2.278061897897652344e+00
2.228429574081787656e+00
2.118581608037467312e+00
2.320669089978724120e+00
2.105513543390643783e+00
2.465283753926681420e+00
2.151921173455236591e+00
2.358762174114430010e+00
2.303160584824329948e+00
2.286663431079134501e+00
2.533505540380894594e+00
1.980164194622441753e+00
2.358387131389399816e+00
2.350584170607632473e+00
2.491949857523349632e+00
2.261009983491636177e+00
2.067400772042198742e+00
2.135771933505716369e+00
2.366442243251965838e+00
2.051953611036761771e+00
2.267758619343970938e+00
2.428414398785677886e+00
2.563139123153825860e+00
2.392328760172716784e+00
2.506824758265020936e+00
2.152847775180010359e+00
2.255448222378144241e+00
2.390144565735405013e+00
2.152456942863957501e+00
2.149140943161826911e+00
2.124766714949242630e+00
2.184647832458354255e+00
2.224591843778275901e+00
2.336636667925733768e+00
2.290622048932916321e+00
2.471022445348541652e+00
2.161522490969262744e+00
2.148052173450575530e+00
2.241647047258442438e+00
2.461463762456389759e+00
2.347154008304071837e+00
2.508569919259078240e+00
2.665068011835610484e+00
2.450042682885000378e+00
2.557722657009037892e+00
2.562292084207929310e+00
2.583992859387629348e+00
2.545657103315773107e+00
2.494538773058892822e+00
2.440066168542118330e+00
2.440404840225234295e+00
2.294924664080195242e+00
2.130715056930880369e+00
2.248522910363940142e+00
2.158395776639512320e+00
2.366330933482662324e+00
2.140874273484343782e+00
2.159466960621259979e+00
2.341624307066918043e+00
2.577682131744862382e+00
2.468256990847094823e+00
2.587169527194837837e+00
2.669404903060013545e+00
2.322944095104099826e+00
2.355529061096316212e+00
2.543338384414142617e+00
2.484395364845820353e+00
2.545324662445469066e+00
2.501944859569887214e+00
2.285429278881704995e+00
2.532838856174947750e+00
2.436752657549764667e+00
2.336152737780357480e+00
2.591455035450091149e+00
2.253879686720563047e+00
2.407059903317351868e+00
2.200994035469874266e+00
2.596060428630595496e+00
2.297169831865650380e+00
2.235507642356048930e+00
2.636369735458733210e+00
2.618031876502277644e+00
2.650214049431897756e+00
2.052022306664023965e+00
2.105289890457644475e+00
2.138062875860540668e+00
2.165122638177030545e+00
2.065973942005229436e+00
2.158849598583875817e+00
2.215334239964589891e+00
2.109452492492126741e+00
2.024604223340193965e+00
1.942131058518337117e+00
2.014207198683361177e+00
2.087772020048693111e+00
2.097555083874703463e+00
1.975153921688708181e+00
2.204458085912802456e+00
2.091462504048639648e+00
1.955318608225483423e+00
2.495601425126842798e+00
2.493144342252619605e+00
2.542541419259101154e+00
2.210403504161529753e+00
2.272364249408888703e+00
2.468732249226638586e+00
2.347147340958873674e+00
2.467758018966019318e+00
2.397436053875432016e+00
2.206627849662068375e+00
2.280374171386373217e+00
2.365880613263314558e+00
2.264323765054591320e+00
2.460595251342627687e+00
2.536550474592393467e+00
2.476586030100398794e+00
2.471478361292660519e+00
2.342038070146710282e+00
2.519075204670222057e+00
2.401522193473946132e+00
2.559854027230856754e+00
2.352550133359174289e+00
2.437457639627882422e+00
2.516075020119017402e+00
2.617560083340344512e+00
2.483492377417920949e+00
2.666720264751328173e+00
2.690720580332049305e+00
2.536312153855192708e+00
2.369901577857310482e+00
2.487916259264657537e+00
2.529835291538205411e+00
2.630601281223238885e+00
2.676343895101374049e+00
2.565781479450186531e+00
2.391301300518188455e+00
2.484778602611439347e+00
2.542131538999292228e+00
2.254535169040592368e+00
2.295653113384022781e+00
2.420785722820897767e+00
2.194190747194380453e+00
2.422477174017820811e+00
2.534807291731838941e+00
2.538671735834244103e+00
2.501847145666262318e+00
2.172573450173193699e+00
2.297970708979995891e+00
2.057267367574708405e+00
2.218587789616191852e+00
2.272852465160152935e+00
2.107266910063565035e+00
2.173655015283168179e+00
2.164743756068625569e+00
2.071644890122463778e+00
2.126158887921645313e+00
2.254597896167591653e+00
2.106094598413480679e+00
2.247932854939729719e+00
2.344435573471161049e+00
2.081819597883832973e+00
2.221764003355350514e+00
2.114493496795571748e+00
2.307723007608819543e+00
2.443062295175078891e+00
2.270400148702746534e+00
2.466262847111143408e+00
2.406355928876943384e+00
2.415853857437377794e+00
2.453534704946453537e+00
2.408480175100436327e+00
2.478685261305892951e+00
2.466484113472878548e+00
2.412237016545905721e+00
2.631436655825889037e+00
2.648255671210518969e+00
2.514506785439909908e+00
2.758279182012814967e+00
2.331328280485556181e+00
2.290910180014255282e+00
2.292152141266489807e+00
2.215647812116953830e+00
2.262476754291201875e+00
2.499508141626137991e+00
2.316745494021275054e+00
2.364665443486551943e+00
