1.670644500042506975e+00
1.514924598335224193e+00
1.489936708677390698e+00
1.528483981524221713e+00
1.476043865726368809e+00
1.573433282799427957e+00
1.672860001958764276e+00
1.667990457832387419e+00
1.637878571425554153e+00
1.533618726176241065e+00
1.639217836622243407e+00
1.553644392811065700e+00
1.555069179585828243e+00
1.581475179699747491e+00
1.647257680319244022e+00
1.689030848730469492e+00
1.590045674395773156e+00
1.740852791177160519e+00
1.508892459039664624e+00
1.540645893360804708e+00
1.634877223951638259e+00
1.704734280844695027e+00
1.708840373661620671e+00
1.672587226418169593e+00
1.694766504140969188e+00
1.770169484988595832e+00
1.558991829125830009e+00
1.750136408203404770e+00
1.507570102705264814e+00
1.793399162086526610e+00
1.719002744506328950e+00
1.586774683787510742e+00
1.540605716310881279e+00
1.675179743610862637e+00
1.597580184143169379e+00
1.656140208890370058e+00
1.622727142780145293e+00
1.442970927572525763e+00
1.461186182857737492e+00
1.594557054093219683e+00
1.769176086006935211e+00
1.627548347372346216e+00
1.652729347539218629e+00
1.686942365068213823e+00
1.673614716333999608e+00
1.707943324605110114e+00
1.630519159512422878e+00
1.594508460694229912e+00
1.768472508087332917e+00
1.554988277976615096e+00
1.589372017935316128e+00
1.454424636411666416e+00
1.534225272044450472e+00
1.423248810380331131e+00
1.391384861971177722e+00
1.685067183429765691e+00
1.534776478761811225e+00
1.651502689759899445e+00
1.396735219223608881e+00
1.359670413217370255e+00
1.424055385077005242e+00
1.428011779411193061e+00
1.418336453787643947e+00
1.419174295764776383e+00
1.399896081840257045e+00
1.471372109667644645e+00
1.542223154584268396e+00
1.467166721757300785e+00
1.393651258570740126e+00
1.525010946936234735e+00
1.475547052482305110e+00
1.583042082430020425e+00
1.571292431219668106e+00
1.327989679471839102e+00
1.426226761422336509e+00
1.660838948680523730e+00
1.444902434207562258e+00
1.692300006950723246e+00
1.586473434888339362e+00
1.460644147172361906e+00
1.290361913815141426e+00
1.276981547622911162e+00
1.667422386225820619e+00
1.524372311193050500e+00
1.535849679854875083e+00
1.512077495743360922e+00
1.766899278541441687e+00
1.844205068137668935e+00
1.520892838558050686e+00
1.240780262622433350e+00
1.473016443785552632e+00
1.432524246758634989e+00
1.387609731437678073e+00
1.401447137383152075e+00
1.485651660644592198e+00
1.697664107599240690e+00
1.688078389126056233e+00
1.534538244843349331e+00
1.713679020316083212e+00
1.501003012504684486e+00
