1.764915721587108521e+00
1.781792616237070082e+00
1.964783913895625789e+00
1.680629596805082393e+00
1.743927413416389127e+00
2.029438162751384223e+00
1.733103440160930209e+00
2.001843784994786546e+00
1.721206527992472868e+00
1.835764820234076833e+00
2.009108661842831101e+00
1.854138279842327153e+00
1.950196724902555578e+00
2.022232725803557951e+00
1.791669776342263321e+00
2.015611155646020336e+00
2.065757342603567803e+00
1.983299761964407271e+00
1.897960405919726146e+00
1.897624029614659147e+00
2.107207121001954064e+00
2.027915437720709591e+00
1.855578701437476941e+00
1.877941468673776981e+00
1.938252152746562817e+00
2.037202097670542056e+00
1.976658226218751535e+00
2.125056668229591494e+00
2.103695725907750891e+00
1.968214421292688643e+00
1.859973655013324345e+00
2.048439058304800664e+00
2.059230022553716122e+00
1.879085342877815590e+00
1.835355769143417026e+00
1.799368258497423101e+00
2.132755631638696414e+00
1.920519174969742560e+00
2.170373612188599033e+00
2.132199100913747980e+00
2.148332905714642749e+00
2.128910507534606200e+00
2.033438586633929734e+00
1.993729603390580030e+00
1.997109538215270375e+00
1.975303316495036210e+00
2.258876401289544145e+00
1.963858927894254647e+00
2.066751307509152813e+00
2.114428636203675715e+00
2.061521187117822063e+00
2.107095162962889123e+00
1.998684642583656412e+00
2.180654390752148952e+00
1.851570568715132925e+00
1.805112823935060451e+00
1.729198477112156906e+00
1.747750526086647493e+00
1.888279735352451194e+00
1.714627557807317126e+00
2.051600525108265849e+00
2.052575807517580397e+00
1.855331912063160837e+00
2.017681106933857826e+00
1.685884124930617789e+00
1.847323269747948027e+00
1.993154341373611249e+00
1.938129489388163762e+00
2.199384592395850824e+00
2.187484532240333124e+00
2.116614588072278202e+00
2.360017436647070976e+00
2.341310178636656580e+00
1.834949184599342864e+00
1.952424415620445775e+00
1.772594123323488535e+00
1.866703831639256350e+00
1.961914793998088102e+00
2.005364457919851073e+00
2.085862138871954485e+00
1.912258053980930628e+00
2.120154620962053649e+00
1.936929788187254031e+00
1.883299143707714673e+00
1.801990432593934433e+00
1.895420431018900675e+00
2.088189378768173121e+00
2.047558966416261672e+00
1.977038870588262887e+00
2.166578423262460085e+00
2.053493639413719318e+00
2.076137767985986038e+00
2.243923136228137771e+00
2.046055480959564576e+00
2.256511015269320630e+00
2.233218641435942509e+00
2.067809633966921190e+00
1.968525739775770278e+00
1.979229096315299641e+00
1.855216262332163302e+00
1.800222331745100490e+00
1.903589351522712025e+00
1.842921197988356408e+00
1.743068318294472840e+00
1.914744958540191222e+00
1.795624065671198144e+00
2.080463382759437874e+00
1.801180103247020936e+00
1.764205739754097557e+00
1.837314435520812417e+00
2.022558948413175184e+00
1.883745069579741527e+00
1.810914360262391387e+00
2.034057577356055191e+00
1.978341504772582748e+00
1.801983044143931956e+00
1.861714750326871837e+00
2.034317284573631035e+00
1.900559533876158946e+00
1.961011991796536291e+00
1.879933718416491484e+00
1.963118740774183690e+00
1.929141056288009581e+00
1.827772916500464362e+00
1.905260696216506400e+00
2.051952427345192564e+00
1.751991975942777557e+00
1.908462106231153088e+00
1.950378945251338481e+00
1.946672691600283001e+00
2.065398680764902295e+00
1.948826546042072616e+00
2.073436134254127428e+00
1.896231502674060820e+00
1.958336146280360124e+00
1.955981876182418588e+00
1.974436660292722578e+00
1.933431768393942152e+00
1.884627849015366952e+00
1.964468331535414336e+00
1.830818545695899191e+00
1.936107067795518999e+00
2.131557734952043592e+00
2.057358376307798942e+00
2.092638177976335445e+00
2.145718136644779950e+00
2.136616921569101102e+00
1.943671587602733508e+00
1.834213656089990430e+00
2.067572928423490719e+00
2.118958579015510768e+00
1.884982482056946296e+00
1.995620942126074215e+00
1.886519411800293922e+00
2.160552184993826508e+00
2.040533558143354131e+00
1.998928197214177693e+00
2.194468343908952068e+00
1.887850784062260701e+00
1.903889964994855966e+00
1.896127485096511078e+00
1.828959688385340288e+00
1.820768722383738325e+00
1.750998695304160746e+00
2.060258994336609195e+00
1.973347551414005530e+00
1.883991177249689786e+00
2.002014922040658007e+00
1.909371882409758525e+00
1.857681036659688312e+00
1.904195890564093663e+00
1.899362433863439170e+00
2.080021541439975419e+00
1.962805387337096086e+00
1.905539193819200339e+00
2.226517179984287331e+00
2.126648158076828388e+00
2.401153010426993362e+00
2.339770366109225286e+00
2.047762535758399061e+00
2.125973384107921582e+00
2.058522398753454663e+00
2.018704130255048135e+00
2.055475469465928740e+00
1.832342707091893841e+00
1.938853802419844286e+00
1.758820994651574710e+00
1.774013290745007687e+00
1.764612676973825511e+00
2.014902011466393805e+00
1.877063120281871500e+00
1.937639644075620504e+00
2.019544000203118195e+00
1.987882137289171292e+00
2.095944913161115419e+00
2.120070896631463864e+00
2.114726837384767855e+00
2.292329844650158766e+00
2.262812839566005874e+00
2.163207852656530150e+00
