1.682224220555618377e+00
1.767183147849322733e+00
1.819772332085564548e+00
1.694252857955793168e+00
1.696905373833273778e+00
1.917051178172776371e+00
1.733918844436028284e+00
1.945350717715590871e+00
1.764886518991440001e+00
1.804883305327723786e+00
1.911328329638817491e+00
1.896992214495849316e+00
1.812076160154442395e+00
1.896312693024317042e+00
1.638568317319947232e+00
1.720722201852418420e+00
1.854450066040762790e+00
1.789659509625169509e+00
1.699963232640118616e+00
1.802759323316895257e+00
1.826021846026722795e+00
1.917781883433318235e+00
1.643087117100212380e+00
1.668382768761369706e+00
1.674431298427401016e+00
1.753132034046487764e+00
1.702019545319051419e+00
1.850714869317181099e+00
1.871972964808765516e+00
1.687213558326527751e+00
1.902053830435409987e+00
1.852770176462634311e+00
1.840159474476779966e+00
1.698504730569134313e+00
1.695841084176081592e+00
1.694126485485479394e+00
1.913794381013931956e+00
1.740080017779120469e+00
1.992677115393415521e+00
1.851995553380437753e+00
1.854484114360736458e+00
1.949215618442771358e+00
1.869165349204733761e+00
1.884805499960817921e+00
1.816637633667264939e+00
1.828522078446428001e+00
1.898535568259889894e+00
1.726335039847360253e+00
1.746328582545254360e+00
1.856284405503979551e+00
1.835043753735289052e+00
1.908901284103268869e+00
1.894021887075276078e+00
2.019835201466681163e+00
1.567804127369478717e+00
1.723951346109165339e+00
1.498027679716391614e+00
1.607523481051911007e+00
1.651982260158565863e+00
1.536956256773980733e+00
1.877567784533159756e+00
1.823039576806082085e+00
1.665005422038899230e+00
1.847716251523784381e+00
1.570620728972346392e+00
1.762970841836431379e+00
1.843459390051935598e+00
1.818326466040795175e+00
1.836542004553102014e+00
1.917667035155400823e+00
1.892810966424951058e+00
2.217654003678742658e+00
1.841051442288321516e+00
1.642921206343495033e+00
1.719285764125608296e+00
1.683745919829686910e+00
1.738095799925069240e+00
1.820393931105791951e+00
1.814577304679067637e+00
1.910427060613429262e+00
1.775019215155537733e+00
1.885259615136647859e+00
1.677070803745057903e+00
1.824163340591943960e+00
1.623668334697064619e+00
1.850305658236670370e+00
1.811915359137092452e+00
1.931089701027358663e+00
1.853663783000705667e+00
1.894039369711779885e+00
1.855733796664112090e+00
1.843759864751056909e+00
1.820715483978761595e+00
1.793122886037206598e+00
1.970087058460079144e+00
2.150806517593312872e+00
1.813767395429846108e+00
1.844837598375665522e+00
1.773726497388341317e+00
1.924676380713818968e+00
1.822862362824984706e+00
1.871512575635287723e+00
1.859692046124989950e+00
1.679624835463117805e+00
1.895264312340705803e+00
1.747823433342488020e+00
1.850447947242852775e+00
1.786619922941623306e+00
1.712885512893363105e+00
2.089665851569621147e+00
1.963381315676483441e+00
1.849685252873336516e+00
1.728164332005174941e+00
1.923397002997364380e+00
1.961624341359455848e+00
1.590539982743121028e+00
1.586587145974398982e+00
1.836099221966825068e+00
1.668169682068959769e+00
1.756241631964443384e+00
1.705825392579529920e+00
1.720765278614965421e+00
1.831303154963637603e+00
1.620542548244214176e+00
1.716428396913030285e+00
1.826340958506766254e+00
1.631516557868450956e+00
1.633644390555838655e+00
1.708631802197560834e+00
1.663486702915742077e+00
1.778145283874274840e+00
1.676717423577422927e+00
1.734639487007964886e+00
1.626773669935827726e+00
1.868301275346408774e+00
1.938950835717166310e+00
1.720379044300280658e+00
1.728208233704751962e+00
1.641383462541555094e+00
1.899079446315601327e+00
1.742298148773407718e+00
1.926146205855494342e+00
1.875044683635308518e+00
1.836417753737152436e+00
1.771310315776879918e+00
1.810227309727572731e+00
1.886349158825460615e+00
1.764707258922423749e+00
1.673824258205882209e+00
1.733495826992158761e+00
1.807375371234518857e+00
1.819386812377366880e+00
1.773289863120548704e+00
1.671145472622803441e+00
1.984364656169400165e+00
1.962466165342783064e+00
1.847598409557387855e+00
2.024077088770157129e+00
1.833023098896580105e+00
1.820971310926617459e+00
1.798682203982145067e+00
1.732037632830471408e+00
1.702917983842895833e+00
1.737158484073606068e+00
1.807833294221062870e+00
1.750707915857431685e+00
1.844256980642022370e+00
1.848340354283353637e+00
1.818346473211435166e+00
1.701511249052545471e+00
1.662606862533161811e+00
1.693918358210945385e+00
1.782802561837111499e+00
1.697614711810842669e+00
1.670373464112903772e+00
1.788473009379969891e+00
1.900219715237701168e+00
2.087930086103678473e+00
2.180396291098325001e+00
1.909448793251119270e+00
1.967144700794089873e+00
1.924641298139620815e+00
1.821731148962290048e+00
1.816985171682445888e+00
1.763102408844316349e+00
1.878123350234082833e+00
1.643388368687388246e+00
1.728243704348275456e+00
1.673412987712838529e+00
1.768512840367238770e+00
1.816997445463718774e+00
1.925767736977293643e+00
1.942477058450868377e+00
1.895270476777679791e+00
1.880744985952257808e+00
1.725766508960141277e+00
1.743533409601481843e+00
2.174293079295956943e+00
1.986903153189359728e+00
1.822629508212107119e+00
