1.715084230494686945e+00
1.844360643620351015e+00
1.932790588421923861e+00
1.687690594205618622e+00
1.765192054913049535e+00
2.011915526323741599e+00
1.856151780765872283e+00
2.013858747743222377e+00
1.739908453806696009e+00
1.848721693213110084e+00
1.976926259224087712e+00
1.964632982156661711e+00
2.010491951816486988e+00
1.987824143565350310e+00
1.969473115427472054e+00
2.003523334599373928e+00
2.121889995280864305e+00
2.074105051095461505e+00
1.928101637631543852e+00
2.026855729590665955e+00
2.189717210603375097e+00
2.187874978615193200e+00
1.933162437808638057e+00
1.988918919116835493e+00
2.038119975173044995e+00
2.071150928628108900e+00
2.019284604469802513e+00
2.161339230810853440e+00
2.213016240259427558e+00
2.032143082387755317e+00
1.836423362553964322e+00
2.103855560491715515e+00
2.006517429472325809e+00
1.914609117767326785e+00
1.914903242484017110e+00
1.895406038992452302e+00
2.156528198521900030e+00
1.902218282373614011e+00
2.367883894294799951e+00
2.239682306151426161e+00
2.250688760097840024e+00
2.252868054995136760e+00
2.198335828894939059e+00
1.997365540279269602e+00
2.026573662477379578e+00
1.958918079770889165e+00
2.286424115928603396e+00
2.002973574574596238e+00
2.117798006618328621e+00
2.204063472581305749e+00
2.090336992793286441e+00
2.198003071851085899e+00
2.178524496728223792e+00
2.286341210198844731e+00
1.755415323579235132e+00
1.773548531999004751e+00
1.735892039623857297e+00
1.706166208472643664e+00
1.615325944521581070e+00
1.622941040655638822e+00
1.952821848614311406e+00
2.023011737899605755e+00
1.914221279254584296e+00
1.961649685209837735e+00
1.723001166725871336e+00
1.852602727569520269e+00
1.906319951534336754e+00
2.041067687023319532e+00
2.195581248932352292e+00
2.275805968979105476e+00
2.228253805769783824e+00
2.353003960256262239e+00
2.254996427979642615e+00
1.799087403946879382e+00
1.798539271507577419e+00
1.852059516356675983e+00
1.824826648201037349e+00
2.022591957170928101e+00
1.908469822935674687e+00
2.059904182476909984e+00
1.878885798971441812e+00
2.086723676035016517e+00
1.848376025156601488e+00
1.875548102527572869e+00
1.822382517320641382e+00
1.838287575221162928e+00
2.079948725557843048e+00
2.034153471679319036e+00
2.025653984639237848e+00
2.123278985015633946e+00
2.150541545285474143e+00
2.174641690413937845e+00
2.340814158332965800e+00
2.194837233230060747e+00
2.284601223418667448e+00
2.218232169063219406e+00
2.145969970365452006e+00
2.039271831112200672e+00
2.143222314789988037e+00
1.817151126004584061e+00
1.800487741667694319e+00
1.803866641194235010e+00
1.856158415481061752e+00
1.739530695055376386e+00
1.928950258875949508e+00
1.919387236174362465e+00
2.085963462984806061e+00
1.949174490421035966e+00
1.719453551159395133e+00
1.864438639663086539e+00
1.996871182894318197e+00
1.902318578731695187e+00
1.817920424905220989e+00
2.004511590501467655e+00
2.071720479021405215e+00
2.086761339939434468e+00
1.849809622056739711e+00
2.076038570812379191e+00
1.958632080953234267e+00
2.103986691893795502e+00
1.967667640560581965e+00
2.059176745588966906e+00
2.052014619661134631e+00
1.982081956389763810e+00
2.023334820764820297e+00
2.068927102584784627e+00
1.937624544648850033e+00
1.974218758805753149e+00
2.111271781829282101e+00
1.996596744650132926e+00
2.171415192077223555e+00
2.052834823837547340e+00
2.159377101807623323e+00
2.027612712258070715e+00
2.053049695660607021e+00
2.047144307499993321e+00
1.986485232524410005e+00
2.025872946733074276e+00
1.892207388933088597e+00
2.192383939028991424e+00
1.900792963786690715e+00
2.076540099021491059e+00
2.216174782064066484e+00
2.131829139100660964e+00
2.159010790964425830e+00
2.223630823742473339e+00
2.277998362036762536e+00
1.858940806877327656e+00
1.818627491700446797e+00
2.158678393549641417e+00
2.216958842371995253e+00
1.880754436507707350e+00
2.235512009556745117e+00
1.983920968744577573e+00
2.239060919698300012e+00
2.234731038853770446e+00
2.117635490303516388e+00
2.254044086260873936e+00
1.880763641698140809e+00
1.876501688440102456e+00
1.865932238872465510e+00
1.875362143067578424e+00
1.820726895066421047e+00
1.802089205342079392e+00
2.143854852639512920e+00
2.143141501301819130e+00
2.030546655245968779e+00
1.963268389355181887e+00
1.950100844412206103e+00
1.923394368745872995e+00
1.933872534047937020e+00
1.986686457381775517e+00
2.254361346060136384e+00
2.046214600023502861e+00
2.188656677134674489e+00
2.349516862722818011e+00
2.197489565257934263e+00
2.347963002576297864e+00
2.300869233184499763e+00
2.247048922315013186e+00
2.265666149158145348e+00
2.094538400691055902e+00
2.072861998550349139e+00
2.113596808426990936e+00
1.808382680366580564e+00
1.838635013264045215e+00
1.850365684889929030e+00
1.804892005598346172e+00
1.762557321439862434e+00
2.123620887256334466e+00
1.816071031252364021e+00
2.015374607433390697e+00
2.139838815635579206e+00
2.093697728964407645e+00
2.191987998522157088e+00
2.147162413264011249e+00
2.173372603186564778e+00
2.257873792853590800e+00
2.251456047008095762e+00
2.198304575490303669e+00
