2.156520347027623963e+00
2.160382571125806894e+00
2.251809866168773766e+00
2.183413023922921248e+00
2.179280167852255978e+00
2.175978481786811969e+00
2.149070644972276956e+00
2.271686829208273917e+00
2.067057295475951850e+00
2.055704193521066259e+00
2.076195165348581728e+00
1.985582995777152249e+00
2.081414274924093366e+00
2.149882756940511008e+00
2.030517644249727027e+00
2.066710605498409237e+00
2.411928334207631419e+00
2.055184903140097941e+00
2.305073449932413698e+00
1.972938894731777193e+00
2.041959033956772807e+00
2.027226306842790038e+00
2.545194626222508916e+00
2.494798016289164533e+00
2.023418366793261480e+00
2.190285552854063678e+00
2.138471169024092955e+00
2.001351112938457799e+00
2.353826553603516558e+00
2.059829185766242965e+00
2.140816017930356363e+00
2.415806997386657162e+00
2.055026908444214762e+00
2.091974642550560759e+00
2.335906705796125138e+00
2.373811870196715024e+00
2.421385134355611868e+00
2.415516740823513864e+00
2.572299630046472885e+00
1.975626814764960271e+00
2.118187823513203227e+00
2.407526940595166920e+00
2.164635793213347092e+00
2.416092056266953669e+00
2.234537358159050413e+00
2.430212517264671579e+00
2.240281594033829649e+00
2.412239469884353227e+00
2.373176643048432233e+00
2.209585324381048821e+00
2.358532189154349368e+00
2.281150822463744898e+00
2.227559145840635857e+00
2.217592236735113076e+00
2.212852896595544738e+00
2.147799314502911283e+00
2.346449750424683511e+00
2.007627476735519778e+00
2.164677168032591137e+00
2.104246979207148982e+00
2.556625307589757146e+00
2.074583375581226186e+00
2.215198908121075227e+00
2.169255573200748799e+00
2.389553879623292243e+00
2.449715186840894621e+00
2.215972238418891127e+00
2.140203139879196748e+00
2.268559723167247189e+00
2.458508670825808373e+00
2.328648134861392993e+00
2.611423896328836314e+00
2.588725148499538609e+00
2.309682632536939728e+00
2.514305675846210786e+00
2.472094178060349368e+00
2.230674666319058197e+00
2.394266343079460846e+00
2.472494585662960986e+00
2.349960896603974003e+00
2.503207495348421130e+00
2.387166646986837559e+00
2.190088787217877364e+00
2.276316144837109423e+00
2.281273795075039246e+00
2.249169411074225522e+00
2.160399522734875344e+00
2.294479970623359844e+00
2.407112962633186193e+00
2.363817124216748944e+00
2.446795843571407669e+00
2.438222207295043464e+00
2.395604018274621438e+00
2.289392071709192233e+00
2.430329101823506033e+00
2.439982526499992144e+00
2.343123239553761561e+00
2.597763378502923270e+00
2.451630812262550752e+00
2.396745177515770653e+00
2.555136233357687914e+00
2.640416748398876745e+00
2.636412583737781201e+00
2.633673195516038401e+00
2.696229801506778934e+00
2.575719553213704938e+00
2.593173211075975981e+00
2.557583874835787974e+00
2.583934299020917535e+00
2.561188628897784980e+00
2.577252978527264649e+00
2.347831593614130519e+00
2.260887012279455544e+00
2.367542537773471789e+00
2.365766200004299602e+00
2.432766445118808019e+00
2.386376145577939312e+00
2.020921827412111682e+00
2.443050369640725972e+00
2.090074290713498151e+00
2.778139868511694033e+00
2.560865553581450627e+00
2.367209674135891007e+00
2.536983818383495848e+00
2.507803092606864848e+00
2.459742981396136230e+00
2.638141127526079988e+00
2.333769508366959844e+00
2.628412039343441808e+00
2.563058869913861670e+00
2.510188772386964473e+00
2.475019571497014681e+00
2.613167042474585422e+00
2.538672091991216462e+00
2.341822509221388238e+00
2.579624435377216862e+00
2.510717491745137142e+00
2.675412760686188385e+00
1.861289694016240004e+00
2.147124407134632929e+00
1.926101407749523986e+00
2.020128655391808969e+00
1.901410051937078238e+00
2.280202920287138113e+00
1.812454566328321581e+00
1.928269533315829731e+00
1.738013996722631349e+00
2.006024519052776789e+00
2.130120331116801324e+00
2.233340031612398136e+00
2.147260642226000993e+00
1.895852028442589488e+00
2.039471272551431458e+00
2.163519956369936104e+00
2.357068657801506095e+00
2.522328070199212569e+00
2.432690772700961013e+00
2.498788932801486506e+00
2.541084746598177180e+00
2.351307570440106964e+00
2.192766680276322599e+00
2.206665346033643171e+00
2.470111901391235154e+00
2.584517201169887368e+00
2.586620526329113989e+00
2.148913312799062947e+00
2.389693410703094045e+00
2.338521590548275686e+00
2.484574499201459119e+00
2.391678742121957413e+00
2.563333454331831796e+00
2.373072373487016939e+00
2.585938202522104934e+00
2.562392808082045725e+00
2.470924874654028880e+00
2.153732929151626951e+00
2.608584196296157121e+00
2.636544301774879973e+00
2.584316336809988179e+00
2.589545220625241839e+00
2.718800870497787958e+00
2.612786297431525906e+00
2.568276643438109019e+00
2.524368130786854181e+00
2.581925410034609847e+00
2.047813200741681161e+00
2.115346827431808574e+00
2.365628784123104733e+00
1.933706530681442270e+00
2.108054557940135076e+00
1.898882206210860790e+00
2.320748790061318179e+00
2.164672154818323424e+00
2.088741482484545386e+00
2.439079971055075013e+00
2.216588943427235670e+00
2.161221709128254620e+00
2.171895648344586593e+00
2.345538844876225326e+00
2.384787170057010020e+00
2.298588012248770518e+00
2.453785188458256883e+00
2.440515485345756019e+00
2.452874466340601689e+00
2.588906879079141632e+00
2.417697426794064519e+00
2.122534578839810671e+00
1.855723628184250629e+00
2.038574343175701742e+00
2.032924725650004039e+00
2.175419679752532698e+00
2.047182688318351484e+00
1.908376369658934424e+00
2.350181669320417388e+00
2.077497360018198069e+00
2.314971584507886870e+00
2.477919198668608214e+00
2.354997464844708066e+00
2.376240840772779528e+00
2.533503835475698907e+00
2.425977853921822636e+00
2.439781518357127421e+00
2.508719851004320045e+00
2.412821016589116851e+00
2.298369363144054933e+00
2.451997448995669959e+00
2.450897732528488415e+00
2.434844089274345702e+00
2.457040117962410175e+00
2.486929035471389771e+00
2.702107415056716366e+00
2.691464346878542191e+00
2.513502347033885975e+00
2.432905172120718884e+00
2.536162733464401686e+00
2.626572593941152611e+00
2.421954274141870922e+00
2.636710451412657807e+00
2.455783889847498180e+00
2.549762729177114551e+00
2.715212640095942653e+00
2.422529591115016423e+00
2.510329157032300973e+00
2.495131919546996091e+00
2.515002879323586349e+00
2.410629259526603452e+00
2.518388295362174123e+00
2.566058127266393818e+00
1.879948368806603876e+00
2.146964698412696659e+00
1.999095429467333096e+00
2.176650375066090159e+00
2.236569376771603945e+00
2.203118352589892748e+00
2.175402649983555037e+00
2.175246343376012526e+00
2.211281375540921523e+00
2.127346984774766359e+00
2.167449241256725223e+00
2.007872150779738796e+00
1.965665277919020459e+00
2.038451263904771160e+00
2.248497361135142203e+00
2.157868908762822890e+00
1.954620312605998445e+00
2.390797242843848647e+00
1.937881340791761886e+00
2.132543780041284087e+00
2.126553189872481653e+00
2.478680949339581829e+00
2.018898237193191392e+00
2.117722245544426229e+00
2.355100254741397503e+00
2.408824455554505306e+00
2.066587752384142274e+00
2.219015553110768479e+00
2.376303474015277306e+00
2.197730215545448118e+00
2.270105979260006013e+00
2.151282834583251535e+00
2.213941345031175789e+00
2.345386544160997566e+00
2.429456305409958272e+00
2.414212487274510988e+00
2.579740800734207085e+00
2.055090889748145244e+00
2.027133770939994140e+00
2.044393490882841391e+00
2.238305014199032605e+00
2.558624442663392173e+00
2.434060913992353914e+00
2.392368042264787498e+00
2.199697784192757410e+00
2.321566815645776494e+00
2.375183045895861600e+00
2.354176440209296395e+00
2.281257553402150418e+00
2.264320021249079495e+00
2.003934463694536205e+00
2.203190612676457327e+00
2.136213736835332888e+00
2.086266927196919863e+00
1.912413600549183190e+00
2.146085008037857733e+00
2.074648450568181257e+00
2.439307997565060226e+00
1.947262534968592584e+00
2.170680944822088954e+00
2.472730199699915143e+00
1.919412930922906213e+00
2.526351915505629986e+00
2.013017746403163333e+00
2.413274490086418034e+00
2.063393779528585270e+00
2.412741118469205581e+00
2.254036090031080075e+00
2.076141555954452489e+00
2.481903386510844189e+00
2.158835794226740656e+00
2.507763814789666590e+00
2.276339635776952086e+00
2.434348745292834071e+00
2.213337695301734964e+00
2.247875735492055327e+00
2.573137934684545769e+00
2.070533714325605956e+00
2.319472273973859355e+00
2.488324656723072792e+00
2.515277605548324580e+00
2.318893538427919232e+00
2.157713516075796090e+00
2.196830585972322947e+00
2.216462651826313301e+00
2.115005239568596096e+00
2.183618420964289708e+00
2.292749434117138829e+00
2.344802247098440873e+00
2.274472543407367375e+00
2.465126374977587798e+00
2.147946551458794762e+00
2.477585463398146448e+00
2.621495295744032283e+00
2.180002525744186404e+00
2.167563092445376594e+00
2.138802878879952019e+00
2.229271861612480699e+00
2.280496127073204704e+00
2.617595226741925796e+00
2.398200566647330501e+00
2.630839522452038004e+00
2.084487664110783456e+00
2.270908651118649146e+00
2.412623873755053605e+00
2.395635871413038576e+00
2.658347180536096754e+00
2.647102723599934482e+00
2.490840128721494295e+00
2.598060254849949846e+00
2.607801798169076868e+00
2.517220623750229702e+00
2.563521379772858655e+00
2.570619369664851828e+00
2.537799468404337233e+00
2.388261051171071792e+00
2.466861748752990469e+00
2.153721927692678673e+00
2.144290775073001587e+00
2.418215003536231755e+00
2.240926960272475288e+00
2.407389752363622293e+00
2.219592410600878640e+00
2.252139291977752311e+00
2.446847129523598952e+00
2.544704238360721682e+00
2.426792612164255569e+00
2.512013196452395736e+00
2.688482514894490194e+00
2.201496888340142899e+00
2.390418243051710689e+00
2.526281814571185169e+00
2.489974062657175580e+00
2.620337797260386292e+00
2.406673517935798756e+00
2.360504726144021515e+00
2.519788864425708041e+00
2.464192758584390130e+00
2.282042540693157928e+00
2.565293381360669311e+00
2.367243296457254509e+00
2.524651194767865370e+00
2.228279853154035539e+00
2.590696065219435074e+00
2.365271583896921381e+00
2.287120528822559340e+00
2.488654192751183380e+00
2.607293704747481566e+00
2.605253409333895487e+00
2.049377818576946897e+00
1.977503961402139465e+00
2.112673828642637197e+00
2.110867357415144419e+00
1.864063333089249097e+00
1.914760564771018414e+00
2.264233151665856703e+00
1.978636568450310884e+00
1.896367877871232732e+00
1.780955374885505371e+00
1.941737547572460532e+00
2.278235480779745803e+00
2.078962551470423747e+00
2.166891278546687616e+00
2.116712765471580493e+00
1.927445061905123325e+00
1.957118794236696102e+00
2.473446077748319816e+00
2.548884631192592565e+00
2.556247206878612843e+00
2.295259917715519737e+00
2.337235355438932682e+00
2.564891149360496225e+00
2.272281266597839355e+00
2.285582983837256776e+00
2.210573833590506965e+00
2.283829865802962544e+00
2.347952260421281689e+00
2.403147525471809320e+00
2.189269575696390913e+00
2.399956442306140580e+00
2.526634938711380229e+00
2.410575431756662113e+00
2.510886132485804279e+00
2.319100592696761165e+00
2.541869395616992211e+00
2.369651711718390619e+00
2.440103961281625544e+00
2.408298252156689134e+00
2.498519371602616612e+00
2.473903247306832753e+00
2.600862499942149242e+00
2.423624789373776345e+00
2.650203767446232650e+00
2.630973457095430401e+00
2.557164836014513387e+00
2.520907965551230312e+00
2.641096854324647136e+00
2.479530238696523892e+00
2.688160066078299160e+00
2.648772500622224246e+00
2.387534382203085226e+00
2.486474989722806228e+00
2.491996716299229142e+00
2.521974281169589105e+00
2.097118048459345019e+00
2.259011703183951170e+00
2.464008845949509752e+00
2.183831279450933582e+00
2.446816518028773313e+00
2.431974002571639648e+00
2.614319416445283206e+00
2.627800807934074445e+00
2.241854204171644493e+00
2.236237841488517120e+00
1.965809405881070671e+00
2.148658221042658134e+00
2.198451747510978826e+00
2.100189238782122381e+00
2.148452908975490239e+00
2.245249672389805884e+00
2.076913456964817772e+00
2.159762323271728235e+00
2.209299965808444011e+00
2.030207106838903819e+00
2.074638204079023662e+00
2.356122738879559364e+00
1.930434803406386735e+00
2.035242168393950557e+00
2.158926299656132919e+00
2.357946695817224381e+00
2.354488159762183397e+00
2.322134231125105863e+00
2.444594970376771315e+00
2.461339124782779830e+00
2.418162907891365787e+00
2.455904060801727073e+00
2.382194743396401915e+00
2.528880673246597599e+00
2.404309557276000486e+00
2.418254106258567848e+00
2.590208501990591827e+00
2.568802446463885669e+00
2.560946061766962600e+00
2.652444161369743814e+00
2.364627208531917546e+00
2.466940410731305988e+00
2.379449152145520330e+00
2.306848111268925194e+00
2.294922311466245368e+00
2.439275964084563597e+00
2.330873620542155411e+00
2.422354139736358380e+00
