1.664084910553378815e+00
1.593135045925163196e+00
1.490892461768318800e+00
1.544630323019015483e+00
1.515939081638399522e+00
1.542074959734946127e+00
1.706124126209012548e+00
1.742232781048063561e+00
1.576136524989963483e+00
1.500540237760821238e+00
1.635118282172348669e+00
1.642277684066492993e+00
1.680460199641026442e+00
1.717566681237111537e+00
1.886130154960980576e+00
1.706544280625003296e+00
1.605686497860659978e+00
1.930866551506098761e+00
1.561863829064830789e+00
1.913906024067132394e+00
1.820332653237074494e+00
1.858619181081260230e+00
1.880595405071399551e+00
1.646814883446185540e+00
1.749125940399000934e+00
1.834385988632666775e+00
1.696148940954882223e+00
1.881544289341340104e+00
1.768988188395261174e+00
1.983089059536585763e+00
1.708152093319132758e+00
1.681788826845459273e+00
1.576708152901232785e+00
1.742894692267543455e+00
1.703121745143369115e+00
1.884437827372539065e+00
1.738990627571832759e+00
1.561131989885668148e+00
1.451735426434773490e+00
1.565788798542325999e+00
1.852078327440899397e+00
1.688681577480774187e+00
1.722571512442006014e+00
1.716685689554802385e+00
1.718769217933891591e+00
1.889186521944444141e+00
1.752693578875794467e+00
1.752715489397128179e+00
1.844445280162739564e+00
1.791388889013844743e+00
1.670527858600132642e+00
1.547185606896283039e+00
1.709937481336319509e+00
1.548306129113453888e+00
1.507053017265544081e+00
1.678842990288505366e+00
1.715039089799240912e+00
1.699246897447614479e+00
1.672814520836785057e+00
1.668032929287840194e+00
1.644445593950148332e+00
1.574023675722225679e+00
1.629844567626650864e+00
1.671695074796656355e+00
1.668422664760164542e+00
1.844938371675937550e+00
1.734882166092513112e+00
1.614800392744903057e+00
1.720096824189551787e+00
1.929481619360607247e+00
1.886096410180899685e+00
1.891156337568470569e+00
1.856844419711905614e+00
1.458144848514607572e+00
1.599137763798275769e+00
1.906578568773915849e+00
1.810932793863548884e+00
1.932404281162885651e+00
1.708472044778844179e+00
1.780011431339087125e+00
1.599007558667415729e+00
1.808052503945125622e+00
1.703021140130792865e+00
1.675160601551508144e+00
1.731206947594406520e+00
1.882124835351059344e+00
1.861292530006236401e+00
1.964023723921792808e+00
1.904759943140305278e+00
1.425210933436861005e+00
1.614920266624917611e+00
1.507354518055019854e+00
1.430772230357613584e+00
1.652762575474214346e+00
1.703407809251218374e+00
1.754320921568028657e+00
1.875683848558543199e+00
1.791735750358835588e+00
1.864090657486220604e+00
1.809979488149853211e+00
