1.708612707638081707e+00
1.566073282605838779e+00
1.440718257856843598e+00
1.547283410184680852e+00
1.454034307214444155e+00
1.511808569313840112e+00
1.652560096902669029e+00
1.707750121977332780e+00
1.528884146453610260e+00
1.489832230676713998e+00
1.705488205849168271e+00
1.698200526729930271e+00
1.738209896658621467e+00
1.770662979829510375e+00
1.940028481394571624e+00
1.723367907736097493e+00
1.692365465489986454e+00
1.903676873364492872e+00
1.641202667012118921e+00
1.837594023847754832e+00
1.889589808954770911e+00
1.895721808394872143e+00
1.918996882388993130e+00
1.732525732362590665e+00
1.743289349647014319e+00
1.857155050691786435e+00
1.742796656830819968e+00
1.957911270724472352e+00
1.791606847701519456e+00
2.026297311603508788e+00
1.693078575129316032e+00
1.675290357556617593e+00
1.575614996728774919e+00
1.811613165283330718e+00
1.726549674037296755e+00
1.804419090817370952e+00
1.783250205737366034e+00
1.486595856287162398e+00
1.433825126579090226e+00
1.503176078003264360e+00
1.815742288885716427e+00
1.681349811812671513e+00
1.738884312038973645e+00
1.668866285495354873e+00
1.690442921425544309e+00
1.892673627431751937e+00
1.940843097456176558e+00
1.787311722670980707e+00
1.752450070298212204e+00
1.665854170594756267e+00
1.779064328255704153e+00
1.615305269442188330e+00
1.753504904708788725e+00
1.591587502145960675e+00
1.563060920514122154e+00
1.721738916709944167e+00
1.789274232821520760e+00
1.754866370903346517e+00
1.557615906705549280e+00
1.658158051997803417e+00
1.655108934317977454e+00
1.639596611576465524e+00
1.765189050151938499e+00
1.717448192202227109e+00
1.700134146058443818e+00
1.895671663861269396e+00
1.729832344802592958e+00
1.610953955361470236e+00
1.667459839942511124e+00
1.843103117127348423e+00
1.899829056113251813e+00
1.946394272010381510e+00
1.904535653199599610e+00
1.467017679345588688e+00
1.583789129270052776e+00
1.941836437207450805e+00
1.817499416055491146e+00
2.063174706086377874e+00
1.669275879011535180e+00
1.763393801139362838e+00
1.655847041470621894e+00
1.761709855124008017e+00
1.699424896681101860e+00
1.694293117210821542e+00
1.728536076093130092e+00
1.941067984168347138e+00
1.875613698179042776e+00
1.937887046959201554e+00
1.884723607661704436e+00
1.621159725784293348e+00
1.638143493558859687e+00
1.524967528240334103e+00
1.458375695850897769e+00
1.702749831282810655e+00
1.712485100178013919e+00
1.698163812680552942e+00
1.856550849517185631e+00
1.844684113422974336e+00
1.873732284376465662e+00
1.805142328015847397e+00
