1.816130601099161801e+00
1.781357270795629555e+00
1.916476614248468380e+00
1.700993813622308171e+00
1.691167637032974902e+00
2.016768699062446046e+00
1.760644710429720927e+00
1.976340580113856493e+00
1.711111639619961267e+00
1.783063761748360010e+00
1.899613414193475958e+00
1.833275773938612296e+00
1.960075860802902303e+00
1.967199379850710805e+00
1.692006257644575573e+00
1.892705980319174142e+00
1.994992342729485335e+00
1.998528958588229987e+00
1.683807651247246850e+00
1.951709632461729571e+00
2.168364198379245433e+00
2.146904324486392124e+00
1.800692192399770297e+00
1.844617091637914985e+00
1.967270222971051474e+00
2.041473333268513990e+00
1.921045120837062470e+00
2.131797914572981956e+00
2.174910606040121763e+00
2.001117249093694817e+00
1.754168848765665922e+00
2.078348268096640528e+00
1.939567431686043175e+00
1.836033400932189918e+00
1.743940318773632869e+00
1.911682378421527995e+00
2.121567494760460360e+00
2.055038674479611860e+00
2.374750723636434913e+00
2.196504746999967228e+00
2.124244488864302838e+00
2.177897015826569138e+00
2.072588365496417229e+00
1.956390486026033271e+00
1.831532570826049033e+00
2.028452605778328532e+00
2.319897633313325436e+00
1.990929840200622136e+00
2.084188868623745527e+00
2.149973708770599679e+00
2.072583838504080678e+00
2.243438478607871822e+00
2.139489299697062474e+00
2.230286528824392267e+00
1.651501081103797564e+00
1.722712261402333356e+00
1.517433449910573273e+00
1.647523712557008579e+00
1.634393885647187794e+00
1.684385218741630830e+00
1.984023066169231742e+00
1.891230916071422241e+00
1.858321067048407604e+00
1.889356621874690889e+00
1.714033306665329492e+00
1.854873392448619818e+00
1.998884950412741945e+00
2.097776110905743785e+00
2.262188547727279175e+00
2.104836920794430632e+00
2.188135777153759509e+00
2.321617833624372906e+00
2.195641807748645480e+00
1.737697677107867600e+00
1.788730739093095323e+00
1.674223675017546098e+00
1.743991212485796360e+00
1.892916813834279122e+00
1.880804401892994138e+00
1.932282250805814172e+00
1.862663115358639709e+00
2.046039569402352765e+00
2.028753727963963360e+00
1.835450813210693033e+00
1.739237362414286725e+00
1.916305523233454267e+00
2.066956193842561351e+00
2.136488118116845136e+00
2.091544228686524232e+00
2.190168525158099122e+00
2.118727591887806572e+00
2.176873811926603786e+00
2.220774460504597148e+00
2.145594745016515592e+00
2.254505572794889723e+00
2.272261879972024001e+00
2.142515793862166174e+00
2.037565699334290326e+00
2.068095418965521848e+00
1.758859080823783838e+00
1.764226378371294590e+00
1.875044375196613933e+00
1.833505959567654608e+00
1.731951623835406906e+00
1.895802219847622760e+00
1.734316266144956042e+00
2.052062190981152057e+00
1.756495906060500101e+00
1.740884812176874741e+00
1.882269768195059534e+00
1.919980352827051817e+00
1.890379245304565803e+00
1.754602994796284676e+00
1.998172017119387966e+00
2.099473426471678561e+00
1.850707090808253463e+00
1.804605143717361582e+00
2.106550224197263788e+00
1.847720737467917207e+00
1.980293782581604489e+00
1.818105991216140360e+00
1.931001390926240457e+00
2.040047555070237717e+00
1.884412926526763954e+00
2.017217209416021895e+00
2.113661027506354539e+00
1.849500882738101648e+00
1.991637050510259854e+00
2.079529363581752222e+00
1.966392127376171972e+00
2.100580370219107706e+00
1.970573197683287425e+00
2.098206044765829947e+00
1.875398109677827385e+00
1.913500611891837178e+00
2.062096616642826952e+00
1.877207782999939401e+00
1.977544750903125648e+00
1.852891951317160890e+00
2.177599488862185684e+00
1.899817796548381565e+00
2.216500429702553454e+00
2.354060996968372788e+00
2.229538737249097125e+00
2.153764250998883245e+00
2.154860402976523037e+00
2.193135507918805960e+00
1.888168111671776561e+00
1.882817216818267081e+00
1.921823327367961243e+00
2.154089043107040524e+00
2.005348650068584426e+00
2.158771998752857524e+00
1.967221761732310670e+00
2.219229755028322870e+00
2.198063483606842006e+00
2.100891708842515193e+00
2.252175340122105407e+00
1.846309632553815749e+00
1.987372873172787546e+00
1.932191017822508128e+00
1.729357034720873987e+00
1.744242948168206242e+00
1.649974169589784934e+00
2.096802224960724104e+00
2.037769464594841651e+00
2.013078427753094868e+00
1.986264716302816202e+00
2.024706787484300108e+00
1.898803730081726426e+00
2.004600745930994687e+00
2.020211920225301938e+00
2.288924054673237229e+00
2.077627591384850980e+00
2.086299950161757621e+00
2.303043584402852506e+00
2.131092910510246075e+00
2.251019219785509229e+00
2.238796745136342192e+00
2.149192896520301765e+00
2.285341100284479232e+00
1.991692559617860070e+00
1.959930850539364000e+00
1.998125490806124560e+00
1.820432446813493366e+00
1.876732468380837959e+00
1.771116023328655364e+00
1.764001652552740662e+00
1.729864834648154437e+00
2.086035465296575353e+00
1.823363330446785335e+00
1.946075023698126572e+00
2.095102673811123140e+00
2.127242405539422343e+00
2.260589770359842987e+00
2.090702987524923895e+00
2.152807367059050403e+00
2.189280301960897290e+00
2.242672280058614742e+00
2.167050425071774367e+00
