2.066004596452048148e+00
2.103119031764716151e+00
2.088131170043401319e+00
2.072621344046356118e+00
2.116984025173666684e+00
2.078699785984182036e+00
1.988344877742451944e+00
2.421892075412771739e+00
2.016277517790948437e+00
1.976435816198201634e+00
2.020510450298190985e+00
1.970978460984821101e+00
2.065223803212840714e+00
2.243076595709873278e+00
2.140975235015628364e+00
2.007975816955980264e+00
2.281272844663540855e+00
2.028945818457011274e+00
2.471733829190320808e+00
1.984478776702119251e+00
2.085761104169457703e+00
2.180258097411761575e+00
2.533884001217703741e+00
2.562858531385856953e+00
2.111051966052880591e+00
2.367250263285371581e+00
2.203067609543932548e+00
2.117338159134026121e+00
2.469290127201910767e+00
2.180588178653028564e+00
2.309360678115068399e+00
2.493262848422952427e+00
2.182343818491649046e+00
2.216214633502520126e+00
2.307784449530896342e+00
2.380719760599497192e+00
2.403124473093723790e+00
2.420184517909674593e+00
2.456086899913739963e+00
1.892949789888842549e+00
1.861990512482392335e+00
2.363433165810767456e+00
2.034397145697230957e+00
2.410700607142015617e+00
1.985539846507369477e+00
2.396611547541337206e+00
2.254865167325332820e+00
2.342737835690982262e+00
2.262104669332493323e+00
2.112884746795506086e+00
2.341634916301850833e+00
2.330387225849690935e+00
2.220472207224549077e+00
2.126416250177168621e+00
2.145166983880727685e+00
2.152535712930136569e+00
2.227766480512530123e+00
1.969815099222327559e+00
2.124870827325648470e+00
2.103026243396467265e+00
2.502542985504153883e+00
1.979155456785466560e+00
2.073535121130855252e+00
2.083762344128226474e+00
2.220488594263004156e+00
2.359362596203976370e+00
2.165645797384320836e+00
2.032828061467983449e+00
2.043293780949111849e+00
2.295308879279226666e+00
2.203997816425935063e+00
2.337278982686701312e+00
2.416985847663230214e+00
2.197973037812039898e+00
2.268443735479123369e+00
2.191687035176389298e+00
2.116590158994407389e+00
2.265963480804947139e+00
2.359631933538014259e+00
2.256247052848129542e+00
2.325621174616429698e+00
2.307064596171023219e+00
2.072528417713230375e+00
2.293391188383892221e+00
2.314308174791970707e+00
2.220534489339455853e+00
2.117604215784548494e+00
2.337688103202329337e+00
2.628619533926710883e+00
2.498571198535996185e+00
2.366660634482287140e+00
2.262018443807042978e+00
2.149896009079009573e+00
2.115805210341634712e+00
2.133817288466006268e+00
2.308971427199045579e+00
2.290725470474976877e+00
2.547560259512279490e+00
2.174023952138069316e+00
2.181851585004434657e+00
2.255603841881761440e+00
2.374366283957110468e+00
2.440657222571664509e+00
2.478746678252421898e+00
2.409409129932796656e+00
2.399387744774131637e+00
2.435711959513970903e+00
2.265040959990581193e+00
2.361226037926953847e+00
2.431085550450338140e+00
2.456305893392615403e+00
2.310941692402033176e+00
2.321199219743596665e+00
2.277523287999335455e+00
2.290920751938432698e+00
2.338160735371553223e+00
2.299718312808189058e+00
1.882977282261081964e+00
2.463372198811762726e+00
2.127009371430463425e+00
2.730615122063822842e+00
2.469200670925789431e+00
2.268625908518657308e+00
2.389876682450275514e+00
2.355187502195536187e+00
2.355261646199910519e+00
2.588008436762517572e+00
2.248268991037108755e+00
2.482201201336835972e+00
2.509454778402450792e+00
2.232518095865736019e+00
2.315040575307302895e+00
2.515274292817907931e+00
2.198335707406755990e+00
2.079502546404393915e+00
2.458870177021075687e+00
2.262860866117095249e+00
2.484983984229939047e+00
2.044349696216014589e+00
2.048517470879133828e+00
1.932627618458041985e+00
1.952118088491538339e+00
2.047370305758937636e+00
2.129022238729509020e+00
1.999791842001806152e+00
1.944797543936804596e+00
1.807506391943948465e+00
2.019740005627187696e+00
2.074076313500281099e+00
2.155757877023005697e+00
2.067492084344022096e+00
1.774441443354856096e+00
1.928297454847825110e+00
2.032138112267883656e+00
2.346937826232687652e+00
2.362001773423239914e+00
2.395453790469816102e+00
2.241435984500932843e+00
2.373296824879745692e+00
2.324821242796387910e+00
2.129044792517797990e+00
2.199587533876814938e+00
2.655612519880576006e+00
2.525386190263264830e+00
2.460520443331175588e+00
1.995463208642467512e+00
2.333935181508771439e+00
2.242557823095780112e+00
2.319233462384336253e+00
2.268117420672951745e+00
2.583170655646040537e+00
2.272558283753133956e+00
2.497457955819511799e+00
2.478230141284010646e+00
2.228171300817820555e+00
2.275110415187237667e+00
2.566885348555745239e+00
2.532754970903045688e+00
2.362240415231304791e+00
2.548052202318011883e+00
2.653746566507370730e+00
2.586766219796348576e+00
2.227704185343018839e+00
2.314993018527638835e+00
2.387995034456717125e+00
2.031531785430698456e+00
2.349284875036719011e+00
2.343897299954790014e+00
1.956971966017204689e+00
2.255321754085488184e+00
1.900986589181911546e+00
2.447242048009405035e+00
2.257915770777835451e+00
1.999371887180783292e+00
2.341881268043282116e+00
2.057708245979918971e+00
2.248248302204211235e+00
2.146901162412175879e+00
2.359454093580206191e+00
2.277868830471564188e+00
2.308813356303470510e+00
2.457011453602396589e+00
2.345477313298713007e+00
2.338906468006947126e+00
2.459685118025148221e+00
2.436838196507803644e+00
2.190905778635564349e+00
1.802041000130648163e+00
2.116755191817398352e+00
1.890691357668647266e+00
2.017919955120235809e+00
2.074816985471289232e+00
2.082920407435206567e+00
2.130190091870531433e+00
2.152587408835945126e+00
2.267078437907539268e+00
2.248126824961843351e+00
2.087459389871210380e+00
2.181522678667584092e+00
2.497937797572321816e+00
2.389403439616274660e+00
2.222579468558699034e+00
2.486464396446653513e+00
2.198805464097310036e+00
2.157058872649527892e+00
2.223311656727809726e+00
2.171422002145948049e+00
2.266479665951169675e+00
2.334832357616471121e+00
2.249229961486896023e+00
2.553864323504984934e+00
2.517515411055221808e+00
2.446470052988704680e+00
2.337950008214734421e+00
2.382382048346451953e+00
2.534786507523517418e+00
2.489644338391209022e+00
2.640771530147897561e+00
2.472192773182876113e+00
2.394874397491904450e+00
2.763805260547013365e+00
2.483318192032991423e+00
2.388856969686444121e+00
2.242755385458840234e+00
2.257236861643385328e+00
2.297333258228076325e+00
2.395813334264541794e+00
2.324571515114538300e+00
1.814882353156531236e+00
2.192942303952310823e+00
1.921469124948285589e+00
2.167313544708798112e+00
2.053693164196777055e+00
2.227064756350217500e+00
2.102729255923513563e+00
2.128534293363844920e+00
2.094721704455031475e+00
2.047558010898908432e+00
2.251245679047315207e+00
2.039320419679885532e+00
2.056832375642109412e+00
2.164158100478128510e+00
2.289405173019783746e+00
2.145833650624090261e+00
2.005540407827643978e+00
2.177319622900841356e+00
2.004596698785469755e+00
2.208844491999695236e+00
2.135039605242788685e+00
2.683261381940458712e+00
2.114293251101984072e+00
2.192106276376846186e+00
2.375251464727314410e+00
2.420302968620632988e+00
2.145708656804409475e+00
2.244357566513281554e+00
2.471111599935762904e+00
2.194003117287502302e+00
2.310972196353511254e+00
2.296037775646805112e+00
2.316088973133199946e+00
2.425176533236426124e+00
2.453881825665190863e+00
2.496450991897692706e+00
2.483754382554152595e+00
2.058713144167296338e+00
2.009104424463230565e+00
2.010234953275510161e+00
2.178900439261210575e+00
2.599037704522489278e+00
2.414766924652360203e+00
2.387195797603215652e+00
2.183980857611325987e+00
2.216181635782182635e+00
2.300732860290009896e+00
2.358872694697982109e+00
2.253190544794974048e+00
2.194116389815036872e+00
2.086033370552671684e+00
2.188429176903020412e+00
2.198358749923606137e+00
2.146440669991868777e+00
1.949672313185073502e+00
2.187147657810870172e+00
2.086882846340223807e+00
2.269237528623092803e+00
2.090634932182533490e+00
2.135081259758727867e+00
2.338925928024209622e+00
2.064912236184818450e+00
2.428193475213413333e+00
2.006515455654659164e+00
2.235136571779641201e+00
2.177046415226989939e+00
2.315612583249792245e+00
2.245737003592587655e+00
2.059685653049394105e+00
2.406527006470889685e+00
2.011466043022762662e+00
2.309510292795939002e+00
2.202118645796298235e+00
2.234404486094260900e+00
2.201023715928022373e+00
2.254936180212681496e+00
2.399707006311146973e+00
2.008840687542981840e+00
2.163684752406249689e+00
2.311236844988912686e+00
2.397659018404381115e+00
2.255728031296666547e+00
2.190354546242917699e+00
2.154021187187149078e+00
2.110510749228342142e+00
2.004797952409940631e+00
2.188518319796374012e+00
2.382294783230171298e+00
2.350115595554883363e+00
2.367028525175060238e+00
2.477321499648717840e+00
2.145598842236761339e+00
2.353743879778990244e+00
2.385241221678738643e+00
2.128499694070435933e+00
2.102872957399207099e+00
2.219814614678640385e+00
2.204019846752145906e+00
2.160314106448617988e+00
2.299205273767758406e+00
2.243504332858427208e+00
2.429259411948993641e+00
2.186713024271380146e+00
2.243226329307947964e+00
2.285019783868312615e+00
2.403764594876123262e+00
2.404235861697663790e+00
2.433553983024568268e+00
2.492759893808230487e+00
2.448991540202157591e+00
2.445146426328596689e+00
2.415674463655862247e+00
2.426830332606467522e+00
2.394513377653889830e+00
2.349480047652193981e+00
2.342635319273270955e+00
2.377645089662329791e+00
2.210250981336328913e+00
2.138926953192706648e+00
2.356025144944524197e+00
2.187709232652672586e+00
2.255265651212160272e+00
2.193311196132115448e+00
2.358351571045873563e+00
2.349365768562428070e+00
2.404376410594069036e+00
2.243976341173274935e+00
2.400746648455729826e+00
2.688204200902747143e+00
2.175212555032384198e+00
2.155463044413031604e+00
2.436214043165872756e+00
2.380159327898188071e+00
2.453065978520675650e+00
2.356297995199013950e+00
2.177403851394338119e+00
2.625008748597467356e+00
2.386655174810238922e+00
2.274579794898509366e+00
2.560603335754902954e+00
2.201173188488445565e+00
2.264247024628836424e+00
2.205228402943544719e+00
2.469929690717053372e+00
2.189194118514726561e+00
2.094254894280965118e+00
2.416973804161550277e+00
2.419380972527497065e+00
2.556035924268640791e+00
1.790415632495831133e+00
1.936675720297476921e+00
1.794734859133648275e+00
2.043371639978089682e+00
1.808008764995061357e+00
2.045053854927540993e+00
1.990230944012804315e+00
2.063329986292267826e+00
1.935147841264177382e+00
1.796367828823053792e+00
1.918150803542110872e+00
2.032591844563412575e+00
2.048823487768802742e+00
1.859702391190558357e+00
2.073146343989457741e+00
1.780103992293561310e+00
1.986723630754177572e+00
2.265116920178088300e+00
2.385934631651197790e+00
2.398338700607414609e+00
2.249537807750907170e+00
2.229018710799427261e+00
2.466120960297069065e+00
2.232504129612479016e+00
2.344812234464104250e+00
2.260675675940517770e+00
1.956404519382036744e+00
2.095688898458068827e+00
2.029583209247145525e+00
2.143073732125576836e+00
2.199475269445745340e+00
2.299522904612345098e+00
2.206441332359484253e+00
2.382772683358000965e+00
2.185486320883240019e+00
2.485017717316088337e+00
2.333042920210697702e+00
2.478987726190305718e+00
2.017729806964574379e+00
2.343398240005770461e+00
2.434145136417525279e+00
2.519053413411702191e+00
2.291657787079090181e+00
2.542724145600022467e+00
2.567442459097931007e+00
2.455596619660159075e+00
2.453714445980917258e+00
2.540323766418613349e+00
2.469071853461635158e+00
2.813245616526698356e+00
2.607484344068594861e+00
2.489544262233776006e+00
2.394438000479301998e+00
2.389367586045919367e+00
2.478013245900766659e+00
2.172696295612814854e+00
2.339068261437052598e+00
2.294472372119726877e+00
2.194904393675715326e+00
2.415927072105576112e+00
2.386746914469694225e+00
2.477731558945310386e+00
2.518494559099715868e+00
2.048886426503063074e+00
2.137038498844238354e+00
2.100936328688822741e+00
2.056474342625804308e+00
2.229570986559307855e+00
2.024336144519260028e+00
2.200969175255029331e+00
2.135900482263123568e+00
2.128314440511975825e+00
2.200691860092658825e+00
2.088358435295401883e+00
1.823309645248070821e+00
2.111188371107511230e+00
2.165163528440632312e+00
1.914806776873487326e+00
2.010733586317363653e+00
2.033152101718707527e+00
2.094718651896416262e+00
2.296348791749548202e+00
2.148580679941905380e+00
2.461233793466336195e+00
2.178441732835879385e+00
2.315996517077600014e+00
2.130897915185661962e+00
2.122094259775145098e+00
2.386352021236140430e+00
2.463228155433655253e+00
2.308512430573562924e+00
2.497271451955524135e+00
2.646168719220260535e+00
2.594201380851464567e+00
2.760107550569751211e+00
2.388405240390456541e+00
2.344792390608546384e+00
2.404317103854828552e+00
2.193142805137651585e+00
2.232417166535999087e+00
2.366745682690096775e+00
2.475002336342294385e+00
2.259375896642104475e+00
