1.619411882241658995e+00
1.448175093081943476e+00
1.444172324057742651e+00
1.470020615807903441e+00
1.458999085532568740e+00
1.524955051376189585e+00
1.646379684271231714e+00
1.707332389146365870e+00
1.606069803597293788e+00
1.462697622763865501e+00
1.518124498698226521e+00
1.602743744810059878e+00
1.709648716126594081e+00
1.807748608518481737e+00
1.872746109258153213e+00
1.615487435633073732e+00
1.671428422581783924e+00
1.965053157786233129e+00
1.631204636896969484e+00
1.882011062323119877e+00
1.913554170780002783e+00
1.899662030559825077e+00
1.857084086456390448e+00
1.615042185448353429e+00
1.683173343140419442e+00
1.793145186110247868e+00
1.796864748213267138e+00
2.004778986874184543e+00
1.771987086569811298e+00
1.964462387082635209e+00
1.692021800168084456e+00
1.554167555358968889e+00
1.480614147652893342e+00
1.718744556459817385e+00
1.709493708166836434e+00
1.860018457749679444e+00
1.832907737342102550e+00
1.421805885003521785e+00
1.391047525022985898e+00
1.495025227072540153e+00
1.719264168456716035e+00
1.663831925883080487e+00
1.713888946471841201e+00
1.749806643380798166e+00
1.760916471086015456e+00
1.951921501726340935e+00
1.768543046512766059e+00
1.763183747003790769e+00
1.875537697281394856e+00
1.827399744079788890e+00
1.592098042400456048e+00
1.485783925510484993e+00
1.605065198844443319e+00
1.475486784478471591e+00
1.460033323226200386e+00
1.593913078222073620e+00
1.616685614240046975e+00
1.698777192569628669e+00
1.640229044191680474e+00
1.510218170525638337e+00
1.579653799655319490e+00
1.587941375357307061e+00
1.606333142310532480e+00
1.719213077543321866e+00
1.804472563692472775e+00
1.854091732730957620e+00
1.625448951171183376e+00
1.703800202876414316e+00
1.741849523164763713e+00
1.923338479784343580e+00
1.972838393694015702e+00
1.883541239060031236e+00
1.855251999514110794e+00
1.419738043678312245e+00
1.542863896525783263e+00
1.837897764022456304e+00
1.848133577960126672e+00
1.985575581753273866e+00
1.755484206153790749e+00
1.729247119132502064e+00
1.605402583475474376e+00
1.846735587554017455e+00
1.703144949461634416e+00
1.669018039450267610e+00
1.747363184306303774e+00
1.740948181936616379e+00
1.932041410471083687e+00
1.955347146488037424e+00
1.893184868216645667e+00
1.421993216477766220e+00
1.551358078973412047e+00
1.496603605644869495e+00
1.418326929612334197e+00
1.656820955733353751e+00
1.692812017830775062e+00
1.761239262557914298e+00
1.879196017796061158e+00
1.799896343466457882e+00
1.876931105426856705e+00
1.823877955725897060e+00
