1.824487527927322938e+00
1.881241824677307495e+00
1.951704731596801246e+00
1.788523003222146412e+00
1.814883711695375101e+00
2.023536987496829198e+00
1.851098400513608855e+00
2.034025661391666961e+00
1.769504345852317195e+00
1.852803720817602695e+00
1.936621437192851625e+00
1.896966031450703527e+00
1.957302490922831151e+00
1.926527893975697792e+00
1.787381258701342457e+00
2.051044492368409689e+00
2.130245757609222412e+00
2.113024455042496363e+00
1.915351066179604489e+00
1.998848435227366105e+00
2.144083894415685254e+00
2.106811429610354836e+00
1.839697327008050998e+00
1.809983091028461999e+00
2.159884542036643484e+00
2.017208453426016401e+00
1.900477447516298879e+00
2.164729562507808236e+00
2.190758879379150148e+00
1.934967905967141633e+00
1.913038800168548992e+00
1.933293863533449342e+00
2.093351525268221103e+00
1.818367200968035835e+00
1.787379157729301449e+00
1.813937490183281653e+00
2.357433412514597038e+00
1.993281561547921577e+00
2.425259945552593610e+00
2.333919093239981368e+00
2.129346412320243687e+00
2.222277579517646817e+00
2.225826700502943734e+00
2.094545931856352183e+00
1.923918069938923336e+00
2.060176637425165325e+00
2.372176902236083240e+00
2.055032203533691426e+00
2.137394725925841232e+00
2.232105589088987152e+00
2.039910332229315504e+00
2.246741298795686514e+00
2.124474538639932408e+00
2.243232345916686299e+00
1.848016543928350242e+00
1.921036852067911305e+00
1.764790165412940981e+00
1.742272542060672391e+00
1.865713924029134274e+00
1.760179531304631562e+00
2.079270316434895793e+00
1.951501020007786691e+00
1.902655864620897752e+00
2.005525668696758412e+00
1.813238724297843829e+00
1.976764727979277936e+00
2.027929199258976745e+00
2.091942323891717415e+00
2.302420837902582118e+00
2.145409978300254927e+00
2.265142908460682669e+00
2.353583037889601215e+00
2.303605590580684037e+00
1.871566622587237161e+00
1.902376999817694703e+00
1.840507697742363336e+00
1.859106887851839973e+00
1.912865560096545403e+00
1.870852273140704680e+00
2.067094138922775048e+00
1.904456136712350922e+00
2.060211752090669091e+00
2.041722310790768269e+00
1.918451364689549354e+00
1.954820237933978522e+00
1.983838777035443979e+00
2.193758431920075136e+00
2.082750927443671074e+00
2.064941001285716116e+00
2.189343837968618089e+00
2.151553419044955451e+00
2.192967344717092537e+00
2.253424305175733000e+00
2.179631030065007025e+00
2.304577996141616847e+00
2.269175554155021146e+00
2.166960755365250346e+00
2.081080016648178876e+00
2.188676897304639546e+00
1.875403835249278339e+00
1.823048177130038194e+00
1.882196150255322831e+00
1.875351118336494149e+00
1.791883262061825244e+00
1.945657896071161241e+00
1.820109267419368848e+00
1.932150418619156040e+00
1.820315033079042077e+00
1.799786496754106180e+00
1.940751660892937158e+00
2.001939525352248506e+00
1.942878458760837646e+00
1.818814420208229254e+00
2.086174834694816571e+00
2.187405472861444711e+00
1.967962016918731738e+00
1.858558450486557545e+00
2.020446738781708884e+00
1.841283856515389727e+00
2.026004185114183453e+00
1.876430924728107241e+00
1.992526222627356125e+00
2.024457118228697450e+00
1.764791231982982378e+00
2.008407870767348946e+00
2.085200747575095992e+00
1.685992640211822824e+00
1.895971052874559248e+00
2.023618593175049440e+00
1.893823281486013643e+00
2.174091209911115818e+00
2.009962935075823243e+00
2.132923120046759990e+00
1.903227113151000349e+00
1.963238090808806735e+00
1.870242560087543637e+00
1.933982893951702309e+00
2.004126130458184996e+00
1.806340718173031545e+00
2.187295978489228521e+00
1.974074105157961556e+00
2.134609315740942037e+00
2.392658273308938099e+00
2.217809266144477487e+00
2.116909899903444803e+00
2.163044483572270416e+00
2.238030787971789337e+00
1.816741021381445664e+00
1.986670538966238464e+00
2.035849435454034850e+00
2.196317010238039380e+00
1.921180555136380974e+00
2.200944685915881216e+00
1.930330475080789476e+00
2.225545327513820393e+00
2.189823245991878498e+00
2.078753716680332264e+00
2.295113000494783950e+00
1.950580838140938411e+00
1.927069664385321346e+00
1.936452941740993472e+00
1.888779240173978469e+00
1.870647317948653798e+00
1.781878907992475725e+00
2.127467363067858219e+00
2.176388361413885697e+00
2.010193266124528755e+00
1.946524381638976342e+00
2.007428077972894354e+00
1.935141175515483258e+00
1.995473417787799297e+00
2.031144766112316535e+00
2.260563427260597003e+00
1.948204779128142716e+00
1.988574982492284704e+00
2.241390077353721644e+00
2.154614017311571317e+00
2.290838192149138308e+00
2.284790832285670259e+00
2.165884622759647105e+00
2.280458014569160419e+00
2.086272340292241623e+00
1.994136156019736594e+00
2.178768134935675782e+00
1.901743858872923409e+00
1.912256152298809964e+00
1.794203085236017570e+00
1.750048460278524232e+00
1.720461208694039401e+00
2.078622478126690876e+00
1.916433691854704469e+00
2.003233337350665888e+00
2.121983285106211259e+00
2.118684166663805879e+00
2.098017219179844073e+00
2.028551893054466149e+00
2.090329617273328555e+00
2.207137590866288246e+00
2.212006506933418049e+00
2.228067015384471272e+00
