2.114140682453245823e+00
1.977808011282064626e+00
2.202136705071647160e+00
2.132701153504594327e+00
2.168117688202270354e+00
2.167373180222484930e+00
2.099916942820190258e+00
2.331175083299914519e+00
2.130312492495192611e+00
2.055931802948663289e+00
2.048672047384354489e+00
2.031350277011411354e+00
2.017133848441367228e+00
2.285067890103688715e+00
2.170277452508567961e+00
1.964307416262863981e+00
2.360882171247466133e+00
2.013316645901052304e+00
2.350322094190337996e+00
1.974549676134115916e+00
2.063993437712235313e+00
2.001504406245963263e+00
2.472505230602227932e+00
2.434085551971905126e+00
1.963402055308833383e+00
2.206626864929308596e+00
2.113735988049099124e+00
2.025280847813740071e+00
2.394562066004751966e+00
2.028238104293695887e+00
2.107756775338104127e+00
2.390422067564919040e+00
2.081200603077084654e+00
2.154508849031843809e+00
2.326114670555305519e+00
2.451158041527160769e+00
2.334793729110856475e+00
2.380283775181287975e+00
2.356758323070101913e+00
1.838921087483127437e+00
1.867217859754741527e+00
1.943707251381846746e+00
2.054369287231653907e+00
2.426950633845343042e+00
1.900158542489342572e+00
2.495828243232182331e+00
2.227603522830531979e+00
2.391284947721448617e+00
2.016417825081310955e+00
2.327485799171610470e+00
2.319226197794711730e+00
2.450675209167135549e+00
2.225510927606896949e+00
2.225153080673789585e+00
2.222571993315600292e+00
2.284515041389114209e+00
2.400220812866628251e+00
2.125951549680472841e+00
2.287669478184030769e+00
2.151514101294281112e+00
2.558170861760437731e+00
2.110788426726827538e+00
2.277073521082833896e+00
2.091340046465762548e+00
2.597645327629272138e+00
2.515288888239084919e+00
2.284291910682585858e+00
2.135257052930412236e+00
2.336745383059133818e+00
2.550851081350713478e+00
2.476356187785841989e+00
2.499852318750551472e+00
2.567242587384777508e+00
2.298397488338256967e+00
2.526860796406162013e+00
2.460906898687177602e+00
2.388268165835224721e+00
2.405352625516264276e+00
2.557108989042413683e+00
2.395213826772753851e+00
2.556355482172248728e+00
2.332169774410395746e+00
2.321287595727225650e+00
2.438798658921032647e+00
2.364007932857660865e+00
2.288053699080859538e+00
2.122475761572800046e+00
2.332730542008116359e+00
2.565853305004787810e+00
2.430741796243737873e+00
2.292588394692656628e+00
2.197526184428560736e+00
2.216796511503096756e+00
2.149740955356478800e+00
2.130144013720614460e+00
2.515842642290322395e+00
2.279682988822228751e+00
2.442542258845050718e+00
2.220826135942528090e+00
2.257729470965858631e+00
2.377086510288908716e+00
2.681446464194585211e+00
2.746457454330161418e+00
2.804018886514902942e+00
2.656519190404676767e+00
2.581547203413734337e+00
2.636821044857498464e+00
2.546553798144232772e+00
2.577440807072763018e+00
2.583817616152237928e+00
2.602210986665344006e+00
2.262876401090461620e+00
2.247161742392620898e+00
2.218287200905897816e+00
2.267111859678066388e+00
2.355403298436526516e+00
2.321426281453439877e+00
1.793175363540038036e+00
2.575531884878394795e+00
2.302126186815131703e+00
2.732936255686098992e+00
2.570069434269515174e+00
2.391542036545205807e+00
2.556911961974809966e+00
2.475788117968909852e+00
2.526093148469704452e+00
2.615687679380129804e+00
2.397388546054838088e+00
2.544902202294536231e+00
2.454572274782257590e+00
2.468465688652267342e+00
2.448933890822942772e+00
2.590039406872179040e+00
2.607274907951296683e+00
2.367939745291939957e+00
2.608409647099401152e+00
2.634412959177677926e+00
2.632386506396330539e+00
2.067354524382130965e+00
2.166108489407783555e+00
2.072566987714628439e+00
2.062355129358219408e+00
1.991327414074886004e+00
2.216897189900121301e+00
1.841238302317030007e+00
1.963969474822324424e+00
1.678190837502767208e+00
1.864567851756753214e+00
2.065124396771874871e+00
2.113619238011180457e+00
2.136379733375338486e+00
1.681920818581045030e+00
1.720919833298231172e+00
2.058959751622900125e+00
2.318904982313114704e+00
2.406757956439110391e+00
2.418359581259910573e+00
2.237654298556543075e+00
2.495114172847072265e+00
2.221727397854838415e+00
2.089929234915631540e+00
2.238139140540950756e+00
2.502466105733922586e+00
2.584177088671745004e+00
2.618404220678887562e+00
2.146729966380848342e+00
2.273299854679606380e+00
2.400833942138353105e+00
2.387601121184249386e+00
2.339100616466609939e+00
2.536193386182947762e+00
2.393011454695186391e+00
2.562848550732716113e+00
2.623881202838399762e+00
2.439521664145303248e+00
2.336386333249879765e+00
2.464073373339523254e+00
2.522228870863229666e+00
2.750300708735910593e+00
2.633913369233997326e+00
2.714001276054216927e+00
2.603530640509688521e+00
2.417792169835551341e+00
2.520195609769163347e+00
2.507693772465683146e+00
2.097453883186631618e+00
2.335799082529765869e+00
2.452447026667496921e+00
1.889062522852650305e+00
2.209606464066251164e+00
2.018242133511936487e+00
2.308996636958752458e+00
2.203593671522358299e+00
2.042297976398554482e+00
2.358753664927884852e+00
2.077779073614061556e+00
2.271521292670696468e+00
2.167895416168282630e+00
2.397797462486522146e+00
2.322080197381829691e+00
2.213506411070207403e+00
2.566325312803124259e+00
2.293796202541694473e+00
2.384391451560134545e+00
2.505754175187891786e+00
2.385927733640782922e+00
2.156014628731981908e+00
2.050019039377774632e+00
2.152159343956804527e+00
2.178585967651909705e+00
2.181850159182696647e+00
2.187537931866363472e+00
2.210960767205135014e+00
2.333641022971864487e+00
2.259517631342133903e+00
2.388296414497495412e+00
2.461766989562677921e+00
2.203296487225607336e+00
2.263360286132426680e+00
2.572849827650912413e+00
2.442377611447454910e+00
2.197446097491659422e+00
2.529291413394383348e+00
2.306731913599603168e+00
2.421840927764885798e+00
2.470935697541631448e+00
2.468034015574557927e+00
2.416451589807190548e+00
2.354378355378450749e+00
2.490041180233746321e+00
2.682952472026287172e+00
2.647453053873994211e+00
2.495603756182498412e+00
2.509030995453073398e+00
2.605670298933608908e+00
2.636080895031180038e+00
2.430593481362449904e+00
2.587743034098629824e+00
2.533341075229294415e+00
2.365163535984935894e+00
2.800069196433653929e+00
2.253482787255095321e+00
2.507893945753909115e+00
2.476732243396838395e+00
2.473854219488147432e+00
2.374842178861572783e+00
2.550272342309810814e+00
2.538196458914261378e+00
1.776659739663567272e+00
1.907919514810472839e+00
1.972075787737114450e+00
2.274294036437281452e+00
2.313392283234736446e+00
2.325701681046215885e+00
2.492977155114859400e+00
2.227623016583912818e+00
2.279318162287174321e+00
2.238580385060488620e+00
2.312106843935703537e+00
2.303268410415352019e+00
2.211040490532660829e+00
2.227487674961110553e+00
2.336640029456037659e+00
2.242704905083491074e+00
2.127396587750478130e+00
2.572395468517964190e+00
2.177161839723259273e+00
2.208787674672375800e+00
2.183684754333100386e+00
2.647571749909370276e+00
2.161569666951077107e+00
2.182094001758274171e+00
2.388828227648958968e+00
2.452707963633879107e+00
2.206089467570846008e+00
2.303890819171309445e+00
2.463214803262097963e+00
2.235610085998741781e+00
2.412680554345071116e+00
2.326582519187805342e+00
2.191378459575182625e+00
2.432659887455736136e+00
2.441312664182873071e+00
2.382350115775460075e+00
2.487945765711051305e+00
2.062404069451231781e+00
2.073380701316900776e+00
2.127135868335075841e+00
2.228969984856882469e+00
2.549289908534139837e+00
2.421251605248418315e+00
2.297419049204625363e+00
2.422225910166516005e+00
2.145086969048648928e+00
2.294775458526451040e+00
2.213876130695887845e+00
2.299012876926406435e+00
2.217234262101920983e+00
2.112224826179474046e+00
2.179014754281954680e+00
2.230672116809284233e+00
2.242498995789947713e+00
2.138155755585315010e+00
2.251844711203115690e+00
2.245370506248999920e+00
2.364976676407530398e+00
2.226562568338765313e+00
2.121395021241399892e+00
2.414665967827172910e+00
2.352571540066206612e+00
2.442213987429923350e+00
2.128036015226561162e+00
2.240404128018114616e+00
2.474370085846171019e+00
2.373993677945560155e+00
2.471304042039582871e+00
2.212022498278236160e+00
2.557704868699119061e+00
2.134223614506353339e+00
2.364574704400153049e+00
2.252972983978021926e+00
2.205470473774844731e+00
2.222039145571939489e+00
2.321671341621268425e+00
2.428630801306012721e+00
2.115869550756807271e+00
2.312493018868437833e+00
2.349128653442145165e+00
2.520960217894260502e+00
2.216427390560453237e+00
2.267910583583405248e+00
2.201765113852347522e+00
2.371114595398444269e+00
2.093873969883080832e+00
2.188912878408769025e+00
2.326206330216976870e+00
2.394257946052810393e+00
2.321746274029451662e+00
2.426307995762793546e+00
2.275443777325885097e+00
2.395209251105842263e+00
2.444464495497724155e+00
2.305142769259920232e+00
2.286424283881040687e+00
2.311152553750414729e+00
2.291982546605930704e+00
2.270320308539610199e+00
2.505557939030854886e+00
2.363147662194510890e+00
2.564414059759685838e+00
2.298256533201696428e+00
2.342150601720730752e+00
2.412163727106001243e+00
2.429654041598456882e+00
2.485415290019472145e+00
2.665261647154269387e+00
2.498523885894224250e+00
2.662390805343841205e+00
2.530562775513943041e+00
2.568884090613854365e+00
2.523261276919153584e+00
2.451879596203812461e+00
2.466941972865366761e+00
2.399894026962710480e+00
2.518088011313594166e+00
2.234191990491238844e+00
2.057493828036530026e+00
2.535615679016755664e+00
2.150044250304816718e+00
2.429777534408084971e+00
2.327991218270493157e+00
2.381333914070279612e+00
2.480496622491916270e+00
2.581732273331157845e+00
2.420271605845984997e+00
2.590209617078581772e+00
2.570128850574277646e+00
2.272568788582974175e+00
2.373051287107553531e+00
2.531933079816301113e+00
2.447889372493876614e+00
2.544221449566783200e+00
2.419381979417299711e+00
2.410078562087880627e+00
2.597543789198196063e+00
2.505519943051212728e+00
2.242368607277216430e+00
2.554360587996880039e+00
2.238673908294956494e+00
2.283936805022458216e+00
2.124846646760160773e+00
2.496438987072070237e+00
2.197609914222450556e+00
2.147669165888913323e+00
2.559027164156505663e+00
2.528776384952482026e+00
2.551932325206478502e+00
1.568687644539970671e+00
1.709514462699071258e+00
1.958067503830364320e+00
2.045539397555786287e+00
1.631315872452033355e+00
1.957179147791332952e+00
2.199862736006338970e+00
2.166248386779566992e+00
1.825220542270512780e+00
1.799689616860614905e+00
1.981976221076637845e+00
2.105077756542033107e+00
2.091342616600101234e+00
1.976359529830728379e+00
2.047412585338250324e+00
2.177257489728958717e+00
2.002767218222403667e+00
2.490008763640220391e+00
2.460243731707350445e+00
2.382260079385835727e+00
2.396368139086200610e+00
2.223321351789601774e+00
2.481500123911070332e+00
2.206232039598647443e+00
2.448944336155011392e+00
2.278577183490889002e+00
2.090622033763183563e+00
2.274167296215028333e+00
2.288801653718760765e+00
2.195261532760658607e+00
2.392564305727938656e+00
2.465619128087837009e+00
2.415329321364873660e+00
2.351440432206603592e+00
2.459828375062169670e+00
2.405235165391073959e+00
2.406278002357868040e+00
2.600663134669225496e+00
2.399950192874080734e+00
2.414929164179001386e+00
2.575396553802508759e+00
2.543049343373516624e+00
2.451171389489304797e+00
2.610086134018941628e+00
2.622075092121360029e+00
2.540057208734880501e+00
2.299284136363174191e+00
2.385837242048836071e+00
2.299062939160692043e+00
2.601840281144804479e+00
2.592858302292998296e+00
2.466359620486231918e+00
2.499964364954859963e+00
2.562048642854585445e+00
2.543868887750904140e+00
2.183394465272812557e+00
2.279245621409539790e+00
2.348609574569801683e+00
2.209281931773010577e+00
2.383091928468974885e+00
2.459365318705339476e+00
2.459952847699875544e+00
2.403611772733876162e+00
2.110257304807187317e+00
2.254793516153679622e+00
1.962723355078908050e+00
2.108542998110390254e+00
2.297552524061160284e+00
2.064981811305834025e+00
2.248587610761797251e+00
2.124353867700404574e+00
2.189388397392060259e+00
2.143305724829704495e+00
2.199642577998623061e+00
2.104654122390379634e+00
2.113455973606965355e+00
2.215604696260488726e+00
1.970033064727141570e+00
2.343426189133967608e+00
2.257158792916000412e+00
2.325134798575025474e+00
2.556825277202793067e+00
2.446194491816499283e+00
2.533927624040168247e+00
2.358297566157635305e+00
2.464554015634652817e+00
2.384206750801197927e+00
2.339234624407375840e+00
2.534392307554354407e+00
2.462387358433254292e+00
2.368163405230457652e+00
2.650104955673471263e+00
2.574957418828832445e+00
2.511161053465132742e+00
2.520777048285089084e+00
2.222169376118181550e+00
2.209038314742825637e+00
2.436772615669594799e+00
2.229260827786260002e+00
2.010252498900680695e+00
2.260623678934890357e+00
2.442588381372109652e+00
2.261782376088380619e+00
