1.623647368623657217e+00
1.471520147206222484e+00
1.427424813241897406e+00
1.491951730947218557e+00
1.456037252749724065e+00
1.483549428794803449e+00
1.684319124379328514e+00
1.689453532407123371e+00
1.609591217869650093e+00
1.557289103483146198e+00
1.710697607642617912e+00
1.734972700064959517e+00
1.740473518782288398e+00
1.808357285969071526e+00
1.925525417176392917e+00
1.632078255513460752e+00
1.713976684094718594e+00
1.827600190205410424e+00
1.647422068118105321e+00
1.828907832535222155e+00
1.840435290793371870e+00
1.867226059177051978e+00
1.916925293619122339e+00
1.723202415691575728e+00
1.832817989782308254e+00
1.860632991665121416e+00
1.734053889211202293e+00
1.937618013270251405e+00
1.793081648298923580e+00
2.001707370731606872e+00
1.650346435815680302e+00
1.597326189766729909e+00
1.543606799013221620e+00
1.770741256100673677e+00
1.652580684424287849e+00
1.817488565474978390e+00
1.844520397298597736e+00
1.487905569821987406e+00
1.505509926642833562e+00
1.572316348112487105e+00
1.790914152291728012e+00
1.682142667254417523e+00
1.702448323446090539e+00
1.660387230638685985e+00
1.693900648948785781e+00
1.911623027878891490e+00
1.883422233403933665e+00
1.776374133409557743e+00
1.790118349938296438e+00
1.810072745641807979e+00
1.679835857314693648e+00
1.453186829896766952e+00
1.593607479963652596e+00
1.467906793711314606e+00
1.394946585716116738e+00
1.494680928123908847e+00
1.634803852623691878e+00
1.645383975087963080e+00
1.605694962655380920e+00
1.668407487870178452e+00
1.703652764964074251e+00
1.654081959375721445e+00
1.642865858597957862e+00
1.745739199153217847e+00
1.671167647489408825e+00
1.856878833823132346e+00
1.587252494183326146e+00
1.648805032096407386e+00
1.624349577168543224e+00
1.781078069853464507e+00
1.852965194190848042e+00
1.846013483788214282e+00
1.905152453089277165e+00
1.489099815041819985e+00
1.669974884871587406e+00
1.947067617224290004e+00
1.750513173287845392e+00
2.032347396090967706e+00
1.670004692389457812e+00
1.741329453088144241e+00
1.629897636900280666e+00
1.628761775525036093e+00
1.688579710699764203e+00
1.641868297752379968e+00
1.688339515523135992e+00
1.797368633381310810e+00
1.853711350917050638e+00
1.955955384296524047e+00
1.872562688788371732e+00
1.454647028488608163e+00
1.617766819018614077e+00
1.561425525212867704e+00
1.484540815161097926e+00
1.670943085850757459e+00
1.671356386255184345e+00
1.688766220288761888e+00
1.851242826541117381e+00
1.808564130917236890e+00
1.844404863744774303e+00
1.770466933659763376e+00
