2.166505801721178681e+00
2.158422375063481002e+00
2.374807569698161203e+00
2.184800903646551884e+00
2.216231601365056481e+00
2.150206628222096406e+00
2.164426657676730592e+00
2.367690183050795483e+00
2.151671032894398650e+00
2.165113931052681018e+00
2.087882254975975460e+00
2.114729870931159716e+00
2.181628112783560169e+00
2.165796156818847518e+00
2.034651119008993536e+00
2.192884763357920264e+00
2.191937455363760279e+00
1.996021564553412730e+00
2.320600054811706947e+00
2.187112485395878547e+00
2.121884097727209983e+00
2.119763792331904817e+00
2.516740697167160423e+00
2.374856948178369009e+00
2.165047526636809661e+00
2.247539558641084234e+00
2.212530201133333652e+00
2.064941835091234523e+00
2.294336543162851960e+00
2.204204203259425565e+00
2.255674164620427469e+00
2.368406600000928286e+00
2.183642989018303116e+00
2.264462518201641572e+00
2.413005135681235203e+00
2.321710005771501883e+00
2.586652929508065579e+00
2.454313748367713988e+00
2.323042284201926044e+00
1.941925920060937782e+00
2.037195044595360827e+00
2.366711445245765155e+00
2.293206581622759810e+00
2.461638073685424200e+00
2.059164393577596730e+00
2.367981775490970442e+00
2.299410630938730105e+00
2.300859846653058760e+00
2.247433079511565346e+00
2.065070721807370724e+00
2.282328931004618866e+00
2.378066705948367332e+00
2.175318042700887577e+00
2.086813609906576161e+00
2.126407474577291179e+00
2.181248969448545960e+00
2.353074481174961985e+00
2.094273631302731253e+00
2.193763878830477410e+00
2.122832730521329037e+00
2.559553626819370376e+00
1.950863620345391958e+00
2.191787939016806241e+00
2.109676851271421683e+00
2.461727317759401679e+00
2.418400054106017993e+00
2.120916117432215753e+00
2.136488347098906448e+00
2.198641412631227698e+00
2.395811658990385506e+00
2.316866240474482641e+00
2.429487086326160838e+00
2.569803710689710918e+00
2.218456491574144263e+00
2.512648642120863585e+00
2.278525161331560245e+00
2.244679405311768239e+00
2.217220770937654351e+00
2.454388879480807972e+00
2.252984863772010016e+00
2.281589572625755125e+00
2.219814239993060934e+00
2.313355960518134413e+00
2.344070425797319057e+00
2.163226635536945608e+00
2.207266458367083128e+00
2.113374885900981770e+00
2.423518449648710327e+00
2.410548272606777065e+00
2.304394895008847310e+00
2.134322646328707052e+00
2.059975501694414124e+00
2.263332830274450203e+00
2.146884040574159158e+00
2.182467720097172492e+00
2.226498980235577907e+00
2.271909755176306778e+00
2.475710294294889202e+00
2.369539050941019021e+00
2.181874552268956879e+00
2.462468690379742586e+00
2.495080938872408005e+00
2.602636452098203268e+00
2.602139088958490998e+00
2.644004706395527649e+00
2.514527156863479274e+00
2.600277354092384030e+00
2.466883214939092017e+00
2.503125743302243578e+00
2.633819754849074268e+00
2.639606796779645048e+00
2.380947013036399440e+00
2.243347470750820971e+00
2.357984431503536094e+00
2.207271542021453925e+00
2.377572161426550590e+00
2.153746505885740792e+00
2.028460328834896131e+00
2.684711532783031540e+00
2.306397946900456297e+00
2.621224847559413984e+00
2.598471636480160107e+00
2.423078305881435579e+00
2.546611271406618027e+00
2.620604697191788457e+00
2.456529586095332895e+00
2.731835661420769945e+00
2.415722698248025768e+00
2.693406938532798556e+00
2.642016891830296643e+00
2.321593916868824437e+00
2.380685227880054100e+00
2.569125978468090654e+00
2.292075121195012777e+00
2.281281740885159337e+00
2.600914722279380698e+00
2.331447139831915205e+00
2.643696303722754326e+00
2.179356418002909468e+00
2.270049592088360768e+00
2.107728281301106232e+00
2.210138215548740348e+00
1.994596326576059564e+00
2.352722254564707960e+00
2.179953625440306464e+00
2.104925640424567312e+00
1.647506668380478878e+00
2.026356200011720787e+00
2.329072638626913161e+00
2.188077817781339807e+00
2.286514740358236430e+00
1.533141670871015716e+00
1.985457464342658573e+00
2.285579723808015551e+00
2.166732924278504946e+00
2.389106000301765675e+00
2.313646273294731603e+00
2.245988672268038222e+00
2.314036835002624581e+00
2.123289810967304625e+00
2.042091168440895999e+00
2.092830193658127946e+00
2.506900513299743061e+00
2.589795684583314106e+00
2.601233321089089223e+00
2.189476870232542449e+00
2.441015593472616096e+00
2.389780767485923274e+00
2.520587709606858962e+00
2.440856309240889921e+00
2.721265072316423783e+00
2.448257695754929131e+00
2.673124307374215025e+00
2.680858737273757786e+00
2.472994083847015911e+00
2.441472734033936831e+00
2.567185509668339805e+00
2.563779891353816787e+00
2.474709544662390570e+00
2.734253938239163961e+00
2.744247453618453125e+00
2.717332046349350883e+00
2.551148975881369907e+00
2.656368452047001671e+00
2.670098073351282242e+00
2.151266441030731613e+00
2.267671520391813189e+00
2.362228727169964682e+00
2.012975636451824979e+00
2.181713079412213041e+00
2.065881363241228286e+00
2.416178153897226011e+00
2.115061383758365832e+00
2.050689617533601794e+00
2.331128143675542219e+00
2.191218165355123926e+00
2.154680955605486226e+00
2.073732360607093650e+00
2.306850913415473325e+00
2.242720920848094046e+00
2.149214372885865920e+00
2.391860740999002477e+00
2.235898936353408306e+00
2.288796017813069295e+00
2.396499499836992619e+00
2.304806684220924051e+00
2.242202568890223624e+00
2.099488397357570868e+00
2.280243778369924090e+00
2.176770392374229868e+00
2.207051160166300097e+00
2.194452809560916595e+00
2.297273434949509863e+00
2.399628004838981976e+00
2.423798770662434432e+00
2.407335238255440046e+00
2.476201083248560142e+00
2.381920346156138901e+00
2.434091076973219359e+00
2.743361929872818461e+00
2.479503015930769827e+00
2.417549667462376206e+00
2.596559548594852718e+00
2.506850453339454887e+00
2.405054538973135703e+00
2.533524325333252669e+00
2.586568432658805428e+00
2.394709361497765698e+00
2.409398078607550620e+00
2.592817553367888994e+00
2.713945368568404515e+00
2.673710284960185923e+00
2.657720371039231644e+00
2.547251034203670272e+00
2.641069126127185918e+00
2.691471451616436639e+00
2.420313636362382503e+00
2.690318447289611559e+00
2.453778063492391581e+00
2.415462433927899166e+00
2.757179517887717424e+00
2.367852991250294359e+00
2.466956701180923250e+00
2.507579455232927135e+00
2.406297973043869831e+00
2.396521556701342703e+00
2.541811347085646933e+00
2.365776543468038007e+00
1.808521044156846447e+00
2.144845648529391635e+00
1.977322661398408732e+00
2.198703404244990889e+00
2.225818992472352154e+00
2.258917107766073240e+00
2.155795088835885664e+00
2.187309824983221240e+00
2.032832440550881081e+00
2.252740162192120810e+00
2.153744184669111217e+00
2.069241153272118439e+00
2.041425874360282222e+00
2.213567861642437684e+00
2.357404529777188618e+00
2.039436667235509315e+00
2.007407973420257008e+00
2.263904077408818605e+00
1.940311799034198703e+00
2.164114907457871162e+00
2.115691169208363753e+00
2.540426746472890240e+00
2.117392428609002675e+00
2.092982705576075020e+00
2.309088117737681412e+00
2.266231532350173161e+00
2.064150046155299290e+00
2.210719720932990295e+00
2.362556154355570648e+00
2.221523301169175735e+00
2.249669511033935976e+00
2.063577861700551352e+00
2.092168007020831499e+00
2.309710566106938145e+00
2.408646028416048690e+00
2.501187095474525890e+00
2.522756386958166175e+00
2.127868112883258167e+00
2.137439836773084245e+00
2.202586605710421530e+00
2.249060259070012613e+00
2.521828575016729967e+00
2.482452247982397164e+00
2.366680277702057023e+00
2.223202185820316146e+00
2.286647549880414854e+00
2.381306376086759879e+00
2.333484135968930229e+00
2.429138117419622489e+00
2.203910612456286167e+00
2.069126866815845123e+00
2.206081999646571923e+00
2.271119811321629989e+00
2.154335886157894286e+00
2.005740760325000593e+00
2.377061665035345328e+00
2.197327179890123272e+00
2.377102707787545288e+00
2.149931665099290790e+00
2.197594143681854018e+00
2.371012333977021935e+00
2.161105699513488965e+00
2.464381068347318848e+00
2.152689415545403939e+00
2.374613351947815865e+00
2.260476671501981283e+00
2.423621693266448940e+00
2.309058551750137855e+00
2.169145352814437100e+00
2.392086163315256808e+00
2.133792879954764743e+00
2.511233655058241254e+00
2.351156722226798834e+00
2.332752269765476338e+00
2.232367049202997666e+00
2.203889709084670301e+00
2.572514658416176214e+00
2.178792954653738789e+00
2.230791402253595734e+00
2.361549246742216557e+00
2.424887651426980817e+00
2.339701045473495000e+00
2.256390374913824104e+00
2.184573975304009874e+00
2.146876496739723361e+00
2.016419123673996339e+00
2.269607335232484591e+00
2.376914716467906086e+00
2.449674371577283516e+00
2.378890414270852016e+00
2.458847958813831003e+00
2.195791030576520697e+00
2.320456120436019454e+00
2.443249324789450228e+00
2.193558651130339765e+00
2.099901079527287884e+00
2.128122815784600164e+00
2.294344605996154307e+00
2.360813867028818347e+00
2.447009381011815865e+00
2.251028832867557394e+00
2.626308445826758931e+00
2.165029776245453341e+00
2.250896019295524297e+00
2.426704093568762932e+00
2.648303284571531524e+00
2.523963977877851317e+00
2.659785043200055821e+00
2.693640846508634112e+00
2.516099526556900834e+00
2.572367901941602142e+00
2.623013798064908197e+00
2.534438913412301098e+00
2.464597007695974451e+00
2.552912818919078397e+00
2.518422925133313672e+00
2.603391599060951300e+00
2.313587540463364789e+00
2.149978125166941201e+00
2.376441399465560433e+00
2.194260800556660840e+00
2.494547363314120414e+00
2.168278579376145654e+00
2.292793068187150674e+00
2.384829532180845035e+00
2.580834663939215456e+00
2.327290254429339456e+00
2.616897545324934793e+00
2.728883953251036054e+00
2.399955360095350709e+00
2.424245888299202178e+00
2.639502802455072406e+00
2.580252504257957380e+00
2.630697084673587316e+00
2.524295144479953734e+00
2.394319698398199137e+00
2.687952911519011945e+00
2.575547362924968109e+00
2.403431639549039378e+00
2.660335959465799149e+00
2.308250784893433050e+00
2.376015888717027291e+00
2.290983060936440552e+00
2.624538626685489096e+00
2.318442126948708992e+00
2.225754850154100684e+00
2.605577422678341470e+00
2.595976031439521492e+00
2.711706790486796859e+00
2.055503011949065151e+00
2.154677705273247312e+00
2.133220071414874131e+00
2.220430088695094728e+00
2.064913135634320884e+00
2.160091835541318339e+00
2.257388275028395341e+00
1.976422143888177274e+00
2.093107426665786530e+00
1.745920775977968686e+00
1.920528881868951210e+00
2.141334020041797181e+00
2.105125494240363437e+00
2.067582913590638505e+00
2.007673993271059665e+00
1.897169468382858382e+00
2.145040568837363715e+00
2.474824091800093662e+00
2.642615142640184267e+00
2.604179602157612461e+00
2.237800997312332285e+00
2.350974500342641438e+00
2.444599526066374651e+00
2.317426017855667375e+00
2.403992019766070687e+00
2.414230110999550316e+00
2.257841997029123249e+00
2.372151933507341770e+00
2.597502415193837066e+00
2.378873331512711076e+00
2.395972521909190522e+00
2.534402456756132072e+00
2.442981412426842081e+00
2.537362384764211498e+00
2.404811965434827670e+00
2.575336058644561277e+00
2.458514653137560568e+00
2.629545532731985436e+00
2.393026037407269158e+00
2.512503690317972715e+00
2.549553131688927277e+00
2.676082436019656452e+00
2.328438173637335407e+00
2.630271576456514104e+00
2.709063735360217606e+00
2.611846858297644403e+00
2.363814477980544115e+00
2.582879543379610343e+00
2.669786684315633263e+00
2.755409568239433504e+00
2.741386953459920228e+00
2.595241016542874313e+00
2.544672626689338912e+00
2.570770160672963378e+00
2.653085920843028855e+00
2.195331714637602349e+00
2.289619123837142833e+00
2.407531618861852518e+00
2.224671844621056938e+00
2.377618863621044021e+00
2.575441733283126311e+00
2.491049593472123291e+00
2.499430832064449159e+00
2.107226600256001170e+00
2.129098718908768895e+00
2.166982485809635151e+00
2.151445879230168501e+00
2.241075780532836514e+00
2.187721916320540139e+00
2.207373209369880129e+00
2.152308089247747969e+00
2.121782265054794614e+00
2.100220628132345446e+00
2.323928779760862984e+00
2.175840670556318024e+00
2.427716919757717307e+00
2.507229580560232485e+00
2.139057046884155433e+00
2.215085502289158903e+00
2.325387292722479238e+00
2.445543673888278757e+00
2.545150966397888848e+00
2.405892158826459237e+00
2.531779150610741436e+00
2.467099379707823559e+00
2.446386384911883649e+00
2.497705522935648403e+00
2.329129949225547502e+00
2.634943631423061650e+00
2.518261536653997545e+00
2.457659876674771482e+00
2.690110246219038270e+00
2.649509275399212882e+00
2.481337256407980085e+00
2.743543189380885483e+00
2.465634796954101038e+00
2.360114683525436963e+00
2.383708306442899438e+00
2.472010677264796286e+00
2.347615395711312836e+00
2.399709990307150154e+00
2.538954733831432886e+00
2.447078679219170549e+00
