2.161211299960343002e+00
2.162432880468781349e+00
2.305064031627479970e+00
2.220844040677837583e+00
2.211708327390045081e+00
2.128367798734408733e+00
2.203463148958240136e+00
2.367696762765441054e+00
2.025756474330169699e+00
2.088683254861767313e+00
2.056157784211210426e+00
1.965186173162239314e+00
2.074307136310519883e+00
2.252265004900267709e+00
2.044391677057264989e+00
2.027293981927343225e+00
2.198214243450633099e+00
1.982765210859541494e+00
2.365285138802053932e+00
1.931489445309976016e+00
2.053826403750129703e+00
2.111904416639017956e+00
2.525041202798471662e+00
2.406185622836287230e+00
2.047059453889213732e+00
2.322798067796228771e+00
2.136717521423787236e+00
2.017719537338102498e+00
2.403776152719395931e+00
2.045101496874683011e+00
2.156926110128480900e+00
2.335564820183102075e+00
2.072455093724453246e+00
2.048311729527044989e+00
2.324246472147819986e+00
2.399660122169160914e+00
2.299991782612446745e+00
2.396143244279310025e+00
2.519041057064241418e+00
1.898725164292679679e+00
1.966482889745363005e+00
2.286830941066589684e+00
1.994104016604017371e+00
2.355323589029175491e+00
1.962268940304222831e+00
2.328423827980565797e+00
2.119551566684031663e+00
2.305090815812004479e+00
2.207307218419496397e+00
2.111358732586623876e+00
2.195627378015162723e+00
2.173054985147194085e+00
2.176672727560025944e+00
2.126691094338891475e+00
1.965922704321114933e+00
2.049004607699594693e+00
1.978852077293720813e+00
1.870829518164534688e+00
2.106114558192168307e+00
1.993342855220772813e+00
2.126195631055704194e+00
1.924748606623097658e+00
2.045325608093781167e+00
2.150986913271507817e+00
2.224388257510134359e+00
2.340843556116205981e+00
2.164262036476098494e+00
2.034882497689183278e+00
2.146677831251766033e+00
2.225897269684091739e+00
2.196008949109064634e+00
2.399298740165516364e+00
2.390829666173154511e+00
2.190357875270735999e+00
2.278653560294864100e+00
2.220751404482129931e+00
2.250086999909741259e+00
2.129809823378183253e+00
2.602444907157566600e+00
2.359322201574940880e+00
2.292362623105259178e+00
2.405761428338368368e+00
2.060661169496367684e+00
2.145148099628673144e+00
2.077126434651331177e+00
2.260236176186742885e+00
2.121287098792089321e+00
2.368551268830283885e+00
2.456121458550408754e+00
2.376940521856577782e+00
2.396035886309141549e+00
2.394937268235246997e+00
2.201502430961670420e+00
2.131184230149453018e+00
2.217130339547052298e+00
2.398823327513781578e+00
2.185340781393443788e+00
2.631062863383443862e+00
2.163904951818521383e+00
2.237937635063285580e+00
2.203801060074574547e+00
2.387635903712801433e+00
2.677971337438040500e+00
2.656437623344698018e+00
2.649110031169452206e+00
2.354639649513064814e+00
2.525825143365997061e+00
2.314962049105304676e+00
2.371447391907462787e+00
2.313067088078407441e+00
2.183874096967301170e+00
2.203023306468370635e+00
2.357056882415658805e+00
2.184496339501979634e+00
2.186544237463176277e+00
2.257779911082775204e+00
2.296572741077985480e+00
1.807310898485724904e+00
2.459309875325841777e+00
2.187674051137033615e+00
2.627493066815579592e+00
2.459338785448620612e+00
2.261612726607640234e+00
2.380515230111817537e+00
2.389004269788700618e+00
2.322870834459948242e+00
2.517946776236574813e+00
2.381358530951297681e+00
2.514663526287372441e+00
2.545290354544902378e+00
2.319112860191307579e+00
2.318573268317257519e+00
2.460888868130881146e+00
2.413831854419748790e+00
2.210434186958901925e+00
2.412940586990027114e+00
2.492629251755450248e+00
2.505829287739302469e+00
2.040865152460012322e+00
2.176964773584651791e+00
2.035465301159637974e+00
2.011173786445126233e+00
2.013894982435503689e+00
2.194926631179591414e+00
2.005684045387475578e+00
1.885755774797662987e+00
1.967832155899536417e+00
2.069105790396161382e+00
2.012857433783573846e+00
2.174162343414338672e+00
2.028713618726126100e+00
1.876031238333906170e+00
1.983979311884814578e+00
1.934523113386432680e+00
2.314820701888936405e+00
2.255363276628235436e+00
2.316182513147338362e+00
2.289498946110950062e+00
2.368957879924641574e+00
2.209096905246175080e+00
2.110684049302386622e+00
2.156588561752200484e+00
2.523662813924236747e+00
2.394883971143830781e+00
2.534560557865022101e+00
1.973590275621797785e+00
2.289725140315517660e+00
2.250630967206068256e+00
2.138946640781399733e+00
2.171431894049037137e+00
2.502097469745243608e+00
2.171361187182279995e+00
2.374323131585027280e+00
2.345681394802778819e+00
2.291806431778831143e+00
2.256311403519634329e+00
2.604541601967935716e+00
2.599093797569798525e+00
2.502591631113596282e+00
2.594719720843867261e+00
2.678555566394762888e+00
2.595053082123232269e+00
2.423896525930911761e+00
2.469640886047872463e+00
2.506848521021661558e+00
2.087944277400167081e+00
2.251589619065006875e+00
2.233900126321359370e+00
1.826129405608693634e+00
2.184428643140404525e+00
1.905460268645202015e+00
2.263847297245934254e+00
2.123958906639194844e+00
2.007437191964029921e+00
2.305869046875213435e+00
2.099066484260111665e+00
2.135223129276026199e+00
2.085677512968792335e+00
2.363033315669502255e+00
2.296184683603186283e+00
2.149650010345833362e+00
2.397419544554528770e+00
2.263619533468657519e+00
2.261653775114505383e+00
2.462820911861002049e+00
2.321749397677609572e+00
2.211000732211556130e+00
1.861137624418786718e+00
2.082703993715683488e+00
2.039727594144369771e+00
2.097828941414621173e+00
2.230007598823076975e+00
2.035132304587031982e+00
2.230190201225981106e+00
2.029494676234225636e+00
2.257370388597816024e+00
2.397382844214333009e+00
2.187690892066215476e+00
2.240565442860420919e+00
2.529053003670170163e+00
2.453328171877606323e+00
2.317891123660247299e+00
2.517627498135445396e+00
2.326775860694874964e+00
2.340199481772147649e+00
2.378073856106436068e+00
2.442712224716645508e+00
2.247989404489602272e+00
2.244455498498571178e+00
2.389017840369302981e+00
2.519150170660662713e+00
2.268929229067307318e+00
2.427739235903508597e+00
2.354960002816600895e+00
2.563919242988617953e+00
2.578192203470534682e+00
2.322673733963628973e+00
2.594794312048219087e+00
2.288016179904631908e+00
2.417213367302313731e+00
2.680045595031181893e+00
2.322129237379288558e+00
2.418377484962825896e+00
2.393286008244137175e+00
2.366680989935918689e+00
2.322394511376002946e+00
2.462802588567408524e+00
2.508393000837426001e+00
1.839948205319652974e+00
2.021599604052430443e+00
2.052009393754806510e+00
2.197758655739572298e+00
2.207318721971245346e+00
2.182867661892308853e+00
2.210492228580082319e+00
2.188565342485193632e+00
2.071534332678532042e+00
2.194582525196988598e+00
2.222504674424530702e+00
2.063523227559692863e+00
2.048387987560601253e+00
2.082374135616250399e+00
2.372612984954995508e+00
2.165189761162672699e+00
2.067798616187855210e+00
2.370748587461261270e+00
2.019217494484646824e+00
2.249784019341285024e+00
2.130950677998323606e+00
2.526865213901380969e+00
2.116474970001523737e+00
2.110568817206883718e+00
2.307009299708360661e+00
2.461228011165096596e+00
2.098938747896563317e+00
2.301310839220468640e+00
2.428439671175607995e+00
2.211690610484222219e+00
2.244731477672214925e+00
2.226424899436868277e+00
2.202640396934985034e+00
2.344567767046057405e+00
2.396395629218125656e+00
2.423501689167758766e+00
2.503479567367654646e+00
2.022388602850616390e+00
2.089588494710713729e+00
2.157305092483760234e+00
2.209297871493524745e+00
2.497270894625309268e+00
2.316288258128376576e+00
2.307589932199995975e+00
2.187715280110886340e+00
2.218698711909742993e+00
2.270992885811973672e+00
2.305033477986517809e+00
2.256024640238954326e+00
2.135162415990207840e+00
2.065143071216797299e+00
2.144749544270850627e+00
2.093801128803860490e+00
2.119033135150547587e+00
1.897578745671921752e+00
2.055779041472940882e+00
2.106965646271938386e+00
2.298006154089495823e+00
2.005939454895996121e+00
1.935051084704281887e+00
2.153327397592142756e+00
2.036502651062430225e+00
2.457930903934854694e+00
1.889637597601732111e+00
2.186151393081991579e+00
2.024878371398088905e+00
2.225708863202741306e+00
2.238314756093680025e+00
2.091591352843299667e+00
2.333953416055688290e+00
2.055536361541088652e+00
2.243371685468193544e+00
2.156392505833141904e+00
2.466205017872047378e+00
2.340685828590093109e+00
2.054392318630521963e+00
2.404463482857641221e+00
1.936277821225752760e+00
2.333507716252635422e+00
2.250007051434940841e+00
2.423291013541678307e+00
2.186710747468678218e+00
2.018161684693949187e+00
2.117666763822387388e+00
2.071745042564134387e+00
2.109126417690651678e+00
2.217899682567417763e+00
2.450542981868347958e+00
2.529896982992761334e+00
2.393687466425631793e+00
2.500126049493062386e+00
2.108189057069658645e+00
2.299153933398546457e+00
2.494181176564172819e+00
2.114721380303406839e+00
2.040123026365820991e+00
2.105996107759431801e+00
2.351483090159740108e+00
2.239579278912778193e+00
2.589530341863851781e+00
2.329858662887420717e+00
2.669861836214810324e+00
2.138608517007795751e+00
2.252344443442190425e+00
2.286182833071197962e+00
2.549790097126477306e+00
2.452237855291507618e+00
2.606422299482606952e+00
2.600398973208138731e+00
2.575326956047546023e+00
2.213388425827361505e+00
2.481115994477390174e+00
2.347212056524310864e+00
2.336801831333267021e+00
2.355425759105633343e+00
2.272807063733002231e+00
2.314426279829257638e+00
2.128590655275356625e+00
2.080329997475918624e+00
2.235327250146249334e+00
2.109598631982055217e+00
2.371126973393425708e+00
2.147824427913071155e+00
2.304153491708750057e+00
2.327065936649329370e+00
2.181746219936393505e+00
2.302498135326587647e+00
2.378899533994067728e+00
2.607341485994092878e+00
2.132063710890807595e+00
2.226532726022856679e+00
2.367336751643676962e+00
2.364706911778124088e+00
2.478448214186602439e+00
2.347406378177481212e+00
2.387117659738811071e+00
2.591490307705432983e+00
2.329549566007860673e+00
2.323540715243349375e+00
2.493707641199941261e+00
2.247108505930301980e+00
2.372899794738147161e+00
2.194030836079898794e+00
2.464868717410498178e+00
2.379667280039440946e+00
2.224849747458479854e+00
2.509727587164499063e+00
2.471431729791559118e+00
2.497839534661957295e+00
2.066991140536163840e+00
2.109663973123212077e+00
2.005707805868645721e+00
2.134633797311520365e+00
1.994346460412370625e+00
2.099455633940878752e+00
2.144808208798871352e+00
2.160678566314537363e+00
2.070695554116839698e+00
1.965061505690389954e+00
2.076151215966458796e+00
1.981164926693070871e+00
2.225041443772356686e+00
1.965030637605058805e+00
2.170647261095993485e+00
2.076970648861372837e+00
1.831799657619483490e+00
2.252719517372778313e+00
2.384236194109943696e+00
2.433901266419815190e+00
2.384879064669671589e+00
2.308562918667476094e+00
2.405671498759978544e+00
2.430178356599983491e+00
2.451041800339871735e+00
2.214491790058116916e+00
2.078874741828346195e+00
2.259888669619988022e+00
2.300571373373089479e+00
2.141448221092862259e+00
2.357134262050637918e+00
2.434492325760380993e+00
2.286630861475599019e+00
2.312952636075164659e+00
2.311743328104947093e+00
2.486366306526295311e+00
2.408821257765579205e+00
2.499159624823111159e+00
2.331737674566825902e+00
2.351112690585384524e+00
2.509402603787334041e+00
2.503894482442485359e+00
2.407093752526004327e+00
2.423305410186565645e+00
2.504042027175336749e+00
2.429069275376757986e+00
2.434597371910185881e+00
2.592750763847188278e+00
2.564199317887307039e+00
2.708649781976772530e+00
2.610548189090420745e+00
2.489672153945325483e+00
2.355008586156732697e+00
2.396038210243668143e+00
2.483357585953141378e+00
2.124734351610261474e+00
2.343158855155528464e+00
2.391067327380111074e+00
2.179329689218849175e+00
2.373790062862985106e+00
2.361709016272671935e+00
2.427916586887975736e+00
2.495613782546755921e+00
2.005481706822549448e+00
2.215137128940869893e+00
1.921305752207535633e+00
2.074124699985668396e+00
2.279972797089072856e+00
2.059285407130215795e+00
2.099589542769497275e+00
2.071322229952564431e+00
1.982526606487626353e+00
2.167101465047128528e+00
2.090209941781172809e+00
1.922602381757327006e+00
2.126402667620266751e+00
2.197346997936340252e+00
1.993387877395224494e+00
2.133069564748363511e+00
2.059597430258589323e+00
2.265447099434227507e+00
2.418281813493760701e+00
2.239278464159371040e+00
2.388995237985604092e+00
2.356514903838782260e+00
2.342583015533481028e+00
2.441125004884184602e+00
2.349842681073922357e+00
2.461139322056310252e+00
2.390602857622365018e+00
2.349213845901638731e+00
2.560540987395369950e+00
2.630767641788447353e+00
2.475120771745896953e+00
2.737064302605431987e+00
2.420721459078888582e+00
2.319420334143768692e+00
2.411574641706210276e+00
2.327259086645150798e+00
2.310104122054223552e+00
2.403048044424168417e+00
2.291420586513787327e+00
2.407573096045962924e+00
