1.657273156046513929e+00
1.491443230212497806e+00
1.423779309336284937e+00
1.503564644369517422e+00
1.437784156658718615e+00
1.468071986280540253e+00
1.721210393589251986e+00
1.691440580074317523e+00
1.526462364242722414e+00
1.513145861180305030e+00
1.600287264285477296e+00
1.614619562068244862e+00
1.604283029929857607e+00
1.683011803021446040e+00
1.848770434886471525e+00
1.656478038593017565e+00
1.585640052938213973e+00
1.873121616907289511e+00
1.557835468006819157e+00
1.771538952315701243e+00
1.781331270043703174e+00
1.778003560304005193e+00
1.860555138716539991e+00
1.661245671093057208e+00
1.693417911065564940e+00
1.808292516117853799e+00
1.679019974735210363e+00
1.923261905741640465e+00
1.699284266617226979e+00
1.933478479914400250e+00
1.685064175513797835e+00
1.600658745375048708e+00
1.560479706733449046e+00
1.756667781288363539e+00
1.686203548395261764e+00
1.815393763846832931e+00
1.736636461975384904e+00
1.513802967676668443e+00
1.448358498994146260e+00
1.563695732594408305e+00
1.814928045126479761e+00
1.664740837539355978e+00
1.655243180553406246e+00
1.711697695079716475e+00
1.678309962346824724e+00
1.837672868812467053e+00
1.870129986883145357e+00
1.715743573101728758e+00
1.814137339460251575e+00
1.700438305138678663e+00
1.664499238447221474e+00
1.501110357396250983e+00
1.624380041650318685e+00
1.464924765269035367e+00
1.441712062784165083e+00
1.635935486559699559e+00
1.623459830351959843e+00
1.652632748337198754e+00
1.661332886994965286e+00
1.628663088905136780e+00
1.617475838271073885e+00
1.518322346835346615e+00
1.530672792451317932e+00
1.635858518698587449e+00
1.623059952522903471e+00
1.805568184917021313e+00
1.617347092268243580e+00
1.551208072743998523e+00
1.588944460528902036e+00
1.855806387732994001e+00
1.789198540328860387e+00
1.858067910717065452e+00
1.825623018744488624e+00
1.467809703449168612e+00
1.589150951663462319e+00
1.861725740702163234e+00
1.667798247777394938e+00
1.952608400246953257e+00
1.678299359148572201e+00
1.730712414381320619e+00
1.587496083551891646e+00
1.733617864837597944e+00
1.642650649920230910e+00
1.674985546775824563e+00
1.684947824369760427e+00
1.783364326341290163e+00
1.853926222347241470e+00
1.904092492608908449e+00
1.815389570048287604e+00
1.548394571353747917e+00
1.597145571108599338e+00
1.599689666098016883e+00
1.480978604939038989e+00
1.645058972038351053e+00
1.714115714844489657e+00
1.727176803119320647e+00
1.769290933768864482e+00
1.718807280166012363e+00
1.844272477303640301e+00
1.726780590374986435e+00
