1.692071531306347687e+00
1.764816344907609968e+00
1.835063195855074936e+00
1.620834845436089910e+00
1.705099973405403091e+00
1.812682090215089081e+00
1.723366954080240321e+00
1.940090721721077438e+00
1.661041328833209985e+00
1.778143153508646934e+00
1.819392513133563760e+00
1.743333716852299098e+00
1.810942801476287611e+00
1.861257669067846177e+00
1.818544084533124217e+00
2.020186660612495633e+00
2.097920622314677797e+00
2.005786011361823995e+00
1.938959545803758733e+00
1.899936129816983232e+00
2.048339578389376747e+00
2.018248459648990245e+00
1.838396890006092299e+00
1.845939683848845547e+00
1.894135648609125866e+00
1.943342656454839501e+00
1.871031544928890566e+00
2.017794122603834950e+00
2.037332824146097732e+00
1.850086075857658940e+00
1.823315020538799125e+00
1.874361199288417268e+00
1.920424868283589159e+00
1.841000275789065554e+00
1.802130552098695215e+00
1.778724819536881663e+00
2.039291745145614509e+00
1.860136831054790552e+00
2.102888145316429647e+00
1.994836290622820751e+00
2.151349755992239210e+00
2.031440681509803170e+00
2.075146220183333945e+00
2.030968054812209100e+00
1.990320342341639792e+00
1.907488212313140474e+00
2.182801934097682306e+00
2.015221974924514381e+00
2.114750713884677058e+00
2.139392939213676126e+00
2.062782215343119230e+00
2.152200107657509243e+00
1.965407716151194029e+00
2.106583254901084779e+00
1.744284737083038772e+00
1.810269818804760567e+00
1.659746469612611408e+00
1.720348785546433001e+00
1.807173734213303185e+00
1.751333941980418585e+00
1.887927958831931763e+00
1.880659828345400353e+00
1.808496206381532412e+00
1.886571540186238849e+00
1.641355248804458045e+00
1.809304198178691703e+00
2.044946566631955953e+00
1.978176596833616241e+00
2.019472865361208402e+00
2.025788706891481716e+00
2.035842444739552448e+00
2.247229084846940506e+00
2.324000159809221699e+00
1.835377245737351393e+00
1.741467190479883742e+00
1.752882998944886639e+00
1.790851187040254144e+00
1.908637898766427421e+00
1.845934293329032361e+00
1.965543001718485394e+00
1.841273001252078378e+00
1.940322937021670802e+00
1.871223378026509732e+00
1.797886026252796032e+00
1.780224053822177410e+00
1.941179418946704205e+00
2.059019235805842563e+00
2.109307533687585945e+00
1.984135248888074354e+00
2.175053483119968156e+00
2.036780636573464420e+00
2.097536723312978690e+00
2.111947612144334574e+00
2.077318057316896560e+00
2.130617905236892096e+00
2.076900480963242313e+00
1.953327638530256483e+00
1.938378485094795378e+00
1.914052825423547599e+00
1.811475480124884685e+00
1.393119767591201708e+00
1.437238948791400350e+00
1.461646920833548968e+00
1.392873815335171628e+00
1.592751544223364846e+00
1.278404817168560692e+00
1.832953881107404426e+00
1.345005529933953836e+00
1.348277384884732699e+00
1.468524728673192392e+00
1.561510192746464964e+00
1.435348974927498356e+00
1.471533710961035135e+00
1.559965423877823554e+00
1.646697464881497375e+00
1.684071173564034130e+00
1.626185124981083030e+00
1.973298722740912670e+00
1.811041065018755170e+00
1.908362519373891120e+00
1.834697545280070230e+00
1.870403290911478722e+00
1.913003496795059100e+00
1.750862508136821427e+00
1.814794867044218218e+00
1.994130522372187020e+00
1.721574532105408117e+00
1.833179677023627496e+00
1.866821189776578738e+00
1.852249072851574141e+00
1.954462621395310240e+00
1.857143710955435623e+00
1.967380114049501749e+00
1.776820025598693453e+00
1.697366451857874825e+00
1.810226027617769073e+00
1.818160419605408640e+00
1.815513955455889228e+00
1.794171676193451859e+00
1.741493851380013780e+00
1.720376375439055527e+00
1.835761832906658286e+00
1.780794446207618842e+00
1.918600137701571562e+00
1.944349149302624813e+00
2.101402886514322166e+00
2.147222554817064477e+00
1.699826903818494772e+00
1.663829517219494125e+00
1.901361460357388733e+00
1.971884532978894100e+00
1.794060259043579686e+00
1.822305290376073916e+00
1.868983625959840245e+00
2.135682903160533996e+00
2.060630699405921362e+00
1.878291393596895453e+00
2.165635119410614706e+00
1.942954261969341179e+00
1.899346954936803389e+00
1.929206507165898588e+00
1.676851237657679405e+00
1.498713626802784304e+00
1.386163947294671184e+00
1.906765690017802939e+00
1.780043383565326431e+00
1.757565540633899248e+00
1.747363668931674496e+00
1.944600747837255783e+00
1.847823186004200702e+00
2.000881993402966685e+00
2.005598930519300271e+00
2.078799195530133037e+00
1.975586096975769701e+00
2.034310548735294599e+00
2.137996207949173222e+00
1.612311243976345621e+00
2.154198221204228769e+00
2.331869676360166732e+00
2.019731781252666725e+00
2.087900637891570987e+00
1.824022130652330320e+00
1.842263252631182402e+00
1.828725454404205752e+00
1.781397724286532869e+00
1.812872829584269541e+00
1.706706319795774807e+00
1.671496735604131256e+00
1.659637218462635566e+00
1.903538121003549577e+00
1.922110775764516832e+00
2.026921742509177449e+00
2.105881390183008239e+00
2.005864897805773150e+00
2.051118245133092266e+00
2.010850994186349272e+00
2.015119742286958893e+00
1.986763580360177084e+00
2.049759951648030487e+00
1.732088777625321541e+00
