1.862964409300213120e+00
1.843583168734135302e+00
1.924598146419060463e+00
1.715253372720177305e+00
1.779236199755234615e+00
2.071611758630724776e+00
1.790906285502812834e+00
2.027351687438400329e+00
1.742717228380662009e+00
1.846749748403296199e+00
1.984855985068604944e+00
1.873717798274102897e+00
1.965184444993364643e+00
1.930392604168525317e+00
1.743897164708625436e+00
2.070178523652240976e+00
2.045641843457362441e+00
1.932771490854017005e+00
1.844168989163185168e+00
1.892054095757537802e+00
2.185311771017028448e+00
2.180258149529545886e+00
1.740320687608912786e+00
1.796482164264245451e+00
1.957674887373295647e+00
2.064937002856134018e+00
1.879713729593472049e+00
2.156029526729682289e+00
2.203616824430920662e+00
2.002875621196252620e+00
1.902480427542643460e+00
2.122930873981426991e+00
1.989884085456952612e+00
1.763484541772886383e+00
1.745670496214412060e+00
1.814116441935028190e+00
2.066813428207867176e+00
1.967999313241144188e+00
2.345001322891412610e+00
2.231623066961842650e+00
2.175215195974383509e+00
2.189062311142521366e+00
2.192812975978523760e+00
2.052802273729088078e+00
1.902451104421012840e+00
1.966941703967835187e+00
2.304577092701158403e+00
2.060571649897724900e+00
2.097098922568613411e+00
2.154887039355306122e+00
2.076257013794155615e+00
2.291368263266997385e+00
2.227584065061317897e+00
2.233486172310598317e+00
1.730440486608285422e+00
1.882938851545129966e+00
1.670550224801738981e+00
1.701662535005297183e+00
1.769378257648741570e+00
1.645250051378612577e+00
2.086865848648880029e+00
2.061871288865112284e+00
1.884695116546515115e+00
1.997576148372981031e+00
1.743509728859937491e+00
1.950005284836214381e+00
2.048438454013433496e+00
2.057691301245132998e+00
2.215505977289046857e+00
2.283130258175586125e+00
2.146853530918585218e+00
2.333705364289267337e+00
2.253367024599865598e+00
1.770870359117275417e+00
1.864334635477409741e+00
1.804783037092217546e+00
1.887062412696639768e+00
2.029090464709641051e+00
2.057058925510445224e+00
2.045619817739332102e+00
2.088065294235637026e+00
2.135626886489250253e+00
1.958555483384815776e+00
1.897687293485451399e+00
1.855754793625723709e+00
1.944308256768802812e+00
2.176212517843438832e+00
2.135899550135941460e+00
2.084208379344829165e+00
2.168301775054845226e+00
2.165464220538503959e+00
2.186703565648398406e+00
2.272630488491891754e+00
2.086268327317386095e+00
2.256500758224186498e+00
2.205599853061289917e+00
2.144022023420247169e+00
2.034162280680082091e+00
2.106823133510745460e+00
1.929650023420076188e+00
1.769488534058654583e+00
1.898404686162830979e+00
1.833445963098165432e+00
1.677941572673812498e+00
1.882519143145880980e+00
1.814493505898948866e+00
2.145949958842678917e+00
1.911872292929592376e+00
1.672482476737607637e+00
1.895396875947857440e+00
1.907949320254477499e+00
1.874754946240135833e+00
1.701534786077214978e+00
2.000032124883534213e+00
2.054744454205156057e+00
1.951541582635875960e+00
1.829047306869498790e+00
1.983703503912323640e+00
1.818494395528164276e+00
1.899571824043922552e+00
1.879178907193127523e+00
1.961144638990311995e+00
2.051738102939964392e+00
1.781552653620165572e+00
2.014619408014121760e+00
2.123139527052129605e+00
1.693299136257842008e+00
1.823881733773323077e+00
1.969254116491180095e+00
1.847268338674475929e+00
2.098743546089506751e+00
1.988901964651526466e+00
2.076386162373307087e+00
1.827156547116878027e+00
2.022895141519895468e+00
1.976276541888633664e+00
1.856278851040297884e+00
1.939085939493227162e+00
1.786347033661600747e+00
2.053742611639308269e+00
1.865216632244893979e+00
1.980351283931795159e+00
2.278686071144671033e+00
2.114010416340666776e+00
2.164832122143380833e+00
2.181998349640808410e+00
2.208555785894899426e+00
1.916496970970106739e+00
1.811931575085038215e+00
2.000093589516521941e+00
2.146882767319105323e+00
1.932453162204598174e+00
2.196342547224920061e+00
1.979881728877334712e+00
2.215445434500502575e+00
2.173719335457789281e+00
2.117213124319603068e+00
2.242780408503338485e+00
1.918183947385361909e+00
1.955513485781037009e+00
1.963635170723401435e+00
1.717579372441754959e+00
1.765835850545923291e+00
1.688445184103286367e+00
2.195358482052240046e+00
1.980752166750848975e+00
1.959322059780512104e+00
1.941839059415561008e+00
2.012268843391715745e+00
1.934716045084072578e+00
1.997048587400513053e+00
1.975683326673374207e+00
2.146706835889985676e+00
2.036287198316141023e+00
2.057884807806649174e+00
2.326071442057654259e+00
2.099421378817080797e+00
2.269380964455763205e+00
2.299861818911341338e+00
2.116685364006364534e+00
2.208458872254397853e+00
2.007773819676141880e+00
2.007209989460148059e+00
2.085409781609892654e+00
1.816415959079301201e+00
1.883196418723547927e+00
1.874160255756682325e+00
1.771656104669968368e+00
1.725562282783872137e+00
2.101477550030407038e+00
1.924682792550686861e+00
2.033348359346065060e+00
2.129494518671141812e+00
2.114774776089435981e+00
2.122824194464574266e+00
2.025039077835499857e+00
2.048027291162516583e+00
2.221140602437519984e+00
2.263154637476099573e+00
2.206717218583540863e+00
