2.102158388411536016e+00
2.223401219057646649e+00
2.298010853794662633e+00
2.063988728788784588e+00
2.113570627509905098e+00
2.114900080235499580e+00
2.121574921404321579e+00
2.314127157662036804e+00
2.162134256418365208e+00
2.085672185954179803e+00
1.993766441080379481e+00
1.973531980177639200e+00
2.023604865384569074e+00
2.230891743291288698e+00
2.044679922147632833e+00
2.042909842271650067e+00
2.267713067890670509e+00
1.971099904760347910e+00
2.378220909026082630e+00
2.052857041279039230e+00
2.009423200362654871e+00
2.034036598978059551e+00
2.540812452936333621e+00
2.463129660287743050e+00
2.056810045664839492e+00
2.233251765498996289e+00
2.114678218461013337e+00
1.926244526299646154e+00
2.395796955499253311e+00
2.055996128631539133e+00
2.202377341102733865e+00
2.461464118596450756e+00
2.086531760670713442e+00
2.098948652309589491e+00
2.393822610311532539e+00
2.398744812631187884e+00
2.392432546884747158e+00
2.450725546893274931e+00
2.546125185071753450e+00
1.979253981409557106e+00
2.100038380170875740e+00
2.331687275826113126e+00
2.226244116080642765e+00
2.424268261120004819e+00
2.094797046412291142e+00
2.449845569764560249e+00
2.255827245794718827e+00
2.452777040557260424e+00
2.338459569420391126e+00
2.248834341007500903e+00
2.378249677694783681e+00
2.287765910847225026e+00
2.301632755274728215e+00
2.267416093614685213e+00
2.270922696269185082e+00
2.240559844992187521e+00
2.377288350190590371e+00
2.114671955560534666e+00
2.273351495883852103e+00
2.184830628256937857e+00
2.557982699936749871e+00
2.059290647021102316e+00
2.196043770879460677e+00
2.216669542759338363e+00
2.478475695377710952e+00
2.366834880771304217e+00
2.233249678373142366e+00
2.065723917637064755e+00
2.217567338250125530e+00
2.411122290415654401e+00
2.329384892701794385e+00
2.428369048673308495e+00
2.521553696077268203e+00
2.328451560142915877e+00
2.506310067550864051e+00
2.336847582503045029e+00
2.338852104933248022e+00
2.424108778813307108e+00
2.412124107860067035e+00
2.363402744507898223e+00
2.519250421423707476e+00
2.376039471424809868e+00
2.205269668146700557e+00
2.309423084123479963e+00
2.403850471164321601e+00
2.304118205304788614e+00
2.178379978097552350e+00
2.297187580953311770e+00
2.561215250790758180e+00
2.481107442906020033e+00
2.464654239210292364e+00
2.336584242690479929e+00
2.190432654294462989e+00
2.226937875884302809e+00
2.281778556468824881e+00
2.395858277194102381e+00
2.371758833841412173e+00
2.559802716811010459e+00
2.244183233455876891e+00
2.237633276904244628e+00
2.271632754613401861e+00
2.464052708025427751e+00
2.610224142735302788e+00
2.629433458778741350e+00
2.604200699249433093e+00
2.565624595198037650e+00
2.619796634350922027e+00
2.547627937512847218e+00
2.517776295358210348e+00
2.544309616788720252e+00
2.616684990240932152e+00
2.362666385851941886e+00
2.378190101604804152e+00
2.374817765664676728e+00
2.307594064621395269e+00
2.387464674485300087e+00
2.387761358514488563e+00
1.925845405219456241e+00
2.593408193857040356e+00
2.349287335889334027e+00
2.737475251769711626e+00
2.598042725078789417e+00
2.454047014663805815e+00
2.516282500486534790e+00
2.457931460541538105e+00
2.467227445952879794e+00
2.569796988703001439e+00
2.368277459433032028e+00
2.653027335908600737e+00
2.638394954631018141e+00
2.431604216757717207e+00
2.352151779724629854e+00
2.516075460197291225e+00
2.442213387826679849e+00
2.301111259000340858e+00
2.571052323349672264e+00
2.491190827581884371e+00
2.611929069126400549e+00
2.257712007971995671e+00
2.133500179919943562e+00
2.151411169704786186e+00
2.182561976536754766e+00
2.144833719830447016e+00
2.242479222484740298e+00
2.122144292937792276e+00
2.142629810554625980e+00
1.919827538159639913e+00
2.002112312571167951e+00
2.167603879227341324e+00
2.288074521721555232e+00
2.164679507729926566e+00
1.891814116394564316e+00
1.958697487730448161e+00
2.019457000504722988e+00
2.424958427131306493e+00
2.439801252086098771e+00
2.497490738637504482e+00
2.303631263163437470e+00
2.551666082018011039e+00
2.345061012620231367e+00
2.170828562138365392e+00
2.307713168751859278e+00
2.398661691317427902e+00
2.553272488674299900e+00
2.582145741502881897e+00
2.182903725758662539e+00
2.376512350704661269e+00
2.357555829647926871e+00
2.532356272425129617e+00
2.337653145919817099e+00
2.527082168835316445e+00
2.368760477137775045e+00
2.516086362089769768e+00
2.593896829704030793e+00
2.512725829352212337e+00
2.386760861378637966e+00
2.596822316334099323e+00
2.705707543522296366e+00
2.725153179775053225e+00
2.559078879513274618e+00
2.763153034200171110e+00
2.649914158439734102e+00
2.548743020753608590e+00
2.581077061607584433e+00
2.547262785976954991e+00
2.143840575272887516e+00
2.349297626076533252e+00
2.421883750228666976e+00
1.981793477364490741e+00
2.227301233638155686e+00
2.070055357625231629e+00
2.319758387364821761e+00
2.225381236960667586e+00
2.128372226150544666e+00
2.340752191913434199e+00
2.148865062094988065e+00
2.288650258889634248e+00
2.224779962360354801e+00
2.413826543739815200e+00
2.353280913619098857e+00
2.348080023374694125e+00
2.463568018937202897e+00
2.342366939222185085e+00
2.470915028781524470e+00
2.539887119232669743e+00
2.471661823703048988e+00
2.221294354557672879e+00
1.922175725669801549e+00
2.200808453783787311e+00
2.162663620127303954e+00
2.161645945016024140e+00
2.252845628382943666e+00
2.256325199590843766e+00
2.268701248853820296e+00
2.247047034659035880e+00
2.327104542494452311e+00
2.497447747701834864e+00
2.302639191787610784e+00
2.356800036646002905e+00
2.564813190286353795e+00
2.442100023579394819e+00
2.452479432469052423e+00
2.493381731376962396e+00
2.364111388536563219e+00
2.360985115434395709e+00
2.410361611192504583e+00
2.471480257739442354e+00
2.315943458937725463e+00
2.527820104156844216e+00
2.427090531061909306e+00
2.645478882969463541e+00
2.633123693038417201e+00
2.567495431176320508e+00
2.492979102913755352e+00
2.587581391028870748e+00
2.650292989353666417e+00
2.503679150484233062e+00
2.672834037457047174e+00
2.505779257786225678e+00
2.420072897168968673e+00
2.739493973708706953e+00
2.467361420309268638e+00
2.451164448484195457e+00
2.492269823167417631e+00
2.600944007102480526e+00
2.391791216399848263e+00
2.521938702150596789e+00
2.594534560521281286e+00
1.833278221740161085e+00
2.170385408143288952e+00
1.932578189729722729e+00
2.161728352962573041e+00
2.133869365408393115e+00
2.169469296124672208e+00
2.085572803065288916e+00
2.131530738851074691e+00
2.062755993220040551e+00
2.064559895563372383e+00
2.167977398830130298e+00
2.024214672707956630e+00
2.031361333785778989e+00
2.117247836629640112e+00
2.321726235832878960e+00
2.114890577080287493e+00
1.947311007112987324e+00
2.284150908091935328e+00
1.904586644213751789e+00
2.150409192532059865e+00
2.184058188564187653e+00
2.629463237807934117e+00
1.976020709129259423e+00
2.025798333830642228e+00
2.350216234642125812e+00
2.284217367640680507e+00
2.047043854839693200e+00
2.236867010360807040e+00
2.382947922076184444e+00
2.154423597154583980e+00
2.221679228713696830e+00
2.134886062718783339e+00
2.161606493369333748e+00
2.372378853140191701e+00
2.406688669104996237e+00
2.430742137453230534e+00
2.477465049759214999e+00
2.086626724219441620e+00
2.130131148773671601e+00
2.260733065655647245e+00
2.338186244053603424e+00
2.591285520789428087e+00
2.543872911344480237e+00
2.412723944031614387e+00
2.289483426724172155e+00
2.304690469890938953e+00
2.507460546586691930e+00
2.452647176804485962e+00
2.382147078122170303e+00
2.317813432683028640e+00
2.225608520739141394e+00
2.350589252006876517e+00
2.282010564616694381e+00
2.264107556758520712e+00
2.029205930273218161e+00
2.236883770204902699e+00
2.228124069902294835e+00
2.479197329635319136e+00
2.106091533848175157e+00
2.160239840892444363e+00
2.511188440789898113e+00
2.157688552713024066e+00
2.463848952549268390e+00
2.122785949683075657e+00
2.216847118604635902e+00
2.220025868195933061e+00
2.457296988040899688e+00
2.340761132510618570e+00
2.173245107828917000e+00
2.510884891328886592e+00
2.108727593241838782e+00
2.485397672098250244e+00
2.191562381367232692e+00
2.366673556855426686e+00
2.312945325939801400e+00
2.309629043143943239e+00
2.530953471257121112e+00
2.090832159987867644e+00
2.332073806560196250e+00
2.409636563384510488e+00
2.384056984121415645e+00
2.222271160882286267e+00
2.295153682390717709e+00
2.228105977772236734e+00
2.213552022154156251e+00
2.155223133180634409e+00
2.246734913046335880e+00
2.435239642378624669e+00
2.448552006756971711e+00
2.389851747178475705e+00
2.507039585594020625e+00
2.218247217547722805e+00
2.367175136630434995e+00
2.517875211171384908e+00
2.246942987663336222e+00
2.096798299683292566e+00
2.293968767198604208e+00
2.250390423751461810e+00
2.331418281930032421e+00
2.442833069428218096e+00
2.471214953883485776e+00
2.641546852620498598e+00
2.246369781830056755e+00
2.311222638517973493e+00
2.429395608403881468e+00
2.523370501482856909e+00
2.546494329775579324e+00
2.665418620648303261e+00
2.630486392055580769e+00
2.553315196109807950e+00
2.589950333664504001e+00
2.584300117022440890e+00
2.615699493578358403e+00
2.513367172588090170e+00
2.567683276423731176e+00
2.500144848517613205e+00
2.486914069244772207e+00
2.346166123132552350e+00
2.219591736838361307e+00
2.413834701310161979e+00
2.278806444558566735e+00
2.457153766767380620e+00
2.270906264458709689e+00
2.371263190920775088e+00
2.481027922235038652e+00
2.585137941514822568e+00
2.409869244745404870e+00
2.601467595670510224e+00
2.779022061347551809e+00
2.379311598993471222e+00
2.386162794466586856e+00
2.570945449070877853e+00
2.520615431363901315e+00
2.595286122655761751e+00
2.529311201350044058e+00
2.321206575131429695e+00
2.624999441619964458e+00
2.513119005856111698e+00
2.329564781636851212e+00
2.525534087858702481e+00
2.318783578861484340e+00
2.357013126345671505e+00
2.119319185417308571e+00
2.615739157667325010e+00
2.358777736464821473e+00
2.144408423500354655e+00
2.645065853338294470e+00
2.590769485781784898e+00
2.666080123263294244e+00
2.002991575392240708e+00
2.094026092977867570e+00
2.031091121015233369e+00
2.190024768360908869e+00
2.069068623365662773e+00
2.223743683496102186e+00
2.205901069890475075e+00
2.148000287016049725e+00
2.007634925134615944e+00
1.914163128384312573e+00
1.972231796701258588e+00
2.121522872572354945e+00
2.121087910266867826e+00
1.996625940929149579e+00
1.988382670913499517e+00
2.151866392863688748e+00
1.920145249344056504e+00
2.452732107265206629e+00
2.452084119252821992e+00
2.488307466895735676e+00
2.300699284119062771e+00
2.290075269017893600e+00
2.572122806581630172e+00
2.460138418607665578e+00
2.453881581744758567e+00
2.344884568979814787e+00
2.233863887371070334e+00
2.300228616252439462e+00
2.386704631595648607e+00
2.255161495668510430e+00
2.359809031402036794e+00
2.531058908576214517e+00
2.387306766235556044e+00
2.513496561528079098e+00
2.379541220989630279e+00
2.588060261022079978e+00
2.391430297016657214e+00
2.549727513001654344e+00
2.395077057412995813e+00
2.529970083124538416e+00
2.524646261005240255e+00
2.685225583503705327e+00
2.581868967000216397e+00
2.645262866041376171e+00
2.757692101501253656e+00
2.543759106744239773e+00
2.422391805393254050e+00
2.604811343232604326e+00
2.630649681805008022e+00
2.826077217327618740e+00
2.737254553430750637e+00
2.583941258096503102e+00
2.458460474665553619e+00
2.493791453728454677e+00
2.574550308314473401e+00
2.322591661230136495e+00
2.319725990583819009e+00
2.506540855699024295e+00
2.262952196253039450e+00
2.492100351986641371e+00
2.512073919069734096e+00
2.616711880748909813e+00
2.623403846257124972e+00
2.141336706419590286e+00
2.270728813506496024e+00
2.038875242970612955e+00
2.092567419287441499e+00
2.395462704019760913e+00
2.149042262750908261e+00
2.333525383879144321e+00
2.235751324588942879e+00
2.226427497007243073e+00
2.280098476724432999e+00
2.207784120278722284e+00
2.057142144701249897e+00
2.233468959712593627e+00
2.299286180205932340e+00
2.103389171445327666e+00
2.345256081656748481e+00
2.177618898262539293e+00
2.366186353713442880e+00
2.521714645715130931e+00
2.351347664098091705e+00
2.501262576385435032e+00
2.457217564477728988e+00
2.407967427952369732e+00
2.484905852898702694e+00
2.468115192793764123e+00
2.546947766160664539e+00
2.629263415954346872e+00
2.501437112939654650e+00
2.642747299711014630e+00
2.671634865527612757e+00
2.630568220802375734e+00
2.770654690533661757e+00
2.507652038070968370e+00
2.410046480974107563e+00
2.683957313900489972e+00
2.377029215632884274e+00
2.293923432029435716e+00
2.462137090070521062e+00
2.537501565702309669e+00
2.436836532418757528e+00
