1.779031347370851002e+00
1.601501755074036248e+00
1.532670686253869707e+00
1.582303452888949025e+00
1.522808189430082892e+00
1.577059903858739620e+00
1.729149459860768401e+00
1.775572744034553230e+00
1.582848795494236516e+00
1.538917744078310612e+00
1.653765127085127462e+00
1.661987878893599113e+00
1.612537842860136017e+00
1.669781924303605392e+00
1.720909367839662307e+00
1.663793483009875951e+00
1.659012244445550843e+00
1.827820548805051848e+00
1.613313259552360490e+00
1.502334634321352613e+00
1.692539364126381507e+00
1.779493067049323640e+00
1.669122659921214336e+00
1.685800432481533218e+00
1.656774088431824499e+00
1.764864439922691819e+00
1.532136565127805161e+00
1.899259869028632419e+00
1.579860144827525126e+00
1.732964199283811402e+00
1.696367283034828644e+00
1.664182232778835813e+00
1.535131296302774784e+00
1.722594121489939845e+00
1.536479841312020200e+00
1.674497509378668036e+00
1.777738283583036427e+00
1.569718510238801379e+00
1.432196587336457272e+00
1.508363940775461653e+00
1.784002666148111427e+00
1.635503103354878141e+00
1.609081139512914316e+00
1.658780404176394940e+00
1.657890302369572577e+00
1.704873421688174684e+00
1.731333915736392726e+00
1.633501038102420644e+00
1.858669682828964387e+00
1.567447078769130364e+00
1.767188851862847576e+00
1.540000308322530431e+00
1.663519169793318486e+00
1.529347526552736314e+00
1.482144750696979374e+00
1.750259917388336639e+00
1.699354132953963648e+00
1.689823001654996881e+00
1.623707521015038902e+00
1.614685836830684007e+00
1.598398171683434787e+00
1.503901687971167966e+00
1.466537079650709785e+00
1.532934507047434503e+00
1.592505602151630395e+00
1.715855525923937863e+00
1.606070933825710867e+00
1.545320563101472811e+00
1.557021167396415162e+00
1.722714334507405187e+00
1.690577060247668850e+00
1.717677430636928015e+00
1.622547000526262773e+00
1.448350031956653128e+00
1.572524624919449998e+00
1.814172531448083880e+00
1.609584110925274647e+00
1.806620366478340900e+00
1.718853129006801650e+00
1.806510123581227756e+00
1.538934484287902915e+00
1.625221363664130614e+00
1.601969329367992634e+00
1.489441119693785565e+00
1.442762442685891600e+00
1.646251673077487432e+00
1.831309064087605520e+00
1.852231881325238971e+00
1.659681844703130293e+00
1.456652824439562899e+00
1.610946715486173852e+00
1.540879227729744283e+00
1.429675031963850484e+00
1.660556725153425450e+00
1.562490662056920110e+00
1.709683096227476051e+00
1.700230676237967975e+00
1.595660556877256830e+00
1.799146100640653057e+00
1.587899148398901339e+00
