1.755391348505392024e+00
1.807955557113495759e+00
1.931674563494291563e+00
1.706525820166825635e+00
1.798243163163036451e+00
1.857568190875402925e+00
1.783281344282216851e+00
1.986313947567007743e+00
1.777380061720813753e+00
1.815881236667394205e+00
1.998501000592242782e+00
1.829181311767075657e+00
1.933726334175951411e+00
1.978334467394634144e+00
1.671098371326257936e+00
1.930823373179368252e+00
2.121582056086751766e+00
2.018447433803629565e+00
1.810063768889271341e+00
1.932444224741338701e+00
2.084072532670715017e+00
2.055213308261933935e+00
1.818790184730005421e+00
1.821652161158619831e+00
1.977036660722107930e+00
1.941779850792508366e+00
1.830893068515773603e+00
2.061987262416246303e+00
2.121265565624707250e+00
1.827435405114003153e+00
1.851680756339230349e+00
1.950517661206573994e+00
2.041937456315201516e+00
1.817714132278243744e+00
1.799414013707215876e+00
1.876857546776849128e+00
2.200835354252764109e+00
2.092404688084458453e+00
2.255159241570380502e+00
2.157344392876933803e+00
2.127493095133491163e+00
2.160197078697979833e+00
2.049488934070166746e+00
1.964087271289959524e+00
1.882548816691379745e+00
1.974199692285634633e+00
2.115194298201386047e+00
1.907061926350337444e+00
2.029874146974042670e+00
2.171833172989545702e+00
2.026928564387661336e+00
2.144576679168051836e+00
2.063996793553744880e+00
2.187470657549535513e+00
1.693461785731230851e+00
1.817696856321397991e+00
1.604432173206964185e+00
1.700144377663133977e+00
1.735924252096759490e+00
1.661101264337087935e+00
2.035555522474230994e+00
2.121738030542952291e+00
1.843775425795970424e+00
1.886835111553934796e+00
1.650182650411881058e+00
1.885885462540938029e+00
1.986936376530684667e+00
2.012382677435673006e+00
2.268310680819706437e+00
2.190916889972281734e+00
2.298454184732342753e+00
2.375312483714600909e+00
2.232470278709902445e+00
1.856115674641187097e+00
1.852553381171258451e+00
1.735373576274992891e+00
1.799691037332694865e+00
1.910984962575288160e+00
1.867533301285280611e+00
2.108899467563152275e+00
1.893035118782648851e+00
2.080250807167464799e+00
1.823988138606063680e+00
1.874423431764377534e+00
1.733196267181852601e+00
1.898197360745034423e+00
2.094246039659170666e+00
2.067260100926138655e+00
2.049404767630675916e+00
2.131053517537477848e+00
2.089014820596319044e+00
2.146181932580865315e+00
2.231497917460006697e+00
2.055308291153247424e+00
2.310058403406400895e+00
2.225132150224409688e+00
2.250425759581260454e+00
2.005050535990160476e+00
2.213020856775904655e+00
1.751666740872865224e+00
1.740958885986977567e+00
1.881673361576822412e+00
1.849897657707322507e+00
1.763367713244625046e+00
1.883877544042255048e+00
1.799361624553663441e+00
1.972825147547658586e+00
1.810921619683218520e+00
1.774368515114016054e+00
1.897187393402336664e+00
1.985580524570945249e+00
1.859014203635758422e+00
1.829390643739394751e+00
1.973187862925983582e+00
2.099497358551706050e+00
1.794062055226794072e+00
1.766009999811763098e+00
2.005548103858575182e+00
1.704088025581093291e+00
1.893646077500507063e+00
1.824815050496272351e+00
1.872337138284130065e+00
2.008711915544283855e+00
1.789248883295774917e+00
1.909568148744019700e+00
2.046471067442415581e+00
1.780575167475828779e+00
1.866193942633641356e+00
1.921058360001448584e+00
1.902426279622866812e+00
2.134889081637099562e+00
1.942389037030996191e+00
2.021279125594406700e+00
1.838900119862513227e+00
1.904774335507397609e+00
1.983664468312835050e+00
1.884099533641017787e+00
1.918982849710394900e+00
1.794717366420218063e+00
2.178589749856808755e+00
1.936451891709308315e+00
2.159962652288066831e+00
2.097040554452297645e+00
2.096911113789374781e+00
2.090152372941522341e+00
2.137254691108517068e+00
2.137952358016551369e+00
1.901014299445139333e+00
1.951627553447831342e+00
1.953876232238906496e+00
2.119622221310783594e+00
1.838184193517309328e+00
1.925358570293822513e+00
1.856670193251288348e+00
2.125266308976788920e+00
2.139219989090487051e+00
2.030047535340056442e+00
2.192267462308439274e+00
1.912886336376957264e+00
1.901350479315300879e+00
1.876230560076913134e+00
1.723575935680432547e+00
1.737144834648027825e+00
1.755349931119397189e+00
2.121790796878848973e+00
2.012735660181189878e+00
2.101107250542248117e+00
1.875714827985436539e+00
1.918258322742609545e+00
1.803883801824663680e+00
1.952184976328024346e+00
2.033571755579449025e+00
2.092581747079738097e+00
2.025048884477951283e+00
2.025472521123079961e+00
2.255793520117657103e+00
2.098774248796299702e+00
2.308060666093348701e+00
2.293810553240771100e+00
2.058992271087701553e+00
2.189990051172514995e+00
2.095992618888448789e+00
2.063965064038443931e+00
2.129568949185326687e+00
1.792796279130720150e+00
1.881131976187697230e+00
1.785713932151072880e+00
1.767794972449672875e+00
1.714736762251984237e+00
2.025126285822175909e+00
1.854788741150771525e+00
1.936648711089039354e+00
2.037125599433675660e+00
2.042388968353249012e+00
2.110629093631569031e+00
2.051457028218731882e+00
2.103766442341018728e+00
2.227588020441992001e+00
2.287543444369269263e+00
2.183649826624900481e+00
