1.804639376455524857e+00
1.819933058901153089e+00
1.905245344146634601e+00
1.712207785172088492e+00
1.768162985305200774e+00
2.040806922839315085e+00
1.777035918369890721e+00
1.972241465079581646e+00
1.715304740329667954e+00
1.736894452557043778e+00
1.968144066317597529e+00
1.903012954695055159e+00
1.936996068887088862e+00
1.964990749281657845e+00
1.845934721843598858e+00
2.014177205575883978e+00
2.122550842748049504e+00
2.026251548749595788e+00
1.957074495722594953e+00
1.976449806246913132e+00
2.212872418085988002e+00
2.145872391913173249e+00
1.931803202019564347e+00
1.909744862194618031e+00
1.968787912449924793e+00
2.020200922342588523e+00
1.966032525575551304e+00
2.105470222059567131e+00
2.140389864526039077e+00
1.939776917416708768e+00
1.858569344270494028e+00
2.042376805318918631e+00
1.958007152361111780e+00
1.889091255182669293e+00
1.839607503442550529e+00
1.869942845999261749e+00
2.089219761832103117e+00
1.980566521629844257e+00
2.325678511969280216e+00
2.243637334827590646e+00
2.203121559690503606e+00
2.206331277660453338e+00
2.152161876629444137e+00
2.062174077755170920e+00
1.986308462440243838e+00
1.989266515207510633e+00
2.280594134991735800e+00
2.042166228455246646e+00
2.136459019132813886e+00
2.193474876111401350e+00
2.043255330825668903e+00
2.218894088876539161e+00
2.077333453999178126e+00
2.163710361983279373e+00
1.855255267411672238e+00
1.906966778076727209e+00
1.783534287797682305e+00
1.725953522107002813e+00
1.912545464630898140e+00
1.761373019897600978e+00
1.994429672400281461e+00
2.000261953503207124e+00
1.874630212772922189e+00
1.931383663874827850e+00
1.813365835983493657e+00
1.950114369161757732e+00
1.977738268606533234e+00
2.099630267802611971e+00
2.294319367020207334e+00
2.251016924996480650e+00
2.116562185386447581e+00
2.391156546390416526e+00
2.329466778299134955e+00
1.842475331954752438e+00
1.776330412600210185e+00
1.788708275417394411e+00
1.817867278120542274e+00
2.021276922294901190e+00
1.975300774644812352e+00
2.085981035531196959e+00
1.920216777131886987e+00
2.142560084615982685e+00
1.971518974476743402e+00
1.949179007493188953e+00
1.943438337728484511e+00
1.980766446143418680e+00
2.219944008307540795e+00
2.104403135196519337e+00
2.030580058919429831e+00
2.176210308084449263e+00
2.110408233608224382e+00
2.208630673381856813e+00
2.283447794878099568e+00
2.103980454774694753e+00
2.308860517636554199e+00
2.222840786462792817e+00
2.159345011169168327e+00
2.043208925107221408e+00
2.248431249665118870e+00
1.838884899868606260e+00
1.785134691757674252e+00
1.882703496183261382e+00
1.834463943270084885e+00
1.710841823019245700e+00
1.927355589419410320e+00
1.750383887418434536e+00
2.009446468332079849e+00
1.804820698926605571e+00
1.677136399680228873e+00
1.806532193984587531e+00
1.949543275041421442e+00
1.797536517847736937e+00
1.739412639156276530e+00
1.952050610034766764e+00
2.018587686862363118e+00
1.963697769620468492e+00
1.834488673567101769e+00
2.023670209235087114e+00
1.930592811237634931e+00
1.977955189497026645e+00
1.932507894809304849e+00
1.935451164292279369e+00
1.971725321834860267e+00
1.954803638562678136e+00
1.972588818663911336e+00
2.083955998463958181e+00
1.797043398849289320e+00
1.920109078819223214e+00
1.991684408703317866e+00
1.942055588933861765e+00
2.111940043678557810e+00
1.899524108983158710e+00
2.012112001255310201e+00
1.845139330669173905e+00
1.935796243605090616e+00
1.972248377824983079e+00
1.952404728835875680e+00
2.020586377328334127e+00
1.866900903918842447e+00
2.083360027416989890e+00
1.964999045695728919e+00
2.024932550939180675e+00
2.192983837015549664e+00
2.086449835555000298e+00
2.125087332363442272e+00
2.144139191400062927e+00
2.246772542617691215e+00
1.885113947041232807e+00
1.967966335941167211e+00
2.160503233920239907e+00
2.161171143752127932e+00
1.909980483524837291e+00
2.153244816473348422e+00
1.944583315256012579e+00
2.211924848438851843e+00
2.161565780210374488e+00
1.999462086271547756e+00
2.242032414823772246e+00
1.946114059385154249e+00
1.916152379710304388e+00
1.996102937376738939e+00
1.779471483494354134e+00
1.704914756940483000e+00
1.709739083231177403e+00
2.108430516259803600e+00
2.135413942188577607e+00
1.983006365222599321e+00
1.969174549967917853e+00
1.985948768833871947e+00
1.947271321908923047e+00
1.959451672818358414e+00
1.997782696939689240e+00
2.265225163217288173e+00
2.035451489016376403e+00
2.076616568193869750e+00
2.311717935516746536e+00
2.099942870924083937e+00
2.359946186971380033e+00
2.329967011592334103e+00
2.109196141102519295e+00
2.233221169356796487e+00
2.022969871635954764e+00
1.955178128708253027e+00
2.097469003051173786e+00
1.828227169365976845e+00
1.943426239703093250e+00
1.828513005160636862e+00
1.794272265978936742e+00
1.748030080826466826e+00
2.124202714425993399e+00
1.975981544115283484e+00
2.001826161091265543e+00
2.064875374242848949e+00
2.070120743121616425e+00
2.128491205281366483e+00
2.148310738676889819e+00
2.099791333379271929e+00
2.158147576860828032e+00
2.210781957045270474e+00
2.204648314572295931e+00
