1.762993084028357638e+00
1.770987709813106159e+00
1.862602126901782063e+00
1.662783717886715973e+00
1.745982759277944663e+00
1.856784483201133762e+00
1.757547883979858616e+00
1.885562798041890753e+00
1.746804476797025441e+00
1.751682127045287807e+00
1.843825082342826160e+00
1.745401154979985048e+00
1.942028831568323177e+00
1.939711498804679080e+00
1.710119613975023434e+00
1.911773766725907375e+00
2.046772780591132435e+00
1.967157360717526782e+00
1.859101319636000671e+00
1.938935389623494876e+00
2.070309882300068072e+00
2.156743557214125140e+00
1.866090461531726641e+00
1.913799576985321549e+00
1.822807004831579203e+00
2.032772997104283608e+00
1.935582334326754861e+00
2.120097343667108447e+00
2.135070301859424813e+00
1.943526486579268964e+00
1.798500184311401684e+00
1.858990833906979834e+00
1.946280031681479228e+00
1.847098321765726636e+00
1.699889180964764268e+00
1.695377460636462441e+00
2.051153624089637972e+00
1.866517392787418128e+00
2.239510253017916064e+00
2.152686976720864731e+00
2.144393722704713845e+00
2.173947645994889211e+00
2.100932624916901581e+00
1.952146607372732712e+00
1.984573816916697986e+00
1.992259810729825276e+00
2.256804480691637416e+00
1.985676523619992029e+00
2.061396609984672335e+00
2.123102747634933340e+00
1.993522267971657103e+00
2.205956916373507770e+00
2.065806062203672688e+00
2.248543511790338290e+00
1.744260958327512823e+00
1.710402715992336731e+00
1.664454555244091249e+00
1.731117516473200446e+00
1.746023681390180826e+00
1.562892234645827605e+00
1.989335042381833452e+00
1.839319349581150620e+00
1.763251396565270301e+00
1.900318637388720866e+00
1.664572300995873499e+00
1.790803815355526796e+00
1.973628866240958457e+00
1.835925492444739904e+00
2.096499402071996698e+00
2.199013278234061008e+00
2.131908927229485773e+00
2.342860103842358654e+00
2.256171667061499964e+00
1.635866096943943138e+00
1.764692618475129926e+00
1.713088674912152332e+00
1.799970235902183857e+00
1.869536768884090483e+00
1.940618193365811095e+00
2.043926166833703206e+00
1.896147435461711828e+00
1.980005953063713076e+00
1.847762619039684084e+00
1.753798333961918976e+00
1.756042959306803874e+00
1.914572970754565340e+00
1.966548674683900932e+00
2.021295178054785424e+00
2.037360197749439550e+00
2.120016823841348153e+00
2.076703527560289420e+00
2.084267277523142337e+00
2.151956380123220658e+00
2.050131681308390963e+00
2.197405808070052036e+00
2.126967128153355535e+00
2.057846362533996665e+00
2.002748416960173028e+00
2.081358550149759346e+00
1.818166586724299316e+00
1.761143103894172723e+00
1.827561524403447102e+00
1.790737529526010841e+00
1.657522466771499170e+00
1.859964326025543846e+00
1.706313900153170193e+00
1.926167471631366812e+00
1.779280269018560956e+00
1.640837825800494088e+00
1.669293320962403904e+00
1.906665377764939606e+00
1.835871304101729606e+00
1.738279105682511316e+00
1.969307105361245647e+00
1.923245515631498481e+00
1.869471750428560064e+00
1.802224232190424935e+00
1.996340772886497916e+00
1.830114237072808736e+00
1.946286374730515689e+00
1.869239484994358769e+00
1.962214392497291016e+00
2.024692193396503193e+00
1.875097883159532186e+00
1.929560854846809059e+00
2.117295055667350656e+00
1.806790609823510918e+00
1.821604367095011279e+00
1.968751662395837876e+00
1.917999195921763711e+00
2.090361049576009211e+00
1.920529538427342642e+00
2.053826980127596791e+00
1.865680783609463100e+00
1.851150698008661166e+00
1.894756623630736270e+00
1.906333005111366496e+00
1.852564836145256244e+00
1.849784315526566525e+00
2.128636933306957246e+00
1.828289520892370401e+00
1.964742998404190422e+00
2.141123421178765973e+00
2.037374384999052879e+00
2.138494632183428834e+00
2.141962079910187278e+00
2.103892760952855046e+00
1.855510379307240942e+00
1.824237675893644495e+00
1.961352633392682732e+00
2.150905826054256842e+00
1.911244657779169520e+00
2.018126968873271476e+00
1.852217136117531471e+00
2.176074209781098112e+00
2.176945861331935905e+00
1.976775808497781783e+00
2.241300545264024446e+00
1.800880499562621972e+00
1.872588672246585428e+00
1.868263966380926844e+00
1.760385987649274453e+00
1.778400216278896995e+00
1.749496563940757143e+00
1.990802340958167660e+00
1.940015117591093130e+00
1.797125276558897200e+00
1.863958728544356402e+00
1.953307393003538950e+00
1.864445782017571718e+00
1.881791796288764473e+00
1.896052332783455752e+00
2.037320879748565794e+00
1.925211296681894835e+00
1.884812778029608671e+00
2.196511737026205946e+00
2.107622297356023910e+00
2.317175730545105949e+00
2.279900492713305304e+00
2.056930828864133698e+00
2.164656042365697530e+00
1.895374945923424148e+00
1.880121241942061427e+00
1.908243905737575519e+00
1.851117906239722277e+00
1.869960217106305889e+00
1.742803094314064438e+00
1.722309980024183007e+00
1.728356334515045889e+00
1.888463136191933289e+00
1.860329068166011401e+00
1.917682049913271625e+00
2.103974371262936849e+00
1.996296537591515374e+00
2.061961898448974040e+00
1.986084157265988859e+00
1.997829710199020559e+00
2.139045375380051350e+00
2.147600722863892919e+00
2.118515323489487123e+00
