1.758979633600903369e+00
1.544937278314377771e+00
1.492509661433086610e+00
1.531201855036860460e+00
1.504994249329771439e+00
1.496328214614863983e+00
1.682308647502529508e+00
1.737854727913448860e+00
1.542553702890854916e+00
1.641617857937499370e+00
1.709943965434729041e+00
1.733187116923283311e+00
1.767676209337216253e+00
1.883177361048893328e+00
1.949757978215139076e+00
1.668769444770357158e+00
1.649967370232770181e+00
1.965556952786188916e+00
1.636108488541331951e+00
1.951587634011836103e+00
1.888634558387344287e+00
1.951374991769191158e+00
1.956991774905306292e+00
1.729588057942931467e+00
1.813365400608363709e+00
1.854007274249481529e+00
1.763979424539483087e+00
1.946578391637230343e+00
1.792565777601740962e+00
2.022465188136832737e+00
1.754701677994559894e+00
1.651703057685890652e+00
1.600491350021941539e+00
1.803836138326952110e+00
1.792205378077057709e+00
1.804164156694534782e+00
1.805183944635171178e+00
1.611625396984603720e+00
1.522976882373943797e+00
1.576957561203225389e+00
1.892220792168431531e+00
1.698440177730327294e+00
1.770031662210841406e+00
1.710560977331092802e+00
1.722137056429696722e+00
1.899207368125747974e+00
1.962232501777959826e+00
1.825847469510531118e+00
1.917191227933984887e+00
1.759911188121702885e+00
1.772342949052625904e+00
1.561127424450064360e+00
1.653006484262889542e+00
1.521064852504059095e+00
1.499817935527849144e+00
1.806607322722398656e+00
1.628180617984454681e+00
1.668312690372915075e+00
1.629424371394574411e+00
1.683221924741544084e+00
1.678244011332945540e+00
1.603886767951577141e+00
1.656632835627942502e+00
1.704836578968996319e+00
1.725606906001357688e+00
1.833944818333255844e+00
1.705094723829577497e+00
1.647650341816363273e+00
1.736639128285682121e+00
1.904161935228192881e+00
1.873490481347037884e+00
1.985921217756622115e+00
1.908174357083855188e+00
1.447019447858957975e+00
1.613701715867064346e+00
1.938423461221957522e+00
1.733486602635293972e+00
1.955176526358724631e+00
1.741575349720271504e+00
1.755262348272770279e+00
1.714401241857820279e+00
1.747135805587047619e+00
1.739121402478836398e+00
1.713500197345880771e+00
1.791031328412966195e+00
1.979664546941674930e+00
1.774945720906930591e+00
1.965344344056460413e+00
1.854241829010440767e+00
1.622761602809271064e+00
1.632313472675783750e+00
1.570642311774731015e+00
1.459868050693861941e+00
1.714078395757452800e+00
1.759028909889516656e+00
1.741701356193221972e+00
1.907990605960425246e+00
1.849634492059621049e+00
1.852947076634529289e+00
1.740297245821301741e+00
