1.653010918923077943e+00
1.481509733314628319e+00
1.412484107938852151e+00
1.479893530243236555e+00
1.438936655875158399e+00
1.468747673586416669e+00
1.536152898216062823e+00
1.570300902739238724e+00
1.501999376107874040e+00
1.396804211855758204e+00
1.443575064528078933e+00
1.317995303273083119e+00
1.291072001554948168e+00
1.362697606897163238e+00
1.569911469236359158e+00
1.444396814629779202e+00
1.248871799143269845e+00
1.624185609688004073e+00
1.312251364007493315e+00
1.431101706039498156e+00
1.564438230590290413e+00
1.520483536531645141e+00
1.431683046898427403e+00
1.598795249036225385e+00
1.467573941866049614e+00
1.598829250233847254e+00
1.408840344551496537e+00
1.763692702896851650e+00
1.509756693195490884e+00
1.716739272835280827e+00
1.578062514244845893e+00
1.444428451530743063e+00
1.303320801178018851e+00
1.795379104431038986e+00
1.470735472484332451e+00
1.459033184047901166e+00
1.556890583210392753e+00
1.259739269636056980e+00
1.201208198714563302e+00
1.426031567374112186e+00
1.768271114178551207e+00
1.535987941125394496e+00
1.505830220832432564e+00
1.685484412915213115e+00
1.537596622060540374e+00
1.581861167877651297e+00
1.352803930778159192e+00
1.346190680428746456e+00
1.501347846373839223e+00
1.401325416788590905e+00
1.864691915636806696e+00
1.620449145371749777e+00
1.759711628813299011e+00
1.612510161948013332e+00
1.578879894609957590e+00
1.715516031697311261e+00
1.750216171632454687e+00
1.761997244063457702e+00
1.487907177810640080e+00
1.646621811733741669e+00
1.605047061676680542e+00
1.594382208376923904e+00
1.577253229206973639e+00
1.613808528276408305e+00
1.679448068420333673e+00
1.745468417637140446e+00
1.740353926733977152e+00
1.625233440728831358e+00
1.603153059854775409e+00
1.919990920827405967e+00
1.845477530655921017e+00
1.797366816447167226e+00
1.732280548698232447e+00
1.590909760359108693e+00
1.626013492405411043e+00
1.896987629278211518e+00
1.672727078680367407e+00
1.821336737841797504e+00
1.726567737335807262e+00
1.810455873671345195e+00
1.633355136427455223e+00
1.637441871104832414e+00
1.663227808592369739e+00
1.612513043210665797e+00
1.596330071038929654e+00
1.679767002871274340e+00
1.732699875219904317e+00
1.895516046288494350e+00
1.740506608258935106e+00
1.567407776155471222e+00
1.744613590521364666e+00
1.539058103152198598e+00
1.548209953208903977e+00
1.668389260130788809e+00
1.620275784522519968e+00
1.724114256786432042e+00
1.716288558709973211e+00
1.691598257706843356e+00
1.708621704153719056e+00
1.641205314993240849e+00
