1.770535645667522084e+00
1.820704365992403151e+00
1.969927503361726284e+00
1.734079781401099307e+00
1.719657529681422714e+00
2.065263183325797502e+00
1.780796350130759764e+00
2.014633546189876334e+00
1.721918240460717842e+00
1.831434127205742612e+00
1.969118043966503695e+00
1.805729601824179076e+00
1.914088281976555672e+00
1.980306385337552433e+00
1.788146555898827650e+00
1.933001367912652979e+00
2.052489887291156112e+00
1.905534110653456903e+00
1.777063857513542455e+00
1.896106514901851448e+00
1.965135717861326237e+00
2.075090147315485023e+00
1.843052256223964402e+00
1.826804596118194013e+00
2.005880588879698667e+00
2.013051433920897804e+00
1.794803942801291186e+00
2.059232427076533423e+00
2.096480066457832692e+00
1.827055714267141973e+00
1.819238561942803756e+00
1.892979105316727972e+00
2.025301484343875025e+00
1.792087012557862513e+00
1.766449295449897150e+00
1.784108256313832852e+00
2.071743264910336002e+00
1.985557972656688541e+00
2.216668978792604605e+00
2.188182437605527220e+00
2.012320794817445524e+00
2.075749571075947486e+00
2.048469972216761636e+00
1.999181110944081796e+00
1.944121640082491664e+00
2.006546994988183563e+00
2.051496820762019002e+00
1.892913170610787787e+00
2.026997084758783263e+00
2.086382271755494955e+00
2.011759444818384424e+00
2.182275430849349274e+00
2.076670938980941461e+00
2.128997059308012751e+00
1.688931026733853979e+00
1.779653001226519038e+00
1.645258463567612850e+00
1.659171388934939984e+00
1.790203689218407224e+00
1.697299645440716098e+00
1.974428982957577183e+00
1.864137208229104559e+00
1.772528450747553164e+00
1.889585118837942890e+00
1.652200577902246170e+00
1.838261942621538747e+00
1.917282314111735220e+00
1.922148384745649086e+00
2.086360356254719495e+00
2.060579535837674392e+00
2.176775338375899427e+00
2.404197014867380133e+00
2.249397446476234741e+00
1.837629083767089000e+00
1.749773787405670245e+00
1.728510140261024564e+00
1.817560645211011794e+00
1.897533808581251424e+00
1.895665230177444815e+00
2.064609852129453582e+00
1.914184969065958919e+00
2.039257828204512180e+00
1.734085057576924660e+00
1.846074805731636070e+00
1.746364374555536170e+00
1.882535415073390617e+00
2.036137280001295125e+00
2.051871195973633544e+00
1.973971016633262243e+00
2.179493687074630870e+00
1.980085569345795715e+00
2.034986803199403838e+00
2.078623550348481785e+00
1.948942410916929324e+00
2.094463369367940420e+00
2.243857454698226839e+00
2.130846598683876714e+00
2.051554697847597808e+00
2.105364454421008613e+00
1.707319137826906141e+00
1.826808157093693818e+00
1.866179095519078901e+00
1.862740923557741901e+00
1.719442057540892632e+00
2.006776433617635025e+00
1.769929083834361760e+00
2.063385730984515387e+00
1.848435922629028783e+00
1.729656101011639135e+00
1.961786448176507935e+00
2.049102900884450573e+00
1.885700797729461753e+00
1.747846375043787370e+00
1.957811725712788053e+00
2.020759597769818505e+00
1.858874939097566514e+00
1.798356939456092762e+00
1.890160289890809198e+00
1.803565275722159189e+00
1.765143402086580604e+00
1.706743148419150202e+00
1.776497585783092914e+00
2.025624802367662181e+00
1.741170856255574551e+00
1.802275256477426923e+00
2.039374208787660070e+00
1.624665034500673455e+00
1.946110130046156517e+00
1.953799073278638332e+00
1.798590523988980783e+00
2.029121537784987162e+00
1.911965420183295628e+00
2.014409685396126193e+00
1.826594305795068873e+00
1.905274350654752480e+00
1.919097630262043719e+00
1.780165129790641565e+00
1.778072919858172396e+00
1.698357783794834264e+00
2.177819620623428598e+00
1.861168108820629108e+00
2.225017042722118088e+00
2.141408451951436476e+00
2.107600889677597955e+00
1.922775623166988579e+00
2.053750880518408817e+00
1.965119652790788596e+00
1.777799046062724653e+00
1.827217922167948316e+00
1.971771863121859258e+00
1.840786543236632156e+00
1.850346046698417846e+00
1.892564824956709968e+00
1.766463277097559681e+00
1.952091772620156318e+00
2.096052503064538719e+00
2.021128885385536034e+00
2.162190003017878670e+00
1.807516619684020220e+00
1.800382080573720955e+00
1.843393996428590365e+00
1.743966107580938729e+00
1.745518575981644060e+00
1.691721875983412948e+00
2.075869793393622320e+00
1.853122928636191435e+00
2.042698185940061251e+00
1.894360938725129229e+00
1.786112367815839930e+00
1.865874469590248719e+00
1.861367618338704233e+00
1.867495803166519197e+00
1.900362714817870335e+00
1.802204690766245010e+00
1.827221944445711843e+00
1.968868100133801535e+00
2.122936991135428109e+00
2.371009531242830093e+00
2.198001899587081809e+00
2.085658757635745264e+00
2.108927935697859635e+00
2.023647188488072679e+00
1.877416383855556870e+00
1.939320743808013781e+00
1.820090597065450622e+00
1.843327363261775709e+00
1.722397866697970015e+00
1.725035975075110306e+00
1.731204671901211078e+00
1.893625463981870150e+00
1.783530200668971721e+00
1.937973023248801496e+00
2.038295413585650362e+00
1.963977043995710714e+00
1.971824417290518383e+00
1.852244665221155051e+00
1.806918053672795788e+00
2.254436004794017734e+00
2.185068592011642608e+00
2.093256685719485866e+00
