2.162978566418384485e+00
2.300640216923916626e+00
2.298568577224870069e+00
2.288735056007790369e+00
2.262468900917227188e+00
2.233826135088634146e+00
2.350997899178403738e+00
2.344852389368969003e+00
2.234099146196755203e+00
2.131852303126139159e+00
2.142572292236439857e+00
2.119117084763188164e+00
2.256335655415733221e+00
2.287394715131041867e+00
2.119541061624893086e+00
2.297444745091255403e+00
2.304583099840226357e+00
2.117442689190792926e+00
2.378256122518702664e+00
2.132777922805659809e+00
2.258502805587641937e+00
2.234904112929497533e+00
2.569085410938227287e+00
2.455935281098948764e+00
2.270341978886456058e+00
2.317735766701666478e+00
2.222897723065955677e+00
2.322101036044139644e+00
2.447075082051043182e+00
2.320853059131466001e+00
2.341018754406205105e+00
2.478356281424200613e+00
2.336492304438765100e+00
2.240479695824742823e+00
2.367714500506490349e+00
2.404477623268760134e+00
2.457118161423416325e+00
2.483157941200557328e+00
2.468546924371851858e+00
2.186040495518313254e+00
2.205564155333430865e+00
2.478463712352416692e+00
2.295767889603391065e+00
2.462761409676077484e+00
2.265754060191069286e+00
2.458359725545629981e+00
2.261382195504707315e+00
2.404639548188616249e+00
2.300838858988310420e+00
2.227178115362277389e+00
2.392678829757927339e+00
2.400648071394268168e+00
2.332554786764617027e+00
2.297375961217291263e+00
2.298048944126788840e+00
2.338449630780393917e+00
2.314243004228184297e+00
2.150844764431482758e+00
2.274454163284909125e+00
2.221910141864492871e+00
2.458045534202041082e+00
1.984850669726311523e+00
2.172858867735492527e+00
2.101742664911742775e+00
2.437376799211349976e+00
2.422920005552505973e+00
2.155239338381095049e+00
2.053693018224015621e+00
2.359991584400680242e+00
2.371367191737398628e+00
2.390534621413822336e+00
2.387638204832212452e+00
2.499388710558090310e+00
2.246662272184646092e+00
2.400954487215534616e+00
2.160277645744375530e+00
2.427376279222791311e+00
2.290890716303736419e+00
2.511482373091666886e+00
2.288772666184914151e+00
2.414628855275918085e+00
2.371517512652076221e+00
2.313138131262862274e+00
2.457561187692029137e+00
2.380787834220676302e+00
2.316669633714099508e+00
2.193916984744218812e+00
2.401225765673594914e+00
2.526555865052901861e+00
2.424773012025272845e+00
2.403255716153378518e+00
2.371807501593510725e+00
2.323456169171584929e+00
2.149653799823887823e+00
2.197999555793305859e+00
2.258094274347291819e+00
2.167390039826970760e+00
2.426776466313900205e+00
2.149233464135506200e+00
2.165708254362133989e+00
2.203249445623110425e+00
2.230550700715162371e+00
2.591232638481887118e+00
2.661782939428178452e+00
2.457817487922663968e+00
2.603680190691363805e+00
2.497211958348290572e+00
2.457291914024597901e+00
2.445060305518928612e+00
2.494790857339116208e+00
2.500617547901158311e+00
2.319207929449859318e+00
2.345014274228631290e+00
2.302826666662885380e+00
2.331784956702918965e+00
2.361868031973051174e+00
2.434874727025347241e+00
2.138197043185590562e+00
2.437476791245081209e+00
2.249230711755574763e+00
2.827854460132347647e+00
2.526749644569325604e+00
2.311614491203760391e+00
2.376491621083951955e+00
2.387824674440552908e+00
2.392071811183916097e+00
2.549594671658712564e+00
2.388461702611082149e+00
2.593323037002992937e+00
2.566360675284047321e+00
2.474160315730268955e+00
2.411769639989561842e+00
2.523373834963907214e+00
2.425481053593296465e+00
2.370425340436474571e+00
2.513919303412060824e+00
2.399623983502722879e+00
2.547474748712913684e+00
2.023604634699720961e+00
2.066972610736489635e+00
1.966602296330857147e+00
1.989287356527568607e+00
1.990458063358049090e+00
2.125239695918163196e+00
1.887904945840366056e+00
2.077592846038087693e+00
1.904000558922166020e+00
1.925560999442101018e+00
2.151211911865649640e+00
2.192688849691113884e+00
2.232706801188609536e+00
1.961193955044781223e+00
2.055010690037483378e+00
2.206198931979049149e+00
2.297406046219096165e+00
2.423231171030438613e+00
2.506599018336298279e+00
2.296313101691203951e+00
2.547014960863200006e+00
2.385012843600724963e+00
2.178479851894894903e+00
2.308668296542366161e+00
2.597118226785291029e+00
2.611825042781001471e+00
2.476435240882047584e+00
1.996528646786934980e+00
2.324712268608935872e+00
2.289475809725634026e+00
2.412290611116836292e+00
2.318259337864975844e+00
2.477767474554446459e+00
2.440935440151040581e+00
2.494119554924388638e+00
2.425564706924319136e+00
2.450842152636468985e+00
2.351813291901360792e+00
2.623884285404582961e+00
2.605995630703337174e+00
2.611611996797399637e+00
2.639257562684560465e+00
2.809309168189056294e+00
2.657776828091365395e+00
2.482387147158321650e+00
2.507368023977382343e+00
2.546457130231269073e+00
2.249346803230190872e+00
2.392730401432108689e+00
2.373549203981825784e+00
2.095853879849762347e+00
2.346755725140282856e+00
2.074121983031622207e+00
2.533379108010938907e+00
2.257424961197541879e+00
2.091806250215318741e+00
2.456631806486450742e+00
2.130762320632532791e+00
2.260727217891995711e+00
2.181342160093450833e+00
2.414601671157031948e+00
2.298187276571353799e+00
2.330506170344742056e+00
2.505005568731587751e+00
2.409154959557293640e+00
2.366741279196257874e+00
2.577486197613982455e+00
2.549328573619672689e+00
2.137449230045938453e+00
1.783077573990195175e+00
2.038863176542533129e+00
1.939587275976734970e+00
2.033446666212083365e+00
2.224377281889176050e+00
2.090146997497136727e+00
2.125580808021211965e+00
2.165675877852357267e+00
2.163369029536692967e+00
2.472191060076848412e+00
2.199754241798856924e+00
2.262209747104404922e+00
2.503004463787631639e+00
2.421598953459392245e+00
2.386161987464303191e+00
2.558765925886649306e+00
2.361570030927075070e+00
2.343828036478574628e+00
2.350804727960579932e+00
2.496591522944892727e+00
2.375629414134068362e+00
2.458470892075402592e+00
2.409779241909717928e+00
2.683719601176923319e+00
2.647398330728146565e+00
2.617495831687782104e+00
2.449704012705823608e+00
2.591037772679303686e+00
2.628715504214898413e+00
2.379819867659341615e+00
2.624380203304981229e+00
2.475183539533392096e+00
2.513653381496627315e+00
2.769981093842223352e+00
2.595563727026088952e+00
2.539133371104843828e+00
2.421350342755684615e+00
2.365588140527938421e+00
2.383176501000607406e+00
2.639060276265797089e+00
2.594592485430192053e+00
1.908444950225406389e+00
2.156809418730541328e+00
2.008180340804579522e+00
2.171683673080397003e+00
2.264524543198192852e+00
2.153696311263606944e+00
2.282515426619807553e+00
2.268061560403144661e+00
2.205248775924391058e+00
2.298763071468391761e+00
2.196854974222538281e+00
2.060556369532967835e+00
2.108141812518268043e+00
2.341271193914951088e+00
2.290070576627741605e+00
2.214365448391562907e+00
2.095827933098739493e+00
2.544522953224571449e+00
2.084058211194088184e+00
2.152886646678220384e+00
2.216310447535112083e+00
2.605870078239787446e+00
2.208104016820801707e+00
2.196807647586387358e+00
2.418043863139857308e+00
2.563114679780094107e+00
2.169141208068863236e+00
2.262071321881721886e+00
2.374083650789632571e+00
2.279269591416364982e+00
2.247086799147328229e+00
2.191458382217088996e+00
2.242181718183141381e+00
2.361945909381949704e+00
2.472780455271549549e+00
2.403953880592715642e+00
2.592807339568135916e+00
2.182921967881371383e+00
2.180988428482013575e+00
2.312649876968759788e+00
2.288479093107108842e+00
2.588297624878863612e+00
2.501791082524513765e+00
2.394983514852241591e+00
2.255084225370197260e+00
2.383638781034873588e+00
2.452302297590128077e+00
2.468568671661693248e+00
2.424195902363608823e+00
2.327400147422542975e+00
2.207040894840243794e+00
2.377414363713056922e+00
2.305043488961785680e+00
2.253085911496184757e+00
2.065171612087937092e+00
2.334668450356047753e+00
2.236371149925012514e+00
2.353267261392472331e+00
1.945594812935897755e+00
2.067281425945191931e+00
2.497119809859891237e+00
2.107718986587274301e+00
2.353312713834954550e+00
2.031660090171885091e+00
2.257108197908216596e+00
2.065598745117683599e+00
2.454060822454943835e+00
2.263238126608483114e+00
2.052333761240853871e+00
2.349576649885006141e+00
2.122624630006958224e+00
2.426290537150362692e+00
2.241477982230451360e+00
2.411847899038990661e+00
2.298962264579371251e+00
2.348636080394276959e+00
2.478940195434152560e+00
2.123815302567671814e+00
2.367559107592496659e+00
2.403680701943652132e+00
2.452594649317267894e+00
2.332679453609213027e+00
2.279119303424805398e+00
2.311564452548700466e+00
2.379579792414597605e+00
2.163233831262495244e+00
2.312235571390486299e+00
2.389196803768199651e+00
2.456487889053160956e+00
2.314429272083958100e+00
2.488254310705830363e+00
2.292968180425658087e+00
2.506313402936998891e+00
2.530549379386384246e+00
2.267632646515823858e+00
2.163143176949213320e+00
2.116000563825125358e+00
2.236404200282336330e+00
2.320693563878356347e+00
2.518597956442324204e+00
2.353467853227833473e+00
2.575275260381481690e+00
2.149239532585855983e+00
2.161323312592733803e+00
2.347027584308522652e+00
2.553289597440296266e+00
2.426093170596139714e+00
2.634365135808843128e+00
2.558056630265342246e+00
2.436774003694353929e+00
2.567803529302299381e+00
2.541919824913656534e+00
2.433747383458480851e+00
2.515043976160112216e+00
2.495118108269409163e+00
2.444674948954805860e+00
2.386161084067202065e+00
2.382729482598152870e+00
2.182530421583458669e+00
2.457147691115672217e+00
2.316429071318170774e+00
2.448916110392970857e+00
2.371943703798236047e+00
2.462837195122787648e+00
2.466056122850227794e+00
2.501937332870551867e+00
2.435322570909405737e+00
2.449167502169466104e+00
2.552956939615954823e+00
2.284284282163237201e+00
2.417427867481361403e+00
2.526175955376775306e+00
2.502495016239802084e+00
2.568407067130261456e+00
2.532535402437468885e+00
2.317190678383162616e+00
2.601994664107412536e+00
2.468207012156705904e+00
2.287776564468054996e+00
2.458139178943057779e+00
2.263027664572886621e+00
2.407508211452671798e+00
2.177070074649416931e+00
2.483615411032337850e+00
2.332986512803735035e+00
2.128921699819544155e+00
2.569137626048612955e+00
2.524753697735685698e+00
2.624041892790827113e+00
1.887685598917919538e+00
1.995610175690844423e+00
2.010752132649667789e+00
2.139104881766596744e+00
1.849718968761280280e+00
2.009307305938313970e+00
2.143489587808864005e+00
2.029099715097554935e+00
2.028948158694250381e+00
1.796179083405653465e+00
1.891290485111042807e+00
2.154686664069491719e+00
2.116148451514532347e+00
2.005210323438965769e+00
2.006028866748416295e+00
1.985922415352893822e+00
2.141431565127966063e+00
2.479443437403585193e+00
2.510057064873249200e+00
2.403836837902503021e+00
2.203707120029031685e+00
2.172243652652472878e+00
2.425246413370875764e+00
2.363871533716425777e+00
2.520495750098877608e+00
2.319904520332861875e+00
2.130117225807143022e+00
2.258641283581734438e+00
2.330460671927356398e+00
2.287971028064666790e+00
2.238169887144243919e+00
2.509429500358690390e+00
2.385154276293330877e+00
2.432961690851646264e+00
2.217917679268502251e+00
2.424149482989577109e+00
2.356138379911049796e+00
2.492360234137823927e+00
2.395019737330448262e+00
2.372225809229036919e+00
2.459743064750040009e+00
2.604498636015017077e+00
2.380962823183869759e+00
2.527859016896330413e+00
2.627336296199202614e+00
2.650436049113796155e+00
2.434946604263193759e+00
2.546775623057802473e+00
2.465098847395738701e+00
2.682093593114690755e+00
2.642732844077150922e+00
2.509755490984264092e+00
2.504404501677966355e+00
2.456484487831011254e+00
2.513430898264359392e+00
2.187055723856971223e+00
2.277513617975971627e+00
2.410142128808873352e+00
2.246806666240768191e+00
2.498343613286958309e+00
2.484582887620992775e+00
2.463846031973140338e+00
2.512423140097967522e+00
2.251183630617857645e+00
2.326175347201004051e+00
2.249863397713477653e+00
2.222403948173364174e+00
2.388350294813807118e+00
2.176605993298004638e+00
2.128650939461818936e+00
2.186520782563233123e+00
2.136033067941676578e+00
2.252307812256863606e+00
2.224933549961295220e+00
2.120257308328741264e+00
2.278512548522595438e+00
2.329796100611731813e+00
1.885869274023150410e+00
2.054514756434880685e+00
2.070530379096592988e+00
2.228611622838222672e+00
2.372257882462295964e+00
2.203125296203488404e+00
2.479083928055332287e+00
2.362424845523185546e+00
2.411998877810991981e+00
2.541675565317748298e+00
2.387367089200238990e+00
2.552576897374608578e+00
2.434967102444350662e+00
2.466365546519186047e+00
2.616998122433251694e+00
2.635114608704387962e+00
2.536965184577923083e+00
2.705379432891958036e+00
2.429088459252981558e+00
2.432150904093722144e+00
2.387300396275386927e+00
2.298863048801234044e+00
2.280742250962298989e+00
2.392918809231282307e+00
2.398734436702154582e+00
2.400667218450691642e+00
