1.639292543224854182e+00
1.557852812109784546e+00
1.448967244299599777e+00
1.526691086451535284e+00
1.520080282049594889e+00
1.543069512745824712e+00
1.681447792425248000e+00
1.758090544881383499e+00
1.690030935428464609e+00
1.638493871254192769e+00
1.806750454139095075e+00
1.831380429902778495e+00
1.841637831799042280e+00
1.906700137137276929e+00
2.002694005795073284e+00
1.648297414048732312e+00
1.754217266190888580e+00
1.941481414995522403e+00
1.704645983974556023e+00
1.993191864635395438e+00
2.012615926110175923e+00
1.939250632805793240e+00
2.021906740157367821e+00
1.741204361486426766e+00
1.885469343871714942e+00
1.890422897410159564e+00
1.795531797393973950e+00
1.961472117459600595e+00
1.908449283479720648e+00
2.048419533605963405e+00
1.715242622644484127e+00
1.670597334049152449e+00
1.598644584618980957e+00
1.819207041987871643e+00
1.794748840257557321e+00
1.886659289182901045e+00
1.895858277299723893e+00
1.623900215731148844e+00
1.504446501059106156e+00
1.556136492010535610e+00
1.877274480401339041e+00
1.729341375694974259e+00
1.770313127641115258e+00
1.750028731970430629e+00
1.704978323800903084e+00
1.931255139500035689e+00
1.976609435668287285e+00
1.842398351098956333e+00
1.840846043072767557e+00
1.864948334342118486e+00
1.695078993562717296e+00
1.565567691541248863e+00
1.739486958682592066e+00
1.574889159924756754e+00
1.502583679189198662e+00
1.597297266945272742e+00
1.738767629086291455e+00
1.716865130222109181e+00
1.758914401680949036e+00
1.758721529305985021e+00
1.832339875235050597e+00
1.725638955689934750e+00
1.779817551934616437e+00
1.796144443714844607e+00
1.775668338479337027e+00
1.971218699291959808e+00
1.782780732588956862e+00
1.690368901763356080e+00
1.802293235752563394e+00
1.963046931903069892e+00
1.940328044127480167e+00
2.004602742487023637e+00
1.990945211056060815e+00
1.471435498507901007e+00
1.783591588519227944e+00
2.007683554977551132e+00
1.884631296837811165e+00
2.042248050812378590e+00
1.709511560452613876e+00
1.768568177717946943e+00
1.833060441716755529e+00
1.786462217916935602e+00
1.718538744037382715e+00
1.748019635895076584e+00
1.784716231253262508e+00
1.984759406006146421e+00
1.936103204603902173e+00
1.985872063480644156e+00
1.903790894096688335e+00
1.657051149225981401e+00
1.664048864676379358e+00
1.560243833422307658e+00
1.507385455134163221e+00
1.798834902442990158e+00
1.808264706934978427e+00
1.686913274511969263e+00
1.914427329422874857e+00
1.941531003717787529e+00
1.907108282396370313e+00
1.826843624753452078e+00
