1.797651911085065946e+00
1.866183930926902157e+00
1.914834357130265063e+00
1.774804230527889271e+00
1.801504801814581169e+00
1.984488842098286465e+00
1.836330188141763964e+00
1.949473441634216542e+00
1.790932986819497641e+00
1.928359447681285532e+00
1.893420281359169621e+00
2.025772455351281476e+00
2.071067756369733281e+00
2.030990317300273684e+00
1.780966491560714182e+00
1.953419420019590680e+00
2.007093945392748324e+00
1.969043383271610326e+00
1.751057983378695226e+00
1.943764758422798611e+00
2.169309338497621642e+00
2.128503392221051005e+00
1.815877471657045605e+00
1.829623382405608512e+00
1.892199457560500342e+00
2.025791728364971345e+00
1.881161432934475020e+00
2.108221793523444187e+00
2.075997574575890514e+00
1.894359600965948687e+00
1.864289550607281631e+00
2.065264760898541496e+00
1.877595539628599042e+00
1.869432758901415914e+00
1.710928697503265594e+00
1.827839199687397498e+00
2.093519548626751270e+00
2.024799183006743775e+00
2.228867909253999802e+00
2.094921197654623146e+00
2.151037047279070968e+00
2.214361144103591084e+00
2.227154356328658213e+00
1.943527229129083267e+00
1.860297275915361093e+00
1.999081035883252255e+00
2.312924943600328298e+00
2.078094723929540866e+00
2.107226897206151861e+00
2.224683106279317535e+00
2.123028231466393301e+00
2.201236814577874235e+00
2.041892923961453832e+00
2.264302602592838110e+00
1.815854499250402210e+00
1.856490667237374437e+00
1.714079765777512643e+00
1.737005347382308607e+00
1.911868912070923354e+00
1.839237050412201091e+00
1.978409933940885379e+00
1.985809060715964414e+00
1.847855967204294014e+00
1.888630174540411266e+00
1.807756376079125094e+00
2.005706169686982676e+00
2.088809465461443970e+00
2.154265281336241511e+00
2.328131376410097708e+00
2.224531311904197839e+00
2.227895406344153173e+00
2.375466087671338933e+00
2.347592059216033533e+00
1.891093996443707681e+00
1.809612894874148781e+00
1.740024821089477980e+00
1.838313749331496272e+00
1.969574680972593805e+00
1.869459818587511979e+00
2.076400232514187483e+00
1.880631133608309913e+00
2.005179201717238069e+00
1.961222818535795387e+00
1.834872245721769657e+00
1.937951747869561148e+00
1.964348994006192228e+00
2.249574649463632614e+00
2.102267530774591275e+00
2.117614788170213647e+00
2.197061847532518541e+00
2.220131927687169604e+00
2.273478973292132999e+00
2.322799097155588743e+00
2.194567615025607488e+00
2.279480554258467517e+00
2.204651130660523428e+00
2.146241055309231704e+00
2.003157998801426753e+00
2.151334967873338222e+00
1.846171634523229521e+00
1.758768098128993485e+00
1.906173990047949074e+00
1.863377518652752807e+00
1.695487108176778612e+00
1.979392274358390269e+00
1.771367524932873083e+00
1.987738769881823409e+00
1.810159517961249520e+00
1.674895899716271064e+00
1.857728836072062517e+00
1.966855584261312018e+00
1.853959628783040436e+00
1.717956875513235726e+00
2.028194091601839055e+00
1.995106606118550951e+00
1.862536769678786674e+00
1.896057610155584827e+00
1.964433798271714604e+00
1.754331263935424712e+00
1.928577008595396602e+00
1.802943125563117421e+00
1.966152847779955692e+00
1.970462590221719879e+00
1.848986399792740931e+00
2.050337594612711367e+00
2.044313850903978214e+00
1.858925699485146632e+00
1.896610327272389984e+00
2.028866124974106011e+00
1.860715936081126287e+00
2.132676565880396335e+00
1.854542515775596812e+00
2.084035675767535345e+00
1.805462182096052803e+00
1.949278358329910921e+00
1.994946642056769859e+00
1.827968158597411907e+00
1.890742148959052349e+00
1.803141249557400627e+00
2.164274804740477176e+00
1.892767955865915175e+00
2.061423298877039567e+00
2.229606062021376456e+00
2.056970130895357407e+00
2.138625389941366972e+00
2.188688990086007369e+00
2.242096661707010608e+00
1.845026648643806944e+00
1.828774829932137802e+00
1.961982535196665545e+00
2.193158672404745158e+00
1.860458250429579019e+00
1.970452562758792547e+00
1.988375099224715337e+00
2.235284572700802830e+00
2.149875810445276425e+00
2.058705884222014504e+00
2.253433153466710692e+00
1.934524858079703202e+00
1.938927175650105639e+00
1.937110535582359905e+00
1.817974490441976343e+00
1.788162989340745357e+00
1.708592289476770665e+00
2.049724559386308265e+00
2.093349132823352665e+00
1.984063949810537464e+00
1.868864661743283806e+00
2.012383188616324592e+00
1.978104223122042038e+00
1.993638479098599925e+00
2.045600373959650664e+00
2.217216983758693249e+00
2.100419855384604961e+00
2.043123784194175840e+00
2.307281375114914379e+00
2.154514226731450766e+00
2.325030645566214638e+00
2.330956534803208857e+00
2.140688475450520212e+00
2.262488369139062705e+00
2.015477788201501141e+00
2.027010299072031785e+00
2.038118995057140115e+00
1.853513613638879010e+00
1.865617503976709113e+00
1.794896480754118118e+00
1.753595607885357621e+00
1.726364729963615785e+00
2.103363690687849008e+00
1.928302934030126981e+00
2.030808105615181880e+00
2.134385448283214082e+00
2.126353879184525564e+00
2.186980683890406230e+00
2.035473707307932756e+00
2.092105228958327512e+00
2.160286702612322252e+00
2.218925637734251666e+00
2.218037032162600841e+00
