1.813469723497909358e+00
1.888020565687584806e+00
1.949258033984597072e+00
1.783736087614723687e+00
1.809268713819026209e+00
2.023188281966962876e+00
1.842694779713750064e+00
1.993316501953550812e+00
1.771484767079934963e+00
1.842202041846318528e+00
1.913538538835288128e+00
1.893492117460396695e+00
1.958835120144250208e+00
1.931859607190830719e+00
1.831483592323966292e+00
2.041603566283610949e+00
2.140432898979808485e+00
2.113749269967291511e+00
1.916074020701428182e+00
1.995948594943595999e+00
2.128018750693440264e+00
2.096377617505297497e+00
1.836149004712783972e+00
1.811124236597966952e+00
2.137181489592148598e+00
2.003364084178366422e+00
1.953502541490759636e+00
2.148707483917838612e+00
2.183476563398448089e+00
1.969716045351333600e+00
1.910368868901148431e+00
1.923185700342184390e+00
2.030828635144966032e+00
1.851505748615281943e+00
1.781085310272478406e+00
1.795693312345245873e+00
2.360024113908797627e+00
1.986860795437069838e+00
2.447479697938918619e+00
2.315968058827311715e+00
2.118982635973937878e+00
2.247013786964112025e+00
2.219388685976400932e+00
2.102886669042236978e+00
1.938114994235639932e+00
2.064361667823054525e+00
2.359113864176177078e+00
2.053057031660047382e+00
2.135857513103689431e+00
2.218792163939171669e+00
2.052511103046211982e+00
2.224714239992439335e+00
2.134015576017414872e+00
2.222808125231995113e+00
1.821702409952588253e+00
1.923053369586852357e+00
1.769479025594068666e+00
1.743451448236708945e+00
1.850201225252438908e+00
1.819906863939950492e+00
2.094610764499775346e+00
1.929795444635710622e+00
1.890226289673088145e+00
2.009362149185276003e+00
1.827132960650989624e+00
1.962967254968045916e+00
2.032478339502528986e+00
2.090184091892957063e+00
2.315656016813988138e+00
2.147826847646758797e+00
2.264765342772129486e+00
2.352697924948849995e+00
2.301705493127951918e+00
1.884937838542363409e+00
1.902913818988586359e+00
1.839796890006371699e+00
1.867814400630366745e+00
1.924268356980751049e+00
1.876835436816324476e+00
2.072433165300064495e+00
1.903191030737593215e+00
2.041121770837967642e+00
2.053837589054942292e+00
1.909478407458792049e+00
1.955419814466703876e+00
1.968603621802580195e+00
2.202915810586045353e+00
2.028793055231906450e+00
2.065239809810731408e+00
2.198168232890105767e+00
2.159472970994541274e+00
2.196791155338644330e+00
2.239565070805648705e+00
2.179108071173586847e+00
2.295201803159905296e+00
2.241427725180130448e+00
2.165503336524200684e+00
2.081508854952016652e+00
2.179536580226059339e+00
1.879071183994859950e+00
1.825693819101645854e+00
1.902703938397080741e+00
1.883180011565183554e+00
1.790453277808010890e+00
1.936163580529506767e+00
1.825690328675042329e+00
1.944230720277732027e+00
1.821502235885664511e+00
1.793754051657221682e+00
1.939957517215186611e+00
1.987127472214034629e+00
1.937209726809157928e+00
1.807180112239745950e+00
2.083831236962102818e+00
2.156709763630389354e+00
2.029521030415564642e+00
1.891492169873328910e+00
2.032054327965468588e+00
1.835221292233676138e+00
2.044022139590378817e+00
1.863431417171992122e+00
1.984193657276792200e+00
2.024393978432233787e+00
1.766526590337121672e+00
2.000914781255895836e+00
2.069424920550508862e+00
1.687400593099761759e+00
1.867896799533050878e+00
2.014693014757023892e+00
1.914178209260516406e+00
2.144101267821891810e+00
2.003676245062409933e+00
2.123623195160593724e+00
1.899134945545147168e+00
1.977663885964914048e+00
1.878797001246910403e+00
1.924475503853406044e+00
1.935306817622145514e+00
1.780291036241367308e+00
2.174557504346880332e+00
1.967912425709943847e+00
2.130337213444259525e+00
2.390548816003785326e+00
2.230634135201403190e+00
2.111677307832283912e+00
2.122206368687103328e+00
2.231605129207045568e+00
1.803633473683251776e+00
1.977822043435720545e+00
2.049352253362216381e+00
2.174117990792233890e+00
1.956012665720183508e+00
2.177340801698696815e+00
1.923405458976501059e+00
2.204007708745454597e+00
2.191982617169490943e+00
2.107093717234769237e+00
2.290949679936689520e+00
1.947694784494619524e+00
1.933360874255005912e+00
1.928871210188863872e+00
1.847834199757680151e+00
1.863996117561540267e+00
1.786942010579735118e+00
2.118138552932770313e+00
2.151191206967599800e+00
2.001877686542488988e+00
1.934202943651987860e+00
1.998020590795079210e+00
1.929656889636180095e+00
1.989053328500801854e+00
2.021906961700560057e+00
2.262496717963184523e+00
1.947108565978551420e+00
1.987854422036372526e+00
2.230480465876822915e+00
2.142540461093068505e+00
2.272772870403045431e+00
2.278363519975326490e+00
2.167100433205176646e+00
2.277201474934484882e+00
2.099254191923340507e+00
1.989870516533223332e+00
2.162102594867391758e+00
1.903310887774106730e+00
1.903497595476352444e+00
1.830391075549978153e+00
1.715909086606322242e+00
1.725673165687981125e+00
2.071940902936259654e+00
1.885300877383730311e+00
1.990944543100332753e+00
2.109573213468005193e+00
2.104107045882666061e+00
2.146232813067517231e+00
2.031816037237245798e+00
2.084237606089895500e+00
2.209511739964181043e+00
2.250892681546954766e+00
2.217181129704144382e+00
