1.628694221115206453e+00
1.536038609085385254e+00
1.489729826477648622e+00
1.471378063691274551e+00
1.457457413262784218e+00
1.590599260819727689e+00
1.651493903192716495e+00
1.727090704498044804e+00
1.636478315411799223e+00
1.490466003212141954e+00
1.683811822365885558e+00
1.696796156296304092e+00
1.750733993872268357e+00
1.807695264486309572e+00
1.957562816021422680e+00
1.614133989385251766e+00
1.705611791639430441e+00
1.954226474886083809e+00
1.625331983621657761e+00
1.848861008148907414e+00
1.979653579785901396e+00
1.917390381358654583e+00
1.915367462355340722e+00
1.696595445269521996e+00
1.844351359596937634e+00
1.879837877685583747e+00
1.811482139140499381e+00
1.973800062627074858e+00
1.824215362436087950e+00
2.001014134586365678e+00
1.654571629136671440e+00
1.543062244026921048e+00
1.518764014367531390e+00
1.792542797952100475e+00
1.802084034769093845e+00
1.862956503887233328e+00
1.777356416129860728e+00
1.424307631442937039e+00
1.450185913584007613e+00
1.528162848117946560e+00
1.825332877193327041e+00
1.703451145877206141e+00
1.771493449943521536e+00
1.648624106972969683e+00
1.726198224835135298e+00
1.912132738332737336e+00
1.909956080642995158e+00
1.800038735806232193e+00
1.908404488106963948e+00
1.801543711013550153e+00
1.637861150757482731e+00
1.500928914236884459e+00
1.665705682231543472e+00
1.494617420796950480e+00
1.475482000126658422e+00
1.633329407771217046e+00
1.630989416711692064e+00
1.720454222655083187e+00
1.695921545261723562e+00
1.693349043616595440e+00
1.722905393815248543e+00
1.660311746828639468e+00
1.737701971768657927e+00
1.749927990391630273e+00
1.762040000256813732e+00
1.942224931312659830e+00
1.768453493097297713e+00
1.668082915020744350e+00
1.740786260777253736e+00
1.936223826332742926e+00
1.964266405880046529e+00
1.911479062289495046e+00
1.947753880612102861e+00
1.515778270506742853e+00
1.670188809520235296e+00
1.993540241314617267e+00
1.870319244661644120e+00
2.045215199663712013e+00
1.685442313064516862e+00
1.714503922754055276e+00
1.717337741421567587e+00
1.728269142406044123e+00
1.704334748087827034e+00
1.764645661713303282e+00
1.805087151368233833e+00
1.964417117843623162e+00
1.898138215073694735e+00
1.978871156658595254e+00
1.901600525447622037e+00
1.552703584502617362e+00
1.653288734671155114e+00
1.555828806730517266e+00
1.503473187751345641e+00
1.689486634338007276e+00
1.731732149524853881e+00
1.680967218558777398e+00
1.899908820926142106e+00
1.880082251767344781e+00
1.899671765397288770e+00
1.815476604860367216e+00
