1.717162121658427854e+00
1.554160306177400086e+00
1.530925524985946362e+00
1.521226092513046080e+00
1.483610419807860792e+00
1.624193968667168253e+00
1.697577070324703064e+00
1.698587075509991662e+00
1.663222922427889161e+00
1.530700653386168231e+00
1.714371784716952618e+00
1.699995715249927208e+00
1.722835912560257920e+00
1.799039726938390205e+00
1.903072759467716368e+00
1.655586781139579466e+00
1.687287838272247376e+00
1.893241238413896355e+00
1.651850398576020007e+00
1.777233342382775749e+00
1.853701084780385644e+00
1.885196266475033910e+00
1.887546009934465419e+00
1.721869516731332039e+00
1.790650590899387273e+00
1.878625709370950192e+00
1.718194629101923443e+00
1.948641774345416744e+00
1.795577969067548851e+00
1.894144467997770143e+00
1.720843178051766120e+00
1.652320734492719323e+00
1.540701466177970103e+00
1.807583174860946773e+00
1.670354912155286087e+00
1.848903617619678919e+00
1.896511224203434320e+00
1.543840253978927102e+00
1.455017233954376543e+00
1.566156362226879928e+00
1.860803967202816933e+00
1.685963653517710048e+00
1.706854511917819339e+00
1.677903367798780243e+00
1.723791461687897542e+00
1.899044046493555626e+00
1.853151592997702934e+00
1.795701259534159266e+00
1.913729581399201018e+00
1.791190499247980794e+00
1.660249474538604497e+00
1.506829540291446001e+00
1.650924856541292618e+00
1.475090242837310939e+00
1.460930398618722537e+00
1.700831172342748054e+00
1.613713357042994234e+00
1.641680522816939991e+00
1.652955987600192023e+00
1.605815164944115470e+00
1.582778733801041504e+00
1.554676728660635776e+00
1.557138786714153511e+00
1.649601468580599972e+00
1.671916748004748099e+00
1.823982328544369702e+00
1.683993397963217342e+00
1.597217757166736973e+00
1.620192827715828621e+00
1.892915001644242423e+00
1.856790351260217520e+00
1.851279684197119746e+00
1.843621479179007094e+00
1.457542296778819635e+00
1.549129831428479598e+00
1.849585618869021397e+00
1.745944281242998830e+00
1.858191696367294865e+00
1.654561707466957632e+00
1.723524702761229044e+00
1.570609966653089939e+00
1.700546257245470816e+00
1.650066257632388567e+00
1.656536093663471876e+00
1.727022360997084061e+00
1.848116672612587719e+00
1.867011916205413513e+00
1.920158058455247563e+00
1.823262931260841491e+00
1.572189934118553678e+00
1.570854587093373667e+00
1.538350026138213700e+00
1.398969240586660945e+00
1.582363045859103146e+00
1.637287521676207280e+00
1.696969889223491901e+00
1.853605745061064125e+00
1.830585699421303447e+00
1.838908285997429282e+00
1.729299178427314621e+00
