1.712566305824054114e+00
1.706656923790044189e+00
1.918320864154303695e+00
1.653554130693686064e+00
1.674334794552792660e+00
1.778374029987141114e+00
1.655521776787321375e+00
1.943020487946527153e+00
1.731197171633451104e+00
1.880353527121454427e+00
1.929784145769443127e+00
2.010295086263651054e+00
1.838019060885346834e+00
1.851643475099137515e+00
1.641264858454670961e+00
1.869849152785454161e+00
1.967805306496084317e+00
1.859186417641372602e+00
1.790985108311734075e+00
1.837728801111610411e+00
1.964105012657665572e+00
2.140229570694695660e+00
1.724758488923153532e+00
1.728384049647646581e+00
1.835364002414394236e+00
1.896888463567708794e+00
1.760201223194025832e+00
2.049158432483638048e+00
2.054948844659859830e+00
1.824534537095107600e+00
1.861779123355743470e+00
1.837675919420945991e+00
1.876970335874161844e+00
1.773682811145590010e+00
1.746874097680942928e+00
1.811509551959158193e+00
1.994739919969119368e+00
1.844122910331572163e+00
2.207539306560601933e+00
2.119163297446994498e+00
1.894981588986825116e+00
2.027859102086750021e+00
2.042275916689792137e+00
2.003411643144146215e+00
1.875725265866479141e+00
2.004519542823869127e+00
2.172307854384586623e+00
1.932953510475596159e+00
1.995853719088234612e+00
2.040360566872875481e+00
2.023698456209907626e+00
2.206419499246902838e+00
2.053995110476197539e+00
2.241924316452756027e+00
1.728608739297537333e+00
1.759442522669002695e+00
1.714252179298874745e+00
1.730878562149143152e+00
1.801802814663350238e+00
1.666439395034484017e+00
1.873592778318113217e+00
1.797774272472262291e+00
1.827516782538622042e+00
1.847922917763632267e+00
1.675004938623982031e+00
1.796143949953653562e+00
1.987020181431685240e+00
1.909495305160977097e+00
1.951520864977734249e+00
2.014716643276073249e+00
2.067370004760387570e+00
2.353888621945592341e+00
2.252602004626238941e+00
1.774971443919189928e+00
1.764195905350401050e+00
1.701117211680137187e+00
1.703293842964601179e+00
1.803159286933142091e+00
1.768572957723703931e+00
1.927740096568578920e+00
1.848953735740818116e+00
1.908880382992003355e+00
1.891201234034259882e+00
1.820279565010127776e+00
1.749310562964057292e+00
1.900686023239332112e+00
1.971050346791251018e+00
2.086538533826302722e+00
2.005580086425766684e+00
2.156991439202697425e+00
2.115900174679573365e+00
2.168564050960995360e+00
1.945627093689702658e+00
2.063161770585254295e+00
2.285532371961036535e+00
2.248076692828256284e+00
2.071913409499182901e+00
2.067745472091914394e+00
2.088844964367754464e+00
1.875467699845584146e+00
1.787996583344673596e+00
1.838998908913201058e+00
1.783390319111287869e+00
1.657326107886905042e+00
1.934026438965554595e+00
1.700199915063276279e+00
1.962764115246280694e+00
1.756396211128043117e+00
1.679674753696124512e+00
1.645560934852953183e+00
1.891101935510776544e+00
1.853192245037696528e+00
1.805848604563824233e+00
1.980421347511522656e+00
1.961375933720948206e+00
1.868554960340646165e+00
1.714876813266881683e+00
1.947722095934134812e+00
1.767297161554435947e+00
1.924489446844040108e+00
1.875135055736796064e+00
1.912644773345166360e+00
1.961824424824042845e+00
1.840605560432149845e+00
1.886055685340700450e+00
2.086288644915053503e+00
1.744757348080283821e+00
1.796286438393770890e+00
1.962809980198076287e+00
1.872971173878772877e+00
2.092872514081450586e+00
1.898169319732617488e+00
2.065678735519266063e+00
1.736520520885325825e+00
1.882771124606897217e+00
1.957704957608412899e+00
1.908296292576663333e+00
1.898830257019554546e+00
1.819871986130631392e+00
2.088807538386279194e+00
1.854222332375542903e+00
1.969391147540160647e+00
2.212628268988436009e+00
2.107119069830019509e+00
2.108768683825601897e+00
2.077623275851588236e+00
2.080560820181311943e+00
1.861823809135790819e+00
1.804834170912316349e+00
2.003028959767402473e+00
2.068476679714172040e+00
1.808354283571390386e+00
1.963593562731036579e+00
1.834776054200217832e+00
2.141358789803120111e+00
2.138796220889821242e+00
2.010580951168536412e+00
2.226137311116860751e+00
1.777804279090370976e+00
1.886545705942209716e+00
1.846602660770644944e+00
1.768787233217412602e+00
1.770988918283389335e+00
1.736534035533737086e+00
2.034505723898773599e+00
1.978911826096444448e+00
1.879317258286368642e+00
1.855958089428100699e+00
1.860593844305950872e+00
1.829902720907865543e+00
1.841406923867157319e+00
1.867284634545748334e+00
2.080796736360097654e+00
1.967093490562829006e+00
1.967622405238952821e+00
2.233436467603086673e+00
2.109106346019876899e+00
2.301440329875814150e+00
2.260978034127364200e+00
2.128411478666892176e+00
2.189706713562286744e+00
1.923327966611006135e+00
1.945473592039324240e+00
1.883734638864241751e+00
1.740322064133890123e+00
1.802818859918190908e+00
1.658079208498566715e+00
1.708440636012370284e+00
1.672578367092312002e+00
1.968450772591826547e+00
1.836663501843533997e+00
1.921167593530900941e+00
2.073331138687630748e+00
1.993463573829840296e+00
2.038268195505873681e+00
1.927564544436147109e+00
1.943171371331043451e+00
2.159696818820787012e+00
2.120327339547304568e+00
2.064144526278241187e+00
