2.171196625780167810e+00
2.120094337720497712e+00
2.260091804228928858e+00
2.121558434369523294e+00
2.166770633552521641e+00
2.033884293943114319e+00
2.027118845829348093e+00
2.330309606378996090e+00
1.828961152499457343e+00
2.122560714209107413e+00
1.975426206758529313e+00
1.943153474831089245e+00
1.915015357905287763e+00
2.191689284294905171e+00
1.931870994915566797e+00
1.854648014215918961e+00
2.118220326261390785e+00
1.868296272251268153e+00
2.319837064783534242e+00
1.951867594861608213e+00
2.005536043186446182e+00
2.085437111632549190e+00
2.530350567902389880e+00
2.476915162045831842e+00
1.999569585976201491e+00
2.221832721264326072e+00
2.069246305472007830e+00
1.980752006279085542e+00
2.340030083892800317e+00
1.983584949246489204e+00
2.034442353706813478e+00
2.387935245425100383e+00
2.119154283075531442e+00
2.301153384943491087e+00
2.219131970672565846e+00
2.288725564757453590e+00
2.182180056570049764e+00
2.449749388466891720e+00
2.359336658464274539e+00
1.809552157948591811e+00
1.922977770283818222e+00
2.136060470272906908e+00
1.983170867536464987e+00
2.346127057094816504e+00
1.850191663621566285e+00
2.330750076586536768e+00
2.147733652095491497e+00
2.346574333087315445e+00
2.123814019941228093e+00
2.190458865918676334e+00
2.360852870082704946e+00
2.207746216977977127e+00
2.202175667093281941e+00
2.139597775926711520e+00
2.076782210122761541e+00
2.141078664200712467e+00
2.277064864617120321e+00
2.027946142158369547e+00
2.149539944528069402e+00
2.071597038684362513e+00
2.288831313633117315e+00
2.001727067815369576e+00
2.089616525076808173e+00
2.053024481039933846e+00
2.292244603641035106e+00
2.391957417672745390e+00
2.156893123225793740e+00
2.022642445111495491e+00
2.159679036747590430e+00
2.320519848352868841e+00
2.231581259465232669e+00
2.374159775423203556e+00
2.558070274803141420e+00
2.143818623905437537e+00
2.334297403411470295e+00
2.271702851301550474e+00
2.241034223449163587e+00
2.244116003810742388e+00
2.526556846315207050e+00
2.220025601004435245e+00
2.355215893636601887e+00
2.235618161496108591e+00
2.190043307433046316e+00
2.246763183380085405e+00
2.222340351823414384e+00
2.213012522292802764e+00
2.140413091175193738e+00
2.237973913786493352e+00
2.231962383013394113e+00
2.146943899574550230e+00
2.239865333707414585e+00
2.132869615363544469e+00
2.259354303076555492e+00
2.172341664689350527e+00
2.136838720883921461e+00
2.186975883237743279e+00
2.250868417886159101e+00
2.338659443339811350e+00
2.177145973220572017e+00
2.218933354042433859e+00
2.235656740846928781e+00
2.273896308195754834e+00
2.486944407504123156e+00
2.589044603757228113e+00
2.566850663291979195e+00
2.337992057044330441e+00
2.379978187632974418e+00
2.233487615403346727e+00
2.435358573076320976e+00
2.445216200149370689e+00
2.464067869248507847e+00
2.382134256135223005e+00
2.320311347249134570e+00
2.358039071874657111e+00
2.262071403991650520e+00
2.394756252432910681e+00
2.085033024253152512e+00
1.913331142563762244e+00
2.545067543078480821e+00
2.260345759436784174e+00
2.634803771302736575e+00
2.448391048286271410e+00
2.327165388682535863e+00
2.390266795412572254e+00
2.413588490339644288e+00
2.318189812214758838e+00
2.462216131420730481e+00
2.345779599037299157e+00
2.525332669245323736e+00
2.510789887283113586e+00
2.327276054495372115e+00
2.328874266050488639e+00
2.560668974656160835e+00
2.343260979779173692e+00
2.250568973838514619e+00
2.580320147298117650e+00
2.486625491621840656e+00
2.572782996208049067e+00
2.124067981699256702e+00
2.031449251389748412e+00
2.090296101125642014e+00
2.084545770517069130e+00
2.022584903782457033e+00
2.277112672875441390e+00
2.024622905819198682e+00
2.161962499266811832e+00
1.858556893662245413e+00
1.960691167103905119e+00
2.057326663189994687e+00
2.129273662196839556e+00
2.150888829262928237e+00
1.923019865435267262e+00
1.945856050057072073e+00
2.195936054152676231e+00
2.122936821258736284e+00
2.478912835973088757e+00
2.240017599710967033e+00
2.206838202708605312e+00
2.143749049932707429e+00
2.091628175254172994e+00
2.017144140113351636e+00
2.216675249900563305e+00
2.233906025760468594e+00
2.297278075285580368e+00
2.543868196866025055e+00
1.991081760396237410e+00
2.154991527008658370e+00
2.357872295874471114e+00
2.208708642620852647e+00
2.314571580872588630e+00
2.423103005763133311e+00
2.335350610009911065e+00
2.340359858047313946e+00
2.306874608792587544e+00
2.314576495720858773e+00
2.387027207892854719e+00
2.371344336899356087e+00
2.340308076602150233e+00
2.532911907224562942e+00
2.629148576625648381e+00
2.757645839611904126e+00
2.656350077036634616e+00
2.502750220739585973e+00
2.573425808412841409e+00
2.588599048593657859e+00
2.085919076202704225e+00
2.205313490703025625e+00
2.249933001578633629e+00
1.884863133673306157e+00
2.119663360376255579e+00
1.918062746039915334e+00
2.061676347242970220e+00
2.015079586930565103e+00
1.990408909210307442e+00
2.113868011673016412e+00
2.016395626269301911e+00
2.113625477983186673e+00
2.132284233259939210e+00
2.241565134126688008e+00
2.313795111207366695e+00
2.145369344099331332e+00
2.339462818770680741e+00
2.141931843606205810e+00
2.246113849243201344e+00
2.245123658245612219e+00
2.270947817319228790e+00
2.243479856092272851e+00
1.780647158624048210e+00
1.978419111559245769e+00
2.048335625912550917e+00
2.121814073885278429e+00
2.283712400681610966e+00
2.018853570628490246e+00
2.274977834588530534e+00
2.071568429002108580e+00
2.165829192803337744e+00
2.502846069268210183e+00
2.248558367894258225e+00
2.337113751171413956e+00
2.465656115050207653e+00
2.424450855992843046e+00
2.411159462203220638e+00
2.598953692208906485e+00
2.418442879380698685e+00
2.399167078862298741e+00
2.429480481922217550e+00
2.515810925791338359e+00
2.410312408592759414e+00
2.406671922674911812e+00
2.497343927642474704e+00
2.441855984574666127e+00
2.437433795699628369e+00
2.424254369301459988e+00
2.409104638012768973e+00
2.639427108455008941e+00
2.641350988922871235e+00
2.443795396552853827e+00
2.567757768098908766e+00
2.378853958205405128e+00
2.432871463829972214e+00
2.726347043001193793e+00
2.290449051092918964e+00
2.394067757203696800e+00
2.459584810371696406e+00
2.434530312835547772e+00
2.391086044775706299e+00
2.392789448836452504e+00
2.486975702207471883e+00
1.965956217799327055e+00
2.167383823572624379e+00
1.897907174437636346e+00
2.179763811559128683e+00
2.175331154952834911e+00
2.133902804283867027e+00
2.074867372515247776e+00
1.995697054240908930e+00
1.916647663176125116e+00
2.154117121167804516e+00
2.181935775194755234e+00
1.964130231946848992e+00
1.971626830193940361e+00
1.966969532213315386e+00
2.391367175569091064e+00
2.022530918894349217e+00
1.880115174531890698e+00
2.350071650685822355e+00
1.908052346190045157e+00
2.224056662151164154e+00
2.028945106808620391e+00
2.424058226553913009e+00
2.069041551338112850e+00
2.043998387836883701e+00
2.307751608170741875e+00
2.023889520908742412e+00
2.085616753340703067e+00
2.183359033958577111e+00
2.286768964924613901e+00
2.145288502889145299e+00
2.204564636613739914e+00
2.164126594254970559e+00
2.227135580700280837e+00
2.242706684408855899e+00
2.317908086953504032e+00
2.363480469603537859e+00
2.470039142380241692e+00
1.959695641911005870e+00
1.992204596708356812e+00
1.983947828870306296e+00
2.169684185376727026e+00
2.393176429195464028e+00
2.432822504182632350e+00
2.335947310557093815e+00
2.193893759210047367e+00
2.300487609733412153e+00
2.348002689277213673e+00
2.405120229623714412e+00
2.303432540862794919e+00
2.233344288737765471e+00
2.198184029684956187e+00
2.212602103643915186e+00
2.175428321657301378e+00
2.142888312408180784e+00
1.935042593161937940e+00
2.266467071625305696e+00
2.139970018559224307e+00
2.316565491798761034e+00
2.077815913546852578e+00
2.187015991831650741e+00
2.286168968029028914e+00
2.096817654625307892e+00
2.488585275423873533e+00
1.992497977437252432e+00
2.381424345010167087e+00
2.142844869113441852e+00
2.320703031829716156e+00
2.292635004583229996e+00
2.112233821027941882e+00
2.352458437880551312e+00
2.233839501611520895e+00
2.376792947263421940e+00
2.205441344908946721e+00
2.428320991323436484e+00
2.011750734744789160e+00
2.241851143574095317e+00
2.426376490796021468e+00
2.098213666011119471e+00
2.085707813935254062e+00
2.338281724503373127e+00
2.560650876979249091e+00
2.314641226559905451e+00
2.261018104519981975e+00
2.125447082741112492e+00
2.195833401484941216e+00
1.950628097439376152e+00
2.206592238989967925e+00
2.297358872843889621e+00
2.380822726531437450e+00
2.301296739923767376e+00
2.265367183677247542e+00
2.222535703494866066e+00
2.231174120831293184e+00
2.233659285890574608e+00
2.268890956588083263e+00
2.126879919070804537e+00
2.251614151409363718e+00
2.213247621081637195e+00
2.283200827586516546e+00
2.362677502175750899e+00
2.169384197526516456e+00
2.410726494130893904e+00
2.192309123630426182e+00
2.240153764275358395e+00
2.230259162919905780e+00
2.558226186304620509e+00
2.248226290035701957e+00
2.443016869904106159e+00
2.622704154300703028e+00
2.420849490218871747e+00
2.481641732488612195e+00
2.354258498956995016e+00
2.413169750804346592e+00
2.462894037948021531e+00
2.281323250491430699e+00
2.368052655687405306e+00
2.423672193169316369e+00
2.221721771798363054e+00
2.128989651368471403e+00
2.161074791303237319e+00
2.319878309694262342e+00
2.430320148672260316e+00
2.257871934511100687e+00
2.385369181716595843e+00
2.437170834742740766e+00
2.465685860002659879e+00
2.306290159223739700e+00
2.471831234057110471e+00
2.586257252474223112e+00
2.197011660882746131e+00
2.269687478678559689e+00
2.516254535294497163e+00
2.385489015961301806e+00
2.455861187073478114e+00
2.346582870469426929e+00
2.243452883136186404e+00
2.539658217200815304e+00
2.506868684693074112e+00
2.319332994101763745e+00
2.480179435767271734e+00
2.250333721048719315e+00
2.299269869542482247e+00
2.210784811246834458e+00
2.587281962233278332e+00
2.346692750891762547e+00
2.235786584242979380e+00
2.519078963192720622e+00
2.542695260512227495e+00
2.617960086085171056e+00
1.704572858921964418e+00
1.781697692190497451e+00
2.121914014975072593e+00
2.001810283793535650e+00
1.792156960110002917e+00
2.077870456234417240e+00
2.149993333117646177e+00
2.109395723505665288e+00
1.895972398487077770e+00
1.828653313343470144e+00
1.934378251826322836e+00
2.140776694471057784e+00
2.139052789295181167e+00
1.872449141631640224e+00
2.149920618876734135e+00
2.207185307794545359e+00
1.961726548713156104e+00
2.317542442482561693e+00
2.374776935853530002e+00
2.367652547872292956e+00
2.284658016724545604e+00
2.137940486757752723e+00
2.264753684730074657e+00
2.185181981739431567e+00
2.393327769951807849e+00
2.300822159026580938e+00
1.989746351925086865e+00
2.225921492953862213e+00
2.189010297584122355e+00
2.161831758049102437e+00
2.230710885667776200e+00
2.478974425282540750e+00
2.402290572492893794e+00
2.274381484342585580e+00
2.344159300339252905e+00
2.445487599841920545e+00
2.354370240217043442e+00
2.508709320069310245e+00
2.351946886931782110e+00
2.374921187118910648e+00
2.456946211983474182e+00
2.567037512864709825e+00
2.412538919049917574e+00
2.595330468759542875e+00
2.623999846538384695e+00
2.392159734576969399e+00
2.284575108190359582e+00
2.432094224424385054e+00
2.388500094140087793e+00
2.709397640654156003e+00
2.643825750712455402e+00
2.470405498357269636e+00
2.493951261462195479e+00
2.560741028155728127e+00
2.562756026885816940e+00
2.186858114117303575e+00
2.284683392024378978e+00
2.285239832488154654e+00
2.361028121125427148e+00
2.182414463437325924e+00
2.396535951066800951e+00
2.247934667945445497e+00
2.197321003627324743e+00
2.116690136886038243e+00
2.160010735484304778e+00
2.000396355752205313e+00
2.071244418793949382e+00
2.239734160837070220e+00
1.990269848567808308e+00
2.169075860653188581e+00
2.012628892566657335e+00
2.081353145262215154e+00
2.098257233081560091e+00
2.252885532194846885e+00
2.029599866838712963e+00
2.231984277252940352e+00
2.265708504670421952e+00
2.023338968841648544e+00
2.101453006021181569e+00
2.125027319458258290e+00
2.236581251322326214e+00
2.354430862845922512e+00
2.245125178787765741e+00
2.466886348491579284e+00
2.296075337866425148e+00
2.406083230415333674e+00
2.349295566650284162e+00
2.222337852989956009e+00
2.503335523743855706e+00
2.327246506794763192e+00
2.337783269302781353e+00
2.615313419809885964e+00
2.519107368571065209e+00
2.423215258186532051e+00
2.711895237538132442e+00
2.406759257835341170e+00
2.325077878679580934e+00
2.352218005978690574e+00
2.250906470344399501e+00
2.319586433327696540e+00
2.236853919508802413e+00
2.326142336936427135e+00
2.346572257999322009e+00
