2.044278841852897877e+00
1.567581710524297067e+00
1.545966866813236695e+00
1.768462311778754570e+00
1.518411594714251800e+00
2.002713469618591979e+00
1.576059609985229315e+00
1.778482700434417696e+00
1.538665283661485583e+00
1.911316086815055160e+00
1.604491746299884225e+00
1.736425651718602081e+00
1.789287686138914868e+00
1.707522480383353525e+00
1.838686148537542753e+00
2.036450069693604092e+00
2.050178268476386290e+00
1.410648496002743668e+00
1.242041951505687969e+00
1.440812488356311594e+00
1.720856437501267155e+00
2.063698734613792496e+00
1.553836368926007960e+00
1.564147495074601713e+00
1.737381902941885992e+00
1.861092819105490959e+00
1.836076075152309306e+00
2.083972109966289565e+00
2.056453309095695126e+00
1.876674890083615210e+00
1.491606406526780892e+00
1.437241580855656453e+00
1.829433582430828764e+00
1.480021144372717368e+00
1.588049060424073566e+00
1.539322427431467855e+00
2.069459902770853788e+00
1.860974147829701497e+00
2.245134461167535456e+00
2.142216169926169034e+00
1.904930413625313124e+00
2.187380042930471724e+00
1.542316660091204383e+00
1.522931613791601135e+00
1.420752577884176970e+00
1.597582843240928252e+00
1.827716666565067039e+00
1.961791750131632872e+00
2.136630070600700648e+00
1.735440977308547739e+00
1.941605409494656431e+00
2.096229330818968783e+00
2.055787870479418356e+00
2.167987407000443678e+00
1.637014218280972155e+00
1.803568324545882673e+00
1.276867459424755102e+00
1.227600433132032931e+00
1.370856632188864888e+00
1.196169621871163047e+00
1.478103083059152834e+00
1.563821087373040264e+00
1.481104771183803459e+00
1.163206260765433431e+00
1.584462550640768130e+00
1.757802311027131692e+00
1.828261698717042361e+00
1.828007859146618008e+00
1.850264792017339399e+00
1.829358638248587132e+00
2.124987214143150727e+00
2.119822688261923105e+00
2.224475622662662744e+00
1.356400100490990690e+00
1.111844290550954240e+00
1.275790679289987128e+00
1.744374799678628518e+00
2.133680616427769294e+00
1.617689222609294486e+00
1.526357393297801401e+00
1.460067829740303580e+00
1.595655962838933739e+00
1.530303238817362743e+00
1.915399204783881704e+00
1.703019120569107647e+00
1.877298798513242328e+00
1.822284039172828329e+00
2.050807722468487082e+00
1.926754193184910369e+00
2.046276993978984660e+00
1.930583927512668607e+00
2.028015428748793259e+00
1.944114722662699579e+00
1.982420589859448690e+00
2.216712370949909694e+00
2.140901071849054205e+00
2.025002491456625808e+00
1.972922702654373861e+00
2.101905377598587421e+00
1.767399301295422331e+00
1.785602208450647543e+00
2.027514444045200204e+00
1.877888657324133570e+00
1.756667219136867297e+00
1.923081928258395967e+00
1.788167263687265640e+00
2.120192336080081841e+00
1.853671269617287676e+00
1.788561810031219279e+00
1.980011457528408014e+00
2.027292935460622836e+00
1.885997253050448741e+00
1.863831133320469347e+00
2.022346343763124388e+00
2.085837177183643920e+00
1.788718488665599793e+00
1.699631310723066502e+00
2.014512407232753155e+00
1.874938300218369269e+00
1.922972029645804826e+00
1.838963736633597357e+00
1.900753797999093386e+00
1.991234313860979155e+00
1.809402491678203218e+00
1.911350815130916203e+00
2.029415724494276763e+00
1.756347550682977099e+00
1.917512725740988078e+00
1.935727287839021926e+00
1.947386956519691070e+00
2.046845310511788529e+00
2.026255302801394098e+00
2.046275922589848584e+00
1.913367951316874649e+00
1.951569127193700126e+00
1.947561226800592626e+00
1.850523274436227661e+00
1.920968994865737134e+00
1.838596644237376232e+00
2.211123323506323235e+00
1.864121059534989966e+00
2.124158835983313232e+00
2.119539954159450179e+00
2.112644541986598234e+00
2.035572329933128977e+00
2.133103442246892190e+00
2.042379403214265032e+00
1.969435476982823063e+00
1.813474640335090315e+00
1.977564430757750236e+00
2.091059429928415980e+00
1.851778598708732515e+00
1.979570886542183938e+00
1.843646590450071621e+00
2.133467538251467399e+00
2.122539337973063045e+00
2.033479990127815551e+00
2.248006293587129445e+00
1.976578859959022161e+00
1.944178145043291339e+00
1.928563643692989826e+00
1.736829612759858810e+00
1.759378851014792522e+00
1.705685848294846263e+00
1.994567391965842873e+00
1.934388006673195326e+00
1.996230965996704132e+00
1.937786190552350352e+00
1.971166089459474247e+00
1.824255057072265096e+00
1.841750082160638291e+00
1.880256623223429679e+00
2.051144634585724713e+00
1.879841574490659362e+00
1.912868570835575044e+00
2.229758028698677563e+00
2.138578481654479724e+00
2.250471130855834723e+00
2.259915359650304989e+00
2.084321808648110341e+00
2.205769072126383179e+00
2.004120918532757756e+00
1.964922824045577165e+00
2.062165447118052608e+00
1.858018641959774397e+00
1.958227479085070444e+00
1.766890283681082252e+00
1.832821557560864623e+00
1.780954928650475333e+00
1.937594389574347931e+00
1.927195364332389804e+00
1.955594718648837160e+00
2.114660329667373162e+00
1.978454236025441348e+00
1.964790179092169797e+00
1.892174579591863637e+00
1.944989613076891777e+00
2.202771904724459162e+00
2.151664619278409685e+00
2.084809673121462037e+00
