1.713677896827288771e+00
1.575102882737184906e+00
1.570456724140611326e+00
1.587247443416032411e+00
1.564384147617363885e+00
1.598505885455407505e+00
1.767596368363680837e+00
1.793088095861997022e+00
1.636890713951560938e+00
1.500110169283978889e+00
1.661395126567640546e+00
1.648858599103527833e+00
1.660018325147588625e+00
1.743873389572862198e+00
1.848738380000098491e+00
1.693253022725610180e+00
1.615456554148747559e+00
1.888757627011612872e+00
1.604429836078172578e+00
1.806859108160465910e+00
1.790455766511712010e+00
1.831544262780399723e+00
1.820522026373995628e+00
1.657970257851453688e+00
1.693355452424033514e+00
1.784346459954412323e+00
1.682813916652074138e+00
1.942804577416600953e+00
1.701557422615083137e+00
1.936644823002928728e+00
1.689537416358220856e+00
1.504187956364806400e+00
1.494801497450524153e+00
1.775864670469694984e+00
1.760346100343932463e+00
1.906971347563037655e+00
1.816765712830509472e+00
1.411142451914958018e+00
1.337723800038692623e+00
1.522079418029100406e+00
1.890070257913244234e+00
1.616472945379819448e+00
1.673819716889654474e+00
1.760458282248348327e+00
1.734237564442021817e+00
1.891443873403197973e+00
1.842800843717508519e+00
1.785966722095075676e+00
1.877318897373633000e+00
1.812032550160946220e+00
1.507155435098591845e+00
1.532759032603702831e+00
1.638445711640417635e+00
1.546796224419734189e+00
1.512095170768343877e+00
1.694436854428405415e+00
1.649497466324615802e+00
1.664297066099717615e+00
1.835203700257992843e+00
1.639245719029487791e+00
1.601285277973262478e+00
1.460116282710507196e+00
1.495536772872543274e+00
1.559373656548943332e+00
1.598907951470502464e+00
1.766265729541385499e+00
1.442125174552688405e+00
1.375291964420527258e+00
1.413674366914623448e+00
1.736899773276382009e+00
1.813240587783826907e+00
1.743794737679675855e+00
1.739589605496292712e+00
1.190568649996895934e+00
1.329272945353328961e+00
1.825879084669521202e+00
1.746997326395110184e+00
1.923620419481120836e+00
1.650347224289631543e+00
1.520856895807903397e+00
1.255596964704978724e+00
1.349287447720041389e+00
1.664213027076857365e+00
1.548083664275468951e+00
1.694710733542593495e+00
1.665225415520396268e+00
1.809764621917713256e+00
1.941884494914212222e+00
1.831082122550127034e+00
1.164361694701980143e+00
1.367674616073902394e+00
1.511089752137300568e+00
1.270106665398227141e+00
1.505762139492325513e+00
1.563568677909360050e+00
1.737994705207098756e+00
1.790595284585269731e+00
1.759204784053363335e+00
1.841211088635323900e+00
1.738931425947750853e+00
