1.707115150409139526e+00
1.484008956185114414e+00
1.451753390976451952e+00
1.467872435539144593e+00
1.464325048705972243e+00
1.461702295702752341e+00
1.693884592365988651e+00
1.785097105486360025e+00
1.601125445179992335e+00
1.524621157289188567e+00
1.647584124892355950e+00
1.734423951091682126e+00
1.803541834691096968e+00
1.877481139066964788e+00
1.951258974767039023e+00
1.741062731897170313e+00
1.743577990209232320e+00
1.968968397672958837e+00
1.681944249327534502e+00
1.960978360115815056e+00
1.985471901763743219e+00
1.938643381613873506e+00
1.974221124006890760e+00
1.683249107174855652e+00
1.868213503791552377e+00
1.875348496028771850e+00
1.847132545269876136e+00
1.982786836246540618e+00
1.820040986851018117e+00
2.069217348508828991e+00
1.745159708635055873e+00
1.627233841259393632e+00
1.578830528128107424e+00
1.795475331766954508e+00
1.840463370345785332e+00
1.831488264284383272e+00
1.859569607597711283e+00
1.507066503602983554e+00
1.422891773667187776e+00
1.540037803303104136e+00
1.853220135355640563e+00
1.736692033077734010e+00
1.840894219794873443e+00
1.766669821895694215e+00
1.800728410514842004e+00
1.952106340053275435e+00
1.913416975733663650e+00
1.869858143809384199e+00
1.881022369094744739e+00
1.826797687672454096e+00
1.725163550146966651e+00
1.515718639262337852e+00
1.651368696780353140e+00
1.496676889803167043e+00
1.465621754944248067e+00
1.649232798274973710e+00
1.597956588810051093e+00
1.670709384116668028e+00
1.528961717675675569e+00
1.632639128887958480e+00
1.701618308523303424e+00
1.656734565700699102e+00
1.670089047373811919e+00
1.726998728556820462e+00
1.775535460180674541e+00
1.929361004137574609e+00
1.646159116715143034e+00
1.645971332861886793e+00
1.673302847456079157e+00
1.925419228617194278e+00
1.967693026754603558e+00
1.936308546939980335e+00
1.921574052501634489e+00
1.444743602626719081e+00
1.683514309956519739e+00
1.964132025364093925e+00
1.843745785913272428e+00
2.047062875928784553e+00
1.800954161313696122e+00
1.786828598856331718e+00
1.717893069566588382e+00
1.714714218727288575e+00
1.792887104795870545e+00
1.812437209318009002e+00
1.842629507462705041e+00
1.952614101178845818e+00
1.834476840927247610e+00
1.962984221674582530e+00
1.896125887614700023e+00
1.616150117540100073e+00
1.627084087920833477e+00
1.492883057767256050e+00
1.395404626189782116e+00
1.775585928623948595e+00
1.806205783375246732e+00
1.782460010293504649e+00
1.932434192183755783e+00
1.909229956888723878e+00
1.934904208717677765e+00
1.805694024534778341e+00
