1.703491599002295187e+00
1.464410596589267755e+00
1.490996101471316226e+00
1.549323116008854528e+00
1.465732631546022624e+00
1.692731098275688240e+00
1.692007591037862912e+00
1.706887290122014234e+00
1.647381713783330870e+00
1.496431360961530954e+00
1.679090841435020964e+00
1.714043840055738288e+00
1.652725062456648297e+00
1.713072346356571130e+00
1.864034897625131748e+00
1.648534758073669337e+00
1.651884750800876711e+00
1.794308683131333071e+00
1.583942250098470561e+00
1.613833670440816492e+00
1.755189073680644363e+00
1.780715298665372481e+00
1.793315419167834435e+00
1.670521888587890302e+00
1.606009950150020682e+00
1.732528033306782511e+00
1.616236634092903524e+00
1.863756545829847955e+00
1.786949111901200204e+00
1.960351566111134147e+00
1.658746008815315420e+00
1.564046371074453434e+00
1.515016889393072219e+00
1.728911617836616621e+00
1.789092911948624964e+00
1.682374462796719650e+00
1.800441325058331321e+00
1.483698212589328547e+00
1.459119875921041976e+00
1.542292313868570464e+00
1.814974167011615513e+00
1.581553791286611999e+00
1.691010465625621073e+00
1.700765354730909840e+00
1.697231004178437752e+00
1.802958462909365789e+00
1.757648992347405459e+00
1.634967311444567750e+00
1.799511758160408981e+00
1.667730095699981430e+00
1.729669136702705945e+00
1.542361364903304555e+00
1.646558175482790931e+00
1.516578845056447689e+00
1.464860484861790102e+00
1.701374457844383681e+00
1.666272514670212646e+00
1.655536542539155498e+00
1.433939540735062135e+00
1.615627366508883833e+00
1.623030611840077020e+00
1.546768883066071965e+00
1.560010672564926759e+00
1.637709013240849387e+00
1.632287244572399709e+00
1.834656438328712946e+00
1.604550924775226539e+00
1.559302730993461505e+00
1.576392904067373424e+00
1.728014805020460232e+00
1.761473198054922751e+00
1.848017897545403798e+00
1.797641059643084294e+00
1.427338912282316130e+00
1.570063179395678299e+00
1.847696403180455249e+00
1.772947338253493266e+00
1.905342269536591138e+00
1.692643654485330718e+00
1.710763870068942483e+00
1.577707076040054890e+00
1.610312416316918016e+00
1.661150475540345894e+00
1.603621128294349329e+00
1.622818811392846117e+00
1.830433669729649493e+00
1.774080964152765727e+00
1.891598333711348667e+00
1.735680082949436764e+00
1.515532071778700862e+00
1.584598077032295826e+00
1.495106877780643995e+00
1.437471570937120413e+00
1.640635765723745143e+00
1.610205072050310937e+00
1.690984160942881287e+00
1.766239386656965671e+00
1.719025405354813518e+00
1.889155358832501630e+00
1.697111973115659422e+00
