2.051300504097634203e+00
2.039948922881838378e+00
2.305252580695880127e+00
2.182410280484213594e+00
2.169367256021127233e+00
2.162293944561293202e+00
2.133655424369780285e+00
2.330299174213030344e+00
2.091370897634530657e+00
2.099603445604348195e+00
2.127749654200085772e+00
2.111785296420591873e+00
2.047447984532722920e+00
2.192720075935589819e+00
2.252340684995663977e+00
2.028263639878972846e+00
2.354559955836978524e+00
1.985145815881592446e+00
2.486252855076900303e+00
2.063997764950852076e+00
2.097160565341921856e+00
2.081593460161805353e+00
2.531122553691841137e+00
2.415474326648597625e+00
2.053197444070729460e+00
2.401239276145404222e+00
2.137844094543103868e+00
2.049320619961009449e+00
2.485596522487445448e+00
2.157755085233582726e+00
2.274468427182307462e+00
2.369792230569531810e+00
2.140461780202874476e+00
2.123886621167907940e+00
2.385634378131260114e+00
2.391806290397130219e+00
2.358137165776290622e+00
2.367897419801732184e+00
2.502226270172502431e+00
2.080922459180493789e+00
2.147435829634710025e+00
2.336400954505259087e+00
2.217442891543577321e+00
2.477332924281347104e+00
2.096000910258152938e+00
2.526915672432288762e+00
2.249076151485824848e+00
2.450833186432891608e+00
2.327213477346544934e+00
2.352106467099715825e+00
2.503913305405067735e+00
2.461749994922457940e+00
2.429415718632315979e+00
2.398085394395310654e+00
2.268248432019367211e+00
2.299776059635171510e+00
2.350656792249913973e+00
2.111545482058435841e+00
2.246383051322073499e+00
2.198198643849551992e+00
2.478063094899529251e+00
2.053196065931541359e+00
2.296948017481717397e+00
2.177824786739126939e+00
2.526612481003554400e+00
2.522307695010632678e+00
2.232734448574763775e+00
2.146096582420369270e+00
2.197924136192878741e+00
2.509061925931060255e+00
2.261788040512664466e+00
2.550870636536052061e+00
2.472345954574980631e+00
2.315456077853924377e+00
2.495299063086352298e+00
2.427843554002467208e+00
2.249543140128389851e+00
2.348054102795077647e+00
2.591524272619264657e+00
2.515545245326306301e+00
2.499232580852781549e+00
2.622099253435744792e+00
2.241530155313016692e+00
2.275020601213948446e+00
2.417454634077862874e+00
2.352471624774847392e+00
2.024999491387164952e+00
2.373602283355762399e+00
2.527413535362994956e+00
2.448929996708385293e+00
2.381017606115860552e+00
2.382431250217787344e+00
2.363095425571583252e+00
2.266988823295132960e+00
2.281969917407873805e+00
2.534588378163882272e+00
2.527108370111073032e+00
2.778532631827415500e+00
2.374008380026335630e+00
2.281055056575588047e+00
2.568065307358237792e+00
2.745663041419496242e+00
2.784395288035958149e+00
2.675525363310905291e+00
2.789836133268289942e+00
2.600299370655422049e+00
2.564194378321249523e+00
2.609211397548750977e+00
2.567389676817238620e+00
2.569378972503564729e+00
2.483113770749411309e+00
2.432943323747896347e+00
2.644851911448010018e+00
2.458269625951341020e+00
2.438645013783102833e+00
2.607429918149796855e+00
2.344646237520414012e+00
1.934346957461100969e+00
2.529986324888211513e+00
2.214587367154905451e+00
2.729631878607725159e+00
2.596647003983212798e+00
2.348246112166263888e+00
2.552415047697078609e+00
2.535571691939114025e+00
2.529428802258400388e+00
2.702380217952048636e+00
2.427233156676503967e+00
2.612060026204760632e+00
2.633376749875852685e+00
2.373304150445597838e+00
2.487968614678544910e+00
2.669459827501702076e+00
2.454996834882610113e+00
2.303994469792641109e+00
2.598020358192893120e+00
2.527171543034175905e+00
2.645525524265140760e+00
2.182131700883385594e+00
2.227048202857424997e+00
2.178837197297461614e+00
2.121457307385506308e+00
2.180008714045755358e+00
2.308796953515318329e+00
2.127233158113901457e+00
2.151509794161125200e+00
1.745460661067417707e+00
1.959277335598324621e+00
2.085808262221018783e+00
2.090042805064403542e+00
2.156579331827805035e+00
1.720278845761427533e+00
1.791669668424866080e+00
2.059686943455565800e+00
2.327776549936954265e+00
2.544571885582010307e+00
2.551251083659213936e+00
2.357097501494952674e+00
2.541952630673068647e+00
2.322675389339944552e+00
2.182546493520191699e+00
2.288229489041198939e+00
2.534775486046430437e+00
2.615298714472439112e+00
2.586925626800016698e+00
2.285854975697491298e+00
2.328047481900520577e+00
2.323218314057736489e+00
2.494460440858504491e+00
2.373102402615672180e+00
2.569081927470187043e+00
2.401901099568487741e+00
2.534709844896555264e+00
2.534479654311691199e+00
2.481186390822498034e+00
2.331060820102949016e+00
2.649037879990618460e+00
2.771488573469133243e+00
2.682954587772489852e+00
2.599906547871148277e+00
2.731153407124889299e+00
2.738905512698058153e+00
2.483032252959693764e+00
2.545205254956968588e+00
2.553074952660070007e+00
2.157717598029924133e+00
2.392978870921647516e+00
2.442340104105696241e+00
1.947673714130723877e+00
2.330058469431967261e+00
1.949048826405480384e+00
2.450738785275305975e+00
2.201705329768448571e+00
2.051463755108330567e+00
2.450635926124802744e+00
2.159397227218051274e+00
2.290419873932723061e+00
2.270808500764819104e+00
2.393659133031873054e+00
2.428133232559823274e+00
2.284402529814292926e+00
2.506530228245046121e+00
2.361905006498474791e+00
2.446371442295176113e+00
2.540824717715062686e+00
2.483453936123692252e+00
2.260491430637450616e+00
2.013465670684000841e+00
2.223162752485809079e+00
2.238897949378586993e+00
2.239806124254517528e+00
2.298886352005762745e+00
2.226340072491314714e+00
2.333286539431515649e+00
2.294798858936629937e+00
2.298049804596324464e+00
2.368443251433069552e+00
2.250334840502174583e+00
2.383225141090904220e+00
2.633164559286349071e+00
2.429852609326507817e+00
2.418114109635693953e+00
2.543033954788937123e+00
2.326364041364197277e+00
2.405641279205786631e+00
2.369926116367177649e+00
2.438766325246221722e+00
2.334661004012240859e+00
2.461714441319073909e+00
2.355060187022428586e+00
2.675901288852275961e+00
2.620331129383335789e+00
2.523475238325394887e+00
2.379957547505789250e+00
2.478127844367572941e+00
2.689329469174496889e+00
2.491412564213542069e+00
2.702022877227881814e+00
2.467318100173124140e+00
2.374820260681128392e+00
2.811587068277483947e+00
2.561459272897220085e+00
2.447788067228698683e+00
2.372489928384694746e+00
2.437546479217171491e+00
2.333507179086870220e+00
2.513615051768171682e+00
2.539529786225865227e+00
1.733716906999539065e+00
2.118783532445716045e+00
1.895309172822001731e+00
2.167074751921685305e+00
2.012922201364819585e+00
2.256126867520543477e+00
2.167123764417205667e+00
2.162848710348602044e+00
2.083662728190287972e+00
2.194461335298487636e+00
2.219319608669128474e+00
2.064073720522145106e+00
2.049844024952174326e+00
2.229597777594266805e+00
2.445155825245558745e+00
2.128655933257184607e+00
1.995241506465705861e+00
2.337280622421136655e+00
2.044998926079401258e+00
2.227071639192488739e+00
2.189631006600342378e+00
2.529736690295311785e+00
2.046545007471150868e+00
2.095036636456806711e+00
2.481669633799427288e+00
2.419354791900662605e+00
2.043969618729270632e+00
2.274550533674336794e+00
2.481841750083010556e+00
2.215075771862811127e+00
2.309594059925681897e+00
2.115857615677370962e+00
2.095176918516757691e+00
2.459183067967025238e+00
2.384905087274436841e+00
2.339160190030972863e+00
2.532364582140504972e+00
2.252838638273750416e+00
2.203487490398967630e+00
2.214304675763007157e+00
2.379658976337959864e+00
2.557221675171209796e+00
2.550281218012499185e+00
2.440365235684215151e+00
2.380821732558337622e+00
2.383985707578760049e+00
2.475466393366662299e+00
2.499331860300842312e+00
2.423590152022843114e+00
2.423144994958391862e+00
2.373192693816887022e+00
2.345828950029367643e+00
2.315806686547022153e+00
2.305060117114838825e+00
2.229725036536975402e+00
2.263972344109217438e+00
2.245132539916353753e+00
2.476255424652128223e+00
2.232024047235281916e+00
2.206350874047252386e+00
2.501403304356829338e+00
2.126819025770379401e+00
2.400113995017336244e+00
2.107386935517496784e+00
2.385885631727520995e+00
2.205644039738224649e+00
2.406958267053484146e+00
2.373814927873498792e+00
2.203868669138863812e+00
2.626494318771945835e+00
2.276053461310737713e+00
2.471569344453186989e+00
2.277048596389959823e+00
2.459349372997104766e+00
2.389033852032074190e+00
2.376935848394108319e+00
2.517492656709666932e+00
2.082755773178800673e+00
2.372144525871733745e+00
2.473162143056858220e+00
2.551881119248375018e+00
2.293763206002412236e+00
2.327534608735414956e+00
2.286448596344405004e+00
2.376933675675549473e+00
2.121401786122448563e+00
2.235687544337269461e+00
2.438214136358194839e+00
2.496132802336205714e+00
2.430064183645010978e+00
2.531314773358282366e+00
2.319065993441489670e+00
2.433589882737960952e+00
2.562927738464491512e+00
2.431832166907324400e+00
2.078505083635167061e+00
2.219920120385014517e+00
2.328830833116871446e+00
2.532121146114842958e+00
2.576303183869276481e+00
2.573275369389330880e+00
2.733098618648786005e+00
2.204200029337781253e+00
2.283831101292717491e+00
2.564041422766083933e+00
2.669830658456733730e+00
2.615619539507418878e+00
2.653908932728360259e+00
2.702486308230434897e+00
2.609432674616180226e+00
2.612024150265642941e+00
2.488775024987127438e+00
2.533948417336748804e+00
2.421336761092853340e+00
2.561391847161857971e+00
2.439852867004947967e+00
2.409750027192693711e+00
2.343528402416937606e+00
2.215978848807693691e+00
2.652857389782772746e+00
2.472198502174749901e+00
2.644272221408741963e+00
2.363290574272651767e+00
2.617697428655139102e+00
2.642471323151963869e+00
2.567452309143296585e+00
2.325853850520589461e+00
2.584688707939833296e+00
2.655974730036470000e+00
2.346435614712179873e+00
2.414898135434917048e+00
2.592850136777178349e+00
2.536204483360700479e+00
2.609545582463578928e+00
2.536872097225396416e+00
2.399115533389192922e+00
2.673233038149177343e+00
2.417981558577428469e+00
2.311397292538351689e+00
2.597525217960846788e+00
2.261049402527584906e+00
2.364223048152468643e+00
2.282683762761704038e+00
2.518081942316824140e+00
2.456553388956846717e+00
2.292363593014407286e+00
2.562718644390334255e+00
2.613110943540908782e+00
2.609172829588822129e+00
2.051450373617711431e+00
2.127488160189739741e+00
2.019829200037832617e+00
2.207954636996402709e+00
2.080134755412085479e+00
2.157580794034718252e+00
2.203361164976141318e+00
2.221694132913526243e+00
1.982611058716538421e+00
1.841686007492126853e+00
1.977231726639365750e+00
2.146511303174501784e+00
2.164486067311558237e+00
1.927195882112300973e+00
2.041274081598677625e+00
2.043394176516440730e+00
1.989498038736452479e+00
2.430370144898400309e+00
2.510520868647486026e+00
2.543013643396518031e+00
2.345369144977696330e+00
2.520567066055730443e+00
2.540376570486815755e+00
2.296481243995754262e+00
2.502333934704533025e+00
2.385131222780643601e+00
2.250901521300516794e+00
2.305984084875821960e+00
2.342690384730501396e+00
2.266180379174381976e+00
2.355425132173770031e+00
2.577552714577291848e+00
2.460848951404134510e+00
2.405275756065202497e+00
2.354589798051633043e+00
2.538962550807693841e+00
2.401921050308569949e+00
2.606865733054714251e+00
2.360628618890684205e+00
2.494572202490643598e+00
2.471233527694198795e+00
2.649400192452850078e+00
2.487316617705817912e+00
2.567085373467249187e+00
2.710819145210169978e+00
2.461617488028690293e+00
2.512360454712363911e+00
2.622950961454401320e+00
2.592271082756364642e+00
2.726628610616428361e+00
2.751432503970894672e+00
2.543394204082401799e+00
2.419039755947228088e+00
2.493036174974682329e+00
2.572332699446463256e+00
2.253289851606576022e+00
2.364310272814817537e+00
2.408349005392210973e+00
2.325642405763993281e+00
2.439939110464209193e+00
2.429685292010987485e+00
2.571413075364056056e+00
2.586076986168101222e+00
2.146048048336341552e+00
2.243170361739288410e+00
2.081432629209524432e+00
2.150355175456047263e+00
2.316268387040993915e+00
2.131382781481284017e+00
2.214936513525327832e+00
2.323216116222076355e+00
2.193172558726829369e+00
2.221552909730735159e+00
2.178185069331115553e+00
2.025712060504663903e+00
2.302147566497898534e+00
2.386177714867842692e+00
2.114824984105554417e+00
2.310926313803804089e+00
2.156326486668119102e+00
2.283916085344547486e+00
2.422636048841023459e+00
2.267094586230780973e+00
2.520945108524736078e+00
2.338192330772794314e+00
2.391735012744965694e+00
2.409642436004773902e+00
2.418808239392026938e+00
2.455910546698504948e+00
2.441601285385346376e+00
2.421394575276863304e+00
2.636681737765953049e+00
2.662759781906760104e+00
2.554750310682536885e+00
2.775566225170295720e+00
2.316223194987339529e+00
2.296365917620012631e+00
2.291764540050875265e+00
2.284781134152036763e+00
2.185040349243620561e+00
2.339856979799707748e+00
2.595295212643295546e+00
2.403948973863121452e+00
