2.107735956687471823e+00
2.056106452860647416e+00
2.242424393787690651e+00
2.082214587620397683e+00
2.201737917916846143e+00
2.059972102670204919e+00
2.210565777195898640e+00
2.301201856402842250e+00
2.100594401848920878e+00
2.070354798405833030e+00
2.059589294650931546e+00
1.955622506443687181e+00
2.011399986127496486e+00
2.161914706306266698e+00
2.149247276826966591e+00
1.950720763575137795e+00
2.313510677962027806e+00
1.946841227922848194e+00
2.256812706321235318e+00
1.945240654508370248e+00
1.980391228034615203e+00
1.955402223285744645e+00
2.396722379914321799e+00
2.251935714218661122e+00
1.919355567414097408e+00
2.137619138364048599e+00
2.115223584357262432e+00
2.073094956465612704e+00
2.305458883134635872e+00
1.994399244680722383e+00
2.020997659787700851e+00
2.427570971215637030e+00
2.141245227965812958e+00
2.099482444618533172e+00
2.271598967182116624e+00
2.325594843571352044e+00
2.367084942418276938e+00
2.475518390256625789e+00
2.335987423652012396e+00
1.843888040484584767e+00
1.791076733416392175e+00
2.088383924626664889e+00
2.068384582197350774e+00
2.405677296259576270e+00
1.861175004462754634e+00
2.393148018482713635e+00
2.301620614450716751e+00
2.303404227955022865e+00
2.057857004378749632e+00
2.236097201202676299e+00
2.300925409360871754e+00
2.224649580602351850e+00
2.275709277466862801e+00
2.116306515673881172e+00
2.203906255112106471e+00
2.161629855451462134e+00
2.239936409584553534e+00
2.016040993864455899e+00
2.078403347750091612e+00
1.999894380232163815e+00
2.353704649422139195e+00
1.958843802188671157e+00
2.098392544357604805e+00
2.084761654741603465e+00
2.339516368490042186e+00
2.397464037395174774e+00
2.119283140603621440e+00
2.049348950447581252e+00
2.076855652198451363e+00
2.332976074896499608e+00
2.239762109193470963e+00
2.459423125323895842e+00
2.447797760140952406e+00
2.152037220794051020e+00
2.396035878185186263e+00
2.310225521983548358e+00
2.152337042280208834e+00
2.324523344772077227e+00
2.588214002350384124e+00
2.290332159232625564e+00
2.411441944485151812e+00
2.377925510153322097e+00
2.089734308114735928e+00
2.270218238218087325e+00
2.291323149025474848e+00
2.148450829090519321e+00
2.157937110137438275e+00
2.306153368527238179e+00
2.389251548533495306e+00
2.315595914188881110e+00
2.286457078296991519e+00
2.227766048932864340e+00
2.231315980936796173e+00
2.150599089409475972e+00
2.198352539529814464e+00
2.364300113544714588e+00
2.470373225254865357e+00
2.409412172113624351e+00
2.197706341992820445e+00
2.237071764538743679e+00
2.241803667006258216e+00
2.425791781945647596e+00
2.466257583934229114e+00
2.560151577431046821e+00
2.651346731961897074e+00
2.448197322952770705e+00
2.447511830500250785e+00
2.366109515771132710e+00
2.431631302208689505e+00
2.422948058220171674e+00
2.473794438070486823e+00
2.343963508440496391e+00
2.455224662360325993e+00
2.464178499712367909e+00
2.224615912259401362e+00
2.448665103510303531e+00
2.342204910437997167e+00
1.880821191921199897e+00
2.473402496553577024e+00
2.173729212652176113e+00
2.575268824200574347e+00
2.501059450719746557e+00
2.274033222538142329e+00
2.415024969715512171e+00
2.400891492325326837e+00
2.351862263326028213e+00
2.477842247906601791e+00
2.291994137580959823e+00
2.492319637317343961e+00
2.439994291196511789e+00
2.431410490048458772e+00
2.413421523485952846e+00
2.459179510699451843e+00
2.376503368195249877e+00
2.262221428586491001e+00
2.405121749174991219e+00
2.338350481349797061e+00
2.575719344274257416e+00
2.102639012712760103e+00
2.127088983975541137e+00
2.081631361660136736e+00
1.990744288399320494e+00
2.048211122609737700e+00
2.282376917217831203e+00
1.980132027285210761e+00
1.973538395480975760e+00
1.902681932930409880e+00
1.940978039216989748e+00
2.085490250978922600e+00
2.106768680091926083e+00
2.078289229120605430e+00
1.886723683041910293e+00
1.832399420410357971e+00
2.003165625351519985e+00
2.200631401901929962e+00
2.376521598964056015e+00
2.348422523929746042e+00
2.233911916010039356e+00
2.385845513373045179e+00
2.237482744716722927e+00
2.112743993250332686e+00
2.238234955584272878e+00
2.492918102468197894e+00
2.492555244275274084e+00
2.512571780769419671e+00
1.986002275922655658e+00
2.263176661363958342e+00
2.346325204311554113e+00
2.251408243043966806e+00
2.249237726390064918e+00
2.507930253380917129e+00
2.205179866616016504e+00
2.409934073681700539e+00
2.460880894966455568e+00
2.267547955890718114e+00
2.341225627436915868e+00
2.459142392665367716e+00
2.481371148721079667e+00
2.301856169002906238e+00
2.628933067982651917e+00
2.592173519807737581e+00
2.551238941829421680e+00
2.429235219761588294e+00
2.385465359490622994e+00
2.440287482569265087e+00
2.196006500569628095e+00
2.252380194943602643e+00
2.350661470424200594e+00
1.930968111630618766e+00
2.159639851764989071e+00
1.978204116489530096e+00
2.284792355430746547e+00
2.192262591967939045e+00
1.989450870786379610e+00
2.407673756378319929e+00
2.024866930346290061e+00
2.270808305618122525e+00
2.193844708389371068e+00
2.327889756945949351e+00
2.307538474988343413e+00
2.208065372942446203e+00
2.349715544384009647e+00
2.212850335916325406e+00
2.274861778883480401e+00
2.276078022227392861e+00
2.273249648438657289e+00
2.228794057722069066e+00
1.882283964859710057e+00
2.159119088524281249e+00
2.121076575963362298e+00
2.179335359598376431e+00
2.089904817920393398e+00
1.990819302775157285e+00
2.323902278657484555e+00
2.118138271892681779e+00
2.108302717254966652e+00
2.526284154992125330e+00
2.279117733123453782e+00
2.343971153897633108e+00
2.510787774305137887e+00
2.426623881122039972e+00
2.349318295736792628e+00
2.487046801584331668e+00
2.335284226871750857e+00
2.275435803986010530e+00
2.358674054396041164e+00
2.382862558473572090e+00
2.197306948477720123e+00
2.229976194360401287e+00
2.373433422987632380e+00
2.542105264989929392e+00
2.505786206974604191e+00
2.375398768358848223e+00
2.407860169056825761e+00
2.511446800387915790e+00
2.546716614642054566e+00
2.411740738504867032e+00
2.557851662445789209e+00
2.430894875586544934e+00
2.315025913669177093e+00
2.700892410108489461e+00
2.360602228461361474e+00
2.277517811509135459e+00
2.278843714305180956e+00
2.476566033847204196e+00
2.331533608034929816e+00
2.388357798817228428e+00
2.377875513041645128e+00
1.691204289164748076e+00
1.925923869276690681e+00
1.897270642423502851e+00
2.188396112087547696e+00
2.116384337293771623e+00
2.241622436941872021e+00
2.135698854292804594e+00
2.126767555881145189e+00
2.120033760487599395e+00
2.183369200904125229e+00
2.185154445155657932e+00
1.940679273177352115e+00
1.977665450043782691e+00
2.258490336422223077e+00
2.265289628523744714e+00
2.099705058174908601e+00
1.873309843824410237e+00
2.256921288371795065e+00
1.933144511502277174e+00
2.173719315095846039e+00
2.045186405947495789e+00
2.579893374268399153e+00
2.041775888533124750e+00
2.101492176421013713e+00
2.280126047401088041e+00
2.161789576876418817e+00
2.148669839514009361e+00
2.235549397326206389e+00
2.324403798805704469e+00
2.084300420816209698e+00
2.304904499033415100e+00
2.115791762088719885e+00
2.065351750878313464e+00
2.359839104541831212e+00
2.357353452093154278e+00
2.355790601892751912e+00
2.464771834068386180e+00
1.933425606694547660e+00
2.053948537139630215e+00
2.129328954592177858e+00
2.162012729022268154e+00
2.458439907784314205e+00
2.395539382258875527e+00
2.339819924266744344e+00
2.180324405458588632e+00
2.226135744334454714e+00
2.397881480305794177e+00
2.330329054681168355e+00
2.277255333039235996e+00
2.231937453901278623e+00
2.284137616297201578e+00
2.188515312227479637e+00
2.108657468337047813e+00
2.119021729160254885e+00
2.024106797621149312e+00
2.068221097423003751e+00
2.099132713561624897e+00
2.346175157239782205e+00
1.921175492513389704e+00
2.096281305388854932e+00
2.169717972748789414e+00
2.067612757241656052e+00
2.381510230320699861e+00
2.014253304099574038e+00
2.223491341700728263e+00
2.077572828655711579e+00
2.292377163164440734e+00
2.306618331936006960e+00
2.107579252962260341e+00
2.506876387767448922e+00
2.164236521004424763e+00
2.297368666078998700e+00
2.132248535622441210e+00
2.255947782131486612e+00
2.215178884872003540e+00
2.252266177413886794e+00
2.488076253382639713e+00
2.080885890973563690e+00
2.323328318588119501e+00
2.428535009885914420e+00
2.424898022789812924e+00
2.168977498761221145e+00
2.085046807479709940e+00
2.226479152057475819e+00
2.207384482866372899e+00
2.190536000341122058e+00
2.146998740140551476e+00
2.307491705787919400e+00
2.431264677328073720e+00
2.304621085336126640e+00
2.363261569913542637e+00
2.175490185535060572e+00
2.361097108271134282e+00
2.445681893465836421e+00
2.238101096733033035e+00
2.094165164044132776e+00
2.194642339608713577e+00
2.193006608204250529e+00
2.274379504176870181e+00
2.435972925061794303e+00
2.351926544576196321e+00
2.484131225752409744e+00
2.140529062540093008e+00
2.172249739536376900e+00
2.307135538559702770e+00
2.451118651258564540e+00
2.227120200134977246e+00
2.379764723676318638e+00
2.550907996631039065e+00
2.375170719774950978e+00
2.340204083093359699e+00
2.555642124964862205e+00
2.335528643516157743e+00
2.465750807419574198e+00
2.390464008058911904e+00
2.308889030692955036e+00
2.207324936660247428e+00
2.325052870552357209e+00
2.054270009416951925e+00
2.443755149327528020e+00
2.321943289084903217e+00
2.430820493617684264e+00
2.456125156444743940e+00
2.516372800216217342e+00
2.339538431010679709e+00
2.215234480083078772e+00
2.477361697388820616e+00
2.485505507448437790e+00
2.627057709607569347e+00
2.228743357999933838e+00
2.308343487561951068e+00
2.454170248440732394e+00
2.455131920758336417e+00
2.519059248724487166e+00
2.343051554424253169e+00
2.112946570410314973e+00
2.579309456923484678e+00
2.359367724123053289e+00
2.266161594733790974e+00
2.459551006379183224e+00
2.227224925604546435e+00
2.355125239831517003e+00
2.269981456956371435e+00
2.496200268486112872e+00
2.221509205268529019e+00
2.218759735679123324e+00
2.517299138236633205e+00
2.510773128924346675e+00
2.584426319877603184e+00
1.967096316858960137e+00
2.113304601224563317e+00
2.088693464998103266e+00
2.145295503542206994e+00
1.986324643181100580e+00
2.048767598753271191e+00
2.168812501415051219e+00
1.977917715699480050e+00
1.935537701806552269e+00
1.815359479815241706e+00
1.886304032485426108e+00
2.152293192380017484e+00
1.943863629404518178e+00
2.070720282565648329e+00
2.013122701628583311e+00
2.075128202490257756e+00
1.910400708904955502e+00
2.303949598921071651e+00
2.321943239777740864e+00
2.160121908700660676e+00
2.249506327250335058e+00
2.250946134569727697e+00
2.434872855767484356e+00
2.286214982545347052e+00
2.426280352646276839e+00
2.365164134525662654e+00
2.099058017221974382e+00
2.329152306189610666e+00
2.270486262826341584e+00
2.169647727549069760e+00
2.403770366731723396e+00
2.477760156735377084e+00
2.330232672387311688e+00
2.358052220991009751e+00
2.349115414126486723e+00
2.488289589145001202e+00
2.233069303536482586e+00
2.444100668716272740e+00
2.307910672865014501e+00
2.312667015054568065e+00
2.245271391632769564e+00
2.528303332701403505e+00
2.220225370685260380e+00
2.385157990853758125e+00
2.516113839063250701e+00
2.564814474742467709e+00
2.328921076813070812e+00
2.438936745194807187e+00
2.333128943841884073e+00
2.646493955962327060e+00
2.584678440463090698e+00
2.394166719999326620e+00
2.348700329368002659e+00
2.418194561816295440e+00
2.527071662457548218e+00
2.149442728512887868e+00
2.203442390138639961e+00
2.122565052658407225e+00
2.174049615648160128e+00
2.053133718743652469e+00
2.080716160202360498e+00
2.282706351393654298e+00
2.224320671742831657e+00
2.114844317759762671e+00
2.192744474477824390e+00
1.972581916008811831e+00
2.104916703503872277e+00
2.163283655894601143e+00
1.989853499367090661e+00
2.123856627722930490e+00
2.133596280673422108e+00
2.122130361280347710e+00
2.132264625844729533e+00
2.252127215497394364e+00
2.033866228102843010e+00
2.268784603346598150e+00
2.236476314603248028e+00
2.087197701144827722e+00
2.230272075843087620e+00
2.212876288032370908e+00
2.333544538249634037e+00
2.443058571218262198e+00
2.341109778466159863e+00
2.481637396198299150e+00
2.372395763624587151e+00
2.406898710263932095e+00
2.436345403044809288e+00
2.243416508380676966e+00
2.547055821567366429e+00
2.342114673861471097e+00
2.307757892624735074e+00
2.637944363456163899e+00
2.523607307925703758e+00
2.507631225638328409e+00
2.550658882872342659e+00
2.272425717459283678e+00
2.288982058506447981e+00
2.243230501734578386e+00
2.164503413517978370e+00
2.170469023137250542e+00
2.226635131530636968e+00
2.321901260778708842e+00
2.243758491675118094e+00
