2.170404130482597616e+00
2.077816413449174338e+00
2.332435992201384423e+00
2.132267933017907513e+00
2.178826945234177526e+00
2.103531360550668250e+00
2.032575136875598432e+00
2.304665174384814108e+00
2.034156388288787642e+00
2.135611731429550630e+00
1.958872642833664246e+00
1.917522239524572125e+00
2.120144050380884160e+00
2.134604982751699964e+00
2.008863904329128758e+00
1.999360438764574699e+00
2.211759666389584655e+00
1.906990968301718992e+00
2.319359843507767582e+00
1.968862127097987580e+00
1.987624751588359384e+00
1.998036746405160491e+00
2.447832201410458097e+00
2.376653939024096829e+00
2.026745846932530792e+00
2.145766205436229423e+00
2.000703419823983253e+00
1.984344016701642843e+00
2.439829974287186065e+00
2.101984952792738337e+00
2.183307586260131217e+00
2.328203246753007605e+00
2.036572930535678783e+00
2.119191460743071520e+00
2.275063539187151207e+00
2.345294789156119108e+00
2.417441586105621543e+00
2.477651060372015657e+00
2.433498258639255951e+00
1.925261050739713431e+00
1.979292883194563979e+00
2.333291481647782550e+00
1.989724850111255439e+00
2.415317764926798727e+00
1.834534679672490176e+00
2.337606505302808113e+00
2.124065994385374800e+00
2.228310050744847448e+00
2.151856064139142433e+00
2.140181866942332700e+00
2.237026486891152910e+00
2.274818998159870098e+00
2.202806281078474537e+00
2.163606306064003171e+00
2.028522625566067106e+00
2.113333435868887999e+00
2.068770671215899970e+00
1.920874206433509146e+00
2.180706145615746383e+00
2.049137959113938923e+00
2.159053748597143940e+00
2.017574866573856873e+00
2.162255136649311460e+00
2.089226948798341255e+00
2.324950087338420346e+00
2.387779538621169539e+00
2.200420904371240383e+00
2.032916877059495420e+00
2.144287658629245641e+00
2.337818091043000646e+00
2.136301318874469057e+00
2.580967915447620609e+00
2.470252362777836552e+00
2.146758774218020083e+00
2.354635651347804171e+00
2.365317834322573365e+00
2.169574573423881159e+00
2.219137188013407425e+00
2.505821217666579503e+00
2.350356687699473035e+00
2.358677060907606648e+00
2.364032279208529541e+00
1.935720061444680562e+00
2.101203009368697749e+00
2.167793720417613645e+00
2.185316301627058699e+00
2.160319371594709992e+00
2.291980053831440323e+00
2.386281860804809529e+00
2.367371629928584742e+00
2.345385460932194022e+00
2.385600323991417859e+00
2.264833646128251221e+00
2.150589133332050817e+00
2.177840965631581138e+00
2.333953445339638666e+00
2.445808193527668095e+00
2.442462640244680294e+00
2.224079957127490292e+00
2.167322654121394798e+00
2.452900406227784380e+00
2.509523145549909184e+00
2.581294236790662833e+00
2.644899772067309307e+00
2.681925353483859631e+00
2.440493309242842024e+00
2.562357480973338930e+00
2.391985600905538245e+00
2.448172163775770294e+00
2.350815268207343767e+00
2.381160675756587519e+00
2.182106270985288088e+00
2.280598174824424618e+00
2.256981885492563844e+00
2.276933427421712341e+00
2.381527248917012951e+00
2.226892503139103141e+00
1.936041561007363132e+00
2.568545948338602170e+00
2.138224224515353100e+00
2.664771432941909879e+00
2.453651976668586698e+00
2.326364358058843784e+00
2.418151763776827057e+00
2.502567552927203121e+00
2.398846203552978729e+00
2.554163063015450152e+00
2.299739634023675539e+00
2.580418967921166207e+00
2.418772193161503825e+00
2.374469768501526357e+00
2.323739158903041169e+00
2.554753440038689760e+00
2.512904663476330569e+00
2.200553063722385350e+00
2.404527532465734474e+00
2.465068761873540737e+00
2.565914057886268917e+00
2.235005950026125454e+00
2.119581388311072345e+00
2.192004628615173978e+00
2.081518249998860259e+00
2.199192393587426242e+00
2.305284136796783567e+00
2.022291805037322199e+00
2.053242404339540972e+00
1.919367109200717403e+00
2.106805205455577479e+00
2.184658108807989940e+00
2.134054491218090543e+00
2.146135301852284627e+00
2.046982068184723058e+00
2.007361667121938087e+00
2.063267258171175733e+00
2.314982732271126054e+00
2.430044002576812634e+00
2.457385833422994548e+00
2.309883974410925411e+00
2.546164156543395229e+00
2.325837451205910789e+00
2.170115177621897651e+00
2.173825919965867381e+00
2.515145941103174465e+00
2.557947202248498364e+00
2.635019999131867241e+00
1.992549717866971770e+00
2.312561946171708627e+00
2.402826955757486616e+00
2.411504270310833142e+00
2.357102009231869300e+00
2.530286109847110332e+00
2.368607831243887851e+00
2.411815672999038984e+00
2.496302794488579391e+00
2.445343377758316450e+00
2.261998116409136284e+00
2.527593110629344775e+00
2.539810898852794097e+00
2.505019886724487943e+00
2.701745910029473841e+00
2.582233053092112041e+00
2.649328504427486131e+00
2.528060295214183739e+00
2.594523955422264105e+00
2.498553950004544610e+00
2.130977958843892850e+00
2.271322110631161184e+00
2.327268868895961962e+00
1.985753091019575978e+00
2.207985592812135245e+00
2.024467641367183823e+00
2.325167683315589429e+00
2.114527120633248991e+00
1.988340571765028875e+00
2.243071817297273451e+00
2.043285268646943376e+00
2.121802531472677167e+00
2.055049819738295369e+00
2.362718362602019173e+00
2.230748980909050161e+00
2.208924896107236968e+00
2.470112157706068068e+00
2.388517842116778755e+00
2.373873035940368137e+00
2.597762415085800747e+00
2.528453436219192607e+00
2.175584686680179569e+00
1.893113977189399666e+00
2.139076626929841130e+00
2.081426101806917117e+00
2.242838534389275829e+00
2.303804605267139927e+00
2.045027487974089730e+00
2.284138264610402480e+00
2.150824181166031135e+00
2.316709838801171095e+00
2.490175738677425699e+00
2.283866921819602602e+00
2.353900130340675911e+00
2.607720863916180853e+00
2.478005299213041024e+00
2.360109543781593988e+00
2.661607027884782095e+00
2.466454892755289396e+00
2.389079148955579601e+00
2.505041705891207116e+00
2.541657419239205407e+00
2.296888007845310664e+00
2.322031769450586758e+00
2.464452447927601320e+00
2.594474288309438048e+00
2.508498840130340746e+00
2.470733984426259244e+00
2.347316315736607262e+00
2.660764106468477941e+00
2.649975486341657582e+00
2.417390179163599662e+00
2.537707697228640757e+00
2.364185337959674005e+00
2.438783605290204548e+00
2.587887804574604989e+00
2.416545707052070391e+00
2.438172449446551759e+00
2.395103748420122081e+00
2.349171873126776333e+00
2.312275533707504938e+00
2.439550730645600130e+00
2.450994609754374221e+00
1.824947187173868945e+00
2.152146435986517670e+00
2.036133167065899752e+00
2.259738904246177515e+00
2.104037461057835845e+00
2.232384472500351436e+00
2.088092831658572290e+00
2.080150711056232726e+00
2.029908824116096078e+00
2.200622061200606883e+00
2.178149367868347674e+00
1.990898197291687932e+00
2.068557922508538205e+00
2.149910638752498659e+00
2.353933541302703158e+00
2.135061054560762894e+00
2.004643211246843304e+00
2.228130860167409910e+00
1.881857268360560109e+00
2.120330386038528303e+00
2.044159851650702464e+00
2.477023928432216415e+00
1.991908332772453605e+00
2.183836035963271804e+00
2.400528268473803184e+00
2.444850246803757621e+00
1.983110935572663047e+00
2.068538052223901857e+00
2.381752708413972908e+00
2.101607487991652867e+00
2.282192601974047719e+00
2.077720784556490230e+00
1.964961694656926605e+00
2.373624657037022967e+00
2.366062109908483979e+00
2.428293805526344329e+00
2.498201854157936275e+00
2.088983559358752018e+00
2.065286785115676871e+00
2.083794581655361355e+00
2.179572248714111815e+00
2.659808299803890552e+00
2.397007477065620673e+00
2.390545761942682201e+00
2.171758989526109573e+00
2.275166053076454808e+00
2.232603093477053768e+00
2.253261244821563203e+00
2.175617523318644331e+00
2.104777089866058493e+00
2.043583427713813627e+00
2.132408200118357300e+00
2.027902983224329159e+00
2.036208231127660362e+00
1.900739610905644472e+00
2.069237091705486975e+00
2.035510552560042541e+00
2.362858758328492570e+00
1.927103464727779158e+00
2.062864840391183563e+00
2.250936716812760530e+00
1.957012704844372397e+00
2.394303188398432702e+00
1.911633465279455324e+00
2.160448915887337673e+00
2.011500200686334949e+00
2.242977225801749075e+00
2.161738434511550899e+00
2.013523922225069818e+00
2.370615788666162072e+00
2.184246824860642366e+00
2.299693253828716255e+00
2.133201496296052380e+00
2.303731987564254347e+00
2.136002323130888225e+00
2.173790066174035918e+00
2.353026003101577945e+00
2.048766426439291966e+00
2.255011674700737601e+00
2.230253636009959628e+00
2.430733500866943952e+00
2.044059319272558906e+00
1.965389979289263955e+00
2.128565507167881510e+00
2.178291430656134509e+00
2.067826565798817295e+00
2.201543463446263171e+00
2.318159992494656318e+00
2.449387207426628521e+00
2.334888617772062691e+00
2.499976859580979038e+00
2.111917851212107955e+00
2.391605450136689459e+00
2.390960059043253150e+00
2.137296220887689113e+00
2.010536383137135896e+00
2.105156281458683054e+00
2.248004882738630972e+00
2.434153075892762974e+00
2.520054353591264729e+00
2.325965465751923755e+00
2.560909249332754989e+00
1.970467788393021280e+00
2.207382271503278481e+00
2.498840959994354183e+00
2.479589410549011941e+00
2.603667094799605675e+00
2.603433468592729394e+00
2.626397730943676123e+00
2.614132699198548959e+00
2.449590238774841833e+00
2.590894663176081636e+00
2.417816434751197452e+00
2.380253759689448856e+00
2.437648428748440566e+00
2.275772020252090577e+00
2.411815346548953798e+00
2.250122631064043865e+00
2.134145572027275950e+00
2.267800333061775753e+00
2.126086103874937017e+00
2.334774114542925272e+00
2.106729407108321794e+00
2.240493927413305109e+00
2.398950769515204140e+00
2.429791894904605343e+00
2.253315349609725793e+00
2.540234280033567327e+00
2.625855656316403941e+00
2.247624098554091177e+00
2.374059191924784429e+00
2.409050836291487752e+00
2.434530212523387416e+00
2.562384930859494148e+00
2.445335097863650553e+00
2.296101643460023656e+00
2.624637271988735865e+00
2.453910570085176435e+00
2.250617384565187340e+00
2.534467363265109796e+00
2.269103890131314305e+00
2.389580320429661509e+00
2.098595482212000096e+00
2.547831347393701318e+00
2.352369521097200433e+00
2.154838182775391520e+00
2.601472338374641424e+00
2.456842742924802980e+00
2.583448843760755675e+00
2.057624736483250505e+00
2.122068177214554652e+00
2.033219617742152430e+00
2.229886765043644026e+00
2.024554198271558469e+00
2.144109663092793827e+00
2.284252039170665771e+00
1.941800849733411383e+00
1.816839293979469971e+00
1.876133248663655273e+00
1.955410701870168078e+00
2.041141255739611804e+00
2.040539103895238515e+00
1.957992178405753902e+00
2.115548914928203850e+00
2.269974778487017897e+00
1.969419850729861254e+00
2.359840834219358197e+00
2.470387908583703940e+00
2.490832530759360175e+00
2.249560472930291599e+00
2.337071193442830985e+00
2.360550610993345177e+00
2.239414389493489921e+00
2.511377244398910857e+00
2.198574362954868189e+00
2.119436629448395060e+00
2.307583400118303985e+00
2.386903549688656589e+00
2.317323726589390454e+00
2.440634484324149422e+00
2.544635250548422434e+00
2.497107221469264893e+00
2.477913485774477564e+00
2.428277008626445799e+00
2.472379701438489619e+00
2.391348461171157957e+00
2.596225702815993408e+00
2.461011328919934904e+00
2.454352992732149019e+00
2.449373293952973096e+00
2.597493426207155398e+00
2.330395141898362610e+00
2.581711952916809327e+00
2.603570485350706676e+00
2.518310164153186648e+00
2.299958809472158361e+00
2.484760997462979848e+00
2.440024664356352790e+00
2.646744033786553540e+00
2.634350525624816974e+00
2.376458492428929592e+00
2.415757852809503614e+00
2.487900925432301236e+00
2.588250403124070953e+00
2.264445647176105858e+00
2.279028684696913665e+00
2.342578868781756807e+00
2.320489277679640416e+00
2.329651162361322747e+00
2.495350114039756040e+00
2.534929872916897420e+00
2.485692608820160743e+00
2.221447788048807936e+00
2.290938780713248413e+00
2.089854279569365758e+00
2.147484778330448929e+00
2.284754939897223558e+00
2.157022488122110726e+00
2.067292699728537020e+00
2.103211472417967798e+00
2.095638755332404735e+00
2.033608140602530590e+00
2.148358875800786105e+00
1.993435982762469250e+00
2.195594543386119923e+00
2.362234984418658090e+00
2.059275747452769423e+00
2.238514231302429103e+00
2.183274589246458675e+00
2.370009719449530206e+00
2.456023718861368721e+00
2.328296309262381847e+00
2.535502090733556813e+00
2.445893561603881938e+00
2.476517851538075021e+00
2.505595290653025664e+00
2.295273129838231618e+00
2.591853763508990216e+00
2.458744459795711990e+00
2.426947316347391137e+00
2.682830380809170023e+00
2.555964467095726000e+00
2.440841943114137713e+00
2.603065795048795650e+00
2.401910270386836910e+00
2.329256004625042120e+00
2.415387164142460019e+00
2.360796370273695821e+00
2.318050093404988132e+00
2.383032372335347926e+00
2.364193575348313203e+00
2.379041121051790331e+00
