1.765394756176485780e+00
1.778029374356592474e+00
1.877649736842762485e+00
1.696308684806330014e+00
1.767315569101172157e+00
1.874741822371064570e+00
1.737761792669266780e+00
1.980245320360150219e+00
1.771315489555552070e+00
1.756239910677712679e+00
1.889695934110041886e+00
1.869160521325193391e+00
2.009812776757876840e+00
2.041017392979225686e+00
1.759408200844184478e+00
2.047829388431212649e+00
2.108860227742118454e+00
2.010227329304474786e+00
1.840441906893013346e+00
1.921636631909847459e+00
2.005280317036192361e+00
2.110120194268203964e+00
1.790079004597133983e+00
1.772267113829987473e+00
2.040125752795205027e+00
1.995737147087494057e+00
1.824150956600729456e+00
2.147607451818215107e+00
2.151406153776356689e+00
1.939027741867026977e+00
1.881977915482867747e+00
2.105627374980937105e+00
2.065130997115086853e+00
1.770698125379392529e+00
1.779430228669697467e+00
1.947925454886102692e+00
2.197618775253433299e+00
2.058984999679196903e+00
2.321550989896285166e+00
2.232442279203146196e+00
2.177019130010553472e+00
2.236834901928242747e+00
2.073784528186396692e+00
2.052830889360385935e+00
1.945058811964756718e+00
1.971867854121427843e+00
2.183073912761626545e+00
1.965349815640418107e+00
2.077964881923525020e+00
2.167020354119826298e+00
2.056542368285119160e+00
2.218883540854810654e+00
2.125632443072516864e+00
2.216622900563858245e+00
1.838871495382945920e+00
1.903381188551984016e+00
1.717706206735576391e+00
1.716071716421390558e+00
1.777445024424946229e+00
1.686753249312199499e+00
2.004051264554141287e+00
1.908027802605027023e+00
1.842965935691087020e+00
1.931409136162739903e+00
1.737758542873697243e+00
1.903883589926821607e+00
1.968553914378162739e+00
2.017882141476774915e+00
2.204944421300416124e+00
2.176651284594900204e+00
2.180806337095094083e+00
2.315766432995376878e+00
2.297599643784014045e+00
1.825758465562443034e+00
1.862330147671249492e+00
1.805766846810294757e+00
1.817190914269203317e+00
1.949895428801635466e+00
2.019693377217962382e+00
2.054783309989256068e+00
1.947930596213536703e+00
2.004381620153904642e+00
1.877116371061293920e+00
1.967337166234499612e+00
1.788253495175402996e+00
1.944205860331628566e+00
2.093415431458425680e+00
2.090106262060345887e+00
2.011030890086563439e+00
2.183089416960295903e+00
2.151174289842893383e+00
2.182822969100488120e+00
2.212095582475795741e+00
2.148744661084111218e+00
2.279578869905570127e+00
2.256408546171883245e+00
2.152536157936539407e+00
2.110322623078050519e+00
2.190408686585965992e+00
1.892666583447262019e+00
1.613689332101596152e+00
1.690262622355410915e+00
1.776454853934332778e+00
1.652134875747260701e+00
1.816081741638350344e+00
1.661683404546144383e+00
1.962554499667404473e+00
1.664315084641901921e+00
1.606396946815810134e+00
1.762501342710127039e+00
2.007232258102107814e+00
1.779066096665835373e+00
1.718918512981318036e+00
1.974047476957889957e+00
2.018906995695465945e+00
1.909912278137575470e+00
1.837153151038062537e+00
2.004399179554091415e+00
1.841760329296207477e+00
1.900726890425580740e+00
1.861564824137764695e+00
1.915550364783379811e+00
1.966925411569771187e+00
1.735532829508239061e+00
1.949702827655399373e+00
2.033713790456940007e+00
1.716597349363441438e+00
1.983707639700408309e+00
1.958323159388793311e+00
1.880363749289526654e+00
2.124610599641685749e+00
2.022388801297770655e+00
2.064231642021487456e+00
1.937548929167600686e+00
1.956710313832199732e+00
1.959955442300822970e+00
1.860145915969074970e+00
1.911185634131810085e+00
1.791658633502335451e+00
2.166013967277071295e+00
1.940283375826311163e+00
2.148861152445529665e+00
2.229049084518656354e+00
2.206555197612991126e+00
2.143809719715798146e+00
2.259892505712163491e+00
2.207163324587490205e+00
1.864941889959268462e+00
1.884227495665852681e+00
2.022389702862977590e+00
2.171672789325870045e+00
1.766741119999716059e+00
2.039749596365616924e+00
1.907308931870012048e+00
2.213173351533048283e+00
2.258769606767111249e+00
2.057675157323724857e+00
2.232468883441708574e+00
1.884360352564707908e+00
1.881734670783226759e+00
1.933559236485655530e+00
1.486679551931310961e+00
1.535415510921943838e+00
1.273815600863134723e+00
2.069348636829123400e+00
1.891709390562543502e+00
2.026251591082017800e+00
1.876727304942472641e+00
1.881187677608150643e+00
1.955272225519081974e+00
1.991674169891243240e+00
1.972699648732464839e+00
2.154456370465216875e+00
1.986010420525397446e+00
1.941084961263341846e+00
2.181750495950295576e+00
2.172693551755668917e+00
2.212912102818084037e+00
2.236762315505690601e+00
2.165237888312671721e+00
2.289320122234586474e+00
2.045452222487789573e+00
1.978376417326611625e+00
1.970003137968865836e+00
1.713934787289706163e+00
1.836002045939834293e+00
1.773819964883857292e+00
1.707332297797480747e+00
1.667668053728069477e+00
2.057861317229533249e+00
1.919691564631860192e+00
2.002280822990129661e+00
2.089754440194699026e+00
2.046057590983437091e+00
2.167416413023021793e+00
2.051401785498792485e+00
2.190817761243343487e+00
2.171045217203101174e+00
2.227842807132117020e+00
2.168082475810170884e+00
