2.168617425798661458e+00
2.170892932007403520e+00
2.239430208530078126e+00
2.133328392744178181e+00
2.156065412927030689e+00
2.022640844761869783e+00
2.090453665992335619e+00
2.317815868798098311e+00
2.007317891144097644e+00
2.086479663404778861e+00
1.903926773343687762e+00
1.925456099962713497e+00
2.048304716616785814e+00
2.177644719600503542e+00
1.939708126266196597e+00
2.216722580722430891e+00
2.237980750190887935e+00
1.926034261516001989e+00
2.374134663597102346e+00
1.883811032155880527e+00
2.024803242719916962e+00
2.076649821638429039e+00
2.535465881520776676e+00
2.461264496797390233e+00
2.286315333706470998e+00
2.246971669246138781e+00
2.117375907712426564e+00
1.984140894712158376e+00
2.497061705823619526e+00
2.139801103710380126e+00
2.180962856879819167e+00
2.411570144504138202e+00
2.150245842594047829e+00
2.068019394023357993e+00
2.274065004005052071e+00
2.399388142801622159e+00
2.299624696871021001e+00
2.435453457957778234e+00
2.444401492558560207e+00
2.100803419801773320e+00
2.251057432055695529e+00
2.414437682334818813e+00
2.341722879680097513e+00
2.428714868708120811e+00
2.320789584163468255e+00
2.575139873194433271e+00
2.350784615668072952e+00
2.423806821869635808e+00
2.356738705523065303e+00
2.427948852504345556e+00
2.491707187710917371e+00
2.499904614347606469e+00
2.360928300881221187e+00
2.319727172660294379e+00
2.369017552376117663e+00
2.326167349959498587e+00
2.399145079087551036e+00
2.168610122972350673e+00
2.329331136008318648e+00
2.139099300432419692e+00
2.501662053192672541e+00
2.058482981264513345e+00
2.355397749365610860e+00
2.245261931796703081e+00
2.576226974499828959e+00
2.559167415690143166e+00
2.270918471291985430e+00
2.185290112858062628e+00
2.301252773418247521e+00
2.525025452034797890e+00
2.435837486032617072e+00
2.466416056925732292e+00
2.629158350209325423e+00
2.287824066492211372e+00
2.577901977462374816e+00
2.344246506847126099e+00
2.316129210134304728e+00
2.414157626324292316e+00
2.511302415826390355e+00
2.336369457572617492e+00
2.528774371282449529e+00
2.358702684696581287e+00
2.436601063360348984e+00
2.518763243232738702e+00
2.471219235113772505e+00
2.331477351807031972e+00
2.144910405230122219e+00
2.383001932023210312e+00
2.583992769493646868e+00
2.514709923480697995e+00
2.303466810653280294e+00
2.459364178136353107e+00
2.299061944701616067e+00
2.187854325706532599e+00
2.249240830469997121e+00
2.557450153321923381e+00
2.430907623547745366e+00
2.617072198804018868e+00
2.386400714514884225e+00
2.273215625506563864e+00
2.534276676097058534e+00
2.639925698528368780e+00
2.640317469521830773e+00
2.711040595803280606e+00
2.639170907970628033e+00
2.619846745386883669e+00
2.639917519358293330e+00
2.593354917079701227e+00
2.579613052314432942e+00
2.557546878461419926e+00
2.618135124689909610e+00
2.493003102733712062e+00
2.421721584009887795e+00
2.550135550844688126e+00
2.376030831051428649e+00
2.484878025709233107e+00
2.361586652932417429e+00
2.000791355460568521e+00
2.626992508600728193e+00
2.441450337109220214e+00
2.785523378843060893e+00
2.626177801009256907e+00
2.515994191968885296e+00
2.666088329289927117e+00
2.637150908734452237e+00
2.590559401236591786e+00
2.740127207017994060e+00
2.552470539573104436e+00
2.629480652115244954e+00
2.682889927239094252e+00
2.390259972805635957e+00
2.404307638366129929e+00
2.593754823365465700e+00
2.435942070238930945e+00
2.427621662389285895e+00
2.670182139717243164e+00
2.460856699821838856e+00
2.694662275768974435e+00
2.275305923471294900e+00
2.224596741536921662e+00
2.170199675887866775e+00
2.199431014987283550e+00
2.166109876032474180e+00
2.342318009824864600e+00
2.235233801613252691e+00
2.237037181413802145e+00
2.063812436962811248e+00
2.137732779122845983e+00
2.173625186054983338e+00
2.177437155682736325e+00
2.088404878625484962e+00
1.856338117968004076e+00
2.028693298481497376e+00
2.022703213741348538e+00
2.464318151979028038e+00
2.594425536581298708e+00
2.537059098344358610e+00
2.404661507325126291e+00
2.597175226049354801e+00
2.369185208976687385e+00
2.252674533773545207e+00
2.306657583483719964e+00
2.605079280556293231e+00
2.659954239135024157e+00
2.655497842166519629e+00
2.196573130773068261e+00
2.529909477721821620e+00
2.403301401023054673e+00
2.531774683928997405e+00
2.454957820784160916e+00
2.682652120760760095e+00
2.579551813289523210e+00
2.623746783524276704e+00
2.666420851732218988e+00
2.698746021622794089e+00
2.413603008851672893e+00
2.629902275190706185e+00
2.703266186001407334e+00
2.592068693579249850e+00
2.733755916663619612e+00
2.788308751447860168e+00
2.736431680667198219e+00
2.558590663594153103e+00
2.641198893453617469e+00
2.643391776406190719e+00
2.300453338516920798e+00
2.453670509973275848e+00
2.470225202611006754e+00
2.146337484120911299e+00
2.319444620313583449e+00
2.239594083579423245e+00
2.501840122095997376e+00
2.335458500247772129e+00
2.221863476286261019e+00
2.490502586808120089e+00
2.281151962312935932e+00
2.295916053412425217e+00
2.212951060031626671e+00
2.434378583865898449e+00
2.404537886158592652e+00
2.258716530449913940e+00
2.595466767775565842e+00
2.417889341302882578e+00
2.439699345493642646e+00
2.666974189647592475e+00
2.556867401051537758e+00
2.280104210167914314e+00
2.121113274350352462e+00
2.295263087866421081e+00
2.309958404273710020e+00
2.224598681163695080e+00
2.266880416201624726e+00
2.387309133043881371e+00
2.316745227234151994e+00
2.349224740272634726e+00
2.488088546463671946e+00
2.478710391984038086e+00
2.310765940122170736e+00
2.380438476367917833e+00
2.670924246160702342e+00
2.490071481633708395e+00
2.419983650292054200e+00
2.646534610256153108e+00
2.480538688682859316e+00
2.343951967204250586e+00
2.414099234454829102e+00
2.564787484644730053e+00
2.478918593839250395e+00
2.550818626500396036e+00
2.485793227383321202e+00
2.796597269826314403e+00
2.719878914625451394e+00
2.680117092233233134e+00
2.615619959136563200e+00
2.683813741578235046e+00
2.713245104374119254e+00
2.436959010008344251e+00
2.592459230690237870e+00
2.436579462352571834e+00
2.542128126596465698e+00
2.828980066454849673e+00
2.556767606347064348e+00
2.492923651259826734e+00
2.558794470146579236e+00
2.503016576058549880e+00
2.427463155849982623e+00
2.490670794009953504e+00
2.405278955590173684e+00
1.826644039762602478e+00
2.096848735811995379e+00
2.036050410409434797e+00
2.155621681380272658e+00
2.204056438323665823e+00
2.102905145982580493e+00
2.054843176443975850e+00
1.999527628206826835e+00
1.969513294829152716e+00
2.225620157130409726e+00
2.189890051860742481e+00
1.833476695068658957e+00
1.896255876907570359e+00
2.018491083615258308e+00
2.305743856096853950e+00
2.123751484547008683e+00
1.814761801163640609e+00
2.376756704692868372e+00
1.843671875217552492e+00
2.112196435908985315e+00
2.142720767449214136e+00
2.583831612940212796e+00
2.016333440235825947e+00
2.021171292315953938e+00
2.381330063082613524e+00
2.464984700829230935e+00
2.093795577489607762e+00
2.158446124825027290e+00
2.447974614498953372e+00
2.158226531937271098e+00
2.235207500697208527e+00
2.170967539838180027e+00
2.177836358790458338e+00
2.393282767069702999e+00
2.338441287220185849e+00
2.401147419365140756e+00
2.495400251309051409e+00
2.224754698715456946e+00
2.204782370999117447e+00
2.237456708601330391e+00
2.286511165550317859e+00
2.526719171173966494e+00
2.506763697566284144e+00
2.402522541053427663e+00
2.266362088872510228e+00
2.356089873314329175e+00
2.488688654466824968e+00
2.467606477094355100e+00
2.477819149108905883e+00
2.328148723653445273e+00
2.298639144560180814e+00
2.367282857228240278e+00
2.313961678133946709e+00
2.319142976823156843e+00
2.145170539698559864e+00
2.332616226573807072e+00
2.197945452237791031e+00
2.436384881037031214e+00
2.185348415586691129e+00
2.165516991954685722e+00
2.409804960307377009e+00
2.149219942906503977e+00
2.575582546650454052e+00
2.108997742650800422e+00
2.514221711412003124e+00
2.333059936741715745e+00
2.449481676965381993e+00
2.320179533043901898e+00
2.206940922292090601e+00
2.395605423620389196e+00
2.252184522084713425e+00
2.494307278138844453e+00
2.444336093244997343e+00
2.487660480653478334e+00
2.295996343748733182e+00
2.361612309448775981e+00
2.536471579125110676e+00
2.222364087527511689e+00
2.273984559420191065e+00
2.431913762478942420e+00
2.415054103645678740e+00
2.388010121934785790e+00
2.346305852460965014e+00
2.271819210117818510e+00
2.354390306110561326e+00
2.161408020680370079e+00
2.178556267116595890e+00
2.296494868542998891e+00
2.515784299417410885e+00
2.422364152743837984e+00
2.581751648412036637e+00
2.310805282932296922e+00
2.371197889845067408e+00
2.633557065257174479e+00
2.389335556255673065e+00
2.164632554298874911e+00
2.141098396231289502e+00
2.296232444639640047e+00
2.285794936920482634e+00
2.610703118810167922e+00
2.393764925208267336e+00
2.780180483718860618e+00
2.147753810895626003e+00
2.329351094141026923e+00
2.387046654055173800e+00
2.677298463806068174e+00
2.546265887324906441e+00
2.631195538358265029e+00
2.700895243133221157e+00
2.582712492781559899e+00
2.563769927430806561e+00
2.642715115863227826e+00
2.608684724358816265e+00
2.511066323077750795e+00
2.539834039968547508e+00
2.481897197707012115e+00
2.459907046739185699e+00
2.466833338610566972e+00
2.211889505453763505e+00
2.411172550175087803e+00
2.324554709241051675e+00
2.369806688391973726e+00
2.366350487778694500e+00
2.437047523080925426e+00
2.427565160126371691e+00
2.570415575421229004e+00
2.425106505292911052e+00
2.560480818723580576e+00
2.824545103765543352e+00
2.396211533239027691e+00
2.406745655947021501e+00
2.622293089055233395e+00
2.575718766096817713e+00
2.667824741024982238e+00
2.489757941835450961e+00
2.382906048823061340e+00
2.549420274519597740e+00
2.538028232956420993e+00
2.385697872694107158e+00
2.643233432388874871e+00
2.319408699102014637e+00
2.379261920332983671e+00
2.353147758465405470e+00
2.708225724772667320e+00
2.459229659146191960e+00
2.409919618964289967e+00
2.689715902025604954e+00
2.628401505027426754e+00
2.623981791011728681e+00
1.938665805484517835e+00
1.988565134966960635e+00
2.074094546339963152e+00
2.111365201524156188e+00
1.969338763052126184e+00
2.176130061652509440e+00
2.227081196661089724e+00
2.062179420586101486e+00
2.076731136927800314e+00
1.966993389861104058e+00
2.024316284605788052e+00
2.101763562645135419e+00
2.089772423905492005e+00
2.053963964852097757e+00
2.063003620893821388e+00
2.164948780444313048e+00
1.978327071364305745e+00
2.423807526705330062e+00
2.568041844265716467e+00
2.569892379375248392e+00
2.549476484247348296e+00
2.387656651834724642e+00
2.477286469249299738e+00
2.278750554318476507e+00
2.525925829714315896e+00
2.383411907432243737e+00
2.057680518680866655e+00
2.286739927523632421e+00
2.530217875304494601e+00
2.197074534330874851e+00
2.508741245536348252e+00
2.595601171513418848e+00
2.408055919022198843e+00
2.453788456441384103e+00
2.340076585846834423e+00
2.561272293258207267e+00
2.461750281966492260e+00
2.652847719941391347e+00
2.323477375194700212e+00
2.526079014857822269e+00
2.607267395597584247e+00
2.712435179170243682e+00
2.657562126604806618e+00
2.686472666494955863e+00
2.768056110629295574e+00
2.624608666297559623e+00
2.443236691166785324e+00
2.578557594095293837e+00
2.637179331677665495e+00
2.834445101398607392e+00
2.714609161871005760e+00
2.584933167090190498e+00
2.551585785423335473e+00
2.603392543786294144e+00
2.588825951506007694e+00
2.326735416507424326e+00
2.327788276974180004e+00
2.465556217808775763e+00
2.235940077815213201e+00
2.437678907011322949e+00
2.510160799686571131e+00
2.606146029341469550e+00
2.574271630140075207e+00
2.131733474887248736e+00
2.297790141398385888e+00
2.096065370082330404e+00
2.163088777871436719e+00
2.311572207839424742e+00
2.246372203109791688e+00
2.246788972085430380e+00
2.264915542799577075e+00
2.158016952976945735e+00
2.201066769909624465e+00
2.207654842617144730e+00
2.085173652793856025e+00
2.287982083641816544e+00
2.301456604950514517e+00
2.128566135785712632e+00
2.246951907723006236e+00
2.194438184525639102e+00
2.322810775070112133e+00
2.471035116591931757e+00
2.375251460120990199e+00
2.387658647913473153e+00
2.416850432818048677e+00
2.500093295934080473e+00
2.523271405212027751e+00
2.527573742000019053e+00
2.635401576851981176e+00
2.679848891761410279e+00
2.625477430735626783e+00
2.700500707350660168e+00
2.522182336827188731e+00
2.529847187850534862e+00
2.782670703628051356e+00
2.477634308961955245e+00
2.361741092314222357e+00
2.499363585330731219e+00
2.335881540197660922e+00
2.158461376803695764e+00
2.370259532312572581e+00
2.326934007733897580e+00
2.361987468706905791e+00
