1.875951144366502010e+00
1.937646417396782450e+00
1.993011778456813987e+00
1.812018228030579881e+00
1.863545357775001188e+00
2.071671384111819947e+00
1.905384789357920772e+00
2.067117916690952573e+00
1.859781211164654557e+00
1.938050402406714445e+00
2.006610855797826609e+00
2.056650731181078218e+00
2.062434039962616872e+00
2.022551653378064085e+00
1.728486096055875665e+00
1.854686285495451337e+00
2.080110367399050197e+00
1.981285334310691759e+00
1.857480601685920663e+00
1.921978428879735690e+00
1.950405117034410329e+00
2.074215125529625947e+00
1.823149239212451755e+00
1.843609530720276668e+00
1.922365907088621650e+00
1.977064340866707903e+00
1.911432985980106691e+00
2.096755189576699596e+00
2.144451014491776331e+00
1.987646102416086746e+00
1.989197267790037582e+00
2.161690938600528966e+00
2.022136949627535429e+00
1.839565283416634056e+00
1.781981925625917729e+00
1.816075613876566131e+00
2.186735618369100909e+00
2.039123183740874978e+00
2.229975402644648330e+00
2.138242377408291262e+00
2.068859828398317724e+00
2.062171643528916576e+00
2.053963283029390574e+00
1.951311049051403179e+00
1.986472066512433354e+00
1.963420619887806806e+00
2.228571088442839354e+00
1.927416967778018186e+00
2.005605203025076388e+00
2.056153774294094294e+00
2.009818777683044733e+00
2.097282539697896464e+00
2.068202956292453987e+00
2.143928973257390957e+00
1.749071420721594716e+00
1.866954581973347738e+00
1.760782726853036939e+00
1.819993671841471761e+00
1.868241312755662742e+00
1.703287554058349418e+00
2.080189821035356434e+00
2.024603129316725258e+00
1.840712491110545246e+00
2.061947886199329005e+00
1.602077142812982968e+00
1.774288474642409907e+00
2.022331765480845256e+00
2.008883473408648257e+00
2.251606108841649689e+00
2.044910377331814466e+00
2.202300934616896910e+00
2.329237382217249852e+00
2.161276162909541831e+00
1.872095198569823760e+00
1.893501453371709164e+00
1.846950346945493537e+00
1.934921984414577967e+00
1.948813608270061115e+00
1.935412961765314632e+00
2.121448971027547703e+00
1.962317841670296659e+00
2.130045806946300857e+00
1.857061875248966931e+00
1.855384525448679156e+00
1.736534576067050750e+00
1.927430806834547594e+00
1.981083925819353997e+00
2.043736988550721279e+00
2.014665057411073157e+00
2.084082940558342756e+00
2.050348624006995468e+00
2.081669389977090390e+00
2.194801291558907241e+00
1.981672803607841038e+00
2.205961793924993586e+00
2.284433396478752876e+00
2.156213567642692563e+00
2.015242292035301919e+00
2.140408012025925011e+00
1.919303643904698209e+00
1.449891482189049174e+00
1.591822242757413575e+00
1.638465193951777144e+00
1.589150197606879145e+00
1.547546890964724531e+00
1.549581152218375557e+00
1.741738193548914904e+00
1.564243198643720634e+00
1.598009885701552113e+00
1.634071132486890621e+00
1.717401127386881221e+00
1.758460312500285783e+00
1.648541103892443571e+00
2.055375014441296333e+00
1.925498477681578002e+00
1.827159879964412426e+00
1.877061759705700217e+00
1.453661410800648701e+00
1.534712078772229038e+00
1.525529647109130194e+00
1.398405759706176532e+00
1.662258858080857049e+00
1.882650643174852645e+00
1.645304046246941043e+00
1.686225493508947348e+00
1.949661752344237442e+00
1.645996414466520896e+00
1.630387973751477926e+00
1.759899290657177096e+00
1.688673604067037815e+00
1.960600339746027876e+00
1.997294098628429104e+00
1.930193901495672382e+00
1.853928531404531732e+00
1.530953333198088240e+00
1.768587836148479697e+00
1.715063023686419275e+00
1.631860522783019185e+00
1.610530051995904488e+00
1.944739817758435629e+00
1.603954715984426960e+00
1.951871696264197986e+00
2.120428512676520327e+00
1.962541540851800770e+00
1.883550583163029257e+00
1.853320131632543832e+00
1.799414628788609694e+00
1.583026963390029795e+00
1.604228989530794625e+00
1.632806049058498576e+00
1.781684140179953246e+00
1.609579273929738763e+00
1.776506602405657054e+00
1.552121704755394571e+00
1.678686220888421676e+00
1.998026835078357655e+00
1.934383863595134256e+00
2.152231072098790943e+00
1.662717777114499418e+00
1.625457747218089555e+00
1.853375631382265354e+00
1.560104535323040276e+00
1.311074155135639074e+00
1.479673287908256807e+00
1.572860079800664002e+00
1.704978641610659151e+00
1.639125950547104082e+00
1.051727310250757608e+00
1.566669694359494214e+00
1.608673902425610036e+00
1.889460840994073632e+00
1.768012852784124123e+00
1.760844873174522318e+00
1.933120855048218178e+00
1.688640386863939469e+00
1.879507642619884678e+00
2.044963423384738022e+00
2.236988357895349555e+00
2.203329767816876394e+00
2.059540245772221834e+00
2.084519429684422054e+00
1.803483099982777560e+00
1.564581286853656161e+00
1.789295813196492224e+00
1.532069828093126862e+00
1.455057460630157173e+00
1.648656775481414316e+00
1.111371847441461780e+00
1.551840529936316937e+00
1.608179420991079356e+00
1.838892024996593877e+00
1.918440129239138425e+00
2.015496017597538270e+00
2.023637816758824926e+00
1.997271137800990859e+00
1.793263024810402007e+00
1.768187137923670660e+00
2.124955273303575698e+00
2.170508323772061932e+00
2.113932442052893990e+00
