2.175255549270343813e+00
2.142920649010501499e+00
2.290766889073386547e+00
2.195534786183684250e+00
2.119084754623559608e+00
2.071314757467858314e+00
2.132294359881098167e+00
2.322840641873288092e+00
2.006170442485537553e+00
2.076733419387231550e+00
2.016073770249485086e+00
2.033261417846148777e+00
2.011093009250779939e+00
2.143264260776017505e+00
2.034321357363437333e+00
1.992612098279936905e+00
2.187506657902904550e+00
1.929873578885946017e+00
2.307303713400792766e+00
1.940534127658733121e+00
2.051264745263753575e+00
2.005034076023255007e+00
2.361330357070221098e+00
2.254435918135143879e+00
1.953532178993487634e+00
2.230100712803886331e+00
2.032852752137960017e+00
1.965017711397816225e+00
2.409201370996401970e+00
2.086618813961650165e+00
2.076132201984105308e+00
2.359438769359719856e+00
2.098792813684001057e+00
2.089476352108556867e+00
2.365867231425079709e+00
2.408930569004447353e+00
2.341625980352346925e+00
2.431806495012510894e+00
2.437271982823886241e+00
1.872670125294291443e+00
1.900711461870999930e+00
2.346408234143137594e+00
2.173097494755383163e+00
2.469837830107018739e+00
2.000080803708327970e+00
2.433109330042002139e+00
2.274814895241745294e+00
2.406064220137866361e+00
2.252205964138433103e+00
2.186789794972478607e+00
2.402008049233781417e+00
2.229215840096794299e+00
2.302691216745544889e+00
2.190582101794959602e+00
2.145820548017669527e+00
2.115934040091796753e+00
2.294678972800959116e+00
2.026878834705842625e+00
2.075787922580333067e+00
2.094475972861868041e+00
2.536610355699806529e+00
1.955713895134897795e+00
2.287845744455226260e+00
2.060915155941438037e+00
2.286946846652101240e+00
2.343689880373797774e+00
2.133146171790306411e+00
2.075491845977279315e+00
2.192468337558249214e+00
2.395075145575899178e+00
2.210718668336486115e+00
2.470314677534706238e+00
2.512310741084096133e+00
2.211584524144235786e+00
2.447727182478898200e+00
2.297347794156205492e+00
2.308360749373151499e+00
2.310478752052728346e+00
2.426774135770007668e+00
2.338084546158667454e+00
2.429111815852825540e+00
2.301680338878905552e+00
2.162104387246940096e+00
2.285574929524572418e+00
2.285288830458736431e+00
2.271266248222732376e+00
2.179675432240254285e+00
2.329440130283008781e+00
2.469835550920865597e+00
2.422025886439529430e+00
2.380128127478657429e+00
2.236077186418717666e+00
2.254330690305585083e+00
2.251830137491069195e+00
2.268125801643821049e+00
2.296618099204449148e+00
2.236039899181437196e+00
2.418078583782469426e+00
2.242952308600066669e+00
2.267419415901514412e+00
2.329189344808448858e+00
2.402613644541013560e+00
2.522647716813902985e+00
2.457390111589701220e+00
2.562148004107186239e+00
2.555219930361162461e+00
2.589527799350592296e+00
2.521068960932132619e+00
2.522469043548847267e+00
2.433713047708430111e+00
2.554714243503596549e+00
2.366525443870493461e+00
2.308596983847321482e+00
2.336557200573444071e+00
2.220860819515147799e+00
2.292284318912314767e+00
2.396229282150649009e+00
1.929131375303672957e+00
2.530246008394617885e+00
2.158183877885122115e+00
2.631672074063366118e+00
2.622446890355294880e+00
2.345902930314262669e+00
2.514713820653128096e+00
2.491921946225097440e+00
2.369021892306435451e+00
2.586532619168269598e+00
2.256730584683295238e+00
2.615280234641092605e+00
2.555694464591951043e+00
2.420729842915415375e+00
2.436420029728134207e+00
2.476694245375615111e+00
2.457404773020449351e+00
2.292683179273767191e+00
2.548733090145706814e+00
2.313127767837221516e+00
2.608395590111732165e+00
2.087641800796633085e+00
2.095035134471714855e+00
2.019903600331291571e+00
2.005033968954826218e+00
2.034097839041009603e+00
2.159554252153180531e+00
1.951830673587414688e+00
2.005198216334603156e+00
1.839641202236502737e+00
2.000628451809387975e+00
1.983486833952676998e+00
2.109747519157832318e+00
2.007221304886830371e+00
1.878905824849779416e+00
1.898120470220198586e+00
1.909770593417597029e+00
2.274724551505252546e+00
2.400667731931740878e+00
2.433095979798933328e+00
2.335996482098175786e+00
2.389102896978403834e+00
2.177004984771163443e+00
2.174581496489278010e+00
2.227835132671605045e+00
2.419466260927686463e+00
2.562507674579916017e+00
2.536730584180403980e+00
2.103343552149554263e+00
2.212002706378520589e+00
2.249114720345055218e+00
2.394484520751789969e+00
2.289540056009813362e+00
2.542731889492499953e+00
2.359331303113745726e+00
2.543025959187056095e+00
2.582983764723497888e+00
2.316951693817711710e+00
2.261764463378185042e+00
2.488316531613163907e+00
2.503610540912507787e+00
2.415009884804766749e+00
2.654620903408007937e+00
2.698877743739185320e+00
2.681441340363153181e+00
2.499694749694810536e+00
2.519443338803959875e+00
2.513792963406552339e+00
2.095031258163549293e+00
2.239304694901521398e+00
2.371397683243826382e+00
1.980753786895035562e+00
2.148772956092203756e+00
1.966797818220921590e+00
2.367820868027684433e+00
2.173119157285815284e+00
2.093332682875336914e+00
2.415878184572049836e+00
2.081566452570361658e+00
2.184082760568339054e+00
2.188996414857261819e+00
2.368298599940816818e+00
2.376468818494505975e+00
2.355711323463910212e+00
2.384420610816173181e+00
2.330592596042281528e+00
2.362252618388730241e+00
2.396840484583137698e+00
2.404137279437323027e+00
2.142395588121291272e+00
1.880971094360594398e+00
2.042244579671534055e+00
1.953608420281667479e+00
2.061334054309425845e+00
2.186658411835402660e+00
2.121654797863805619e+00
2.195385999349776185e+00
2.087389741596997972e+00
2.230215705228696166e+00
2.435916490093399833e+00
2.150199226810366682e+00
2.254906792323249753e+00
2.575866225607867932e+00
2.487859854744056243e+00
2.382582437918254303e+00
2.624183455106841478e+00
2.297405890544858220e+00
2.245864135169080900e+00
2.307071098941418708e+00
2.438045611632551513e+00
2.240277567212646037e+00
2.299220222407581726e+00
2.336637560112386769e+00
2.647628202155979160e+00
2.677075505705744263e+00
2.492698655431355714e+00
2.395507548799453712e+00
2.501900661476570864e+00
2.593832751136360582e+00
2.351534961694515591e+00
2.575685494143051368e+00
2.432979050917026598e+00
2.435968118566327778e+00
2.651090426359245189e+00
2.366232329971118986e+00
2.386031505663692265e+00
2.463443373184706520e+00
2.384052185483597874e+00
2.400077421428504554e+00
2.378006357933796444e+00
2.411106560403080135e+00
1.885243917043173623e+00
2.116636653524543998e+00
1.899234215190461095e+00
2.027907551877109249e+00
2.155132564473568824e+00
2.053251723300785425e+00
2.167774494721809830e+00
2.128553955076398108e+00
2.012446837342434680e+00
2.068232810346305683e+00
2.066629661308218679e+00
2.040421541655656590e+00
1.987079022842479725e+00
2.073669840484110516e+00
2.156895547252058787e+00
2.031224379835794291e+00
1.973152604065133486e+00
2.147136001559085017e+00
1.951279263744099213e+00
2.016255004884744739e+00
2.060659279877926409e+00
2.600483699589983377e+00
2.084861669405964069e+00
2.010477620695781731e+00
2.222845185496356901e+00
2.338916418073765158e+00
2.145945910243513666e+00
2.149548427711144516e+00
2.187191537125927621e+00
2.106663587531488080e+00
2.165541774288109345e+00
2.239482410097461962e+00
2.114056449594045706e+00
2.207024796361690910e+00
2.370525237516376116e+00
2.352238458831531265e+00
2.322209117834837855e+00
1.428030957948596802e+00
1.827258702402000390e+00
1.704499538222682187e+00
1.797421115276356618e+00
1.916430817869028136e+00
2.382546321540879308e+00
2.131707191862296291e+00
1.615619205189368079e+00
1.405895059146144099e+00
2.254163978065991891e+00
2.275394109495353590e+00
2.380362797497379557e+00
2.225565218180742821e+00
2.184197266353807176e+00
2.367856419003681268e+00
2.146212273909043233e+00
1.990910172485607088e+00
1.918299243243259955e+00
2.183659425205656479e+00
1.915467982241779721e+00
2.411479477261852633e+00
1.950080848395328248e+00
2.207360426393897512e+00
2.132201081885020333e+00
1.909785505927089178e+00
2.509075339041531016e+00
2.007406808360963968e+00
2.433138514116445439e+00
2.019224454895975462e+00
2.268999788016580421e+00
2.172410690894604812e+00
2.028667285957508781e+00
2.305051117235223490e+00
2.116194273475283882e+00
2.384269094886471319e+00
2.234016655975862076e+00
2.265411442983727763e+00
2.218357152917369568e+00
2.292333611327258325e+00
2.468326895692723344e+00
2.069556236425337925e+00
2.343885596112071035e+00
2.331464822726413644e+00
2.317460406417414021e+00
2.350838037139427961e+00
2.185276524734047321e+00
2.170383997327441250e+00
2.290733276782639827e+00
2.188254568498671837e+00
1.976033282879640751e+00
2.078522010354453275e+00
1.735560079128323663e+00
1.639908020296196867e+00
2.090214974871366760e+00
2.063596628365218066e+00
2.207797930006794918e+00
1.956241207223789802e+00
1.881384918070808876e+00
1.959885169337858279e+00
1.981412685088422165e+00
1.942504281936790811e+00
2.197211668088279168e+00
2.213268611324986868e+00
2.040390187513369646e+00
2.279955292118253318e+00
2.148962619321159284e+00
2.050750716253690431e+00
2.089531153796038154e+00
2.354843466465115220e+00
2.185312638686420339e+00
2.250497181580016104e+00
2.419636785090904407e+00
2.316294463471956888e+00
2.355968785366844287e+00
2.395059139641922741e+00
2.389671776182246798e+00
2.494845356881758125e+00
2.277001993950533265e+00
2.233971578119082757e+00
2.185007207430996523e+00
1.677515653684390928e+00
1.811003731678882955e+00
2.472416567421746425e+00
2.539651246528354722e+00
2.584449613815727798e+00
2.284975216154117916e+00
2.176425767181323412e+00
1.890747568747308094e+00
2.317498841056731873e+00
1.372060223870100515e+00
2.226813454645555801e+00
2.134943821740304504e+00
2.147099851812606541e+00
2.334046936425941965e+00
2.511460931830878707e+00
2.395080631816875805e+00
2.443811500893641409e+00
2.322518025742179137e+00
2.258613987973798309e+00
2.626847428896786685e+00
2.480070986355501272e+00
2.368352324511460605e+00
2.584848444773617970e+00
2.353763881119404378e+00
2.411729811598390949e+00
2.283334807097684216e+00
2.500914992149962490e+00
2.265254738417297187e+00
2.211386149136257639e+00
2.500283229722759959e+00
2.544437304074219419e+00
2.591359681143894367e+00
1.514938034934895539e+00
1.680878524400787555e+00
1.551012617821947659e+00
1.897727677689302395e+00
1.795944364620507328e+00
2.026768087296725085e+00
2.001130321461575434e+00
1.645038938837685594e+00
1.723602031652478050e+00
1.611672437364236377e+00
1.729857212363623331e+00
1.424143345803160932e+00
1.709036690236787503e+00
1.682909545016728403e+00
1.818863193449951510e+00
1.993073032480247253e+00
1.415699231958039928e+00
2.269806742495720897e+00
1.833735831252526260e+00
1.759892465052518506e+00
1.839959186007946057e+00
1.795452460262817906e+00
1.793129648378942731e+00
1.864218115418184940e+00
1.872483548871476611e+00
1.728871503055831482e+00
1.725207596861122017e+00
2.082954494378645993e+00
2.000124610266817093e+00
1.966505946522715265e+00
2.233230674171099217e+00
2.483157841952798428e+00
2.020538944377523016e+00
2.188655684700126169e+00
2.305947126688204563e+00
2.395582875601199202e+00
2.216870837526254245e+00
2.402368150526290158e+00
2.182787988174180072e+00
2.245793030779447363e+00
2.376432328765114121e+00
2.358044171055522220e+00
2.329639420729368027e+00
2.415882814196196549e+00
2.492783392116059815e+00
2.400323062544734487e+00
2.205946869986000536e+00
2.276856307690138692e+00
2.287458761243110761e+00
2.624978264976778775e+00
2.719808595880221613e+00
2.624938149795139175e+00
2.492142006225394724e+00
2.452427921564138913e+00
2.533629634329589653e+00
1.738092978046189341e+00
2.233637107234546448e+00
1.805812350343577233e+00
1.242450789703454239e+00
2.007693532408103554e+00
2.460395108255851060e+00
1.968902337670733749e+00
1.750356187571642685e+00
1.523766229456276156e+00
1.805151871307406397e+00
1.466393901931486221e+00
1.846414657429370942e+00
1.902018461165873919e+00
1.686152333125314096e+00
1.839940359052513630e+00
1.946861616247119731e+00
1.641917568520145698e+00
2.016793124894414202e+00
1.618587331026579923e+00
1.668156380063172461e+00
1.919171459221220788e+00
2.023187894514001606e+00
1.836405121821304665e+00
2.138137317379811719e+00
2.038277634785745196e+00
2.200969181315401979e+00
2.502911600956516658e+00
2.269708133044109566e+00
2.470234621261582220e+00
2.220130748121444064e+00
2.313764117935414699e+00
2.285329872130175133e+00
2.304850451428700264e+00
2.339225648780916433e+00
2.280818908662868960e+00
2.330940172259908127e+00
2.503743467261814626e+00
2.581033702057219603e+00
2.393973003186610438e+00
2.521921650758877309e+00
2.332100794091169327e+00
2.210987664202164193e+00
2.365970749659862538e+00
2.293452910366291508e+00
2.189557421965753203e+00
2.238183345967653448e+00
2.340339877967201776e+00
2.337828221870199563e+00
