1.757589831954146753e+00
1.547933298217800901e+00
1.543205009595403299e+00
1.549042262048772489e+00
1.527638314295897581e+00
1.714372172684278217e+00
1.747791309326902409e+00
1.750824676875257557e+00
1.727978266332198753e+00
1.655121915181498427e+00
1.715017630992459630e+00
1.726254484677460344e+00
1.761138575571843390e+00
1.763598375266852480e+00
1.947116518981068189e+00
1.685525427004080923e+00
1.714075765034004606e+00
1.891991090340139570e+00
1.642081582345512825e+00
1.988676171664888637e+00
1.845698283736999068e+00
1.868279663099913890e+00
1.907532902431011257e+00
1.710623637772461514e+00
1.829001650556325353e+00
1.794689785510523050e+00
1.740681122007050385e+00
1.958351584504999687e+00
1.807017964596103976e+00
1.964543976047906648e+00
1.609339998948448702e+00
1.624839615656090031e+00
1.629769086471696271e+00
1.766437144102439571e+00
1.726632702389655938e+00
1.937354568149275869e+00
1.861757043158572156e+00
1.555392033141272057e+00
1.527496944255307465e+00
1.599557659695695522e+00
1.884180064646068464e+00
1.634959974770922475e+00
1.685502824302993696e+00
1.644314370220358201e+00
1.656513886275736036e+00
1.842575739690647252e+00
1.896844823839232808e+00
1.797137698199019251e+00
1.858177413467987149e+00
1.867052262594316447e+00
1.720102543858838429e+00
1.533250734612772614e+00
1.662258923629589491e+00
1.544603095371255286e+00
1.511434661083644659e+00
1.703968700430708028e+00
1.609160478323214072e+00
1.769498531300999433e+00
1.724197270794141756e+00
1.693726139986854839e+00
1.722044537233846428e+00
1.603670145068517794e+00
1.605709718440246458e+00
1.694140547199724844e+00
1.677155503772014722e+00
1.842721753468074430e+00
1.729362523364737392e+00
1.649653481298039903e+00
1.687575839621343166e+00
1.973317316429031409e+00
1.886636519736244466e+00
1.919761426836178675e+00
1.848619436320113163e+00
1.506996718678034641e+00
1.658917639345047323e+00
1.904501968378957022e+00
1.755780914617670163e+00
1.997001032625126404e+00
1.668292602074738396e+00
1.750295478125513560e+00
1.727986342443811107e+00
1.827181913825755899e+00
1.708080092431703667e+00
1.662079727348613867e+00
1.733184045507744520e+00
1.868832331684033621e+00
1.867144887414848409e+00
1.901248156979941761e+00
1.857691120590393652e+00
1.631701222260230955e+00
1.683417267187692357e+00
1.601638469690304767e+00
1.506690933675558064e+00
1.660406762752948406e+00
1.712040782496784042e+00
1.666235059985107236e+00
1.848965653875450199e+00
1.831340217872471365e+00
1.914376381846988995e+00
1.785899111853892496e+00
