1.630482916014211581e+00
1.532072720504512153e+00
1.490289801711922157e+00
1.549640861639859812e+00
1.524481003766941845e+00
1.653573166814436446e+00
1.641367021160608841e+00
1.764988153279938299e+00
1.717754544836452846e+00
1.483896261268493388e+00
1.576530954141840635e+00
1.660523338674345206e+00
1.734008743666397567e+00
1.823534102815641544e+00
1.888053684254217046e+00
1.668274862278093407e+00
1.670413331359395182e+00
1.886595856673076055e+00
1.626792638407310809e+00
1.844582320063641312e+00
1.792728976587187439e+00
1.981512793757431057e+00
1.922124219394220290e+00
1.654742897662458523e+00
1.885868285936207256e+00
1.921669462602763057e+00
1.852345332726467175e+00
2.007919970935763576e+00
1.724268848899131346e+00
1.996178178257507874e+00
1.745496385045809840e+00
1.674250717610635597e+00
1.535993685044793278e+00
1.789240538920776169e+00
1.877997764971448991e+00
1.884642830767184751e+00
1.810397587661690455e+00
1.555214774150493584e+00
1.431464953917114924e+00
1.532856092251378977e+00
1.832905194979604246e+00
1.737373655191917887e+00
1.808640674453305008e+00
1.729233092754505208e+00
1.786311077502852784e+00
1.961957830613710430e+00
1.942580866092930902e+00
1.868275569696548066e+00
1.794732733193576957e+00
1.780945647715643787e+00
1.772216885928131980e+00
1.506304465828668393e+00
1.685067103912642139e+00
1.501979321656500721e+00
1.459367302774039254e+00
1.648227453226748906e+00
1.671842594236936375e+00
1.637631291209258322e+00
1.634609221570559212e+00
1.610502022240029918e+00
1.604936368455721407e+00
1.607999555249072454e+00
1.742755171671527270e+00
1.739092988348630797e+00
1.688174418828518153e+00
1.878955491262839450e+00
1.711663502208711440e+00
1.615509683026164156e+00
1.659507089398541746e+00
1.904838882879943629e+00
1.862494043693824430e+00
1.994767272559671012e+00
1.920843182040507857e+00
1.423300505615038292e+00
1.572586747981210564e+00
1.992649952020084436e+00
1.789823138537844249e+00
1.999497979253259006e+00
1.768655476381197689e+00
1.772434860939523071e+00
1.672324870678175035e+00
1.743622725514364813e+00
1.760417035723104151e+00
1.750791676837064825e+00
1.812896808521488046e+00
1.953490147021694767e+00
1.859900748830406458e+00
1.986323584566202838e+00
1.868143926867799731e+00
1.473418348330845395e+00
1.629776692580094943e+00
1.542139479950826342e+00
1.450587512633482623e+00
1.708707286027167704e+00
1.742856078006957299e+00
1.774504144637960801e+00
1.926456370282543684e+00
1.876584989696776562e+00
1.834547942601691961e+00
1.767275481605426357e+00
