2.100844035643696373e+00
2.060355051920627734e+00
2.197335845182831982e+00
2.120012804957417174e+00
2.277619536921422050e+00
2.136367433987685693e+00
2.088675069479103197e+00
2.394844865374510245e+00
2.136127273332700582e+00
2.055792976601721112e+00
1.892095153205201941e+00
1.930793502036431519e+00
2.078050345376474706e+00
2.178139609227943474e+00
2.130059848901567854e+00
2.088883648778556257e+00
2.349788987319640476e+00
1.903448573966060486e+00
2.319462386069697679e+00
1.899888286452202202e+00
2.099398878950549552e+00
2.060446816540797865e+00
2.469978211195530182e+00
2.508070590992530491e+00
1.967754483757810924e+00
2.214094864217705183e+00
2.175367489470303006e+00
2.141166218234467955e+00
2.346744350579963889e+00
2.038305717479405477e+00
2.230030871069045961e+00
2.482628115505520761e+00
2.142185976504197953e+00
2.234003961275081274e+00
2.326210892956850795e+00
2.320381101223065290e+00
2.363478573897261015e+00
2.453335914127341422e+00
2.594841653951541094e+00
1.995265616983095125e+00
1.988071417295395715e+00
2.344522158016515423e+00
1.997126516392764284e+00
2.506936650955388757e+00
1.899277237012340080e+00
2.157623279201474897e+00
2.133750455158161419e+00
2.001078339572492926e+00
1.972220921184140385e+00
1.581276041905696372e+00
2.046058919352567340e+00
1.327902669832860427e+00
1.878586243767816244e+00
1.587808105231152567e+00
1.203694523078483014e+00
1.225347782921986095e+00
2.032042634068840670e+00
1.110768041693069419e+00
1.857226709519595342e+00
1.633521023785194926e+00
2.267692169776302613e+00
1.735068573928746805e+00
2.082478833734538348e+00
1.567341680562187589e+00
2.332889327221772557e+00
1.931572484790041511e+00
1.663941361797497187e+00
1.724112575991744833e+00
1.869828799615263826e+00
1.861856955387180879e+00
1.799573677324422194e+00
2.251588797095808392e+00
1.778542260276341880e+00
1.809992168336240992e+00
1.710601431729375399e+00
2.077749478110958226e+00
2.080779475011187429e+00
1.883080697920084035e+00
2.375422460076328512e+00
1.934417668809915281e+00
1.785537819110169400e+00
2.247533821767518702e+00
1.800188231935832883e+00
1.749003565743636468e+00
1.716949223132799185e+00
2.078132230977742800e+00
2.152482451886864379e+00
2.224138450219992791e+00
2.250582612814149730e+00
2.287968201135291313e+00
2.424963994293972025e+00
2.245209834194163534e+00
1.889487372128046960e+00
1.837160595561413201e+00
1.850996897262182195e+00
2.298051267065611469e+00
2.067375498201728501e+00
2.478839357458404002e+00
2.043020843637366468e+00
1.907609871043663530e+00
2.080685358687278441e+00
2.305528120247904322e+00
2.482847855067924492e+00
2.560507236583298596e+00
2.445721352346640121e+00
2.156380120249715926e+00
2.057874226362891079e+00
2.078017251826180800e+00
1.944093727351620338e+00
1.574763188136933056e+00
2.175418557404641628e+00
2.029585787651771334e+00
2.027296011521192209e+00
2.083524380740502835e+00
1.910756657532501235e+00
2.021298969449162541e+00
2.047021290398184590e+00
1.940511517990337387e+00
2.231729744381867331e+00
2.036505421597503585e+00
2.652545323020065293e+00
2.275435479582644138e+00
1.770564515784094795e+00
1.929859465387516737e+00
1.385790564410707359e+00
8.969834897024873133e-01
1.245907413727292523e+00
2.241154957395611991e+00
2.303123156055259191e+00
2.193004447734661966e+00
2.179793623772834366e+00
2.078869968181090933e+00
1.843726007993058191e+00
2.344001689222711793e+00
2.146735930502371215e+00
1.780733325256890875e+00
2.299513081900898648e+00
1.793114239438397650e+00
2.038455389422201058e+00
2.146539538655659829e+00
2.039846815020552651e+00
2.046608278597485508e+00
1.950958420528826842e+00
2.293425749411882375e+00
2.037606004280369199e+00
2.013310892871458702e+00
1.923569298318565046e+00
2.055906855771044484e+00
2.106771185294491033e+00
2.067466482817410078e+00
2.106019914821112060e+00
1.876032090358531690e+00
1.966051944539328966e+00
2.049105422364127183e+00
2.229137858281958984e+00
2.043039389056287014e+00
2.064218012340361952e+00
1.882461373960498952e+00
2.117954528358096500e+00
2.071491123913685062e+00
1.921365803364353031e+00
2.007209044774250994e+00
2.281388529524945419e+00
1.861405792181957120e+00
1.464437059416443754e+00
2.035860133454448384e+00
1.994815830110121979e+00
2.077673242269800102e+00
2.161509657986402821e+00
2.125352868594058364e+00
2.228571271873078796e+00
2.272603660842038575e+00
2.118218122387832025e+00
2.225877355203761621e+00
2.318337819357651597e+00
2.140247930815500688e+00
2.475900753688913714e+00
2.543159411313693496e+00
2.342959473668129178e+00
2.387182086870241804e+00
2.451880867680204190e+00
2.369228113437979566e+00
2.207713354385325122e+00
2.205265074074098663e+00
2.026011551279237821e+00
2.068608308279002106e+00
2.173885318790565790e+00
2.238985704672988852e+00
1.992170907528648227e+00
2.138269470767641067e+00
1.997871660885216061e+00
2.208724655835732964e+00
2.086034113568752346e+00
2.012417413908186070e+00
2.108865675176771592e+00
1.994039250485374337e+00
2.100787637787365103e+00
2.041070476675001188e+00
2.171251523859736299e+00
2.099398411254770558e+00
2.034703651910063638e+00
2.308976766368348255e+00
2.135393406444735742e+00
2.113335382464834211e+00
2.244864624955199783e+00
2.176575651518284360e+00
2.124098405218309171e+00
1.972398612946134611e+00
2.112291649465706467e+00
2.031611836202552812e+00
2.087139633597407062e+00
2.180085199281216468e+00
1.859155452111879381e+00
2.192194318032360645e+00
1.899398675352128141e+00
2.061628149739112015e+00
2.390670506966367626e+00
2.262017356058102280e+00
2.276474120645970434e+00
1.741046713415210334e+00
2.311985417196313453e+00
2.235206179406318494e+00
2.321099819730401581e+00
2.206732864704732400e+00
2.056834770375477905e+00
2.133543748397619844e+00
2.113022426152188604e+00
2.025919633851572144e+00
2.168363483735461283e+00
1.922266203942728291e+00
2.290840766076931878e+00
2.218780849069675210e+00
2.033320949891578522e+00
2.043709951447646667e+00
1.781909858462924268e+00
1.671122812092431298e+00
2.419222160197979310e+00
2.501506191676289070e+00
2.458253432869453192e+00
2.195858250553347268e+00
2.569418454432607746e+00
2.315103659892540744e+00
2.205665048853633792e+00
2.112953349510947376e+00
2.132472691859257807e+00
2.062848465187650859e+00
2.290155193188097460e+00
2.267326273654444169e+00
1.856675993261130975e+00
1.949577362357949317e+00
1.968356874467974027e+00
2.165485628840719823e+00
2.173652012720353799e+00
2.176786791496461593e+00
2.081124134502941647e+00
2.116576380730800455e+00
2.194602949508657197e+00
2.132680061685217954e+00
2.269738500444748119e+00
1.977575999536421936e+00
1.957491525417538902e+00
2.058529700362355275e+00
2.379140476539007842e+00
2.099191169189422279e+00
1.929972605287531451e+00
2.381727723735736824e+00
1.876750203998900801e+00
2.162859046540002605e+00
2.215100375736817284e+00
2.489088993385422555e+00
2.144357528519742928e+00
2.109978459056435884e+00
2.377942709620813666e+00
2.365449110492507057e+00
2.069891991485708793e+00
2.272228236918460986e+00
2.430321237275424373e+00
2.321156729428413890e+00
2.399591029797650599e+00
2.259703980073720420e+00
2.202977802666650220e+00
2.352271606588435926e+00
2.590872752784370459e+00
2.554429601136994243e+00
2.536939773289470068e+00
2.181854901107327827e+00
2.173349061343373911e+00
2.272763913093901245e+00
2.414762332783452869e+00
2.780728129568259543e+00
2.418765493581888304e+00
2.465158975149542187e+00
2.244643050664972161e+00
2.257766021559617808e+00
2.336015374448646043e+00
2.404909012989215444e+00
2.244571937659861405e+00
2.198146949349325308e+00
2.252711227200290711e+00
2.131473564103743445e+00
2.124961673205047585e+00
2.058573997488790219e+00
2.001801167792202296e+00
2.182759131522503004e+00
1.999927013955156374e+00
2.282695609293125649e+00
2.051130229703127750e+00
2.111654219086875894e+00
2.220256212902883330e+00
2.063990604484978952e+00
2.158560053181450833e+00
2.082709144378573907e+00
2.106233520519213087e+00
2.104039083022457568e+00
2.297737423581618810e+00
2.116363540398955578e+00
2.125383036276879523e+00
2.322839870040823040e+00
2.086731109684126562e+00
2.336530972525338257e+00
2.203162299336242302e+00
2.281706227527910524e+00
2.415641460691419606e+00
2.230063797039113727e+00
2.288658903412251089e+00
2.042189295786640990e+00
2.364717691729583127e+00
2.284376447971204538e+00
2.401086613189447050e+00
2.236740293472295082e+00
2.178860712634902441e+00
2.175977625072452959e+00
2.184228497545505299e+00
2.216900391321651842e+00
2.238081032564349204e+00
2.372889396331470113e+00
2.390949706957700371e+00
2.293678816251335739e+00
2.364311096194401607e+00
2.020684719095065862e+00
2.248996913840142220e+00
2.136658529529517736e+00
2.153925816175296770e+00
2.081969153187777088e+00
2.080446750000719547e+00
2.116089248576465298e+00
2.167778045537443354e+00
2.302200672258730929e+00
2.168226658213756597e+00
2.545025757902276364e+00
1.987337009983592750e+00
2.098939020613579842e+00
2.114992364902630761e+00
2.413493229302659415e+00
2.280602990179478429e+00
2.423771985210575242e+00
2.550701866386195782e+00
2.297998038931654552e+00
2.305671681059324740e+00
2.357101158107939742e+00
2.283757611885292249e+00
2.304584991327629506e+00
2.307283696505809001e+00
2.285185935207817653e+00
2.192097138195426620e+00
2.380911279110434986e+00
2.159953464709003512e+00
2.342813074932452277e+00
2.276939776281142525e+00
2.363531454676819354e+00
2.209329622469973220e+00
2.256106542548343530e+00
2.334566528686981446e+00
2.326922682067631865e+00
2.373444540061663499e+00
2.499183361230387312e+00
2.675729909973375342e+00
2.297460180565493726e+00
2.256559448564273040e+00
2.451645087963644443e+00
2.388466017603874558e+00
2.420852749600096221e+00
2.285145163227690013e+00
2.115549245753413743e+00
2.330478517948310735e+00
2.303213640284502706e+00
2.214357804337847124e+00
2.302301027835087499e+00
2.197525941328467791e+00
2.234944138360112298e+00
2.196297348399251614e+00
2.292918958095034210e+00
2.217464572913199650e+00
2.166102454890232121e+00
2.336654219916460384e+00
2.298316790522985098e+00
2.360894918393388497e+00
1.964419232533937354e+00
1.856167247082326055e+00
2.045416654823260849e+00
1.979875905168539507e+00
1.881148391518434826e+00
1.990355383120995691e+00
2.137446287176304249e+00
2.107793557827958963e+00
2.134343996397076726e+00
1.893220451095792178e+00
1.978279929080595245e+00
2.105448153545468770e+00
2.070979945424072710e+00
2.141369393035869706e+00
2.107234582314693405e+00
2.016224150899197376e+00
2.032547575272488416e+00
2.341364577543408210e+00
2.239143565603761044e+00
2.358316397336045256e+00
2.208839129988227068e+00
2.174743555003573636e+00
2.287958663187782182e+00
2.316968979148889662e+00
2.423815965432942310e+00
2.361086172423725316e+00
2.006827948566515030e+00
2.250276789364397789e+00
2.242072389769857566e+00
2.213111476893337315e+00
2.346536418056284656e+00
2.326281064334911441e+00
2.286084524901713877e+00
2.332111328061792221e+00
2.253306323920952980e+00
2.325692078215519043e+00
2.175108426648723281e+00
2.397010966187322456e+00
2.235078764775792148e+00
2.276002108284986392e+00
2.173049693863358112e+00
2.335432613562595350e+00
2.190766510962824487e+00
2.186521258953592728e+00
2.376239389286119774e+00
2.402499917057129508e+00
2.371441475404701293e+00
2.548192985966907909e+00
2.506808901712441084e+00
2.692954649706852610e+00
2.346356587143263450e+00
2.319543531981810958e+00
2.366249798261472748e+00
2.394441524520272591e+00
2.374306876963281798e+00
2.227223072235249290e+00
2.258257163098603471e+00
2.291796304631543713e+00
2.175355292734106882e+00
2.253836240134907687e+00
2.446641302787181615e+00
2.263817760231150888e+00
2.302104695694629832e+00
2.118184606756158050e+00
2.195553871150226488e+00
2.078171757741703374e+00
2.235771569313977025e+00
2.303578916218080863e+00
2.207776018112847627e+00
2.263183931601742138e+00
2.229053549660910516e+00
2.318986451899942125e+00
2.271103871979836875e+00
2.128000465881280778e+00
1.950211881719884799e+00
2.171446004353058346e+00
2.236003601249138217e+00
2.038933015727765863e+00
2.142671460809653095e+00
2.201727079031674972e+00
2.352652379325830267e+00
2.382014880627667974e+00
2.393433216759399684e+00
2.366920142377283209e+00
2.365831219697527299e+00
2.434810361920052735e+00
2.324095750381539816e+00
2.202166702013462096e+00
2.364662139173995481e+00
2.218618496263605966e+00
2.234748117643603926e+00
2.426470727152637341e+00
2.558311237258160897e+00
2.510903852485878662e+00
2.747258015507040518e+00
2.321404836810938122e+00
2.210009373129013355e+00
2.280045970173081749e+00
2.157122616641467872e+00
2.164076206237469879e+00
2.334652273441947035e+00
2.325053829741036804e+00
2.348746515672351265e+00
