1.659267348932673691e+00
1.558004706953589835e+00
1.498950926303674880e+00
1.577316207017357641e+00
1.492584979091526654e+00
1.608186795068682118e+00
1.772753987118508956e+00
1.774972691152182813e+00
1.671479376259292771e+00
1.522679761454773573e+00
1.696105659302650670e+00
1.614023004776592662e+00
1.618209916241006407e+00
1.734532739660787470e+00
1.844096634112594391e+00
1.688782340531624682e+00
1.603383336721155183e+00
1.832528730667772443e+00
1.579831051027242639e+00
1.799211160126699793e+00
1.849702487061021694e+00
1.707904166060158380e+00
1.839647259641723265e+00
1.674081994777628868e+00
1.732953893187410888e+00
1.774847197649335628e+00
1.736930572847864118e+00
1.824606406896013278e+00
1.723604416146112595e+00
1.889077942219846706e+00
1.661869408217103050e+00
1.596425620869177830e+00
1.530258291531223502e+00
1.713512352719245957e+00
1.638285663887523613e+00
1.793482424880652015e+00
1.736238158524400221e+00
1.450224968237046719e+00
1.475721078998315061e+00
1.589625409466333128e+00
1.846057742433308002e+00
1.642765024651163808e+00
1.672191222886810547e+00
1.761250084998455812e+00
1.702014027815537123e+00
1.807259176609096185e+00
1.707861034591344973e+00
1.694572018356115040e+00
1.836828600765559427e+00
1.619660662287215169e+00
1.629825631115999762e+00
1.520361091160183253e+00
1.622052394154499533e+00
1.522184895384527392e+00
1.505462054089934609e+00
1.821605624972734150e+00
1.684783192750618497e+00
1.595282363907575274e+00
1.570158400542088328e+00
1.448377577157846652e+00
1.382228992922060362e+00
1.443533750977013419e+00
1.399675061250962527e+00
1.500112167173024869e+00
1.569291283769928658e+00
1.723501216187790508e+00
1.537716630013152619e+00
1.449170282997634729e+00
1.483781585075809817e+00
1.699730271991394481e+00
1.822037039452783613e+00
1.587676712416841163e+00
1.736897736205225140e+00
1.378695930830253769e+00
1.478450548842427326e+00
1.775860160950464506e+00
1.644430743764215830e+00
1.785775858222859114e+00
1.519482966624974729e+00
1.598706230359379088e+00
1.556149860891181902e+00
1.448617125521898696e+00
1.608534529257777956e+00
1.568351580313923854e+00
1.651031972857313290e+00
1.561000809769539810e+00
1.773587451788509961e+00
1.821471032741753371e+00
1.721983156862947340e+00
1.360849172634984949e+00
1.474149623879757121e+00
1.435531040560738880e+00
1.389612470891489648e+00
1.385370392249384963e+00
1.499660740744522380e+00
1.671995378004702770e+00
1.734391687586144037e+00
1.653551399613936157e+00
1.883549819434499284e+00
1.582433038111488388e+00
