2.112101681777359907e+00
2.014838560873402962e+00
2.175845364288738093e+00
2.093970045253967349e+00
2.185379452314810234e+00
2.096226462622270859e+00
2.137579898565651337e+00
2.329559833876744257e+00
1.967629590074476464e+00
2.011883795943981035e+00
1.986597830299289713e+00
1.945712418627085993e+00
2.062605647161563027e+00
2.201115485064232935e+00
2.001553614132430603e+00
2.090382572644778669e+00
2.136011728160040590e+00
1.897821394983597365e+00
2.339411481067878995e+00
1.913186490980286925e+00
2.048296649790258606e+00
2.164148460084366121e+00
2.531986632305204488e+00
2.399783411537017130e+00
2.123346316149253621e+00
2.261285252242898558e+00
2.119640605400053168e+00
2.042022392860774804e+00
2.434270642592284428e+00
2.099743133931187611e+00
2.296142042077856882e+00
2.399253480036211972e+00
2.250470109670258623e+00
2.271880739515297343e+00
2.376086309767088345e+00
2.325752378357754946e+00
2.462390825903596259e+00
2.493419543024144591e+00
2.335162097206002763e+00
1.876385355720811443e+00
1.844463438427906832e+00
2.108458089820095971e+00
1.994183194321071717e+00
2.341773632135984773e+00
1.846794984238952608e+00
2.398282056039096499e+00
2.285744355631234459e+00
2.196693038855474622e+00
2.208610675993351258e+00
2.169347084834580386e+00
2.251764587041209964e+00
2.267714600287998650e+00
2.162622501239004791e+00
2.132323143842205226e+00
2.194196105923434725e+00
2.182099060870200447e+00
2.192726054486433540e+00
2.061278804368888107e+00
2.110715297227323095e+00
2.040990840244405025e+00
2.275200254121619636e+00
1.892534303213952329e+00
2.213151711826637946e+00
2.011097016752241284e+00
2.341518297117848313e+00
2.396168250139843803e+00
2.058252119384582191e+00
2.038513874387002822e+00
2.198864445876362428e+00
2.415907609623889840e+00
2.316083945981373571e+00
2.333687357316137856e+00
2.546926131428505435e+00
2.159464141300822426e+00
2.395737444655473336e+00
2.244655492001002894e+00
2.248349247869133372e+00
2.313056558097682736e+00
2.543597021731723196e+00
2.232207981907365468e+00
2.378939287811230319e+00
2.283950497034306526e+00
2.209395366271139860e+00
2.292881028507335106e+00
2.245379208207530120e+00
2.208470157886655905e+00
2.132053003525923085e+00
2.179255870249706462e+00
2.425265819285732150e+00
2.428128645804037422e+00
2.163955158611966745e+00
2.150976821933005656e+00
2.261057151980320867e+00
2.121456760170694622e+00
2.213412223113051525e+00
2.123585465677532369e+00
2.272492152296146539e+00
2.263554093856541716e+00
2.260961179803957499e+00
2.138901569575026862e+00
2.350265932113948963e+00
2.362981925666321370e+00
2.568646640608472698e+00
2.609380453566212399e+00
2.604806827236490818e+00
2.447201134573947279e+00
2.439915867573321684e+00
2.443537660157339531e+00
2.343793451472924616e+00
2.477753983684089167e+00
2.468241584725228144e+00
2.214743651746645448e+00
2.298724284090241987e+00
2.238322132880390836e+00
2.263159504065295646e+00
2.407200105470222340e+00
2.304648484632763061e+00
1.863441750659418972e+00
2.513410858428263506e+00
2.150463328840323651e+00
2.583770254495004082e+00
2.495088870376056533e+00
2.299540472604216568e+00
2.403838988846703995e+00
2.487178105185728683e+00
2.382371261757599612e+00
2.627475363934909325e+00
2.215056168007998316e+00
2.561998406004805773e+00
2.471301033404069702e+00
2.266559500383668713e+00
2.376541534247714083e+00
2.543723216203927162e+00
2.308666191289611813e+00
2.296588533400218068e+00
2.523306491706608146e+00
2.442489465672350590e+00
2.523387151154395713e+00
2.149742105711276885e+00
2.213411150292358798e+00
2.099550980423309454e+00
2.089130124309297454e+00
2.057406992088089748e+00
2.234574377633335551e+00
1.909779207678257151e+00
2.082683075895284563e+00
1.808653619661538370e+00
1.936769132385512293e+00
2.067759249921196307e+00
2.154338622613403587e+00
2.172661092943252381e+00
1.818256854586815852e+00
1.919852300932894940e+00
2.024770919170736594e+00
2.178009514441668237e+00
2.551848973100027340e+00
2.491568567877099127e+00
2.312151024953382983e+00
2.205685461951437887e+00
2.031306585472359316e+00
2.107529013245344807e+00
2.113379754251292653e+00
2.284707625389475361e+00
2.541133831968642287e+00
2.532832652108933491e+00
2.134150509554869846e+00
2.265033769175254008e+00
2.312201093343824176e+00
2.421577343276222205e+00
2.324106427163108890e+00
2.622929609651890370e+00
2.332522460637408646e+00
2.460182565716762859e+00
2.503417254931775915e+00
2.342800684897039076e+00
2.267092277822809088e+00
2.406555970326434313e+00
2.439225850983999244e+00
2.434819219037675619e+00
2.687569525543143545e+00
2.630501936090254400e+00
2.641403446742998984e+00
2.510685080381502399e+00
2.523256477396117692e+00
2.545298969611188511e+00
2.174421684575340574e+00
2.304746449470503666e+00
2.244141287202580326e+00
1.886125931816938994e+00
2.194023758102752186e+00
1.909440123723340932e+00
2.240159451268182167e+00
2.183495927415580518e+00
2.004135856103291147e+00
2.377556709475658447e+00
2.162711816293957590e+00
2.289374733265087780e+00
2.167030131732469833e+00
2.337069630528909592e+00
2.330971897851136010e+00
2.258215490082575716e+00
2.472017516681992877e+00
2.273749126220092620e+00
2.359250618798562904e+00
2.372542779303321137e+00
2.378301743110635247e+00
2.281630935131537363e+00
1.955637273295990131e+00
2.201344838082292643e+00
2.158493864337447388e+00
2.134175292565266613e+00
2.192862903831607202e+00
2.175888138797859916e+00
2.210246998300938071e+00
2.195323139107866250e+00
2.295836600885300172e+00
2.438688724050729562e+00
2.236163253994601252e+00
2.280231279598961436e+00
2.592812587942901814e+00
2.494535523114547182e+00
2.306330143482353101e+00
2.594634147742709285e+00
2.310573856247584157e+00
2.211365594269625756e+00
2.341835903690602017e+00
2.442808647375323883e+00
2.273211301524864947e+00
2.291196890033490696e+00
2.355257250466419983e+00
2.569823733231598517e+00
2.506987060824211078e+00
2.401122446980805236e+00
2.312952802148366516e+00
2.495700300061129084e+00
2.609819355349748182e+00
2.394754013805461934e+00
2.602225713487452019e+00
2.404949251265339427e+00
2.403263216163745941e+00
2.698236206493605405e+00
2.316114268973640034e+00
2.324928422399772820e+00
2.261117351209549931e+00
2.368842225414677927e+00
2.377020445936683934e+00
2.362127570116338671e+00
2.338424282971573565e+00
1.856878722396875014e+00
1.881967103467549585e+00
1.920890825108671818e+00
2.159942445357447838e+00
2.072296560500231255e+00
2.176497156568564240e+00
2.062981894940807415e+00
2.053899725909422713e+00
2.067336775951148731e+00
2.017473404474164678e+00
2.222104660983394542e+00
1.992736990184770240e+00
1.939410668704701912e+00
1.951788508387684029e+00
2.278134998336895922e+00
2.100507565994986781e+00
1.936291527141999147e+00
2.213926699327429137e+00
1.921220859321929098e+00
2.175611987091390365e+00
2.082074070522132558e+00
2.658349129580378278e+00
2.087349217304305782e+00
2.144999994510986330e+00
2.346712178824881256e+00
2.297394408735092153e+00
2.083904513860046936e+00
2.231691588208931432e+00
2.436436726319255452e+00
2.153318339684948235e+00
2.291437198605613457e+00
2.245112898152244796e+00
2.196828347159488271e+00
2.371203244076975913e+00
2.427074808348414159e+00
2.501661331235121910e+00
2.387944215041231999e+00
2.092138286965067984e+00
2.088403082044667514e+00
2.099527508701951373e+00
2.194408879449419203e+00
2.445489104411474379e+00
2.426808962895907307e+00
2.332228807664920911e+00
2.041112415519445999e+00
2.231135391737556262e+00
2.281003150046865713e+00
2.279331640165745299e+00
2.235771331822801411e+00
2.192547661596810471e+00
2.145735209167717983e+00
2.210569673986983563e+00
2.225378758098889076e+00
2.139027776538044545e+00
2.006846352573998793e+00
2.154974304429340570e+00
2.129525020843936467e+00
2.295930006910376076e+00
2.013986440020884672e+00
2.094525378432430696e+00
2.259153839699885591e+00
2.003825534635083727e+00
2.469434550054435018e+00
2.015909566431651090e+00
2.377269592617456961e+00
2.123671264289033633e+00
2.305945194397799991e+00
2.283890072044145736e+00
2.074731754962525709e+00
2.348037624962270975e+00
2.197101968432507046e+00
2.350901210555033760e+00
2.304070229313192275e+00
2.532570884913461384e+00
2.252558288809539899e+00
2.252793029174625428e+00
2.439304349663398153e+00
2.110008605794302383e+00
2.210070743374695557e+00
2.330978441612276519e+00
2.450359134306859588e+00
2.289965747406556229e+00
2.258400288436241077e+00
2.212796891453165937e+00
2.195755324957897603e+00
2.087310146893095020e+00
2.186225233256637868e+00
2.225672567432614546e+00
2.459501981268780391e+00
2.241201632899355811e+00
2.478568517699756057e+00
2.291859717235477323e+00
2.263315195996186802e+00
2.308425528670739801e+00
2.208161263769981009e+00
2.039466743362545298e+00
2.095494134125276631e+00
2.137585101063384396e+00
2.096490643409822496e+00
2.318642430701513657e+00
2.198137859401104066e+00
2.496631137454830895e+00
2.103946760373721858e+00
2.185919840173717432e+00
2.281393487644924889e+00
2.465087862816953024e+00
2.544595244451612892e+00
2.484010676110736782e+00
2.597356701546486679e+00
2.461882492726828797e+00
2.449182844960631655e+00
2.356913381959633735e+00
2.394126972662504738e+00
2.350854698062775139e+00
2.359001919843977557e+00
2.286177513765978553e+00
2.253294226779912979e+00
2.179190747108907367e+00
2.119111708453655041e+00
2.236239485108383551e+00
2.328509566423088817e+00
2.460785013792245568e+00
2.319024899349815261e+00
2.479912205730032237e+00
2.466510395500141506e+00
2.342841610241908956e+00
2.262196596102476587e+00
2.394011518672653160e+00
2.618976680978271521e+00
2.167406265486329531e+00
2.289057076697469384e+00
2.471494806169213465e+00
2.446581015297646822e+00
2.559296508267688619e+00
2.360588436428570080e+00
2.308952025161446819e+00
2.668531008183565589e+00
2.411864943761185209e+00
2.356250405038608609e+00
2.554126250376870910e+00
2.249331493207283650e+00
2.317021220733319620e+00
2.274817314467123097e+00
2.521519295002116134e+00
2.406327182575280332e+00
2.277121869045376723e+00
2.547666072278827798e+00
2.603067843265111314e+00
2.523268415176395774e+00
2.018459688366371907e+00
2.087156473475669571e+00
2.032426024629005124e+00
2.147571523938789806e+00
1.983586755780272437e+00
2.169746663361922678e+00
2.188579298860289235e+00
2.082856174674345695e+00
1.927064840145086277e+00
1.727204641233581306e+00
1.910057490605922448e+00
2.023766197328283667e+00
2.119347050892257389e+00
1.946380430057765842e+00
2.070115109962114008e+00
1.872945048625609399e+00
1.859869258125508962e+00
2.383190067666096201e+00
2.322269860516702256e+00
2.399431590953542859e+00
2.199541353732050730e+00
2.098818682069502284e+00
2.391828881366742987e+00
2.235217493908017605e+00
2.302493082531802848e+00
2.249739647554662714e+00
2.046701109845010524e+00
2.293618082625331844e+00
2.253354365006265070e+00
2.263931329165413064e+00
2.256913177116035563e+00
2.514207968500778101e+00
2.455442278441358095e+00
2.304892299273883616e+00
2.162499841721099436e+00
2.472572258248281418e+00
2.241439522635085169e+00
2.613550703889301996e+00
2.213488055868626958e+00
2.394668811976413014e+00
2.421290276823619525e+00
2.506402739435253491e+00
2.342581525620448080e+00
2.445465286042726838e+00
2.594387488061545621e+00
2.443294753043345757e+00
2.471415359562331382e+00
2.475444587070032565e+00
2.474473454906265246e+00
2.680439423339768812e+00
2.719803068980522820e+00
2.489247423520972280e+00
2.469501885446435896e+00
2.482085241012636612e+00
2.545043832623537394e+00
2.062683168460020866e+00
2.278660991240150313e+00
2.168201596451817093e+00
2.162710920403800863e+00
2.279154736801969339e+00
2.279507771507456315e+00
2.399975577501065604e+00
2.425551538207631364e+00
2.107847595537950092e+00
2.212609357666512899e+00
1.945980440972256753e+00
2.068746979577390288e+00
2.231888186543982133e+00
2.108105037115732383e+00
2.119377905844618937e+00
2.122424670761263066e+00
2.057110073039840614e+00
2.117560805944790125e+00
2.134075052323054500e+00
1.971142312025566667e+00
2.164920865203195266e+00
2.331185702745782962e+00
2.043449207659403299e+00
2.193248108982372102e+00
2.126082570187914467e+00
2.221757319698779654e+00
2.358091745876193635e+00
2.214053743252113460e+00
2.468239071219858971e+00
2.307010923544488890e+00
2.400730300666710004e+00
2.343068739606422923e+00
2.199801957209864600e+00
2.468733289802731434e+00
2.353064171878584521e+00
2.288841109693932729e+00
2.613840921225911718e+00
2.642027695965350365e+00
2.596382388464534063e+00
2.620022861516930313e+00
2.355370180235028421e+00
2.387326603050314411e+00
2.342043700848298826e+00
2.211364838853561832e+00
2.108992573747363153e+00
2.312131407427330032e+00
2.394779254892306586e+00
2.240172632589522372e+00
