1.654823054744402278e+00
1.546335219311289144e+00
1.521079801242233742e+00
1.517899960513526381e+00
1.497484685487425526e+00
1.651931024328482822e+00
1.709460387479419641e+00
1.716930327094487785e+00
1.592132666334770130e+00
1.563584068001014238e+00
1.715236411320916421e+00
1.733455857216813056e+00
1.746924751891050676e+00
1.808294215385381820e+00
1.936388631806692517e+00
1.663925884673561839e+00
1.641464547814843966e+00
1.870864307023466733e+00
1.603939762355788501e+00
1.865639993848819511e+00
1.804417267925368717e+00
1.918654729584242435e+00
1.866895939752878819e+00
1.722634573025136673e+00
1.771888977644630936e+00
1.847171958415368520e+00
1.722018948089898860e+00
1.967831822660352392e+00
1.736777808125282707e+00
2.004691272566800908e+00
1.742457165764497384e+00
1.699325691500753521e+00
1.590022988172542284e+00
1.706234229910876810e+00
1.812519786245994968e+00
1.906972245445346603e+00
1.853372863507225077e+00
1.577759365624888943e+00
1.518563885665114022e+00
1.599194561602480746e+00
1.919295215172089009e+00
1.737161729579721481e+00
1.769965747485572116e+00
1.685309862217043708e+00
1.736819028228840045e+00
1.836524662406215924e+00
1.879879501496458438e+00
1.736655585480727071e+00
1.870232782485454770e+00
1.887367211318241367e+00
1.739185339190597146e+00
1.521225751101773049e+00
1.623033557327822285e+00
1.529494786010036300e+00
1.456425889741526314e+00
1.639485528653504831e+00
1.696889359956197829e+00
1.706400198202124630e+00
1.632777468112903030e+00
1.682342207146511059e+00
1.690836797926132062e+00
1.524653911932148498e+00
1.621343904310909023e+00
1.695499867531690574e+00
1.651635175462573768e+00
1.829519151672553079e+00
1.639564009903387909e+00
1.604452827258342484e+00
1.725720343818498481e+00
1.932600246588327852e+00
1.837772493899044512e+00
1.951150604496189045e+00
1.840352656818766475e+00
1.477671344232781125e+00
1.647010820119272356e+00
1.956069722154011536e+00
1.732348138697576090e+00
1.996510442313914169e+00
1.740975368280361257e+00
1.780044443516261676e+00
1.740703444373323139e+00
1.856539159043673504e+00
1.746942865977537673e+00
1.747478477140530284e+00
1.746049881365890899e+00
1.908160507270359574e+00
1.866794225987662870e+00
1.936257213274754641e+00
1.898703691626137280e+00
1.594327415712388563e+00
1.647080959711513692e+00
1.613143934112022615e+00
1.505877985319450607e+00
1.698627623746700843e+00
1.755442619116557745e+00
1.731552540152620390e+00
1.824526322176829307e+00
1.772543325524288171e+00
1.894195153278093180e+00
1.824933702782440381e+00
