1.885166403980466310e+00
1.859073647417740283e+00
1.979505577945533057e+00
2.036300185762558890e+00
1.740161823795274953e+00
1.809521498346648771e+00
2.026857655329233232e+00
2.739649101256669272e+00
1.739858658874587016e+00
2.061366566729746275e+00
1.800361635514773795e+00
1.663407666917582350e+00
1.406439800184838163e+00
1.398990651600275470e+00
1.954434088592564178e+00
1.791119051231929271e+00
2.275753542966888698e+00
2.223712624667753879e+00
1.826822689408389655e+00
1.870289013935665379e+00
1.705669747050988505e+00
1.715090544151032681e+00
2.472613700012969762e+00
2.428496366296713838e+00
1.758308733175532934e+00
2.007088680594006025e+00
2.107429701658517285e+00
1.836346503124818952e+00
2.411834284445788068e+00
1.868950967650884198e+00
1.853434410548694844e+00
2.466093742182902115e+00
1.943539147164794478e+00
2.009505959758027593e+00
2.363194478518992447e+00
2.350546683096767620e+00
2.318812975555139655e+00
2.440058695454663251e+00
2.522611974829566783e+00
1.918610591625736106e+00
2.119506713758995353e+00
2.214610863126993401e+00
2.181869017411250500e+00
2.576801771749265946e+00
2.029862006867319657e+00
2.541958841654545775e+00
2.334226923373015516e+00
2.430743479177544408e+00
2.144379612568500626e+00
2.259845660858404326e+00
2.444858393970716470e+00
2.436930220047490714e+00
2.226175653956971701e+00
2.177960568653155793e+00
2.283500745412021526e+00
2.243160036810408098e+00
2.339908265260830955e+00
2.064820908092972473e+00
2.302766640366566975e+00
2.104032011624269671e+00
2.456266591629904461e+00
1.945041003358271681e+00
2.435173884768054187e+00
2.088188193070224852e+00
2.503833168388757358e+00
2.475111103908358423e+00
2.128956855360396805e+00
1.999428139299215923e+00
2.305812884732780343e+00
2.569171134023903846e+00
2.332794394597789811e+00
2.630605088256222412e+00
2.562808772994571438e+00
2.374053168991913321e+00
2.556646333791941395e+00
2.580080778851567391e+00
2.338138300627343291e+00
2.488269088099231308e+00
2.557984711062005090e+00
2.423659478247620847e+00
2.480873688746806138e+00
2.478601489312511674e+00
2.231997099165754506e+00
2.281201356075072351e+00
2.341178021121269825e+00
2.337726657954442455e+00
1.986348608531787185e+00
2.122075953663582926e+00
2.473341654115740251e+00
2.157459240799157296e+00
2.448251889187925467e+00
2.515399730395974309e+00
2.301641245188656093e+00
2.257171957617770897e+00
2.484075020742237516e+00
2.496660266401915518e+00
2.522117224576112537e+00
2.570037661415008223e+00
2.490562563813578212e+00
2.417074266708823416e+00
2.587120447457306405e+00
2.664131385714614719e+00
2.725337353538861862e+00
2.821500327948192055e+00
2.733961825383534716e+00
2.554128556129038774e+00
2.675160061372655829e+00
2.669699202837751972e+00
2.588174064662303930e+00
2.594997646909028344e+00
2.655340329283828016e+00
2.390652761047337815e+00
2.439193524125767620e+00
2.376464512080897151e+00
2.332563265504417505e+00
2.388193101768568471e+00
2.317461547986523485e+00
1.819360410815329843e+00
2.608162280546380885e+00
2.293773797312868012e+00
2.753728949866767639e+00
2.583209966973199379e+00
2.466130384341595150e+00
2.561864481905777868e+00
2.532013781806520925e+00
2.546306210863968023e+00
2.717177283455896486e+00
2.559614967979688238e+00
2.707551653356921495e+00
2.651582501002039294e+00
2.524028761645432439e+00
2.452707462685134843e+00
2.721174418311785637e+00
2.636607573960714657e+00
2.410414361280792672e+00
2.604604571777947353e+00
2.583367919794166578e+00
2.619473652391086649e+00
2.230388233054941605e+00
2.288335706295988814e+00
2.102657439817885887e+00
2.136748823558363153e+00
2.225943151100802542e+00
2.288509167242777309e+00
1.929654162743668078e+00
2.026743205541936987e+00
1.726295442392205892e+00
1.887937137852186975e+00
2.032807282808980265e+00
2.122007591806965188e+00
2.003360605672580341e+00
1.615865448976504082e+00
1.758478591903946286e+00
2.058854765989405422e+00
2.433562109968456788e+00
2.515078872358441853e+00
2.628689700965995080e+00
2.538248186230569026e+00
2.571640558537626298e+00
2.386806757777627741e+00
2.342641384055676568e+00
2.429478254991516373e+00
2.464446592899936395e+00
2.700733796001823173e+00
2.673800744897565362e+00
2.117915637983143640e+00
2.430569443430162124e+00
2.455379296238011655e+00
2.549384133132643893e+00
2.542933259008150149e+00
2.615186007774564558e+00
2.458671091844416345e+00
2.636261841281018814e+00
2.658846040706576819e+00
2.569178963637751334e+00
2.422807539685594147e+00
2.641060806255192350e+00
2.710504351285780711e+00
2.653165879820956086e+00
2.714733954084701750e+00
2.656201915669224256e+00
2.737700008353082026e+00
2.558384604942645080e+00
2.510415623166031285e+00
2.657640726579824086e+00
2.218844804351493671e+00
2.409284763180047584e+00
2.525110944043887695e+00
1.910442516811292402e+00
2.257473490481882727e+00
2.023308290282934241e+00
2.468752691532916987e+00
2.289315504015864811e+00
2.129185162568258516e+00
2.512284338386746363e+00
2.312438233835670598e+00
2.283792965754450677e+00
2.253116718940407992e+00
2.356793863140297596e+00
2.358679809734024690e+00
2.330615064948867943e+00
2.561685857004982747e+00
2.372385093192871608e+00
2.376504688759294215e+00
2.626417935253748670e+00
2.591838618151494522e+00
2.346515598673736491e+00
1.973457086832852037e+00
2.266498096901457870e+00
2.125160729654195446e+00
2.190687036144970623e+00
2.337413438637570451e+00
2.247988248850356641e+00
2.385797244179995502e+00
2.366952685102626575e+00
2.355767717045838427e+00
2.501720859991748647e+00
2.338037706467200216e+00
2.415518661426207192e+00
2.659333073886925636e+00
2.486935591319737515e+00
2.375464500399799395e+00
2.534733721233618731e+00
2.420005389821500597e+00
2.492064911973424390e+00
2.456224568294274047e+00
2.490002609099672082e+00
2.398960898043369649e+00
2.502682906993985767e+00
2.438133389495226400e+00
2.778901787274159041e+00
2.773839705492002761e+00
2.643907565198438725e+00
2.519409430716160525e+00
2.568246637770545071e+00
2.679875150174537257e+00
2.411241978599471647e+00
2.643212129838433011e+00
2.477123393329515810e+00
2.563340391693122555e+00
2.777269668670589997e+00
2.499815725327165783e+00
2.534114232659424371e+00
2.563593484937884526e+00
2.559610874488061683e+00
2.440741116398001065e+00
2.611554260250199988e+00
2.621318241346884292e+00
1.631950057989895342e+00
1.889468169816999499e+00
1.954062219782690901e+00
2.231076478718893252e+00
2.062373633165786480e+00
2.152882128036165632e+00
2.160331189054432777e+00
2.188268847572280240e+00
2.151890692870025656e+00
2.157125446328366891e+00
2.154953003696659763e+00
2.052652060822436120e+00
2.149934922790711855e+00
2.255082554353814661e+00
2.192793688098845895e+00
2.211013014768553386e+00
1.987934512275832066e+00
2.350804077877992615e+00
1.943232862823935037e+00
2.216562487980087148e+00
2.280559965702565695e+00
2.570426909207179200e+00
2.022902634421877455e+00
2.182622588089248694e+00
2.343864504988070863e+00
2.292727613675860532e+00
2.044811338350143171e+00
2.213707288362460890e+00
2.400505037284878629e+00
2.138644786856904290e+00
2.193052225871745975e+00
2.095998818284371623e+00
2.081299335542225126e+00
2.468119451929937647e+00
2.349966661702965975e+00
2.299967399216180208e+00
2.608516055293309321e+00
2.214765889372909413e+00
2.229489711883574810e+00
2.330103415896290553e+00
2.256404920706855055e+00
2.724330420956645238e+00
2.544232275460960757e+00
2.487405343195745022e+00
2.335103564071371984e+00
2.426943905354223219e+00
2.469936392007319181e+00
2.550592276317063867e+00
2.286861185612012459e+00
2.328661487125482488e+00
2.214245173447751736e+00
2.274257418830913480e+00
2.280122883010981205e+00
2.260536648371248347e+00
2.071636017225616300e+00
2.302088877422951096e+00
2.210008283665434892e+00
2.443191407080043120e+00
2.156090393852649001e+00
2.425904206259418494e+00
2.488673776551492356e+00
2.247288075756987524e+00
2.500504301520028783e+00
2.175287813876794818e+00
2.317575444411924757e+00
2.256585270909258423e+00
2.497611992057225283e+00
2.479000294792837789e+00
2.378577455744247171e+00
2.637300166717942318e+00
2.280532190718949526e+00
2.492927158440212843e+00
2.318490074584926397e+00
2.511905332996335005e+00
2.431844678532846693e+00
2.482011124693848547e+00
2.581804981769369789e+00
2.192038309435321075e+00
2.583961753955947405e+00
2.417998961568669891e+00
2.480422402680247718e+00
2.322702756888706421e+00
2.415413759220853329e+00
2.376472144165423739e+00
2.472749449465897698e+00
2.361208165403063663e+00
2.244485257885417528e+00
2.248804226581346377e+00
2.443814676596081537e+00
2.414331200620803308e+00
2.553004283627474447e+00
2.242771493011745054e+00
2.548208789864981227e+00
2.636966295478303302e+00
2.402035684404057569e+00
2.235633225028718751e+00
2.301482123052532192e+00
2.459054240573163685e+00
2.436692481411017130e+00
2.652572331839092357e+00
2.470608794404586472e+00
2.678393899652955046e+00
2.249879766476955201e+00
2.500044672715278526e+00
2.569999109592286057e+00
2.696187038430863492e+00
2.596282662748241599e+00
2.640240295309260965e+00
2.736250660707039373e+00
2.702886525255614458e+00
2.561013388067017615e+00
2.726979451369835772e+00
2.641140887037618512e+00
2.560132793193236722e+00
2.620608323110549254e+00
2.502220831299194703e+00
2.546122244143678159e+00
2.418112930767622792e+00
2.197412538674202942e+00
2.493858115968942801e+00
2.423789023508164053e+00
2.631909093181162618e+00
2.377446018907623415e+00
2.575879056976707826e+00
2.645132048123979285e+00
2.587862659996076342e+00
2.400739495503469989e+00
2.592540667804890120e+00
2.760312879064239944e+00
2.342392744031449592e+00
2.353823469064500351e+00
2.620594834849804045e+00
2.593862042527591782e+00
2.667075751809730999e+00
2.453600919827646720e+00
2.486191656812271500e+00
2.683826138944529482e+00
2.502407186444346454e+00
2.404415934887902395e+00
2.638146256339163997e+00
2.372077689544820789e+00
2.536694241415569984e+00
2.396952375904176424e+00
2.647896778511855231e+00
2.531305965503501287e+00
2.361621225371922428e+00
2.677603194398324060e+00
2.566694897350176419e+00
2.713246425385794414e+00
1.968189342158945365e+00
2.037006130437084117e+00
2.154848369956074983e+00
2.182751125487111032e+00
2.037955321727743740e+00
2.257444834553506752e+00
2.235053155995351482e+00
2.062287886417139671e+00
1.827611427821829171e+00
1.729429932459638941e+00
1.866885968509591986e+00
2.076984560936653956e+00
2.022139873929089671e+00
1.916202186975093369e+00
2.074608373849733400e+00
2.070250397432044753e+00
1.851590973302786658e+00
2.516542271224399663e+00
2.603056168132740211e+00
2.610174887122882037e+00
2.546237148431698571e+00
2.406593884500825897e+00
2.598346450376498584e+00
2.372919214308559788e+00
2.502800388255240982e+00
2.363675137437347029e+00
2.164246054972283062e+00
2.318803263798062453e+00
2.380329533329974989e+00
2.372066383227338537e+00
2.449879572271255856e+00
2.614671207291569210e+00
2.544506003352289270e+00
2.548177414546703101e+00
2.446371693021518468e+00
2.626007004954585167e+00
2.485372321347315783e+00
2.515075668581069568e+00
2.322060623855735528e+00
2.490765710684198275e+00
2.569830410284870581e+00
2.646470619647887990e+00
2.538352303258094356e+00
2.680999656952680610e+00
2.782771788262772272e+00
2.632454165921134681e+00
2.454802903440176376e+00
2.644689225462390603e+00
2.668308897107281030e+00
2.741450063780442203e+00
2.769846922696274749e+00
2.512228375809564263e+00
2.503034501419318936e+00
2.486475254681757452e+00
2.616032198953156751e+00
2.272048054593033051e+00
2.300481556985665588e+00
2.434615533946787203e+00
2.253556043984815016e+00
2.434388391123863737e+00
2.565688456548542717e+00
2.732440167695782129e+00
2.755932782068879039e+00
2.200124171031078379e+00
2.362019650841571394e+00
2.072780819182213463e+00
2.208906223466300833e+00
2.331745038830183248e+00
2.175078553316312391e+00
2.178786086463305072e+00
2.187001467475182981e+00
2.349221550291823224e+00
2.245878998051951569e+00
2.315415221355899611e+00
2.061600259894158960e+00
2.284686006626171384e+00
2.434939095995319658e+00
2.080513882596030761e+00
2.277615950646235454e+00
2.167187734237152608e+00
2.305347892318897252e+00
2.538657581559517595e+00
2.376175354432027209e+00
2.563845953811096035e+00
2.481585375818552208e+00
2.497821122998512333e+00
2.488924535258731474e+00
2.497399509393607442e+00
2.515947900283440397e+00
2.609879400180546760e+00
2.497461284751945954e+00
2.707269166798748739e+00
2.609456862255641330e+00
2.506426675355825751e+00
2.726992177766793368e+00
2.559315419701209571e+00
2.492015036980576692e+00
2.513026291160116887e+00
2.561021957521585790e+00
2.432702044299037691e+00
2.454727898493936245e+00
2.578778814586622836e+00
2.527758334933905449e+00
