1.785682172436875659e+00
1.816500955297400299e+00
1.939919569609655836e+00
1.715092786202405684e+00
1.790881036191090958e+00
1.911767725109703608e+00
1.804391878668338389e+00
2.044107390360985654e+00
1.840305141813804113e+00
1.851826959328199962e+00
1.983553554047449596e+00
1.792499307179198142e+00
1.960811484413558681e+00
1.991766224628319426e+00
1.723196313714456362e+00
1.949640124802876739e+00
2.086918563689768025e+00
2.080922672054849265e+00
1.903892163245904268e+00
1.971973933060413575e+00
2.060881340727259481e+00
2.185804119241723242e+00
1.868076098992498713e+00
1.849029754312031981e+00
2.027439031995239116e+00
2.028389730535518964e+00
1.950248089202676782e+00
2.179537659177543496e+00
2.187380793553565184e+00
1.960755035513865652e+00
1.891886087304370356e+00
2.057064857126549295e+00
2.161872825343286841e+00
1.919050611613877244e+00
1.895151117614134462e+00
1.935616527296882161e+00
2.264315757133254614e+00
2.122534576632950198e+00
2.289961946624489819e+00
2.194585407470942329e+00
2.211233998295206948e+00
2.268066694737258970e+00
2.219315958540292844e+00
1.974339152656094054e+00
1.972705888093730708e+00
2.019416974428533518e+00
2.297018520219535009e+00
2.009835890338592890e+00
2.128526004833200869e+00
2.179934355938276003e+00
2.102983422631480526e+00
2.231297277833106385e+00
2.102393064751730822e+00
2.278829774779231876e+00
1.817625803817995767e+00
1.734916600094501327e+00
1.591184648141961366e+00
1.670783754776052898e+00
1.651450991413828895e+00
1.761013117034961217e+00
2.103682809374954665e+00
2.148148685943677361e+00
2.046952503367666765e+00
1.942742758152279370e+00
1.631540757411618525e+00
1.821100193632346764e+00
1.973009871345564159e+00
2.016759869701942431e+00
2.192080121159190931e+00
2.179999743777253141e+00
2.202564742169911050e+00
2.282909188918426313e+00
2.326159603655116204e+00
1.773331373811171119e+00
1.763735627777456294e+00
1.721464242252319421e+00
1.813060525602664841e+00
1.894285399300418060e+00
1.927017080560776030e+00
2.006002198203900022e+00
1.932291569535756315e+00
2.074544828775743088e+00
1.893280135570547529e+00
1.814968025824989395e+00
1.769273636384157022e+00
1.878207308585626345e+00
2.089767222028334093e+00
2.007653007042415005e+00
2.020253504844237824e+00
2.161397627667011268e+00
2.148505395458471412e+00
2.170578498497076403e+00
2.314953977780791039e+00
2.187105492129761242e+00
2.276022013071504091e+00
2.182579576740495408e+00
2.089546026875951590e+00
2.007211961703538439e+00
2.107964179819315831e+00
1.873129724182405198e+00
1.765284119142187080e+00
1.829659396099879265e+00
1.863304019000701750e+00
1.761771571439947559e+00
1.957825996794113399e+00
1.791965879275226214e+00
2.056601492899364558e+00
1.814805483870298053e+00
1.741324281515328920e+00
1.866417407566567155e+00
2.063516499046470720e+00
1.913521158312475157e+00
1.792878693359001963e+00
2.052361924692167605e+00
2.173332619224299656e+00
1.891323385272855706e+00
1.784306192174406558e+00
2.010674743140205667e+00
1.857681764093895405e+00
1.992043129001995094e+00
1.920893203669346017e+00
1.935808343242850560e+00
2.110826215219352431e+00
1.847958798849921092e+00
1.932851444321730838e+00
2.118476275888285354e+00
1.801266275125056548e+00
1.949371526913891595e+00
1.963092008300885150e+00
1.943227243701868501e+00
2.068863700769344227e+00
1.958451564882680129e+00
1.995474849397712580e+00
1.899942330908556132e+00
1.888035170679061903e+00
1.999377544770818194e+00
1.927757910004802122e+00
2.002160716089256720e+00
1.957674475298961658e+00
2.201953764502555089e+00
1.944821394927040981e+00
2.116721045433781700e+00
2.196292666389481063e+00
2.108615545367849453e+00
2.112586198757557820e+00
2.243022895545217388e+00
2.165527134761541461e+00
1.808277965287106603e+00
1.767136163258787862e+00
2.006709147317113473e+00
2.136060261773623292e+00
1.956434681716755941e+00
2.095004690002634007e+00
1.919343531250309987e+00
2.206582931796650104e+00
2.173299508066770525e+00
2.129606313910577864e+00
2.254951155284187436e+00
1.892297492907218270e+00
1.936957387202301817e+00
1.900650453150350749e+00
1.816849204707616794e+00
1.708903255673746013e+00
1.702844659758537382e+00
2.058132081983404582e+00
2.078739612078261079e+00
2.125647325092564710e+00
1.887524553097931435e+00
1.923948191614771597e+00
1.850504520932695129e+00
1.886761144120479683e+00
1.928597703614363112e+00
2.163585836644266180e+00
2.001152683682887012e+00
2.062363135723259688e+00
2.321250590238547851e+00
2.140139026962721402e+00
2.296058132970218324e+00
2.310915112812149008e+00
2.198035452053484384e+00
2.272026657902311619e+00
2.009587898063323941e+00
1.928990230648385706e+00
2.096844141750378920e+00
1.787048770234563433e+00
1.821666593072618801e+00
1.747667912996192729e+00
1.655894894545471008e+00
1.655056659523594043e+00
2.054449501166557557e+00
1.899984213180161641e+00
1.973564261078708970e+00
2.117898642692018552e+00
2.075657432800517288e+00
2.150570111897911918e+00
2.081280384279455831e+00
2.141993628721836629e+00
2.163880924145558104e+00
2.198491223889436963e+00
2.142309268431549452e+00
