1.735428981760725353e+00
1.520169476640224504e+00
1.439316316745801627e+00
1.513499641751444136e+00
1.470962995840300769e+00
1.474468002148775936e+00
1.702645146428786171e+00
1.707406931373821157e+00
1.571221640159352173e+00
1.524373166372978039e+00
1.620821916520275741e+00
1.667359694750158550e+00
1.653864690803835913e+00
1.697159634273548878e+00
1.878890641764864533e+00
1.661684711490568178e+00
1.631256540751798267e+00
1.894965770705313801e+00
1.591474066695333534e+00
1.860282562017306685e+00
1.775438426159919203e+00
1.810521734337295241e+00
1.875678450329879787e+00
1.698163396442509576e+00
1.771828240254863296e+00
1.779097606666849130e+00
1.731060482976691572e+00
1.957389413120097288e+00
1.792217101961407932e+00
1.941846055786270453e+00
1.648994126345642686e+00
1.680214710806408940e+00
1.597201536002322619e+00
1.771027752371723496e+00
1.728713494804871909e+00
1.765557269549460129e+00
1.886222319113435741e+00
1.578646142401379127e+00
1.475795120261750526e+00
1.579747417913261787e+00
1.804744314820413420e+00
1.669667261527686852e+00
1.664110101101942574e+00
1.721037230160517684e+00
1.707153551717366158e+00
1.839328451820972044e+00
1.875350917091119562e+00
1.757364008731670424e+00
1.945626454538176509e+00
1.762431225138026525e+00
1.698864171713095450e+00
1.562571684935159411e+00
1.675721584507566586e+00
1.533410483641204136e+00
1.526821610207962143e+00
1.692134223325134412e+00
1.707117915255448537e+00
1.756885187469755527e+00
1.470049810928298895e+00
1.627990650378505322e+00
1.660022326697317752e+00
1.618089839931045493e+00
1.691030813974702340e+00
1.612300946972013538e+00
1.638364551458148854e+00
1.819984089582511011e+00
1.676934851279239469e+00
1.587745115171721899e+00
1.645372545603129621e+00
1.913769836553497194e+00
1.777248011148954809e+00
1.879881679827161811e+00
1.864042174772825078e+00
1.507219383751644548e+00
1.616495771911372170e+00
1.848561863450752574e+00
1.719250059568564915e+00
1.949393113827612378e+00
1.663826777842992044e+00
1.755685320074720002e+00
1.668159704779590191e+00
1.689698074016841467e+00
1.704281740221508468e+00
1.683109719240610369e+00
1.692596535037405703e+00
1.933093771693939145e+00
1.826667148811215169e+00
1.923569489246390596e+00
1.844593526339384670e+00
1.534904799700809175e+00
1.646662565566991976e+00
1.552600664813811537e+00
1.464560296227255920e+00
1.674724171498427561e+00
1.721236024063593106e+00
1.695812853232101292e+00
1.800370521294762938e+00
1.823900331508897743e+00
1.886152739015479529e+00
1.766764231483634706e+00
