1.753582578906250689e+00
1.800203294976749246e+00
1.889030450328139654e+00
1.729087032616059671e+00
1.723565955280343065e+00
2.040534295790116914e+00
1.741941291165532757e+00
1.984467899052025697e+00
1.721341952311078671e+00
1.901838649633120326e+00
1.898039270974306358e+00
1.782260058372899358e+00
1.863501644836193405e+00
1.912084149315764536e+00
1.703945091979841120e+00
1.840112610886117661e+00
2.001560214294668238e+00
2.016004196073974963e+00
1.834754438712435265e+00
1.956678401791150490e+00
2.123815434738566932e+00
2.014120135932240707e+00
1.855265712246451315e+00
1.853330106688648060e+00
1.953423125286236406e+00
2.021921108098107656e+00
1.911626732662012884e+00
2.051997053494396539e+00
2.124680215460224897e+00
1.940301187454934961e+00
1.835810214605668067e+00
1.856707323950101740e+00
1.980371399616052575e+00
1.886580739139921192e+00
1.843387485425791894e+00
1.837345939569902553e+00
2.122409460984009844e+00
2.009456211040919094e+00
2.196947561907166335e+00
2.151120257246448730e+00
2.103451521008522729e+00
2.016683042895876632e+00
2.064106269203428656e+00
1.856218840604936471e+00
1.922258710650594615e+00
1.964221459964145877e+00
2.208966197696457190e+00
1.950735423556005044e+00
2.060553599931654212e+00
2.107280106174804768e+00
1.993438315925074589e+00
2.144036377272311888e+00
2.057111979315938921e+00
2.166052682310328326e+00
1.787234048068031989e+00
1.809438996839044522e+00
1.685662849182649081e+00
1.711972607939282964e+00
1.848472690320073886e+00
1.617999373421153075e+00
2.099626708115914120e+00
2.041971926336705767e+00
1.888891098607732300e+00
1.767280567838924510e+00
1.756292040585862413e+00
1.824400092461479383e+00
1.955882602170454065e+00
1.968114164645482500e+00
1.995972813968403647e+00
2.080622144523491368e+00
2.089948831208482627e+00
2.326177121313706575e+00
2.345319173985233263e+00
1.700797764828500425e+00
1.722361599071015936e+00
1.703205148494519205e+00
1.764697823860644110e+00
1.810655659257645045e+00
1.889390107147612241e+00
1.993580701195909022e+00
1.861372276855812524e+00
2.122253160732705979e+00
1.878216554784691850e+00
1.856279029600466535e+00
1.810813763064585302e+00
1.904110418126095716e+00
1.976975946357242719e+00
2.045961449880121741e+00
1.960490096331153120e+00
2.181700251682253455e+00
2.019939765149600497e+00
2.071054678788090353e+00
2.129689715733359190e+00
1.973905920335818021e+00
2.164356651537680420e+00
2.211534889409187965e+00
2.010819886909832377e+00
1.955376344494234031e+00
1.993800507491183316e+00
1.714026345111150818e+00
1.804658182367248509e+00
1.746171667018664886e+00
1.786324349028979519e+00
1.671681923461596275e+00
1.863762196232789048e+00
1.676652613322867635e+00
2.037139611056648203e+00
1.742034870206287556e+00
1.669023124569954719e+00
1.995154898618445527e+00
1.987258518381421757e+00
1.843345437326927128e+00
1.791917216571290661e+00
1.979014389407461660e+00
1.946003545414059399e+00
1.915420425292682749e+00
1.720828453287912119e+00
1.984622155849587788e+00
1.775556257943480265e+00
1.971516363756185664e+00
1.826090066571807613e+00
1.909848751451608928e+00
1.977611615472133932e+00
1.824214410605961900e+00
1.965632190561014792e+00
2.049590945852943769e+00
1.734587795652503317e+00
1.888671703509130717e+00
1.974041473108921751e+00
1.882824530584781941e+00
2.015568068380607425e+00
1.914719739192595194e+00
1.968129405827094836e+00
1.803801398111931631e+00
1.837242721131890022e+00
1.957591402834666594e+00
1.912125424293702691e+00
1.888807153898737212e+00
1.874405434703583007e+00
2.098399588005559036e+00
1.835288466082845682e+00
2.050578907104662285e+00
2.168117227661664703e+00
2.067476914683867406e+00
2.108503807668826724e+00
2.094366571285333656e+00
2.166349446188695627e+00
1.835387369352845077e+00
1.776639712920810243e+00
1.990697354525784002e+00
2.088609773999904995e+00
1.805447076791477867e+00
1.989280968316112563e+00
1.877616816096695063e+00
2.133577096239143600e+00
2.131888945775584521e+00
1.989162833209228376e+00
2.147887026268095134e+00
1.901061365647109369e+00
1.941698695918597339e+00
1.893033280606415403e+00
1.746783727036433476e+00
1.706257408421492761e+00
1.727962936195363453e+00
1.935708546561360377e+00
2.003273548635334134e+00
1.900078447569411022e+00
1.880491170555111724e+00
1.894527003289029787e+00
1.852505009209251874e+00
1.924401041528632783e+00
1.861842317768455768e+00
2.046625525669907741e+00
1.955992731922033157e+00
2.019954834818040279e+00
2.229059802817686897e+00
2.075491152797555472e+00
2.301313996843882936e+00
2.350134869079504973e+00
2.125487997321862554e+00
2.168067460402192559e+00
2.004626396189051807e+00
1.927747436304726891e+00
2.008157190522426916e+00
1.719893819147546798e+00
1.855056977702949528e+00
1.676402110895222064e+00
1.708069615306839983e+00
1.690854812687182962e+00
1.925386307425347665e+00
1.879539857932175595e+00
1.959233289307413362e+00
2.069112454163449577e+00
2.043853269889557733e+00
2.074969083791225355e+00
1.982766704702692895e+00
2.009441904533189938e+00
2.211923059320574758e+00
2.136899412592934144e+00
2.046084125742960946e+00
