1.837664424833051369e+00
1.876912394306385012e+00
1.914310084435590920e+00
1.839816895763498161e+00
1.691632631120486341e+00
1.980210538703699008e+00
1.820848964676921256e+00
2.019378662452820716e+00
1.686125828498244328e+00
1.936490821007392116e+00
1.942357592309402747e+00
1.851427029250574785e+00
1.962574080879709859e+00
1.966464789041855399e+00
1.654670688040992488e+00
1.857154769253775317e+00
1.964855560836600290e+00
1.865852525637218484e+00
1.693949060590602684e+00
1.788608020227541173e+00
1.984434486830149114e+00
2.081031219561569223e+00
1.673208039678858672e+00
1.772775264223656944e+00
1.945715667976616992e+00
1.958792240837196497e+00
1.907052670745454259e+00
2.026210142256839042e+00
2.103771893906916990e+00
1.911267629551469227e+00
1.947180298653095942e+00
2.121163617493616815e+00
1.949716769586805176e+00
1.744435645274795110e+00
1.840184732495642406e+00
1.754042026845481939e+00
2.049661632921793153e+00
1.894116644143397421e+00
2.188801840958716216e+00
2.109730346389393940e+00
1.969368087739068685e+00
1.995710580327000772e+00
1.931015209571361968e+00
1.887732129352849064e+00
1.730313323248004798e+00
2.007185919435448884e+00
2.068152517288668779e+00
1.758095906630875227e+00
1.913346379534238917e+00
2.039926200701111636e+00
1.919417517160708631e+00
2.191050188839101853e+00
2.061865663371598600e+00
2.169464659775681703e+00
1.677993107910852766e+00
1.794992710654284895e+00
1.614477747998888990e+00
1.692451514715627381e+00
1.762330492243488145e+00
1.633463571648131607e+00
1.947297595269698922e+00
1.826602713143815171e+00
1.749726794716537803e+00
1.995793930651954762e+00
1.609634128845206513e+00
1.700817019268628494e+00
1.933020734518663630e+00
1.890754315953340203e+00
2.042549853318438746e+00
2.149961577918121147e+00
2.116163383522827512e+00
2.245949402282271024e+00
2.087033691610412411e+00
1.745717843225887966e+00
1.759564653798444844e+00
1.713146063990842238e+00
1.798171572258824291e+00
1.879936427668322141e+00
1.913903777011890517e+00
2.031134534887851117e+00
1.856713598327325521e+00
1.952338109301492652e+00
1.810271186851422742e+00
1.810003231405169943e+00
1.678607776185641942e+00
1.874082961939922187e+00
1.845831021458083754e+00
1.940575118933090648e+00
1.920541262552612150e+00
2.082902499987782541e+00
1.963867506353442760e+00
1.945918198598902693e+00
1.949471775547857444e+00
1.881549030564604763e+00
2.159357557153627205e+00
2.243894036365055022e+00
2.057901963733457240e+00
1.949569759096713595e+00
2.027228563263176131e+00
1.828886353066931258e+00
1.821555302005085197e+00
1.942658294292239685e+00
1.818094280463985246e+00
1.756558769175493584e+00
1.954767434585101382e+00
1.742164184357941403e+00
1.998644017202849454e+00
1.759520120066222715e+00
1.717864304947333665e+00
1.877789352366911801e+00
2.002033629201850573e+00
1.827922979651171786e+00
1.717018641460180461e+00
1.988054648190673124e+00
2.095169123541187783e+00
1.713104855970400964e+00
1.721566538857461248e+00
1.951427006673074338e+00
1.752295549087546922e+00
1.785172756717124720e+00
1.759409790982925825e+00
1.832608938603126125e+00
1.914582333899210065e+00
1.733192302187024803e+00
1.826547569106546920e+00
2.028357322035223564e+00
1.678120584368457457e+00
1.762803151471744156e+00
1.966248215331201088e+00
1.799291878483475049e+00
2.053244252933728031e+00
1.967623731104339191e+00
2.037496502668877607e+00
1.833909775575532031e+00
2.010281903811645954e+00
1.994255708008088046e+00
1.833506179627355515e+00
1.805390212751115886e+00
1.687551233315555343e+00
2.092257040495614007e+00
1.762304913340254409e+00
1.949848126886615463e+00
2.129882806980726073e+00
2.025313192589088374e+00
2.024978361530886950e+00
2.042637617982254739e+00
2.073272932579148353e+00
1.836470889181806676e+00
1.781594718097335495e+00
1.936816955700015885e+00
1.979690690112066109e+00
1.835308702961628402e+00
1.935823645223008427e+00
1.732076577974726250e+00
2.051380420546643268e+00
2.015868739969454371e+00
2.042775939652780259e+00
2.189617003056423261e+00
1.816537850624748263e+00
1.827980534929724010e+00
1.844869021347121052e+00
1.721076212297888874e+00
1.778603341434889407e+00
1.695266199488533410e+00
2.003731265841409037e+00
1.887751485107063809e+00
1.886422145674298445e+00
1.970774028612260365e+00
1.860163035860178615e+00
1.794695514348760179e+00
1.867511080397779688e+00
1.917762515233784049e+00
2.088679660385993841e+00
1.915366877419541369e+00
1.854002881892669263e+00
2.160293519866695267e+00
2.121090660072000755e+00
2.214726728108113551e+00
2.182206755558579570e+00
1.968849454949007427e+00
2.104166040670202964e+00
2.024321157185939413e+00
1.859877224196960110e+00
1.886972167678178547e+00
1.783765637256565117e+00
1.891685459397207447e+00
1.743258223187584166e+00
1.731947679641208326e+00
1.669030537946751824e+00
1.931028480983015383e+00
1.804787787267887467e+00
1.820464605583015372e+00
1.861249892526179561e+00
1.950483251746185198e+00
2.001314462420215268e+00
1.902383761155737041e+00
1.961277125140154176e+00
2.139279224178274763e+00
2.091365806470586008e+00
2.071019734053085593e+00
