2.128066112977570867e+00
2.094546903471455668e+00
2.236248446562471237e+00
2.174116009628229040e+00
2.251955232250559380e+00
2.224586777269909277e+00
2.121864608794916673e+00
2.334130973312291246e+00
2.234639463211844923e+00
2.118959955682367280e+00
2.012696978184013830e+00
2.040525438505206957e+00
2.165588436961123353e+00
2.213286496963792871e+00
2.218711278357099470e+00
2.082172649436081269e+00
2.486892204178881460e+00
1.976493498869507093e+00
2.446319137109319808e+00
2.026218131233472164e+00
2.144260685501803376e+00
2.073025251492983223e+00
2.433739842539019538e+00
2.477100373455313864e+00
2.118339432340865969e+00
2.318133873808673417e+00
2.200353611734794157e+00
2.090373187384333864e+00
2.492524291508533718e+00
2.216018695641763347e+00
2.358550098651680305e+00
2.431594131453636454e+00
2.193942158014114518e+00
2.144471887194546511e+00
2.440474023176914198e+00
2.468168802596325317e+00
2.425510954925059970e+00
2.479156710077127013e+00
2.506985876491328646e+00
1.956071940745864213e+00
2.040520540551322259e+00
2.214512404906001652e+00
2.054479257256826674e+00
2.386895902407482506e+00
1.954099313570190732e+00
2.402344972093424236e+00
2.320418863027974066e+00
2.338893585789514784e+00
2.181202491998219362e+00
2.269576069952165653e+00
2.313581348787522085e+00
2.305226282255654624e+00
2.241053566584835899e+00
2.268437405958811492e+00
2.146352246736041636e+00
2.151426528596586785e+00
2.213838144513214257e+00
1.991434808349429764e+00
2.100530369916927320e+00
2.079664681742034116e+00
2.278099567485404542e+00
2.019041316243328943e+00
2.191926397637869339e+00
2.068366961897459610e+00
2.323832156088945222e+00
2.178355842447622148e+00
2.138038224886612326e+00
2.027691869767912713e+00
2.110185636555782285e+00
2.342073695208247042e+00
2.119233802413782009e+00
2.435759312423625200e+00
2.408536362551324306e+00
2.145374544540962880e+00
2.469464267371078936e+00
2.210040765466973589e+00
2.358063660427826669e+00
2.200074624961829706e+00
2.476202849484597124e+00
2.244181173695209530e+00
2.400208947587787911e+00
2.236631452890800897e+00
2.164171021309952536e+00
2.149815102771695408e+00
2.247092848914688190e+00
2.223753884170225792e+00
2.285366936161684404e+00
2.393580189507474643e+00
2.530554916504326624e+00
2.506169666231267801e+00
2.465159871122516222e+00
2.391582748653932278e+00
2.129927843256476550e+00
2.054623473310507986e+00
2.149133177076056889e+00
2.465993345096484823e+00
2.308126781751882906e+00
2.588501736374522633e+00
2.128655271708860486e+00
2.099252737994576901e+00
2.296803359899886043e+00
2.532742659043905498e+00
2.451903650415423019e+00
2.652548179833954745e+00
2.536618406999173736e+00
2.554983154813439405e+00
2.700296405662049981e+00
2.592213049405519332e+00
2.516106692000855016e+00
2.432880856965894179e+00
2.531422752919733288e+00
2.331542441712235458e+00
2.306053475522902296e+00
2.273003872285973781e+00
2.232755999503474253e+00
2.247138710655695704e+00
2.393534216138875514e+00
1.970665675346952250e+00
2.561201464370669978e+00
2.143296161909221009e+00
2.686730807656787956e+00
2.508403010776084407e+00
2.258870285689638546e+00
2.430457555737820297e+00
2.402561596494043883e+00
2.421830525376091892e+00
2.640529989586129833e+00
2.369713016324746402e+00
2.524810151617445708e+00
2.611055013784155499e+00
2.352910829671314819e+00
2.314302874150903300e+00
2.476548619299317799e+00
2.394172190451006266e+00
2.215205466647693910e+00
2.528008475591649429e+00
2.429432705501283873e+00
2.515944593380216698e+00
1.996487887648273007e+00
2.006478518164046321e+00
2.048528192710007190e+00
2.041081528019700109e+00
2.030647673755224591e+00
2.245083375900833289e+00
1.911949647918784301e+00
2.102064185561008269e+00
1.796263452707452579e+00
2.019218429662735570e+00
2.052552833520560949e+00
2.117960079386982830e+00
2.241630356860496498e+00
1.945584924506566615e+00
1.943178380763171731e+00
2.144914054757054878e+00
2.452491936376444137e+00
2.343117263534698846e+00
2.325385650221990286e+00
2.160815856915003330e+00
2.442260689894604209e+00
2.149509737116280572e+00
2.032189177004703584e+00
2.098641263918962441e+00
2.626424806285228009e+00
2.631274909155641772e+00
2.657731026728644252e+00
2.093863930367264814e+00
2.434685109364695510e+00
2.381529210717318712e+00
2.564076887703046204e+00
2.424805557986776439e+00
2.574887770452018110e+00
2.445394251280159192e+00
2.552389015684900286e+00
2.592692534953825234e+00
2.607307955015089274e+00
2.310682569579566525e+00
2.491791186531864710e+00
2.497695391713423252e+00
2.436183671704843512e+00
2.656335333773896856e+00
2.525886670912754539e+00
2.564457473265407739e+00
2.417205882741788603e+00
2.503793118538988782e+00
2.497923486002363802e+00
2.132878610483001314e+00
2.211037810723819774e+00
2.447546686449872944e+00
2.014261294066690411e+00
2.288010374779552158e+00
2.152562363266912637e+00
2.446191511534278717e+00
2.229652263296648229e+00
2.144762927902039706e+00
2.363181239498978847e+00
2.178609527298818627e+00
2.318864667017347614e+00
2.220532670653024176e+00
2.439161555518313929e+00
2.278482317699567883e+00
2.279495186654270977e+00
2.513490104121166802e+00
2.307706962402297002e+00
2.415327084698714266e+00
2.475367264491802555e+00
2.402933499624051006e+00
2.090508419285895148e+00
1.840149954917612796e+00
1.970906379159620858e+00
2.098934744951267195e+00
2.174309225660354450e+00
2.400138365717219280e+00
2.100808244095393018e+00
2.358708456751459792e+00
2.319951004188035792e+00
2.338622571685115670e+00
2.497102856440566843e+00
2.292539365383526651e+00
2.320949975848041635e+00
2.614794992408462360e+00
2.474453605566695025e+00
2.332617352736166882e+00
2.586729202292187058e+00
2.338703370590006436e+00
2.360274058867970481e+00
2.438189051862368117e+00
2.386380900177064390e+00
2.359903304948264502e+00
2.441093341022050556e+00
2.414255432181781291e+00
2.702094650035942180e+00
2.632387865707754848e+00
2.614789849275167111e+00
2.445967502870842747e+00
2.632210862151514341e+00
2.583566126592905299e+00
2.431367623900019037e+00
2.525609038734276446e+00
2.504097730910415098e+00
2.378035655071029986e+00
2.743671078824238663e+00
2.275932646025986550e+00
2.271035333151139923e+00
2.356111473190080741e+00
2.369817095063361023e+00
2.353232885605259117e+00
2.276635992970564182e+00
2.285291837514226820e+00
1.790041599184206689e+00
2.165427715211330817e+00
1.999467506508822323e+00
2.093229472364119381e+00
2.221163476259940150e+00
2.274386126895212357e+00
2.203251282834747915e+00
2.186214588899403566e+00
2.168061102846770005e+00
2.233896054462618963e+00
2.213195058932979631e+00
2.079963314761138715e+00
2.097994558433730727e+00
2.277751246360372850e+00
2.296830154546170455e+00
2.272123897364124900e+00
2.044045983073853989e+00
2.421441536747275247e+00
2.000431872932265875e+00
2.249460985421894321e+00
2.132297758027368317e+00
2.639549410657330508e+00
2.128833123115035253e+00
2.136637362719254085e+00
2.412845813887538604e+00
2.401933915425188193e+00
2.172416243067247787e+00
2.272888276785257400e+00
2.481247072075843274e+00
2.176322371676262968e+00
2.305264859112500897e+00
2.334554526857614665e+00
2.190102562247529416e+00
2.395641173159697157e+00
2.469992167120744764e+00
2.536612287094806018e+00
2.424232231011245187e+00
2.024319177190974983e+00
1.959227146012614496e+00
2.075309430932629873e+00
2.057026371941054421e+00
2.503578749518762692e+00
2.356076218384556498e+00
2.316054434457803346e+00
1.965675924274616682e+00
2.236697943365968388e+00
2.230516873640859377e+00
2.137149398207947915e+00
2.205450621034044989e+00
2.128474804370219520e+00
1.991269698552472267e+00
2.214621747798340756e+00
2.229951100187671731e+00
2.147508574001847581e+00
1.919527281886510339e+00
2.230557193991280940e+00
1.927239406489612339e+00
2.274998922833158854e+00
1.886765637866159917e+00
2.091878203451269513e+00
2.440321118741690665e+00
1.940149903539079901e+00
2.491826079049064280e+00
1.978807513936354123e+00
2.295772652852221096e+00
2.042872118464496900e+00
2.358258181439642165e+00
2.191696614403210841e+00
2.009119138299330309e+00
2.291757611851160004e+00
2.048031482931649716e+00
2.484425953829263012e+00
2.088112142980736330e+00
2.512686996037104770e+00
2.199339818878147668e+00
2.201291303696546464e+00
2.512698292849221637e+00
2.099295706116540039e+00
2.207582808662718943e+00
2.367798812457882374e+00
2.320566257018783496e+00
2.180976452885416084e+00
2.120670400300285863e+00
2.217226077910418702e+00
2.196035445750867510e+00
2.080311954429972854e+00
2.258458150212189430e+00
2.301260162705103252e+00
2.452735232903068496e+00
2.210607009372687948e+00
2.559104793777122744e+00
2.143600999205776958e+00
2.359433319697154641e+00
2.297895937629628182e+00
2.165891291716781186e+00
1.914869287971416423e+00
2.180792682620527501e+00
2.084422269943221995e+00
2.262894801613660967e+00
2.257615183264872982e+00
2.378904476436420001e+00
2.419750981547421631e+00
2.044124708944731417e+00
2.196634146256993159e+00
2.336082427816488671e+00
2.487441851741766019e+00
2.418899108342906334e+00
2.448735931264642840e+00
2.578851508172116613e+00
2.427688761414840357e+00
2.549574646568126823e+00
2.531415998581100002e+00
2.535245701811196017e+00
2.508041198059375088e+00
2.410200689004796004e+00
2.515628182950565339e+00
2.560394095697015260e+00
2.266135085372641633e+00
2.084831654112525801e+00
2.354461785940410223e+00
2.071251119932212337e+00
2.351598676088762829e+00
2.215081567276265151e+00
2.433713204698837895e+00
2.342559889278239105e+00
2.509728527901633033e+00
2.298757082856189182e+00
2.514276357105188264e+00
2.644444152643716794e+00
2.181527349610270949e+00
2.260673435131747677e+00
2.403343476720782412e+00
2.381773588914804396e+00
2.447445208149710449e+00
2.438245539722681432e+00
2.167345249627014692e+00
2.616911344760950886e+00
2.481133761951566097e+00
2.283678445807632240e+00
2.460569088731430210e+00
2.281585893925556441e+00
2.334523550340691145e+00
2.139320660759964188e+00
2.571596569499274842e+00
2.228924293104502574e+00
2.110755336796597881e+00
2.588124647008265278e+00
2.527722423296451026e+00
2.585709978290335886e+00
1.807278027769791517e+00
2.018445006616181647e+00
2.007959127295027457e+00
2.012961519231250662e+00
1.837957255490464847e+00
2.249979469671870902e+00
2.088315312814186253e+00
2.012076574589517275e+00
1.909101143551602320e+00
1.799350975450447532e+00
1.975257438953329947e+00
2.206048969192737630e+00
2.007917969603004504e+00
2.060185561747114757e+00
2.138758310587236977e+00
2.250080171786760008e+00
2.011165357624584260e+00
2.486923406023834549e+00
2.528962058776760280e+00
2.488565620664547673e+00
2.116937468137476408e+00
2.191579490424317100e+00
2.422574794216149296e+00
2.288699824753160694e+00
2.456897485415601601e+00
2.201045538075270702e+00
1.992857848600801507e+00
2.241275909050003623e+00
2.372618258128307733e+00
2.246538760876856333e+00
2.308092288769834965e+00
2.478905478514636496e+00
2.465568068967498583e+00
2.451514073354947865e+00
2.168997087518377498e+00
2.433998059470423581e+00
2.242529232016510665e+00
2.557162068472701666e+00
2.141232000617478093e+00
2.354795511611811776e+00
2.511204960354394444e+00
2.619283568840424792e+00
2.420371233983791726e+00
2.640281936809303787e+00
2.706445403616730694e+00
2.480837170387158785e+00
2.430507875005712748e+00
2.556112105265996082e+00
2.475566939813546696e+00
2.584782209225479743e+00
2.644593046671853465e+00
2.319813907079861792e+00
2.449073792253771753e+00
2.478987334359237238e+00
2.500681903708507736e+00
2.203223257951218095e+00
2.244533012246271220e+00
2.416211505861390663e+00
2.196983274925753626e+00
2.443347819683033606e+00
2.344449346072207785e+00
2.410607175853317852e+00
2.487182239223349800e+00
2.166742639418895777e+00
2.291250083519285496e+00
2.184988249002491667e+00
2.162645301094434647e+00
2.335905589467157650e+00
2.051943799187859963e+00
2.232294274172600179e+00
2.104908230181211426e+00
2.042723957212017272e+00
2.148866636246268502e+00
2.150269358375453965e+00
1.892566159841697626e+00
2.177407300716781791e+00
2.234246758093902496e+00
1.926478081741239690e+00
2.279279769304069614e+00
2.144813670309921871e+00
2.227178199773101497e+00
2.507409125278140305e+00
2.348885983851802806e+00
2.454576401555774723e+00
2.242086288683875495e+00
2.415686395310180590e+00
2.357674987733835881e+00
2.189522427078848921e+00
2.518639525847147009e+00
2.495172695870171875e+00
2.430429885860179606e+00
2.551495367921593260e+00
2.559032180521515265e+00
2.585572390734781401e+00
2.646279006666364175e+00
2.430519791103467941e+00
2.386546498313831144e+00
2.380502857203718126e+00
2.353864788661673479e+00
2.212453373164321224e+00
2.433991942355880234e+00
2.406005299424150756e+00
2.333726623479492446e+00
