1.660845489607382763e+00
1.562746807531628424e+00
1.487264898895673593e+00
1.520625465212587457e+00
1.496820590137353246e+00
1.591220884649237277e+00
1.714820132795103813e+00
1.731562924239331780e+00
1.654806405588207463e+00
1.504536060255308172e+00
1.663493623724171311e+00
1.633822134503676304e+00
1.717848516694689076e+00
1.803167346327405607e+00
1.903117793597192575e+00
1.703527052936761654e+00
1.637203418954650269e+00
1.933107117280440601e+00
1.710514172198789984e+00
1.924128530503343537e+00
1.924778128681489120e+00
1.877083509051168164e+00
1.910672336324519494e+00
1.683869398760873493e+00
1.729959170043969152e+00
1.858494018610263865e+00
1.816573119338866338e+00
1.990731785784576546e+00
1.823660531953547270e+00
2.010333129366362659e+00
1.690410180762646597e+00
1.684551182499038235e+00
1.585906791283684836e+00
1.828088093613221998e+00
1.842275235235718789e+00
1.886691712726789261e+00
1.900009064208662446e+00
1.451571509345783051e+00
1.493355935963857295e+00
1.598098269558455797e+00
1.935553686847028221e+00
1.678126536241340450e+00
1.743360933192214191e+00
1.663904859097257161e+00
1.712240397695373284e+00
1.924488509286563787e+00
1.918312861182595030e+00
1.869679365015530559e+00
1.909796457382414658e+00
1.910235167874285045e+00
1.664094440447135614e+00
1.538852577985131642e+00
1.673085178516090510e+00
1.537215053952436961e+00
1.485883613204105336e+00
1.647801395291789150e+00
1.694636723420976709e+00
1.712534221725404926e+00
1.575553739796859753e+00
1.618899674205764194e+00
1.614682640072095943e+00
1.615050141489226654e+00
1.587986062657858133e+00
1.716599773549762675e+00
1.708489678713864590e+00
1.849904559328305220e+00
1.739945658975693865e+00
1.569297737674746118e+00
1.735945653945947909e+00
1.971386429029653442e+00
1.894395513645662055e+00
1.877892088158827022e+00
1.886560980721378122e+00
1.507455921726164050e+00
1.549896263554655595e+00
1.927982790042041206e+00
1.800535270782646524e+00
1.996273536473239796e+00
1.652601328333817232e+00
1.748544509678539471e+00
1.714801883738349852e+00
1.818434159999296362e+00
1.640636322466419550e+00
1.684860304181190260e+00
1.789248092329448037e+00
1.936459294314952784e+00
1.890040394324330908e+00
1.958654487085576879e+00
1.924264391287384024e+00
1.646128290977308950e+00
1.624673695235530069e+00
1.583292881174482636e+00
1.501699875908633963e+00
1.640684750158521776e+00
1.702544972662635381e+00
1.632214621772557273e+00
1.917502474309046523e+00
1.898732070537905159e+00
1.912385851124668079e+00
1.849258843078688264e+00
