1.742029815882626398e+00
1.731427259457946066e+00
1.807278615054593418e+00
1.634500248389378685e+00
1.636062037737174402e+00
1.862136459758914953e+00
1.650781037911555948e+00
1.799175060519090597e+00
1.656270096200680220e+00
1.656419791555327148e+00
1.780771990576496044e+00
1.670637377382329980e+00
1.804959850203794680e+00
1.859027873036496192e+00
1.705336324626654854e+00
1.833854809485780279e+00
1.979126442961764543e+00
1.941170987951915672e+00
1.787383105426412877e+00
1.808106212670032686e+00
1.910833988427502739e+00
1.897267319956339016e+00
1.641677210650509755e+00
1.706284824250718257e+00
1.741340346991003374e+00
1.841841052840349047e+00
1.693413715976831213e+00
1.981917160543863021e+00
2.022436089848104412e+00
1.795187996810155839e+00
1.818048792334845620e+00
1.829799593055031925e+00
1.843103596980895986e+00
1.703473663542694805e+00
1.666785740371756530e+00
1.688583409267308655e+00
1.940701349480965288e+00
1.762078729344956018e+00
1.877815473152360193e+00
1.904658926850263390e+00
1.995309595537381631e+00
1.904441979261958018e+00
1.910135767540827700e+00
1.871658066702990064e+00
1.814588460330809783e+00
1.865154634534627487e+00
2.045752148196325226e+00
1.829142378925574075e+00
2.027684634593683644e+00
2.016033077984237920e+00
1.835166131088187491e+00
1.984571755792444048e+00
1.832431801192097032e+00
2.047637077136549522e+00
1.634011106060706986e+00
1.823239466684467125e+00
1.767752402773071108e+00
1.718287957508384922e+00
1.817866601193909526e+00
1.643964458875404100e+00
1.827557536170843822e+00
1.783845716459395270e+00
1.773057226940314424e+00
1.816389879068660562e+00
1.649075841703479872e+00
1.737542896148374316e+00
1.737414860482474621e+00
1.739323370629158427e+00
1.779204633573020944e+00
1.902718508807921483e+00
2.057245841081472015e+00
2.278069298370619666e+00
2.246596723578351718e+00
1.791664528149299329e+00
1.759662582569888389e+00
1.715093153603350462e+00
1.784994210085104394e+00
1.876468022046981377e+00
1.802223915113634334e+00
1.834400077179024535e+00
1.849912709593131366e+00
1.823473372146056981e+00
1.690005472140177156e+00
1.838424211780053108e+00
1.640449833342091379e+00
1.790730555771771870e+00
1.818376943030871162e+00
1.971820180759137120e+00
1.818167083108777282e+00
2.020959094808875811e+00
1.890083042003672054e+00
1.876337180070175137e+00
1.839312773158405578e+00
1.818883719572863766e+00
2.062400903724985746e+00
2.098734564649917811e+00
1.837803841879034783e+00
1.817826161024622689e+00
1.770719271819600538e+00
1.916860463057890929e+00
1.745847716348100986e+00
1.823248388201064385e+00
1.805851642220448916e+00
1.681162267996461068e+00
1.806145248421656246e+00
1.714756137153046645e+00
1.897638396784656400e+00
1.777934339493272287e+00
1.674972743839971745e+00
1.910408192613711753e+00
1.870520853834339414e+00
1.793773879330827103e+00
1.688391484242319329e+00
1.901098358644574216e+00
1.927581582599783516e+00
1.697517212399093589e+00
1.693016067015868487e+00
1.920160185840511735e+00
1.741107072571213443e+00
1.822132199606847802e+00
1.761778611676882988e+00
1.799356510888555194e+00
1.797346156312370713e+00
1.645068921719857746e+00
1.742572092270959994e+00
1.913921347523508620e+00
1.648025422494540093e+00
1.715816400462913283e+00
1.817776037428684432e+00
1.783678589463120856e+00
1.884850676712220396e+00
1.824894740551602057e+00
1.959705747195554126e+00
1.825418965515855474e+00
1.843507956205568288e+00
1.823017025713619566e+00
1.771500033325639212e+00
1.838113556853484543e+00
1.751586218891667990e+00
2.036351640802789742e+00
1.744182986698207039e+00
1.940978295511291529e+00
1.913125769442766799e+00
1.907708952243304612e+00
1.881743385004191804e+00
2.007579517565110105e+00
2.017847377411344567e+00
1.754568601532152217e+00
1.738243467373799644e+00
1.905677513005322288e+00
1.908951513260643162e+00
1.715565980814074853e+00
1.760840677395010490e+00
1.711749357506472391e+00
2.010715198166237450e+00
1.960032345257116893e+00
1.846441640822862773e+00
2.051146961387394274e+00
1.753018630722180893e+00
1.743680370694997483e+00
1.817116449434097447e+00
1.761881422998406777e+00
1.668466620717218740e+00
1.669892183378310246e+00
1.906003776242271908e+00
1.815115038520606294e+00
1.839498159483212714e+00
1.836964979314524182e+00
1.787214408849116420e+00
1.691377650650013331e+00
1.781269036236817982e+00
1.692727392786524288e+00
1.969829071093678552e+00
1.670594548157572801e+00
1.654616513939137779e+00
1.872991132784034285e+00
1.935849345797153287e+00
2.171343600002767715e+00
2.255288318703887462e+00
1.942142216222169537e+00
2.054584429645943011e+00
1.810826487362073633e+00
1.774189797326605866e+00
1.776194742617671629e+00
1.737694131497554029e+00
1.756585790376614220e+00
1.651788094547667951e+00
1.641603410802651153e+00
1.623543163455993810e+00
1.754588957107650726e+00
1.800679020057055935e+00
1.841023840538330791e+00
1.964576128617315343e+00
1.846879145740840222e+00
1.899235337305546611e+00
1.743992140239617461e+00
1.744926726961320007e+00
2.039103917637518748e+00
1.974385668190938636e+00
1.869757566274968807e+00
