1.529679016962601334e+00
1.482142322988476035e+00
1.431318978099610950e+00
1.239393097570696378e+00
1.226582900532741549e+00
1.469793595895919625e+00
1.759992183008307176e+00
1.821236546246766341e+00
1.533829390004861848e+00
1.600288455723267500e+00
1.750277133068897539e+00
1.724673314991681528e+00
1.761181085682143266e+00
1.894559914514872601e+00
1.973327541960300469e+00
1.569851533982421943e+00
1.731742158089370598e+00
1.975687013649911394e+00
1.701602560926861685e+00
2.009584908387521907e+00
1.903380619920825634e+00
1.935278156111802872e+00
1.969654518959285783e+00
1.705865124861526860e+00
1.770240072773723305e+00
1.893335977021572081e+00
1.826996381643105405e+00
1.965201274395697695e+00
1.848470490982030867e+00
2.050348512694045944e+00
1.702381042996118810e+00
1.514357688721209572e+00
1.504089090107366466e+00
1.877911642052956021e+00
1.815949185471908978e+00
1.908194337031273502e+00
1.845710610638491289e+00
1.542672093419581447e+00
1.488868797281444722e+00
1.514506981438481947e+00
1.929233603207337167e+00
1.728576988519748836e+00
1.786932346543119721e+00
1.741366236560334180e+00
1.766570759694966020e+00
1.915733386688179163e+00
1.995756837914581583e+00
1.854674139804124877e+00
1.861971607501159642e+00
1.861314523283597255e+00
1.642397319378200438e+00
1.511681591312493467e+00
1.649863650351193645e+00
1.530361868227603672e+00
1.498737816238468357e+00
1.642000037455227268e+00
1.638748667810759230e+00
1.679558147537050017e+00
1.778854810942245956e+00
1.742835389977783977e+00
1.695224490827286212e+00
1.648213276967194441e+00
1.758244863940800151e+00
1.776903455524923459e+00
1.787803426520546690e+00
1.920404121049704704e+00
1.698051365923840317e+00
1.650371928188971493e+00
1.783338669331513859e+00
2.013469249071773604e+00
1.995413350211740600e+00
2.024120629972453234e+00
1.932711287577277837e+00
1.532595411307971167e+00
1.674107963172981384e+00
1.975881215855544770e+00
1.878031181126486038e+00
2.060764775633231238e+00
1.697140002241458667e+00
1.738280071710419206e+00
1.822761184398954182e+00
1.913658881711928439e+00
1.741225406934427733e+00
1.800544742093530770e+00
1.807270745397495437e+00
1.890479904307876380e+00
1.947587097802992107e+00
2.031580435885385061e+00
1.922605285276794973e+00
1.671474892631795717e+00
1.678816424225391568e+00
1.632347897795700442e+00
1.571307701267270263e+00
1.645424001598775554e+00
1.793238026592113066e+00
1.731115439443950077e+00
1.923355637809030183e+00
1.931048875433151846e+00
1.866346557748050694e+00
1.887680721619977353e+00
