1.819536512224783964e+00
1.846616545797551634e+00
1.923849654869856485e+00
1.768958234455461298e+00
1.746333097964097192e+00
2.028682648523955301e+00
1.770987577542367575e+00
2.011176276963575482e+00
1.708744516767144006e+00
1.850961564572641160e+00
1.998034525560841823e+00
1.725874642398606884e+00
1.920047248510582394e+00
1.984140072409331879e+00
1.789258883743046757e+00
2.114782090618683608e+00
2.038054735296296549e+00
2.070143047579350970e+00
1.922298205811492799e+00
1.976171203850890512e+00
2.109488020329338909e+00
2.178938295271439785e+00
1.826598350946411431e+00
1.844590419871906972e+00
1.920675846873272974e+00
2.038874142729120820e+00
1.893621733788081851e+00
2.118146110073888533e+00
2.128325353819280341e+00
1.963587401901096818e+00
1.870804997056094710e+00
2.040880967322839190e+00
2.094588613844405423e+00
1.895986138816445621e+00
1.833329563776223914e+00
1.832269861811669065e+00
2.299491140254013466e+00
2.057451559816876330e+00
2.306908343158311059e+00
2.220286961557641714e+00
2.234628970224286526e+00
2.192083910531886559e+00
2.133823090238641029e+00
2.047969665002382200e+00
2.033097035500067040e+00
2.090570159564834274e+00
2.249612387662844437e+00
1.965202079844810434e+00
2.133506409622251798e+00
2.219391753764441422e+00
2.044531468764013038e+00
2.212773418531210012e+00
2.069520309179937900e+00
2.217483286372182061e+00
1.788190636924747778e+00
1.848033400312513175e+00
1.746770871589406360e+00
1.729013824673913069e+00
1.825184404728708909e+00
1.722140184609774582e+00
2.098948682450337611e+00
2.052536697587375780e+00
1.901196831194749137e+00
1.927582931160457536e+00
1.802997211460658722e+00
1.954774692919905021e+00
1.962539064040897063e+00
2.021614947329938516e+00
2.168467246133890303e+00
2.175342869297588244e+00
2.236706267089083155e+00
2.381121776884290053e+00
2.297050196388841670e+00
1.799430197669964704e+00
1.773161497900224592e+00
1.746802464454535908e+00
1.857520795027942428e+00
1.991312354939932749e+00
1.913874223143523068e+00
2.040686172075373950e+00
1.913660953464396020e+00
2.070935631449518421e+00
1.881228085500505243e+00
1.853996576029546262e+00
1.845697351432584732e+00
1.941285925433508419e+00
2.111270046101898501e+00
2.014441453217024502e+00
1.978424361661378361e+00
2.077714886224595325e+00
2.062787851848611353e+00
2.158029754318244287e+00
2.281636025040729709e+00
2.098885532043969437e+00
2.223724728127551842e+00
2.166400779942234234e+00
2.083994834103767957e+00
1.929940542754257748e+00
2.106800705842847510e+00
1.785768347061976957e+00
1.796492875423068458e+00
1.853039988189172371e+00
1.879823026955494081e+00
1.680391026499280738e+00
1.955121219137217370e+00
1.770045152563926472e+00
1.964258604101819516e+00
1.822796996774704859e+00
1.659129024568744892e+00
1.993516279463631413e+00
1.983071125762985165e+00
1.931127428394125989e+00
1.684112931398305868e+00
1.976534004367128894e+00
2.093922417725107898e+00
1.968713169739277014e+00
1.840413681766811749e+00
2.052213446166513133e+00
1.936362535881041458e+00
2.041196958337236467e+00
1.944955732000605897e+00
1.973723314406746088e+00
2.141463820071121127e+00
1.868514195196797179e+00
1.982648157419927504e+00
2.056472790882260426e+00
1.792455321722820294e+00
2.062293732314123051e+00
2.021389815170793636e+00
2.003584754730765916e+00
2.123143782836764526e+00
1.946547228313745492e+00
2.063932251437668342e+00
1.896421518618411461e+00
1.993624046788919690e+00
2.040602981442043440e+00
1.958242550690504125e+00
1.978497945825308468e+00
1.852665766927491298e+00
2.250291594381348403e+00
2.030751719195321492e+00
2.183676870616826804e+00
2.239294323267956965e+00
2.109479113393336380e+00
2.185348861715298519e+00
2.180424967183213880e+00
2.205736711106644599e+00
1.914613397663242678e+00
1.852887726226768450e+00
2.131047879612741891e+00
2.153283249197514237e+00
1.862566311032010535e+00
2.079456183502752076e+00
1.964712230067015009e+00
2.195372668700454444e+00
2.125947132908815096e+00
2.071809710210068989e+00
2.200031547888017691e+00
1.914566705526621782e+00
1.923208879561186802e+00
1.908831017417775833e+00
1.827012864920980029e+00
1.829820172944718104e+00
1.795684164212707934e+00
2.112829768233811745e+00
2.008573747205926630e+00
2.078797628125300445e+00
1.992009042840668265e+00
1.979105301479393120e+00
1.907898769245455650e+00
1.938435962415936187e+00
1.983406690085504076e+00
2.202946126342269828e+00
1.998953954160625379e+00
2.037779541832630326e+00
2.320791760794506331e+00
2.176441396709326348e+00
2.265667124276445232e+00
2.378413510205529491e+00
2.048209755890118000e+00
2.193171086699505778e+00
2.053629182369996808e+00
1.994168868478764622e+00
2.071320358873985690e+00
1.841697768695645721e+00
1.891139613667441211e+00
1.762125962518078959e+00
1.788263607554338552e+00
1.736530866453590560e+00
2.079664403610326673e+00
1.889978758519715418e+00
1.974005891819100800e+00
2.033329340518954531e+00
2.022055852745777482e+00
2.046667644472124792e+00
2.123029246602675890e+00
2.072033110895334040e+00
2.199308039487589017e+00
2.164205507793034666e+00
2.182899466694367963e+00
