1.679624893216146164e+00
1.453143574287945050e+00
1.421055424177728677e+00
1.483570229457956025e+00
1.375354409216538842e+00
1.667541276233093894e+00
1.737856042741194873e+00
1.619942614500041511e+00
1.452159146800277689e+00
1.614409887987296788e+00
1.724717370293317176e+00
1.605704683103830632e+00
1.585602033133944211e+00
1.667969277321347032e+00
1.857475341517127232e+00
1.675611254767081171e+00
1.658273250371639307e+00
1.816276096415569530e+00
1.595578395128988802e+00
1.694071299795083974e+00
1.738893537162119696e+00
1.745401045893987924e+00
1.712909196579666116e+00
1.716840313934243190e+00
1.762026363866221690e+00
1.816707889489939332e+00
1.614701539191638169e+00
1.821818700104691935e+00
1.703557353797880536e+00
1.779076391801582613e+00
1.656682870202530911e+00
1.499245182893276906e+00
1.594592075493481254e+00
1.747332563727584054e+00
1.620078150331519806e+00
1.763801503071191323e+00
1.610885412660305160e+00
1.506873987978447182e+00
1.565211494568823580e+00
1.642439812711733005e+00
1.809661846745853619e+00
1.604994697151213900e+00
1.654190546913344217e+00
1.674003766301735530e+00
1.560223476552522248e+00
1.735630584893910866e+00
1.758314702845118260e+00
1.634049388424952509e+00
1.753368213784033625e+00
1.652609099036007612e+00
1.567765960703543460e+00
1.470576988935420326e+00
1.584899305689978721e+00
1.446797644839051378e+00
1.413755348542998114e+00
1.719636445580713158e+00
1.541861501828648562e+00
1.568000757269369938e+00
1.588353355792927912e+00
1.579371167359214789e+00
1.547578487914540224e+00
1.497982399631951900e+00
1.450391755976151886e+00
1.533188132556211558e+00
1.573956359261380555e+00
1.742230776179031437e+00
1.575807733642075048e+00
1.559679478257897989e+00
1.522839872242581771e+00
1.768720547063617143e+00
1.767731126478168324e+00
1.615447832484991242e+00
1.644848447303758565e+00
1.419481218570399994e+00
1.570356675049086492e+00
1.756693608021910435e+00
1.647632630482911642e+00
1.681185984176066572e+00
1.514237022931664622e+00
1.684423155025329022e+00
1.496192911939299819e+00
1.456813708086931225e+00
1.400323289475466471e+00
1.406197443534158653e+00
1.300329262457325274e+00
1.521730685082069323e+00
1.803400039185478754e+00
1.727838176349512089e+00
1.727323201585846624e+00
1.341119813996884513e+00
1.525632338380090269e+00
1.427606191872153651e+00
1.399333587213440699e+00
1.432658429570181635e+00
1.535199507896382265e+00
1.523658854792266926e+00
1.417932037125677169e+00
1.453242047497443457e+00
1.724938156649735932e+00
1.607216577744009944e+00
