1.707935182835183419e+00
1.737892652123922188e+00
1.861443652377255731e+00
1.657485738710986478e+00
1.703133536872653897e+00
1.889746951764705196e+00
1.663071695527716054e+00
1.895534077214257263e+00
1.705959102358714619e+00
1.940120449243897927e+00
1.847294733044638315e+00
1.799900407370867095e+00
1.789773524351184975e+00
1.864515157755357588e+00
1.786803596548450335e+00
1.843727448445261929e+00
2.076507494151316635e+00
1.828757691371526439e+00
1.740033265777702898e+00
1.744344422396466143e+00
1.789355375291042272e+00
1.968134683973172594e+00
1.596311660981937441e+00
1.645390705080834071e+00
1.709911965951685708e+00
1.832023415729791882e+00
1.701634009344691112e+00
1.917055049790082455e+00
2.054864458558444351e+00
1.786327261370904029e+00
1.855720602133718256e+00
1.992863559894999526e+00
1.982522714862962276e+00
1.754765275233074906e+00
1.625681175028063530e+00
1.647696604481183158e+00
2.075613847757816099e+00
1.756147047644614823e+00
1.988431124412020967e+00
1.970168618474470668e+00
1.898588937654193121e+00
1.909503880655928798e+00
1.888545645516930716e+00
1.904139676738584974e+00
1.762592807598338140e+00
1.848878255981365903e+00
2.293713393345828688e+00
1.945036071709143499e+00
2.016858723252729746e+00
2.048326436522706739e+00
1.866476047074538958e+00
2.019558231427297290e+00
1.868532736278278206e+00
2.021720802249579840e+00
1.706842844330707099e+00
1.701534568811175374e+00
1.691042013742485528e+00
1.762763595979174314e+00
1.621550124158078532e+00
1.680734269413899140e+00
1.830955524372180010e+00
1.924464778210770000e+00
1.726117061010357556e+00
1.878621609204353282e+00
1.709833177521183245e+00
1.749563091341603149e+00
1.827551584223510384e+00
1.868398039431356183e+00
1.980603538898929594e+00
1.904915143488177476e+00
2.032906047673636252e+00
1.936549674491200967e+00
1.989827972881964113e+00
1.685671402765047677e+00
1.766132273401329611e+00
1.775109882467310607e+00
1.848805711681242192e+00
1.878602566510364946e+00
1.858245496977509292e+00
1.949083047170317329e+00
1.853504285309148347e+00
2.000394268282285726e+00
1.819449992716039688e+00
1.808184242135248754e+00
1.817176361147726960e+00
1.812655242379659359e+00
1.899147541172905074e+00
1.868859650431498931e+00
1.855424320358065149e+00
2.042483285912786606e+00
1.948521201424740390e+00
1.928811182238942656e+00
2.008971817388070846e+00
1.872949158159491700e+00
1.975285043374721328e+00
2.063892253136868860e+00
1.887819360230500010e+00
1.731138325532009414e+00
1.875259859740290302e+00
1.768854578715583825e+00
1.733098228972197230e+00
1.756441071438352264e+00
1.781058813888816816e+00
1.647819695529022965e+00
1.768482073169608482e+00
1.664289305304401223e+00
1.898768975649592461e+00
1.720336885460004739e+00
1.615138102208377946e+00
1.939656858218193447e+00
1.855591040095245781e+00
1.774230620380556678e+00
1.670171068566467243e+00
1.896558572579365221e+00
1.898661321781240918e+00
1.696740617431198084e+00
1.672492458341771293e+00
1.838556501082146299e+00
1.691320868339667438e+00
1.745636177232520847e+00
1.738900464220396236e+00
1.735322508939324715e+00
1.826849872394518570e+00
1.665365353295388928e+00
1.711176528639664518e+00
1.871689801559258459e+00
1.631292254208970727e+00
1.737732552571519262e+00
1.849295109532174575e+00
1.820871679128170273e+00
2.007037971781179042e+00
1.804608777738383907e+00
1.884060784900709606e+00
1.720720667229220791e+00
1.850219447135617923e+00
1.852720202223403723e+00
1.755863157169898825e+00
1.744904547092472447e+00
1.694439618683773130e+00
1.982955772362136715e+00
1.671904012272608986e+00
1.990561530652632971e+00
1.955019740573359144e+00
1.924727701769996857e+00
1.714860109715877101e+00
1.978814188552597608e+00
1.811766036332123520e+00
1.678238632744868841e+00
1.713876441923072314e+00
1.911718525520201606e+00
1.686749541228062643e+00
1.815768084581202091e+00
1.907933180738041301e+00
1.699818599537699093e+00
1.870590578012486516e+00
1.765120917183635285e+00
1.847737649780393010e+00
1.895058614132446140e+00
1.568882030947485129e+00
1.700891338200815284e+00
1.635647140590211768e+00
1.663301244502878085e+00
1.609634648520015032e+00
1.545876517631107339e+00
1.755753385745074446e+00
1.664842677865362885e+00
1.727303958248115778e+00
1.824087095090769273e+00
1.687575346257949027e+00
1.614585940708666678e+00
1.549897779431517408e+00
1.603037147385665939e+00
1.689491669031930154e+00
1.533536883425576924e+00
1.473274780721461896e+00
1.759235623491527623e+00
1.947563991747088608e+00
2.109815019218914678e+00
1.979301386637894122e+00
1.889991461687150931e+00
1.762812066857111448e+00
1.810840042536411953e+00
1.644495901334533716e+00
1.623244663843510960e+00
1.698465766214521500e+00
1.700504291760869258e+00
1.660144333054608623e+00
1.630570547715138208e+00
1.594311105073984436e+00
1.795533368321006851e+00
1.778931766664979541e+00
1.785017963917022721e+00
1.725752428533184446e+00
1.701971547235423987e+00
1.722271507687406666e+00
1.632818963868549078e+00
1.593470394263158951e+00
2.050062235661660903e+00
1.910713834506455377e+00
1.902591297028042749e+00
