1.635826619509065161e+00
1.537614142365520520e+00
1.436110988538070954e+00
1.499035722988068198e+00
1.470184331558774149e+00
1.490641803685344824e+00
1.683234566521943698e+00
1.747816821516031682e+00
1.586615632085772498e+00
1.650585443246860295e+00
1.740343747984056666e+00
1.706861817564906403e+00
1.706654648137644559e+00
1.808685213247105406e+00
1.985501752997634650e+00
1.685876294291018374e+00
1.679970530253249716e+00
1.874051028356890747e+00
1.629847523230334660e+00
1.900752124210999261e+00
1.851855725047260037e+00
1.919147730287013687e+00
1.966683427953091590e+00
1.747506917085555278e+00
1.881925756447729414e+00
1.890700720470303908e+00
1.813752140361056142e+00
1.969681449817950458e+00
1.890919371140554084e+00
2.018723829212957011e+00
1.740530423454541342e+00
1.603083228122348158e+00
1.595295871584111902e+00
1.766191315688031560e+00
1.795183261075841363e+00
1.828260006334838428e+00
1.793496385863204923e+00
1.568147133870666066e+00
1.569678768300892813e+00
1.628231882015052756e+00
1.915513166008434576e+00
1.779212165586659733e+00
1.785091471717803469e+00
1.742378364757155573e+00
1.789344768733923674e+00
1.940433666477716868e+00
1.936206451240144899e+00
1.821713200972241653e+00
1.851232189116569060e+00
1.816830720841287272e+00
1.741746871851922451e+00
1.501687272313342980e+00
1.625913566908552266e+00
1.470719888298633871e+00
1.483639459188255127e+00
1.716582453469149172e+00
1.631892777786464688e+00
1.727473576871734195e+00
1.637834579610680130e+00
1.698037565459223686e+00
1.730911744891132642e+00
1.628664022523120591e+00
1.731315157989860243e+00
1.681988498289529010e+00
1.657929614124861395e+00
1.880316098236399114e+00
1.640586247937427133e+00
1.603228377177713382e+00
1.669304557396871669e+00
1.858008024837684680e+00
1.868651268710549207e+00
1.973184457845605477e+00
1.921909030803546026e+00
1.421119704781146798e+00
1.692174569893055702e+00
2.005163369330723810e+00
1.790694431485637006e+00
2.004081575092742096e+00
1.732010249863615181e+00
1.738595245976162662e+00
1.699220474705131156e+00
1.803382600076936182e+00
1.774872268382305274e+00
1.684101291460918137e+00
1.792422157189866194e+00
1.966380911841228318e+00
1.845207688202844976e+00
1.986146380357128649e+00
1.891827807182324017e+00
1.559710028092451850e+00
1.650325456354120091e+00
1.529174600172191312e+00
1.460016668727084133e+00
1.756244104464735001e+00
1.760194057957498837e+00
1.796075639038797966e+00
1.867038155827971613e+00
1.842644375172664439e+00
1.857559728813946265e+00
1.839189853537489538e+00
