1.707345099990825954e+00
1.543317934183022988e+00
1.506174569603780045e+00
1.561501250567138177e+00
1.498116509520923678e+00
1.630186219446055684e+00
1.734049991943389823e+00
1.720284655711791677e+00
1.649591239543945154e+00
1.504102073757780156e+00
1.511401572283930461e+00
1.512869964758181807e+00
1.596616528755915976e+00
1.643580845008616897e+00
1.612113504011805309e+00
1.693708699149003349e+00
1.598877303321521337e+00
1.791408231813306884e+00
1.572042208935050533e+00
1.573619619036578543e+00
1.659378402982923273e+00
1.673763939033592996e+00
1.688721182807199073e+00
1.650410385021205517e+00
1.634421668490501078e+00
1.596272438856820353e+00
1.529586065475269541e+00
1.810212143809392549e+00
1.591111877118786655e+00
1.662787311159495074e+00
1.715293415957720446e+00
1.673280799935494834e+00
1.542233180761261480e+00
1.709372468916243948e+00
1.491056061002073774e+00
1.634801719665823772e+00
1.622872991417903199e+00
1.457976273047047577e+00
1.438939813893867381e+00
1.597623175559816699e+00
1.785360688990722311e+00
1.566141593563106449e+00
1.527855549745808617e+00
1.693379947523744322e+00
1.562092662915315344e+00
1.672883590963179179e+00
1.578437586358406142e+00
1.563134432210109948e+00
1.691128958793110648e+00
1.563665983428666140e+00
1.470291604712128164e+00
1.351724295211895521e+00
1.496697389203960116e+00
1.368881360665834324e+00
1.340288925494379724e+00
1.415484376290572888e+00
1.516972101761105751e+00
1.515098890635582007e+00
1.263994747089637771e+00
1.441532644041684907e+00
1.423566373173134503e+00
1.385706865529607423e+00
1.361086540068137340e+00
1.488825332934458734e+00
1.558474716935191129e+00
1.624718209697346039e+00
1.468660919907292195e+00
1.498059597324238768e+00
1.528926563310117226e+00
1.667849402506796919e+00
1.622233786526473098e+00
1.547697574534398823e+00
1.604967889933590852e+00
1.208981186047813461e+00
1.391403507710070597e+00
1.576755833473475699e+00
1.530722206991458334e+00
1.717186999991174856e+00
1.589189958511182388e+00
1.625792181252607271e+00
1.368132105500366791e+00
1.380927477732274200e+00
1.511592373236573472e+00
1.416168208493491010e+00
1.438313808576616282e+00
1.471086593389693720e+00
1.719201559756680320e+00
1.749908984007665813e+00
1.576639776844240171e+00
1.237600590070034423e+00
1.251314045857947255e+00
1.190463529592019842e+00
1.185596786997642038e+00
1.389979175735535089e+00
1.459436351962060563e+00
1.706425469212921042e+00
1.514347075965204681e+00
1.481427346797021816e+00
1.827829070119429744e+00
1.562422740498419893e+00
