1.596044706985819683e+00
1.449689298844687002e+00
1.354098106332318530e+00
1.463683107407010464e+00
1.386212734778236699e+00
1.495330958188621384e+00
1.679820501609041949e+00
1.631508035634964049e+00
1.462561770335200961e+00
1.551211842704376620e+00
1.527092436870145065e+00
1.529604464368873540e+00
1.485975411710334537e+00
1.540955893003675525e+00
1.526843444019745810e+00
1.657170680925706296e+00
1.545162369847774109e+00
1.653316320551232899e+00
1.569823421275861719e+00
1.439109962796746522e+00
1.548632000489132965e+00
1.556186105359689487e+00
1.565694840069012939e+00
1.610278932610854419e+00
1.593258810359473587e+00
1.573911416904288929e+00
1.395837954089392152e+00
1.615994076391641832e+00
1.333193234216131895e+00
1.526963452535668564e+00
1.422218811388515691e+00
1.506917031891169323e+00
1.518602414305625814e+00
1.635893261514739239e+00
1.394556938583801253e+00
1.410766641866271653e+00
1.431313602595843948e+00
1.477574803388042701e+00
1.509413467261408126e+00
1.605725263472593145e+00
1.653827164744409828e+00
1.425566186619660058e+00
1.455817888619892253e+00
1.424870887591604296e+00
1.381449986605796765e+00
1.462861167027860176e+00
1.395138692364980670e+00
1.409330647980721496e+00
1.443620091883070833e+00
1.404552036435878559e+00
1.524230271091091993e+00
1.445172591321516542e+00
1.632042520034558519e+00
1.455914216796335259e+00
1.495283671250160262e+00
1.455665696916823126e+00
1.633094114548209852e+00
1.541736224065151539e+00
1.462939749316560123e+00
1.444103686457382851e+00
1.473594836194058511e+00
1.409774113921581806e+00
1.342427490443740545e+00
1.459947265660060278e+00
1.478871200828918431e+00
1.460021840571489982e+00
1.675405358943512057e+00
1.505640878470394517e+00
1.605307166593064938e+00
1.700957461965279638e+00
1.566779734459819995e+00
1.504402060241818440e+00
1.538439007073299170e+00
1.471104199313560290e+00
1.550187763680405340e+00
1.593618680799945064e+00
1.407090162895745289e+00
1.465128695805650416e+00
1.221531902155072347e+00
1.513670168100065272e+00
1.529534174361736998e+00
1.588020229951640605e+00
1.300821830465515028e+00
1.354224888997792586e+00
1.315672191378659539e+00
1.357354477388224456e+00
1.407647672643929315e+00
1.508362228898702417e+00
1.385022523971654040e+00
1.520216724123542251e+00
1.605850652288977720e+00
1.504093555749179467e+00
1.501909274268893979e+00
1.220253880585065343e+00
1.398297341193562637e+00
1.253192649661831526e+00
1.338092252187450759e+00
1.383263179655073394e+00
1.379973989135469647e+00
1.454605741912499361e+00
