1.726898777697544629e+00
1.504738349315665191e+00
1.493713759982288281e+00
1.517185263134511963e+00
1.488934702556726553e+00
1.556021790156305151e+00
1.731413700492407726e+00
1.697472416637484161e+00
1.588457668019053859e+00
1.613322829262004321e+00
1.716064334113839962e+00
1.720205108337838906e+00
1.762336871725967757e+00
1.786822987374197869e+00
1.893909663472972404e+00
1.704436964928282006e+00
1.704951901099986733e+00
1.904587051830706868e+00
1.644363732710863335e+00
1.898413638422903116e+00
1.831907523712407171e+00
1.870237510009064241e+00
1.924942121031849140e+00
1.722057271493387720e+00
1.719236741482191633e+00
1.846909827533041115e+00
1.729492138811022262e+00
1.934321672089345023e+00
1.811201883480218155e+00
1.945572361983791909e+00
1.668200844990696652e+00
1.639933328174094429e+00
1.622118276813186322e+00
1.785272481949609746e+00
1.740968310241902683e+00
1.867846454331635098e+00
1.834162877384477364e+00
1.537885768520498297e+00
1.513674795617735214e+00
1.599967221905148840e+00
1.897202018390082845e+00
1.703499463483163945e+00
1.727363773303827177e+00
1.676761200982840094e+00
1.679714143026797224e+00
1.866049924027953777e+00
1.903070221120052530e+00
1.790781965376743390e+00
1.849990628481957611e+00
1.868687847540327907e+00
1.775681140972797500e+00
1.520885208036216518e+00
1.649222597763357889e+00
1.524288634165605449e+00
1.483764681691571719e+00
1.617752007466974673e+00
1.600574849595910898e+00
1.705364364089664742e+00
1.641215685987667872e+00
1.693413132827684908e+00
1.723038941273517644e+00
1.605643223821920262e+00
1.639079291379892167e+00
1.718842829006371753e+00
1.670444810232731392e+00
1.845297444025014055e+00
1.726453436622276572e+00
1.639037468533617092e+00
1.702223126933725572e+00
1.935376768757146815e+00
1.869272245339053784e+00
1.864535787834231684e+00
1.842385778250216433e+00
1.496570675958817986e+00
1.654706898535143855e+00
1.923242643843887212e+00
1.770945808061884508e+00
1.957660424370168739e+00
1.699793010841464946e+00
1.786220297868795548e+00
1.666159549546741836e+00
1.803518478329502406e+00
1.717193189930908304e+00
1.687308159044586864e+00
1.773485355454286427e+00
1.839839413456539230e+00
1.850429512358652717e+00
1.981468649577073693e+00
1.869082149677221416e+00
1.483407514376339220e+00
1.663307847382283322e+00
1.597114350083866929e+00
1.494533638667524755e+00
1.681150060661200651e+00
1.722870106295392389e+00
1.744295666334993555e+00
1.857500320707799357e+00
1.775056335830979659e+00
1.800005889808891091e+00
1.795279558639159445e+00
