1.827213709879559778e+00
1.789389754940416966e+00
1.885212437995932522e+00
1.718526665311545631e+00
1.758790893274279510e+00
1.904595154546242064e+00
1.758701745703107333e+00
1.953595020528814175e+00
1.756757625253602573e+00
1.765255048304785079e+00
1.866461052252296637e+00
1.707133906182844330e+00
1.931373353772362300e+00
1.952790949185213343e+00
1.726026738121415605e+00
1.824969416337155481e+00
1.970789064042571148e+00
1.900566979512321009e+00
1.777433565376765445e+00
1.786194086953089011e+00
1.820192767493126418e+00
2.083456538146775117e+00
1.735007684764603875e+00
1.722444767862270965e+00
1.789693668463827603e+00
1.796786810748982388e+00
1.729616121113724869e+00
1.924078522783450929e+00
2.086054860782991405e+00
1.742738622305753715e+00
1.844231972037489120e+00
1.975385622416616194e+00
1.895687270152933479e+00
1.773791873941319652e+00
1.683330040920461901e+00
1.665552842288058777e+00
2.074034231249577420e+00
1.759804585468909055e+00
2.192174649776224893e+00
2.049370162335496293e+00
1.935766098271657132e+00
2.030882467575751527e+00
1.927901332704391457e+00
1.931659244059663161e+00
1.864404925092759902e+00
1.910778960207071941e+00
1.998942126197868596e+00
1.847486580657649036e+00
1.930625810638370243e+00
2.145913272808677164e+00
1.850046104791455592e+00
2.127315312546796733e+00
1.992211793589247604e+00
2.158704488742980487e+00
1.776084950232914572e+00
1.831086423652160011e+00
1.684396305742739575e+00
1.720820433905901004e+00
1.811042353702410512e+00
1.680273063280103063e+00
1.899906707209426004e+00
1.819641960740095543e+00
1.695736908585852465e+00
1.888492211613773453e+00
1.696331836443208063e+00
1.788925962727064833e+00
1.835758310583506692e+00
1.859498247660017478e+00
2.162317264628165425e+00
1.956343850721118827e+00
2.196742014552868660e+00
2.233672557638290090e+00
2.139015272893387554e+00
1.850067478652775987e+00
1.797358092014273101e+00
1.751303569324417220e+00
1.712897813851190554e+00
1.787527473298857528e+00
1.830650099286620147e+00
1.925492617382672966e+00
1.794959113207566404e+00
1.919711076833427121e+00
1.833856260906072899e+00
1.794489138122296712e+00
1.699882474389713627e+00
1.842378612387515657e+00
2.009714345384318701e+00
1.994224998789263070e+00
1.897904999336015752e+00
2.068628838429900085e+00
2.021794197665553128e+00
2.146208591039086677e+00
2.052477400905694971e+00
1.922424177904018761e+00
2.192794553536145052e+00
2.157942743226568094e+00
1.979829077499710932e+00
1.905529398661227169e+00
2.007033983398149868e+00
1.904642069360380940e+00
1.768998172831276028e+00
1.799729709904103636e+00
1.826688427442618945e+00
1.689897465020580025e+00
1.889753553569217814e+00
1.732744106875082180e+00
1.890902145731438111e+00
1.798470984108189619e+00
1.711284603174145325e+00
1.755030871830068895e+00
1.978417579758134925e+00
1.905016624504688227e+00
1.723087461986435365e+00
1.998814920828832165e+00
1.994415107557828915e+00
1.952527797013881239e+00
1.776955922609646521e+00
1.900910630732222550e+00
1.755626632995897163e+00
1.917047544002551396e+00
1.798957310921220909e+00
1.779054905023086164e+00
1.907508009192774523e+00
1.690058088913189538e+00
1.769714581952450683e+00
1.963722693893642512e+00
1.655496731259394672e+00
1.740560334920024044e+00
1.821011258851554127e+00
1.756364024941379220e+00
1.984201383661253093e+00
1.939839645729434681e+00
1.982569605475317021e+00
1.780061200895732387e+00
1.833595241174859947e+00
1.863844393399574528e+00
1.790033188771589234e+00
1.743406096784085646e+00
1.709974059602755725e+00
2.144852371331800178e+00
1.708008003398341135e+00
1.959748286835190978e+00
2.148338933685058461e+00
2.010268449385947509e+00
1.847871253798283098e+00
2.004845187455526201e+00
1.983179010080824645e+00
1.703695948520932424e+00
1.757037501754278530e+00
1.977055083571903626e+00
1.878515358809050406e+00
1.874450983468701759e+00
1.909335036446786704e+00
1.872105307032919663e+00
2.085011831560389606e+00
2.118585906177230971e+00
1.864031030309992065e+00
2.192743718228845839e+00
1.883103804299099293e+00
1.889739212693834602e+00
1.838508255836407423e+00
1.754269371040517722e+00
1.777661529396975748e+00
1.723671738139275877e+00
1.904853560077941932e+00
1.823335532102272616e+00
1.845388456490902884e+00
1.918738479599221280e+00
1.919865201916886477e+00
1.817615378454422448e+00
1.786780378495455013e+00
1.771374382005366011e+00
1.833194500792595383e+00
1.767822826634074973e+00
1.817826538108929801e+00
1.993961286523810550e+00
2.081992381032421680e+00
2.209670821370873117e+00
2.192563060208369663e+00
2.112682885726549831e+00
2.199941949362903326e+00
1.975861471441240358e+00
1.800503697117691759e+00
1.857284225225895202e+00
1.767771542778013183e+00
1.891501480199239804e+00
1.739492146926271854e+00
1.683885740774804685e+00
1.665307654191596320e+00
1.903272979227921269e+00
1.820920979510207038e+00
1.874335112389862390e+00
1.984750017661290000e+00
2.001506280875331001e+00
1.969579138281765118e+00
1.859642157296304443e+00
1.881833574062112380e+00
2.119312502758834427e+00
2.046715743483316086e+00
1.960856882477819418e+00
