2.069831264940050097e+00
2.125815258915731754e+00
2.167831673624995847e+00
2.232970181003638643e+00
2.251764238495667314e+00
2.219325082294564933e+00
2.296340201628548794e+00
2.350679528097787685e+00
2.167992305835145572e+00
2.094419233512673895e+00
2.100524881607368499e+00
2.040932032736535895e+00
2.194119453031575961e+00
2.246449717575398797e+00
2.062049781611512866e+00
2.120503443684123024e+00
2.375729264690592757e+00
2.066602128113463888e+00
2.323649118342540731e+00
1.983224694137020627e+00
2.037574031500488214e+00
2.185871910709505705e+00
2.403948519148982665e+00
2.414317704996599812e+00
2.108643277203006594e+00
2.334768308150185767e+00
2.137474021029911242e+00
2.042789644600911281e+00
2.368056351451889530e+00
2.093600947064955697e+00
2.060169699791840170e+00
2.384884536252690257e+00
2.098670823027959820e+00
2.217134142159356003e+00
2.314887896975297288e+00
2.324764418035325964e+00
2.429190899942800463e+00
2.417197945756931698e+00
2.312544112903831550e+00
1.948632925636319735e+00
1.995609619802900969e+00
2.216763739439973069e+00
2.043575449373073116e+00
2.402651329055450979e+00
2.013928946704059531e+00
2.401838813151317087e+00
2.146307912153043063e+00
2.303623487322140395e+00
2.142799744975548037e+00
2.172272632176678098e+00
2.332668876785902512e+00
2.289140628095950980e+00
2.172737102182614066e+00
2.174369176550306815e+00
2.125498540145783988e+00
2.052767523747040190e+00
2.253957451525202771e+00
2.029995855031602847e+00
2.096599163350930439e+00
1.976296697377581735e+00
2.272188850290366435e+00
1.885773545302522392e+00
2.230400498477603577e+00
1.979822478872761859e+00
2.159665067835967012e+00
2.088097235422508469e+00
2.041853487276733770e+00
1.962397331700881153e+00
2.021686084454329180e+00
2.200481876418469707e+00
2.045193771824579176e+00
2.239690828450164428e+00
2.186732314996420179e+00
2.146509694347649599e+00
2.210461300398784523e+00
2.156208206893853951e+00
2.119825421617860250e+00
2.055585867920720844e+00
2.203226909160969527e+00
2.237611393627937595e+00
2.170307454631618338e+00
2.189854301282346150e+00
2.087645733247745827e+00
2.064655219566875477e+00
2.071177514449017654e+00
2.164412258063954653e+00
2.049306599279200114e+00
2.193350482531472245e+00
2.249831041838075141e+00
2.318158034454155025e+00
2.226886212411685939e+00
2.160760183473704021e+00
2.101528384401817995e+00
2.034730225991162822e+00
2.030104343660979360e+00
2.228986722587720681e+00
2.179884436974829143e+00
2.289772287180164678e+00
2.068806189857894218e+00
2.049368085442926812e+00
2.200000611408904128e+00
2.356026737975303931e+00
2.286633608967989950e+00
2.285893353946106821e+00
2.298460558542473553e+00
2.197392116852941335e+00
2.268226641770931806e+00
2.195384767455898611e+00
2.219131502987504945e+00
2.411112119700724143e+00
2.407159725575771958e+00
2.190891365512387168e+00
2.281790385359675710e+00
2.239233951627037644e+00
2.309933798379921299e+00
2.306079900957083595e+00
2.154399935066575456e+00
1.854649092793147158e+00
2.336910376751181406e+00
2.073152056462837844e+00
2.570654189903807563e+00
2.483405896223278564e+00
2.320902615041976702e+00
2.438693197030132875e+00
2.407694517708947490e+00
2.351652445164235328e+00
2.520078981836760601e+00
2.333066587916858392e+00
2.325765037017878178e+00
2.332471939967595276e+00
2.116764525115333306e+00
2.129920728567175736e+00
2.237445244743327510e+00
2.113642623823385858e+00
2.037026940395710195e+00
2.253960381787624367e+00
2.050670338651412017e+00
2.318971120817313381e+00
2.049788759627964918e+00
2.057449018322737633e+00
1.990925368699202780e+00
2.057246198327491449e+00
1.981564070779085140e+00
2.210792076247316995e+00
2.077335248975503035e+00
1.987672148993412380e+00
2.007517203943681494e+00
2.009372121891273899e+00
2.098043825383388850e+00
2.003863405974780854e+00
2.017511163014314768e+00
2.008995192630159909e+00
1.997366747695705547e+00
1.959206624719819656e+00
2.175271924752722796e+00
2.224419951034564136e+00
2.187627130651811580e+00
2.078484810888132195e+00
2.164002209947541111e+00
1.948867382899988510e+00
1.965927584452080046e+00
2.213131945358729258e+00
2.255580074752177033e+00
2.196378413573885080e+00
2.237490080854202201e+00
1.984690195262767576e+00
2.002213169490625777e+00
2.262306395612644128e+00
2.115160051221675275e+00
2.055234261225443060e+00
2.235606927912233033e+00
2.043706229137358665e+00
2.443771896626687035e+00
2.318292367090081019e+00
2.192085852022240378e+00
2.262953770867889958e+00
2.252403951722584008e+00
2.215386525943547902e+00
2.043342640407301403e+00
2.575457220211912368e+00
2.556145965951384547e+00
2.589546217088683377e+00
2.281966564814519760e+00
2.298516581315776186e+00
2.316846148845945308e+00
2.060949608766604602e+00
2.164092180571477009e+00
2.119276130961100346e+00
1.950616574885562393e+00
2.159865066666162736e+00
1.956351608923817764e+00
2.172706857788735846e+00
2.097972551012992959e+00
1.990970986035299761e+00
2.091682312197637561e+00
2.032783774436074609e+00
2.123339654231479301e+00
2.088198445727066588e+00
2.351117214167785185e+00
2.166686092850177214e+00
2.171629167956128814e+00
2.321262439600129124e+00
2.258424884497119756e+00
2.267231695057689844e+00
2.250963331841874471e+00
2.242409492602162047e+00
2.168800009874146895e+00
1.739947430754981816e+00
1.941412023871841086e+00
1.895312609193295472e+00
2.104213361479587263e+00
2.210382120638651138e+00
2.017113718237004694e+00
2.193970273934832793e+00
1.941360492766204926e+00
2.091919671887443322e+00
2.304204467522303457e+00
2.171613291849067817e+00
2.222533641539637728e+00
2.416062837499850069e+00
2.380895008646880306e+00
2.121550345245275082e+00
2.576851870646340803e+00
2.197554240593966757e+00
2.284044994371945414e+00
2.219044505875077178e+00
2.238340490664338489e+00
2.188390586175287922e+00
2.154314883703134509e+00
2.287501426633154367e+00
2.414583043557425146e+00
2.348877240955160151e+00
2.237837004391017182e+00
2.137375834100458061e+00
2.312641009366245282e+00
2.423642723739998672e+00
2.370564773269368875e+00
2.449738120603860647e+00
2.355997399831966987e+00
2.176491540223331800e+00
2.512593044390383668e+00
2.242447110584483649e+00
2.057272690242709423e+00
2.183999164413495286e+00
2.265794937657304775e+00
2.228773594331468377e+00
2.040234542426761610e+00
1.964008989329260713e+00
2.038467645278775553e+00
2.148845885084563534e+00
2.043361275790198217e+00
2.182142861028462111e+00
2.225792114870893901e+00
2.295397579780068753e+00
2.225924401643812001e+00
2.169252913153373097e+00
2.192576541502818888e+00
2.271737421587540773e+00
2.228451207577578419e+00
2.094413111164466823e+00
2.064815471615794262e+00
2.068646618172285123e+00
2.250594034901696183e+00
2.160595861540375306e+00
2.068107677065956995e+00
2.437346500818931450e+00
2.013443319622212790e+00
2.164070580041903114e+00
2.157432376979554700e+00
2.459668777030890929e+00
2.069011869625335454e+00
2.168088738567783835e+00
2.263781602218879030e+00
2.558069249768075260e+00
2.121805137224420879e+00
2.290100439940055299e+00
2.352764263294176761e+00
2.145001421351526716e+00
2.260707078168676887e+00
2.288394594391458536e+00
2.121781677295420110e+00
2.306513839629360074e+00
2.360519033443144288e+00
2.390972726712690566e+00
2.345455996485219519e+00
2.052438858987323034e+00
2.045083986985737123e+00
2.042721509523201640e+00
2.074569479520794957e+00
2.293398146041547125e+00
2.327961293087368322e+00
2.384907354390433110e+00
2.041041721339525772e+00
2.097612726911775471e+00
2.379131014328522919e+00
2.401885088683602287e+00
2.227321826344616618e+00
2.097775225388701426e+00
2.137567749541405604e+00
2.251619595356092240e+00
2.121649413955275509e+00
2.065808363738464770e+00
1.925956077619668694e+00
2.144326087508107381e+00
1.963448675484670947e+00
2.161669341926986121e+00
1.941588282604551852e+00
2.043123620329861279e+00
2.105935208844734507e+00
1.948887884944782378e+00
2.402343515888338388e+00
1.894088185950534076e+00
2.026905743582565478e+00
2.027017907002632846e+00
2.096489982809304653e+00
2.166511441225487555e+00
1.941592015862990239e+00
2.221892420353333897e+00
1.922133065292823240e+00
2.140041464116335224e+00
2.022892403609055645e+00
2.094459818129079665e+00
2.149699821736021033e+00
2.132368480351792162e+00
2.172039361471853613e+00
2.029113167946753116e+00
2.234288973150952096e+00
2.073586812287111503e+00
2.265502467236413686e+00
1.941403828657470187e+00
1.977186873248346410e+00
2.076603048202060098e+00
1.996145111529819660e+00
1.971352606655632389e+00
2.072903415228767976e+00
2.303619476428004909e+00
2.218736815839779553e+00
2.204060381472743302e+00
2.331063651122844860e+00
2.081461400054309685e+00
2.185920210567126709e+00
2.103852615420189309e+00
2.127292314955608443e+00
2.100153969400467613e+00
2.152938744575570773e+00
2.175219316942489378e+00
2.105764741011549201e+00
2.164911726640264433e+00
2.101005442441354898e+00
2.274637384603269918e+00
2.108850522634527547e+00
2.088164706838486762e+00
2.097616944045577636e+00
1.981163835720004540e+00
2.091498195344831501e+00
2.221207348423305916e+00
2.375665696714877484e+00
2.207763472456680365e+00
2.149765401865498138e+00
2.186683982645275748e+00
2.143423796588104668e+00
2.250630442011237076e+00
2.424328717335911598e+00
2.308243467410072913e+00
2.091748123025016337e+00
2.062352884991023316e+00
2.108445116226874916e+00
2.102942977515803946e+00
2.188609264310870550e+00
2.143989986639442957e+00
2.140080585068210084e+00
2.264161528641946752e+00
2.247735687561987827e+00
2.225536552189088191e+00
2.152632643061622275e+00
2.271685918220047729e+00
2.276440645855379419e+00
2.159745886874627985e+00
2.157610880472601078e+00
2.326582646229913731e+00
2.345521051544769975e+00
2.387139474900744407e+00
2.376692586117271855e+00
2.038668797352816586e+00
2.589794643391102991e+00
2.225723057210577949e+00
2.180282308080593978e+00
2.315168754527376471e+00
2.045341646018155046e+00
2.104344650078530332e+00
1.977920646924855141e+00
2.413354616827612542e+00
2.010647468895710777e+00
2.042923673481626956e+00
2.423691326548941483e+00
2.277730535285876545e+00
2.289735487523470781e+00
2.004257792538505889e+00
2.039502835293666383e+00
1.966132321947991812e+00
2.161371055268415109e+00
1.978961010329775894e+00
2.092857267028140456e+00
2.160116496154246057e+00
2.110745470329990159e+00
2.084571789317106738e+00
2.025284589889050135e+00
1.979126831435493061e+00
2.113586695756354050e+00
1.955682105074916688e+00
2.032918303290279116e+00
1.999528328587572901e+00
2.162680778376408597e+00
1.892865817440542830e+00
2.230008564976320162e+00
2.196304910841752722e+00
2.220847184091469195e+00
2.185191352991583180e+00
2.075390011546478508e+00
2.224649300567365984e+00
2.016452948696802139e+00
2.170640690764360947e+00
2.192839569915784104e+00
2.108678161892969527e+00
2.277867250619771688e+00
2.067426426852963406e+00
1.973579805402321918e+00
2.242031175473901961e+00
2.242747356616918708e+00
2.292164133711197760e+00
2.006421111510599431e+00
2.232740604240840199e+00
2.380095857819895411e+00
2.053831598276897541e+00
2.270405568194932666e+00
2.242064576459210645e+00
2.368580716954496346e+00
2.199883634330205062e+00
2.395248743604686315e+00
2.181707481698912598e+00
2.236751084659418964e+00
2.233465099506240392e+00
2.362608556867488385e+00
2.283253318330272563e+00
2.243100769297180719e+00
1.941404635469965001e+00
2.586601783267099108e+00
2.617375068807470395e+00
2.396055237276188965e+00
2.286344243711471158e+00
2.357508096435665834e+00
2.296051059601912137e+00
1.965477488119759419e+00
2.188831548090740320e+00
2.301350699931044019e+00
2.119846293418317096e+00
2.223842778315151314e+00
2.279839841287733648e+00
2.188092762030979799e+00
2.257722981528945017e+00
2.146905782450859501e+00
2.185626148324191664e+00
2.026961448070374150e+00
2.109434168819579458e+00
2.105015442325589792e+00
2.019167432901915138e+00
2.085271307740111268e+00
2.092345829591464312e+00
2.002604868750367917e+00
2.107182892190808676e+00
2.091962454150693596e+00
1.880482679119028111e+00
2.031534463759917752e+00
2.084552003321367142e+00
2.024949193117817181e+00
2.147221190175624184e+00
2.059879742928599988e+00
2.227948950186964705e+00
2.285390910862530767e+00
2.101652057249416394e+00
2.403618903340198898e+00
2.249195697638660452e+00
2.224787811241567770e+00
2.274520829357975504e+00
2.156697912978567722e+00
2.304168697905205399e+00
2.192334961727051557e+00
2.250683772282317197e+00
2.400682773772712331e+00
2.423449989515568337e+00
2.477177745813900156e+00
2.477312183288820080e+00
2.036636318091561648e+00
2.072921112181806524e+00
2.185868951361802814e+00
2.073922374383998513e+00
1.795640586745177680e+00
1.901074576686305306e+00
1.889210576824261079e+00
1.753471290763088497e+00
