1.642770748240643952e+00
1.462713490700894958e+00
1.412182247882961761e+00
1.513548185294759429e+00
1.432573914987386177e+00
1.550613085559755522e+00
1.702958816525544039e+00
1.783711157572608119e+00
1.638005982708362396e+00
1.610521374073617729e+00
1.718609836452571260e+00
1.719085082825214883e+00
1.694602428640530345e+00
1.802983784233396447e+00
1.916221556097714274e+00
1.672079318646345625e+00
1.730934820070242131e+00
1.892965354329443795e+00
1.632147765596121847e+00
1.790443939033782295e+00
1.841583354528229632e+00
1.819022104074821122e+00
1.830020564598030308e+00
1.711197459163451562e+00
1.894565498960127714e+00
1.789354572710118996e+00
1.765131676656756854e+00
1.906383219770712900e+00
1.717545555415122660e+00
1.922769580256540101e+00
1.714069836790007573e+00
1.622109843158727305e+00
1.554468866762049206e+00
1.782712939059670543e+00
1.699298555796126875e+00
1.806268807914072738e+00
1.822681434624341845e+00
1.575819450802088406e+00
1.530491046074023753e+00
1.603642157828915726e+00
1.826603083486529222e+00
1.698251573309944362e+00
1.710306953877761327e+00
1.695021689414121902e+00
1.726402039965941215e+00
1.882870648698593108e+00
1.814068063250187990e+00
1.721607866836454948e+00
1.820583512833364948e+00
1.734086587771809906e+00
1.698958021737581703e+00
1.577199182016778112e+00
1.650342541801126162e+00
1.565283337626008686e+00
1.476105584274331806e+00
1.661910826221759452e+00
1.675279402577200427e+00
1.720003037998282691e+00
1.542007944941256037e+00
1.684805797398041927e+00
1.693814592177548040e+00
1.600043937030997343e+00
1.539230371780843321e+00
1.679086562394093818e+00
1.677422970217353759e+00
1.866129814247253549e+00
1.678714161796476700e+00
1.642830223111437116e+00
1.646855088388008870e+00
1.784419904391296052e+00
1.796616607838982915e+00
1.877183904300043116e+00
1.819133713869877100e+00
1.516172924483155438e+00
1.699121141357069709e+00
1.937994814516797115e+00
1.765759433068844864e+00
1.940094354541397115e+00
1.693664041354123961e+00
1.756215140304861810e+00
1.680353491885140160e+00
1.761285634151484869e+00
1.679269812828080077e+00
1.620411155566507944e+00
1.668038855894081740e+00
1.818697081062544241e+00
1.916084492412325258e+00
1.900554227381164862e+00
1.872322911835495374e+00
1.625360398612367696e+00
1.674295260111191341e+00
1.565879865254485193e+00
1.473631125475177273e+00
1.691849303699738183e+00
1.669248919226194561e+00
1.692403423129196227e+00
1.844097337732145014e+00
1.857035157339926634e+00
1.909693187127041947e+00
1.821396556961305313e+00
