1.857343469228697863e+00
1.868162389499014031e+00
1.916214433525630145e+00
1.724231849663988347e+00
1.756820868009642655e+00
1.931975401822672023e+00
1.726422930939358391e+00
2.015464348091274616e+00
1.717960086059860503e+00
1.751955865405075308e+00
1.886167285734232646e+00
1.651386255620383103e+00
1.859914900200321686e+00
1.908593256758012613e+00
1.706887171794039704e+00
1.880530382842682702e+00
1.994838761770628910e+00
1.956404990460765214e+00
1.776922452688633802e+00
1.797027340700178000e+00
1.975516711116722446e+00
1.847615814960161362e+00
1.696503042736447586e+00
1.618571701108738603e+00
2.059999657149416574e+00
1.983134512182142872e+00
1.860138661130568805e+00
2.001192605789070100e+00
1.896947139113114300e+00
1.824215826485893865e+00
1.976529354316728382e+00
1.961334731058612668e+00
1.963682275356128271e+00
1.709986057245388213e+00
1.804180501177410134e+00
1.893920683448725883e+00
2.080928937961303848e+00
2.057508718482117249e+00
2.026985439696842750e+00
2.043872764156744015e+00
2.070007446160465836e+00
2.035195122641982213e+00
1.916203032400838779e+00
1.913696330474933927e+00
1.854299753743520851e+00
1.949395686882504419e+00
2.109705676728193424e+00
1.919883791095718273e+00
2.067108764166204260e+00
2.041703435424171875e+00
1.932531248615743769e+00
1.949732634227806294e+00
1.880467469835122696e+00
1.915679101674807594e+00
1.716010099786591248e+00
1.847382159329190143e+00
1.877025891845477190e+00
1.875800219265351565e+00
1.931872462076764219e+00
1.650205885507792791e+00
1.911920358611696624e+00
1.984367475356305199e+00
1.803423899977256939e+00
1.975504898981550239e+00
1.741870045854275961e+00
1.763975648291631559e+00
1.876884175051489523e+00
1.834210156047733298e+00
1.875186768754407263e+00
1.998567142909290162e+00
2.032820427694209897e+00
2.083547009797102501e+00
2.030707332265898390e+00
1.835771648985920379e+00
1.928359616553708689e+00
1.809677278209328666e+00
1.896723041906534180e+00
1.935433164833296527e+00
1.931470858626109344e+00
2.057633098297418250e+00
1.927970935103887173e+00
2.020099619022343251e+00
1.876703328927388004e+00
1.914331416341837455e+00
1.765330921125151553e+00
1.895975384670715247e+00
1.770510884235005689e+00
1.858908532228413346e+00
1.857719757420701612e+00
1.948478115355351648e+00
1.972999665115281243e+00
1.828916837389177763e+00
2.075782889747887605e+00
2.096605046847296983e+00
2.064884819092254187e+00
2.191372326918011648e+00
1.936713668138752009e+00
1.848309874670107655e+00
1.790174468440336453e+00
1.956002151130395550e+00
1.726871142879095045e+00
1.758881208303196164e+00
1.781765972641882412e+00
1.605436005671853295e+00
1.871043003335732369e+00
1.683559149858314230e+00
1.876851763519896465e+00
1.760223397663766010e+00
1.633152638263539513e+00
1.696262417857320015e+00
1.870405824394500760e+00
1.740570853616005165e+00
1.563816258577970908e+00
1.828803274801059864e+00
1.893632902231839887e+00
1.873948984305926269e+00
1.713554006740726443e+00
1.844023538634116832e+00
1.689337091601077923e+00
1.644632632154445329e+00
1.604356282658459643e+00
1.726867370942934743e+00
1.860400275613436127e+00
1.745941015230024984e+00
1.803642850950258669e+00
1.962339311106852779e+00
1.664279933197629013e+00
1.909612113231214936e+00
1.852681062149826197e+00
1.868788509349837090e+00
1.925197282796568876e+00
1.830470461762641277e+00
1.919902144248613718e+00
1.665803138409124751e+00
1.822420734137780274e+00
1.902541324541547452e+00
1.677358945747936092e+00
1.762863543355944751e+00
1.756443296134191812e+00
1.917760086322529922e+00
1.724127652757611706e+00
1.906028074394491290e+00
1.803110164228798107e+00
2.014379591989711393e+00
1.786460061126186272e+00
1.776174409891914774e+00
1.912970493467177846e+00
1.688705379459385814e+00
1.772110399059684482e+00
1.736531206328681520e+00
1.844077634731277726e+00
1.792966470707724636e+00
1.799106798099709081e+00
1.724345837080325960e+00
1.992785061261284518e+00
2.089952696921601571e+00
1.879862962387279790e+00
2.169079406285751244e+00
1.850682155487516800e+00
1.850051659476020793e+00
1.817906307512667352e+00
1.803994428721998222e+00
1.780413559644305366e+00
1.764525644736965493e+00
1.918364049716853037e+00
1.735888364624716074e+00
1.703952506343498374e+00
1.915085079146025882e+00
1.791201307090533490e+00
1.759525837958752392e+00
1.834670633780837612e+00
1.750738628117544327e+00
1.866737453149168058e+00
1.800274028216072519e+00
1.717835581485129826e+00
1.900516722503569511e+00
1.915619667232652423e+00
2.248459016576737302e+00
2.175838485523036159e+00
2.033206536558997080e+00
2.164644703163392414e+00
1.779525482530614600e+00
1.759969071606406477e+00
1.693541089479164263e+00
1.686543552521477141e+00
1.910822756633789643e+00
1.623540597889911341e+00
1.725211417550447379e+00
1.579027772412287201e+00
1.815728831112758623e+00
1.882896769863271480e+00
1.995817075141895991e+00
2.067299569008233640e+00
1.971628704360156581e+00
1.855793446999218776e+00
1.769755641212645392e+00
1.791590676765059120e+00
1.972372845928443530e+00
1.950069850854981190e+00
1.828393728598364687e+00
