1.730213101528125685e+00
1.712261179891706897e+00
1.928535600438531894e+00
1.666506238909669424e+00
1.666403050632495164e+00
1.790643660817286209e+00
1.663201676381059757e+00
1.971683546900960149e+00
1.720933182437349274e+00
1.898812405584456853e+00
1.911357550412498441e+00
1.948092598217582738e+00
1.926227115382675548e+00
1.887589982440893266e+00
1.723132654674004005e+00
1.832063760872806757e+00
1.991221615000648537e+00
1.884047115739855283e+00
1.825809964211373426e+00
1.880931954942204776e+00
1.935165084304864447e+00
2.130423572759183592e+00
1.756635567759953886e+00
1.794794154765422478e+00
1.860204509976343790e+00
1.911319034891240554e+00
1.841146776095015092e+00
2.091141027187811918e+00
2.060152082695358544e+00
1.890499399888757814e+00
1.873686552664313609e+00
1.862248024218772002e+00
1.920280792066475284e+00
1.830205532370934085e+00
1.760896049792382234e+00
1.846659114912428068e+00
2.088477222648048137e+00
1.877065596114962487e+00
2.140235466163137534e+00
2.078257723339573815e+00
1.905271010793484265e+00
2.012995325518958989e+00
2.044615863906656728e+00
1.994624970987243451e+00
1.916609480205833327e+00
2.054226234887850833e+00
2.215040065726347596e+00
1.896648552715312741e+00
2.002918508741958536e+00
2.061656847511016188e+00
2.002745340457900980e+00
2.208677468455443105e+00
2.027158257083855997e+00
2.228940373632481986e+00
1.749628924953066766e+00
1.806806430876626735e+00
1.735681806474762112e+00
1.735237217096366358e+00
1.894628346330367696e+00
1.679057412655481585e+00
1.888240174357660228e+00
1.816212413195411823e+00
1.866395060239365078e+00
1.842952613100716119e+00
1.623379445934599374e+00
1.786134938362812674e+00
1.973177683397915327e+00
1.834824340108485163e+00
1.944107728014262904e+00
1.984724509594473885e+00
2.093566716940707284e+00
2.323104769258145019e+00
2.299487967420589918e+00
1.766103842402220625e+00
1.792557003196833865e+00
1.728234000940199744e+00
1.717802590691146936e+00
1.826710949652734062e+00
1.792717775382973722e+00
1.931170710225539322e+00
1.806761840151402509e+00
1.898159867690976332e+00
1.831232454684627919e+00
1.863330642715309349e+00
1.739126502941361174e+00
1.899412320813787636e+00
1.886091756954550336e+00
2.082282265750005301e+00
1.985942912665660032e+00
2.187717113486337794e+00
2.086499963748674080e+00
2.175838360517592829e+00
1.946927014916626231e+00
2.092305523636792230e+00
2.261067345962983310e+00
2.262073053660650146e+00
2.079497090295733042e+00
2.057890720220583614e+00
2.050768315087076132e+00
1.887125423985230643e+00
1.838152479132315609e+00
1.862482484519474069e+00
1.805201243138777611e+00
1.637028005692206412e+00
1.931455371799745802e+00
1.705022927800107224e+00
1.903504132397861426e+00
1.768692661916461129e+00
1.650052015867512711e+00
1.684100299043007176e+00
1.891169491758964538e+00
1.827353360923768877e+00
1.839520593445924668e+00
2.037782981062111087e+00
1.938785771550974424e+00
1.851007609186012814e+00
1.720399523686291898e+00
1.978191100901557586e+00
1.792313812061886003e+00
1.973616177843151354e+00
1.883505298546827911e+00
1.909973463524534232e+00
2.020452153946575180e+00
1.820688681494175398e+00
1.850647034606405672e+00
2.111609472315420621e+00
1.752669462182109283e+00
1.850063450647822849e+00
1.983504128974908021e+00
1.852109561341515720e+00
2.095410418553868670e+00
1.890037549484692603e+00
2.082824406543735130e+00
1.782190487799890199e+00
1.886983756111511479e+00
1.999463905267932606e+00
1.922834119027251543e+00
1.902045418427442014e+00
1.807537657235280149e+00
2.095390024093771064e+00
1.816960878041032457e+00
1.961330508023315433e+00
2.178032626429634799e+00
2.081558204774601961e+00
2.107776517989867759e+00
2.090992258749551080e+00
2.084457191397990794e+00
1.838321740953596795e+00
1.775671615884485188e+00
2.039384511148375712e+00
2.068061018398780426e+00
1.788274734737624883e+00
1.997069403656047459e+00
1.861172023164514799e+00
2.119670600223770407e+00
2.153720767385853829e+00
2.028391862132577383e+00
2.239491024681780740e+00
1.825871038790852330e+00
1.860357764524680491e+00
1.847372757326226633e+00
1.822034836936729185e+00
1.821329221429337508e+00
1.733416332848448871e+00
2.054068455714308072e+00
2.016672418612083462e+00
1.938134842399091617e+00
1.858298503676313329e+00
1.858743678782937447e+00
1.845221559455829663e+00
1.844218102017104455e+00
1.893916750662989923e+00
2.157854062037804166e+00
1.954367799641762327e+00
1.954986174514638408e+00
2.227564813687719525e+00
2.178811442617638150e+00
2.344710463462079009e+00
2.269257689043245652e+00
2.134705485392778712e+00
2.192195586615798941e+00
1.939470854769170582e+00
1.910484494411588408e+00
1.883865860544171600e+00
1.747346658219942173e+00
1.834670569184706501e+00
1.690146022335290432e+00
1.697167550613256415e+00
1.673549613985318096e+00
1.989380456488329285e+00
1.825405051466995054e+00
1.932572540269132499e+00
2.041249098184732880e+00
1.968260993691512306e+00
2.030014614880606860e+00
1.939853059197496732e+00
1.944963084466706515e+00
2.204808190775328303e+00
2.146934951353497656e+00
2.094143037160683729e+00
