1.604261893861945065e+00
1.459472965959417223e+00
1.489258343898078873e+00
1.498131442552599779e+00
1.461909045991443890e+00
1.550478175757296739e+00
1.671222730288912217e+00
1.709771705528757346e+00
1.593072188619574447e+00
1.457366550735205379e+00
1.698475007651928381e+00
1.709353027613412346e+00
1.819852263895675337e+00
1.834359684505548760e+00
1.929904218510790859e+00
1.656369184444991038e+00
1.725271367453244942e+00
1.888691909522950185e+00
1.650184823274505996e+00
1.905144578729554450e+00
1.905134773517270119e+00
1.935317325711457093e+00
1.946802681168229521e+00
1.676425387256506472e+00
1.727050954754099088e+00
1.876204451453230337e+00
1.775649131335278685e+00
2.011306622530633081e+00
1.827871721046237852e+00
2.028700210495240519e+00
1.722764487088620511e+00
1.665960777175193641e+00
1.527566967481679416e+00
1.809132697412983104e+00
1.771779537918751091e+00
1.843771287252893076e+00
1.821422448807024086e+00
1.511857187776737499e+00
1.408215879653763158e+00
1.567522529024427902e+00
1.872283666154891835e+00
1.679660617767272157e+00
1.750395733323735659e+00
1.714323971797885759e+00
1.724698884468813143e+00
1.953369879117231811e+00
1.931416395120274743e+00
1.810127325618745120e+00
1.910421217024166340e+00
1.782825695819307832e+00
1.680914092738412746e+00
1.506006718480338957e+00
1.606495919063033240e+00
1.485024025912655699e+00
1.410933706454953862e+00
1.633695564604586092e+00
1.569002436569509662e+00
1.695303809989650468e+00
1.565879656085552130e+00
1.670549070168317218e+00
1.695738894564094768e+00
1.632005771371417779e+00
1.649337849133211131e+00
1.756893176076719909e+00
1.773788741394012769e+00
1.903663493455554745e+00
1.619283589289532754e+00
1.659304461200719061e+00
1.675980904503035385e+00
1.963450945614670706e+00
1.917355555681777401e+00
1.945133699847657383e+00
1.886774260379273205e+00
1.457687045763862210e+00
1.621166327947343166e+00
1.973203774552249490e+00
1.814686994524514319e+00
2.030841361825146851e+00
1.719155800236046971e+00
1.770775742579837386e+00
1.720505336844938338e+00
1.743374565530623643e+00
1.740901770258305170e+00
1.755556496831866431e+00
1.826042219671538014e+00
1.951581179830686796e+00
1.801779249392771121e+00
1.998175272604136854e+00
1.859119083326098432e+00
1.499329818896282918e+00
1.635771146933264975e+00
1.492361042296656892e+00
1.453591100635191591e+00
1.682111295725249756e+00
1.798170155195935038e+00
1.729914159375376403e+00
1.944089268023918571e+00
1.901616183779953007e+00
1.857613584123992689e+00
1.784040356076136646e+00
