1.665624702832592119e+00
1.426103417951249064e+00
1.393367246443975915e+00
1.440815164704623452e+00
1.332349337500479791e+00
1.584583214088097991e+00
1.682063048420921803e+00
1.670569574092507059e+00
1.612812788930013896e+00
1.504459620299355205e+00
1.673682760528941049e+00
1.657024470844763897e+00
1.642538379974878726e+00
1.721618093001096916e+00
1.887465301396709538e+00
1.651375462249827564e+00
1.648938754226209280e+00
1.865328066217342151e+00
1.602284685907970685e+00
1.852011646110527820e+00
1.816146312192347789e+00
1.796932107503054432e+00
1.723306383847166501e+00
1.740394604065925499e+00
1.734293117024940045e+00
1.773479636277983884e+00
1.725375422302042550e+00
1.953627918254604356e+00
1.800182420138628503e+00
1.990384625554608045e+00
1.706694519253551867e+00
1.622470232167642079e+00
1.530506141802405962e+00
1.738205917711426851e+00
1.585998954512451542e+00
1.752414042417737239e+00
1.835205241127456643e+00
1.503205405290257923e+00
1.395539700404523575e+00
1.524772713048002659e+00
1.745897404296252287e+00
1.652556630822495709e+00
1.656851240708362427e+00
1.735024511591670038e+00
1.731586187135365051e+00
1.872779324934927603e+00
1.637907247036643810e+00
1.735937023322985828e+00
1.856953297036277872e+00
1.740473536925872144e+00
1.723934222798313876e+00
1.473232945236125691e+00
1.697628392246238072e+00
1.498721933619102886e+00
1.448423574539612790e+00
1.638244629543701425e+00
1.613749490392320851e+00
1.658986363441334211e+00
1.672021521697292679e+00
1.697027840931693454e+00
1.703145736507585273e+00
1.648232609008386751e+00
1.531395040970803478e+00
1.666143630686500066e+00
1.692291664842849652e+00
1.899698459615775326e+00
1.736236946624515554e+00
1.640636861376663092e+00
1.659937985837399932e+00
1.825541584930866268e+00
1.887071159961433597e+00
1.819868447083679230e+00
1.864120778225264674e+00
1.496061197396294062e+00
1.639350196575211749e+00
1.892446156442015637e+00
1.799685144973074413e+00
1.982514200455363973e+00
1.663531436711673583e+00
1.752475346777699450e+00
1.661261112342562685e+00
1.678881688045456455e+00
1.710249356436667201e+00
1.673175844352772001e+00
1.685619044200420191e+00
1.882705754727160619e+00
1.925589555536317832e+00
1.931929910967793873e+00
1.874613402686199803e+00
1.533168042568588740e+00
1.683969094016883661e+00
1.579160017058428345e+00
1.465696342837658150e+00
1.710406302957293567e+00
1.718775753850035448e+00
1.688509420797118965e+00
1.805608876893269876e+00
1.738670004683158465e+00
1.894335182703463127e+00
1.775423145568116423e+00
