1.734645500461215351e+00
1.439121912176725360e+00
1.425061928694443480e+00
1.506768587749955479e+00
1.365663210196609079e+00
1.627524893804472628e+00
1.718029120538506094e+00
1.707900740267056516e+00
1.620855180041286481e+00
1.669080248644762454e+00
1.784883134538364224e+00
1.788463300500146236e+00
1.786058186683286531e+00
1.913656190406245905e+00
1.973636623013575786e+00
1.623127599656518871e+00
1.722257015822046045e+00
1.926847563467394719e+00
1.696478467658206535e+00
1.964534330991511091e+00
1.859447451889509439e+00
1.965957991373704195e+00
1.976203756058696692e+00
1.766547758849180028e+00
1.926455710945591537e+00
1.947720241207010927e+00
1.794776906741815337e+00
1.982571727553126495e+00
1.858545836302229581e+00
2.035276132381315328e+00
1.740465026519312897e+00
1.691359800787517909e+00
1.566141378904447379e+00
1.811334540887673983e+00
1.779253307654364624e+00
1.958729853031689228e+00
1.910553637330855370e+00
1.597202483734681433e+00
1.521661430713553864e+00
1.586918890340120569e+00
1.921534747773862906e+00
1.776584573099414310e+00
1.790341725761938951e+00
1.717712271787527500e+00
1.723884757473917562e+00
1.922736846006440681e+00
1.988584397011901039e+00
1.880862227259502140e+00
1.853695924786858518e+00
1.827422890057283755e+00
1.687808073873643622e+00
1.450411357871566498e+00
1.639501975765555342e+00
1.503356770755517546e+00
1.420151835695194320e+00
1.750007176717696566e+00
1.609871387905413842e+00
1.623865781333003522e+00
1.726735507624243660e+00
1.700098492483773427e+00
1.755232089331757450e+00
1.676402693427304191e+00
1.768091680536166610e+00
1.722024601809297728e+00
1.661792544195261678e+00
1.908826958436068422e+00
1.737345548449119592e+00
1.651802695104562124e+00
1.758771541670316907e+00
1.942413233134347550e+00
1.901476816384836122e+00
2.007987515821747948e+00
1.901350179629397896e+00
1.505707954616070321e+00
1.658205814704359904e+00
1.989554643060544192e+00
1.844475766821409790e+00
2.039791257862027418e+00
1.709591733717789053e+00
1.729734173519550611e+00
1.703667830644301606e+00
1.794413414928191841e+00
1.737212078441261243e+00
1.719010445430679823e+00
1.779477625133222274e+00
2.014691763020560522e+00
1.894734139721431454e+00
1.952922095963225635e+00
1.884836985373178564e+00
1.634285393978565537e+00
1.665880705649743110e+00
1.565396637977368055e+00
1.484502054079947397e+00
1.697129764510090011e+00
1.708742231245175214e+00
1.749787862605337363e+00
1.904481747587666973e+00
1.953856233925135744e+00
1.867597843958374249e+00
1.794914029007180112e+00
