2.185101144096151415e+00
2.058366045322031823e+00
2.410015307119763417e+00
2.194904190501015151e+00
2.197499927512659212e+00
2.097228028315139881e+00
2.113881865934915449e+00
2.370436595277727321e+00
2.126093439464143309e+00
2.114529731448862027e+00
2.068563351484554946e+00
2.050070612251471136e+00
2.234594219089796496e+00
2.318066280621408293e+00
2.118552282318244107e+00
2.236118205305713591e+00
2.342139603514150625e+00
2.061072700186509454e+00
2.333190433592300383e+00
1.984947041418668290e+00
2.057332210149063201e+00
2.241586809547380099e+00
2.469706406458502368e+00
2.420889488503378928e+00
2.181978275867790362e+00
2.260932299717714145e+00
2.171384839798816913e+00
2.043117914063099949e+00
2.387640667253041915e+00
2.080844578851607896e+00
2.300594423710866643e+00
2.476479946728172177e+00
2.238409471283781649e+00
2.179371061536634624e+00
2.300002609459514069e+00
2.423983826921552343e+00
2.387135899916008608e+00
2.400994374219922012e+00
2.417991711177480685e+00
1.922263297077960065e+00
2.013150440123513629e+00
2.274396690874683102e+00
2.271168842476956495e+00
2.489188131843317997e+00
1.994934550693002961e+00
2.410758815225619855e+00
2.391744092129268751e+00
2.280293697501967642e+00
2.277611681871217986e+00
2.103509198222933030e+00
2.321625888274783112e+00
2.291308934879344505e+00
2.096633046449348114e+00
2.097834874916199244e+00
2.043591260135496857e+00
2.071188381186389815e+00
2.347641550785623643e+00
2.015894882774512009e+00
2.201451379184521162e+00
1.982114796952983315e+00
2.445316786313557422e+00
2.106173933235264251e+00
2.263726145076031759e+00
2.201997731732484365e+00
2.179130710368872847e+00
2.309841143225466631e+00
2.247886808174926809e+00
2.049868143788514452e+00
2.194445787558092942e+00
2.259761798230686569e+00
2.250228047160198308e+00
2.602965928683286467e+00
2.494367691621225180e+00
2.264788758647481526e+00
2.409488889898086406e+00
2.483818577286109441e+00
2.234900923811641515e+00
2.266314680287342398e+00
2.486358432298339860e+00
2.346740342708434124e+00
2.395924587616145907e+00
2.290243543630343659e+00
2.201426900534005249e+00
2.315651735794973298e+00
2.265770633027295311e+00
2.347067133209324030e+00
2.162899870189608276e+00
2.427047458081277753e+00
2.551992613817176014e+00
2.452486918600230936e+00
2.268018185606808235e+00
2.326009232006315042e+00
2.238244223707570146e+00
2.209830711388428792e+00
2.252658267679688020e+00
2.440861444377110168e+00
2.489872864505255023e+00
2.558721839580065271e+00
2.359300146893350103e+00
2.262810758522483923e+00
2.429485789937178453e+00
2.559015460603016212e+00
2.609886821544914248e+00
2.693494700222960780e+00
2.630730027841118979e+00
2.357554577719704447e+00
2.500119557487983979e+00
2.456810011426390883e+00
2.443021915168290370e+00
2.512213293879961729e+00
2.588801425889281305e+00
2.201303597700703385e+00
2.260279933745607206e+00
2.310906576667632883e+00
2.159352510138937919e+00
2.397376556909061929e+00
2.314768849311833687e+00
1.798154069374988451e+00
2.509548854713293586e+00
2.262916249822372272e+00
2.714593255407768080e+00
2.473249113326870585e+00
2.359288616465414101e+00
2.536402731644972874e+00
2.446208583152675864e+00
2.458810430226619825e+00
2.591133539121632356e+00
2.374471971647422297e+00
2.481999012386361336e+00
2.486270455709068461e+00
2.492352825479307921e+00
2.406657944733241461e+00
2.510182218457401859e+00
2.444246486697433163e+00
2.208422208233593143e+00
2.473938171785051487e+00
2.391828645424484368e+00
2.526282367016492891e+00
1.951413527984644070e+00
2.152579431182822578e+00
2.001571841017338205e+00
2.027894347702339228e+00
1.961037794034488302e+00
2.252571260164798694e+00
1.920954871473212755e+00
2.006516700980707224e+00
1.769509350928061941e+00
1.988083080289026139e+00
1.964679452365269530e+00
2.211158942917231585e+00
2.008319479817378461e+00
1.776620833041133052e+00
1.910413266186303360e+00
1.943168401741550921e+00
2.179360875615055093e+00
2.505903449236373426e+00
2.634993194285398133e+00
2.441834655729523185e+00
2.446404003760561441e+00
2.308137536021785508e+00
2.275307428079926364e+00
2.268801299804537930e+00
2.622366965511847781e+00
2.663488579966756475e+00
2.496094162368438507e+00
2.077821651137617298e+00
2.370820977154047160e+00
2.389054727194258820e+00
2.453425491426358462e+00
2.413083727533496869e+00
2.559898127189305317e+00
2.452373099728593075e+00
2.583581949805751510e+00
2.614567503341270083e+00
2.573592987710387803e+00
2.291279322465108237e+00
2.448248625250388777e+00
2.559399681306751884e+00
2.480428822021149671e+00
2.625193328477076982e+00
2.683806462102306334e+00
2.652399268379749042e+00
2.523419402061234162e+00
2.488088913848199635e+00
2.361342141673165695e+00
2.055504414204182062e+00
2.306820506918683122e+00
2.563419466131344748e+00
1.889960508593478972e+00
2.088352508955434228e+00
1.942692981720396839e+00
2.441982290844301851e+00
2.307058489413733149e+00
2.093271699685043785e+00
2.361235114240821886e+00
2.019466764965836880e+00
2.231865439850341915e+00
2.235180909255307213e+00
2.363053374635238679e+00
2.400479832932527202e+00
2.344916016503497236e+00
2.404244402744203590e+00
2.291775953440530866e+00
2.401127901717190483e+00
2.440242211991971999e+00
2.546711570748956266e+00
2.189258751070407794e+00
1.911368024245206909e+00
2.109676410980903416e+00
2.057604178393990679e+00
2.124620853058054593e+00
2.167465075727641910e+00
2.124792690692856922e+00
2.326390651598510217e+00
2.200487633273437549e+00
2.324259251368856916e+00
2.470293798352034997e+00
2.270489443379632544e+00
2.353794267404141216e+00
2.509253687684371847e+00
2.533877982051293998e+00
2.408920760443725051e+00
2.565008754819670944e+00
2.378474685542043776e+00
2.323210260082124723e+00
2.403008792449306430e+00
2.468826729375425355e+00
2.309926531412037409e+00
2.432783613636356090e+00
2.464734736418945804e+00
2.659177112361567286e+00
2.612973193121896465e+00
2.621582407724837971e+00
2.551267023403110290e+00
2.601291021093897093e+00
2.513997423453868230e+00
2.458807892027047526e+00
2.612538355166786008e+00
2.499776790430490170e+00
2.483744679994924986e+00
2.796600739870205299e+00
2.527868024211458842e+00
2.608085404944640029e+00
2.542427248372925774e+00
2.514854310828356976e+00
2.418671754877558033e+00
2.575587288232317196e+00
2.614800499640547393e+00
1.933638220204570990e+00
2.080084722840235489e+00
1.835453378654966272e+00
2.218458869300766523e+00
2.195428175225563550e+00
2.216421398942631793e+00
2.170867210247227952e+00
2.095060427741525899e+00
2.104448510417681995e+00
2.297086383306436108e+00
2.227633890274815176e+00
2.012585522537195359e+00
1.926122240183386625e+00
2.003672979083066519e+00
2.283601007740815980e+00
2.106510573674515108e+00
1.938012444661519451e+00
2.333512038358968255e+00
1.955061835349603427e+00
2.237017306247154114e+00
2.115194570254574913e+00
2.536753583569461235e+00
2.062233291565991777e+00
2.171947908911784797e+00
2.380918249791166730e+00
2.336880555566047679e+00
1.998692165855213920e+00
2.332247936551811396e+00
2.366236389728213041e+00
2.191708425136474236e+00
2.328498689711675951e+00
2.165456388050472469e+00
2.078700769546494520e+00
2.439239540127172035e+00
2.376494316615374913e+00
2.386379477041841390e+00
2.379344403246017592e+00
2.074424370798066075e+00
2.210642578744948406e+00
2.186579729967957686e+00
2.268044890246367018e+00
2.487966945289447285e+00
2.362282553563032295e+00
2.283371808335236786e+00
2.154461857261765978e+00
2.231076622670800091e+00
2.353156800143978433e+00
2.200817955612161203e+00
2.358343657045194774e+00
2.203908278021641021e+00
2.016064141729013048e+00
2.214978963642517229e+00
2.245936262825187324e+00
2.185586959598545320e+00
1.909261226110744669e+00
2.117968183566651952e+00
2.113917532603291516e+00
2.361038487385303419e+00
2.105066351202680153e+00
2.122502347659026345e+00
2.141344020374811308e+00
2.033075948803171773e+00
2.386430150360081992e+00
1.971224392401102588e+00
2.251284030625404498e+00
2.094938512498929484e+00
2.290524492878370566e+00
2.104764522946723559e+00
2.080831866170911759e+00
2.429391008216490011e+00
1.970768401441492568e+00
2.397754086328537593e+00
2.166508736388726319e+00
2.258604534275490128e+00
2.416774443770025815e+00
2.233985296373707019e+00
2.466446567714745797e+00
1.981532697609456273e+00
2.398217019996782273e+00
2.404421795647595950e+00
2.407639435762681579e+00
2.372495203483691917e+00
2.242105357653390918e+00
2.301793026135495079e+00
2.286431385393095095e+00
2.386819503003330567e+00
2.198990954845042811e+00
2.345974144995303767e+00
2.453238408420165051e+00
2.363833597096419492e+00
2.477971410313592582e+00
2.260072583618299991e+00
2.458119029411320433e+00
2.458023597961465079e+00
2.136536539325991857e+00
2.228473640281707802e+00
2.078432711792103316e+00
2.247446854045522358e+00
2.260321985235288711e+00
2.597446593681805638e+00
2.395948600780356763e+00
2.531596005405559069e+00
2.017341247424167872e+00
2.104787546130192588e+00
2.172209254833027625e+00
2.438475531535527541e+00
2.535212797462303769e+00
2.467992520996409755e+00
2.451947289437279132e+00
2.376912725354935585e+00
2.474657145631067312e+00
2.585108865073862283e+00
2.563557989029960016e+00
2.403879525033662645e+00
2.438123604128554334e+00
2.314552817536853713e+00
2.351927680141113530e+00
2.418437284838176993e+00
2.147223140952686293e+00
2.194667064931418832e+00
2.117449050229067264e+00
2.316568868599203412e+00
2.190060214548530837e+00
2.397418030009383472e+00
2.429108799108901984e+00
2.366694481891097546e+00
2.391294567602638921e+00
2.526874470855717369e+00
2.600604933407385300e+00
2.322689877441296513e+00
2.367795678953387384e+00
2.544745506536805202e+00
2.456853291539518480e+00
2.509405267668366690e+00
2.469137921577405859e+00
2.368029689531117921e+00
2.630120109756880709e+00
2.391916028391494198e+00
2.355185726148424585e+00
2.580751026189038733e+00
2.259939334696214885e+00
2.508065481191172896e+00
2.243404140291063609e+00
2.532509439720855404e+00
2.290862738251887354e+00
2.121134156661451886e+00
2.534577828338847816e+00
2.521881389255941297e+00
2.505991786027522927e+00
2.004047643009277291e+00
1.771492644407301809e+00
2.062573812420561037e+00
1.969117495752495728e+00
1.798124490281023613e+00
1.929899086094414074e+00
2.083809279462963904e+00
1.903272488528746864e+00
1.892568258942439074e+00
1.700627117165453894e+00
1.895701953970622800e+00
1.967546621220520153e+00
2.031346200619721376e+00
1.814711068631356561e+00
2.128643194249126402e+00
2.175287838888502634e+00
1.883611712302351471e+00
2.425779151918754373e+00
2.468557348107561555e+00
2.655689228917378575e+00
2.451022021302525555e+00
2.387169340372519155e+00
2.496604700698068502e+00
2.268599836851229679e+00
2.489954920875444788e+00
2.350435858606023665e+00
2.086835404154646412e+00
2.239249985317314895e+00
2.430301941563390411e+00
2.248503163989256315e+00
2.356250090951082399e+00
2.450471324522318195e+00
2.417555772302482975e+00
2.497275823866358824e+00
2.444300656762401935e+00
2.534021674452144879e+00
2.426782638339559650e+00
2.565832522889641698e+00
2.411254738924185403e+00
2.493052818587799369e+00
2.544607108256795147e+00
2.590512147332192594e+00
2.495491506118139302e+00
2.519273349332601164e+00
2.618188861867076778e+00
2.406019870885161449e+00
2.380437475625885480e+00
2.489826829940100072e+00
2.503414929498534836e+00
2.683024766536579175e+00
2.670799289531427867e+00
2.486565499442285443e+00
2.412051227754336669e+00
2.436707785519318215e+00
2.494969273332681148e+00
2.169441918054885843e+00
2.346121358514393407e+00
2.357807303382510877e+00
2.475998567051961530e+00
2.285219631416840702e+00
2.555023875424278668e+00
2.446989524557281914e+00
2.501841673225852603e+00
2.076361875671970392e+00
2.284524593622000666e+00
2.028560104864046032e+00
2.118475035453164068e+00
2.371973944516835520e+00
2.159560309517406296e+00
2.213212250049833685e+00
2.144703385522008343e+00
2.169211738669936995e+00
2.222909305426947313e+00
2.224168876300796516e+00
2.023237778201694592e+00
2.242160236128329043e+00
2.314030982980966211e+00
1.837010738801018395e+00
2.134363748640434544e+00
1.972968298185197922e+00
2.248617000487870499e+00
2.436075642965954913e+00
2.177061689615544804e+00
2.544387908994592884e+00
2.421901019383010389e+00
2.407886872037245496e+00
2.444455838213057675e+00
2.351661473295472593e+00
2.466925598113497209e+00
2.438283615431243945e+00
2.430652797803131815e+00
2.608528120128497552e+00
2.692925249558336898e+00
2.581358759416301218e+00
2.781163106235267968e+00
2.433547227772265398e+00
2.432102837244214832e+00
2.397098692976634027e+00
2.424660169944838017e+00
2.275266264192693288e+00
2.407371537050451593e+00
2.558535237310055166e+00
2.414485619522736659e+00
