1.704668953975752910e+00
1.531354902609464830e+00
1.450153389084624322e+00
1.480757909621171153e+00
1.451993773074778948e+00
1.494361465821624657e+00
1.628428804125687357e+00
1.640552178567671104e+00
1.565865514346496123e+00
1.454864874617269210e+00
1.502161958521227803e+00
1.496385418855342708e+00
1.528543518776121601e+00
1.568675200171701478e+00
1.596408050299722436e+00
1.522429706473477307e+00
1.502599629529116187e+00
1.759625596644087020e+00
1.450472494623423314e+00
1.497527709755221759e+00
1.554957029989176842e+00
1.632584177437672368e+00
1.619726996940530350e+00
1.532025447018623865e+00
1.631862447328184418e+00
1.602777826471797340e+00
1.487136011914129252e+00
1.733729596896376401e+00
1.436963036913409208e+00
1.700579892876803445e+00
1.718384312683527870e+00
1.625874848327200750e+00
1.474156593434882367e+00
1.589996946507155284e+00
1.493655126175984726e+00
1.666818553250293933e+00
1.555580039033489292e+00
1.521300868360297542e+00
1.434356778371542962e+00
1.489249250514012024e+00
1.651471630813618141e+00
1.584485600835682240e+00
1.529737797590304815e+00
1.715798724426099042e+00
1.650739421326792966e+00
1.597238543453340931e+00
1.582097587551767770e+00
1.514180179582266250e+00
1.792158508190575761e+00
1.634192684432311804e+00
1.731165685091151873e+00
1.561101604156195588e+00
1.784615278459456444e+00
1.615770107412390466e+00
1.601263051995928111e+00
1.727727383045398968e+00
1.783066202109231391e+00
1.758374644914807661e+00
1.377087791622451762e+00
1.517548546877347304e+00
1.504586348630591264e+00
1.394811227684853883e+00
1.371295706048344609e+00
1.425873828689767642e+00
1.451635594361859516e+00
1.537517464450374849e+00
1.582420728002829513e+00
1.431671524293624653e+00
1.486121514856575176e+00
1.658922191028722626e+00
1.585375985549704492e+00
1.630975281323401971e+00
1.563919996975048576e+00
1.367802658662713444e+00
1.432837720472417642e+00
1.681569656888468378e+00
1.490207207319899085e+00
1.651537044879000105e+00
1.699307418229878186e+00
1.737269229169486673e+00
1.434498640088565313e+00
1.587366079699003008e+00
1.628794940036594863e+00
1.459907317058765086e+00
1.456316782086561457e+00
1.592862666821441175e+00
1.594641589932287440e+00
1.688279714335209070e+00
1.767709734801284238e+00
1.466310746364783979e+00
1.553320625667749644e+00
1.494299954082533910e+00
1.375905498228308765e+00
1.623421971408924636e+00
1.491523535312243576e+00
1.669562227168248647e+00
1.647388184807051736e+00
1.441717621097230451e+00
1.737130865004206992e+00
1.643100483812498958e+00
