1.712850385261113217e+00
1.478401734910422372e+00
1.409694057581811988e+00
1.485049901339405620e+00
1.422666275149039317e+00
1.486783490583071465e+00
1.712736900958041986e+00
1.724719066828246383e+00
1.629068056887687188e+00
1.657792252424528989e+00
1.727584062553822131e+00
1.747378017735572664e+00
1.716131396060179393e+00
1.780917133644269290e+00
1.918788293252468469e+00
1.684228556795467568e+00
1.619104109694286420e+00
1.954573417876569019e+00
1.590438610818175169e+00
1.902673649089670960e+00
1.896961397045694220e+00
1.860354234050194622e+00
1.942635038523082169e+00
1.729409047047547610e+00
1.723139977516628507e+00
1.843752302665191412e+00
1.761726781980957446e+00
1.982660651123494766e+00
1.811253625329002137e+00
1.998797697340513269e+00
1.763747320685644659e+00
1.628191458199632846e+00
1.566862297697938944e+00
1.754696367951740887e+00
1.744647541792351486e+00
1.867657715005191843e+00
1.820438885856809019e+00
1.587323345872609925e+00
1.530379427829041239e+00
1.591535265506829555e+00
1.822374964391872076e+00
1.711658089471819189e+00
1.755782772594209229e+00
1.770923852289870704e+00
1.772619103648920502e+00
1.910173376400029044e+00
1.810635088987089913e+00
1.840908587088693205e+00
1.887840362910730097e+00
1.834701717456019177e+00
1.546319154163626086e+00
1.462399701624520709e+00
1.562465915734923660e+00
1.421025709666284609e+00
1.344699839189885893e+00
1.540842551115004566e+00
1.645043491687504522e+00
1.600056246588462683e+00
1.639255303711621314e+00
1.717816326754310507e+00
1.679143366816786775e+00
1.613625051131196031e+00
1.692190505917869237e+00
1.699682471223558977e+00
1.715395597454040910e+00
1.901814698079333787e+00
1.720000355625197708e+00
1.617693393575948102e+00
1.689831283571092024e+00
1.941737047533768079e+00
1.950823117790862149e+00
1.941465641450294211e+00
1.912086858895658326e+00
1.477546941158881078e+00
1.697666516876892739e+00
1.904413745092383481e+00
1.796790408614305612e+00
2.042591823311746602e+00
1.757435800948862425e+00
1.660138564124351346e+00
1.671966040089017724e+00
1.695206484582441941e+00
1.780120811578633777e+00
1.721009658792143959e+00
1.706311295620053903e+00
1.914606943172172171e+00
1.817396840708061845e+00
1.958717941495034642e+00
1.902398443493891422e+00
1.616543953023502400e+00
1.623734416817002257e+00
1.577911182483853869e+00
1.453406091783486120e+00
1.703649481103777896e+00
1.765075826243184709e+00
1.743981817949282087e+00
1.909965276462354700e+00
1.824565062677354188e+00
1.842496381915853298e+00
1.820928303931794945e+00
