1.388246213859520628e+00
1.615640094064113130e+00
1.654121999306849444e+00
1.630980575613391048e+00
1.523485987192233937e+00
1.886702168587274242e+00
1.542560974014461017e+00
1.521194104940414737e+00
1.477035621799003051e+00
1.825627920681276661e+00
1.584878493758609341e+00
1.728546686737051807e+00
1.630093593089771309e+00
1.702383255780841154e+00
1.080187000130327313e+00
1.633321915964216275e+00
1.563640384552083873e+00
1.287722130736180137e+00
1.191967637077765207e+00
1.369339123229457833e+00
1.565702739804259114e+00
1.923202889317168207e+00
1.209779591285695455e+00
1.276655622863721584e+00
1.679358646415423983e+00
1.672704186692272277e+00
1.466549470711513870e+00
1.729033250039526681e+00
1.838458923608010664e+00
1.547097057350802052e+00
1.693207706620210917e+00
1.606759422197771903e+00
1.731132697324547109e+00
1.489738582756953367e+00
1.484569537324615940e+00
1.657412794592060923e+00
1.432000400837581067e+00
1.345926072226540704e+00
1.529100933518613203e+00
1.441865749413250741e+00
1.621334438430638736e+00
1.689028409531536878e+00
1.270995129715659422e+00
1.275609122429093523e+00
1.134930912181830065e+00
1.154632253228549121e+00
1.564126392485110983e+00
1.797268220616421885e+00
1.910873487154422623e+00
1.339723305753490745e+00
1.775973205657492837e+00
1.822887584472981271e+00
1.812643412949277666e+00
1.800325532246671356e+00
1.351058307105500012e+00
1.370827998854033503e+00
9.529505664820490107e-01
1.308351812216854482e+00
8.599139705324185812e-01
1.081089621015453250e+00
1.116376777256915753e+00
1.510110299950106594e+00
1.395277254638707110e+00
1.494677890474841675e+00
1.480188191885214888e+00
1.492693179715365304e+00
1.742867627537903363e+00
1.741743782114472339e+00
1.766335660923280093e+00
1.514595827158149222e+00
1.606985991277825487e+00
1.871353281022229975e+00
1.931053252411001120e+00
1.095434379708642547e+00
1.229234051104186376e+00
1.008381461161798054e+00
1.267134646820459398e+00
1.283154237989828195e+00
1.403817787032368924e+00
1.402988517857191253e+00
1.225410218049059585e+00
1.402637547455412248e+00
1.468978002209192057e+00
1.488358801364885631e+00
1.534731066476320072e+00
1.481052193797294247e+00
1.711466624189248442e+00
2.011061051231284313e+00
1.833650431398547331e+00
1.930126133646900444e+00
1.763293968818268942e+00
1.800266246332291598e+00
1.660370412560712161e+00
1.799283605283268805e+00
1.687325808883135103e+00
1.796316649132026599e+00
1.800355116530469646e+00
1.694343359445820596e+00
1.817883603902343603e+00
1.672259792863004968e+00
1.710032850475560418e+00
1.961297402906134524e+00
1.888484239297441247e+00
1.780124880245459451e+00
1.978636581132190209e+00
1.788670544412439778e+00
2.029553088068327682e+00
1.835594824176348894e+00
1.898882751403939251e+00
2.118164493306072593e+00
1.975877869172988577e+00
1.915396079335454971e+00
1.998503448225588786e+00
1.868705580093565466e+00
1.962681720412893238e+00
1.569950818166145234e+00
1.552975990169767950e+00
1.795560700933127585e+00
1.687773501870775350e+00
1.588015388682618267e+00
1.601332684295839082e+00
1.655241704522792512e+00
1.808618444376804746e+00
1.460571318877165403e+00
1.660258300192384517e+00
1.791320335990796764e+00
1.477493011306926007e+00
1.640036465639482577e+00
1.698975558080863646e+00
1.423587740809158175e+00
1.806095065759546481e+00
1.608265651192652523e+00
1.704622852442068792e+00
1.546765576826164335e+00
1.862934964532249937e+00
1.956475512710521558e+00
1.672636026485242455e+00
1.704985461274445502e+00
1.674895291826475230e+00
1.560000368512758806e+00
1.769116290085914978e+00
1.506490126520249717e+00
1.614619608731128420e+00
1.543778230781464034e+00
1.804234333617222630e+00
1.757868655289383852e+00
1.828189012030513094e+00
1.875528960438924253e+00
1.791936923478485655e+00
1.699007747081305419e+00
1.690961536432960211e+00
1.784149574065670096e+00
1.579192577342076298e+00
1.800517411619451336e+00
1.837575980880267856e+00
1.829669705004761227e+00
1.727381833510400755e+00
1.946026264996253641e+00
1.457296851241456803e+00
1.713223389865229596e+00
1.393593164268578599e+00
1.337630217728719817e+00
1.509848375304421397e+00
1.479760354137471978e+00
1.574066791830551315e+00
1.653496671191741596e+00
1.811852478953263068e+00
1.782654931418751643e+00
1.694171195477654601e+00
1.635937050441757634e+00
1.664531971341062455e+00
1.677646252268816474e+00
1.804189088887135917e+00
1.779988934997840166e+00
1.690139629198821991e+00
1.823131253651058659e+00
1.880859641636706936e+00
2.006881944307839838e+00
1.975765666379974972e+00
1.860184152549509751e+00
1.846003082059252787e+00
1.812280994741932716e+00
1.899230840125631925e+00
1.654781070739675064e+00
1.481221645796698017e+00
1.548292298802219191e+00
1.619446081440355956e+00
1.728837853598523822e+00
1.751201044924033612e+00
1.770673958773028689e+00
1.605058776494976636e+00
1.906939190095910286e+00
1.978564380719566529e+00
1.896016006723609371e+00
1.777129150352008136e+00
1.686455547248427722e+00
1.684957052078959405e+00
2.079668290392302055e+00
1.996650367570913742e+00
1.917532363470507484e+00
