1.892623085175001219e+00
1.960140199944218953e+00
2.022263636132795472e+00
2.009350533815176920e+00
2.040615566974279371e+00
2.008139215499249453e+00
2.021420684377198462e+00
2.257057857550758939e+00
2.029080874980615956e+00
2.088847799490736623e+00
1.907123315649056794e+00
1.864968362522787526e+00
2.072922297245226808e+00
2.130179370033883579e+00
1.894995799581904006e+00
2.033999798783129975e+00
2.313370689851868889e+00
1.882117563308294939e+00
2.193962501312629598e+00
1.871597841096630077e+00
1.995036796282076086e+00
2.096504188747697839e+00
2.393495908263818528e+00
2.363578461582338974e+00
2.026099194149152627e+00
2.232449904674791430e+00
2.068659813578603401e+00
2.074780952007187373e+00
2.319910200512512066e+00
2.111605539401760989e+00
2.319117346546182734e+00
2.246401114152056344e+00
2.142019037523154701e+00
2.151804861060488072e+00
2.265211035311442966e+00
2.169457936380673857e+00
2.181370736945970723e+00
2.141289476613177811e+00
2.199956499507532914e+00
1.927344944709914243e+00
1.958283190564392484e+00
2.264465224243873198e+00
2.070325503421915236e+00
2.388124900122795768e+00
1.911369503245095691e+00
2.435129664956988904e+00
2.104181044788745236e+00
2.381050161851663738e+00
2.005743068804576090e+00
2.126499160251020371e+00
2.397253924454017859e+00
2.345399315012643537e+00
2.095263346772609836e+00
2.105577748811093386e+00
2.102266185076907767e+00
2.127810838896731394e+00
2.214958969608546990e+00
2.042930067715034603e+00
2.157786527403085408e+00
2.144057487097750681e+00
2.270519514974175923e+00
1.840381158885074253e+00
2.334253036756368527e+00
2.070717809420777655e+00
2.219132615224002070e+00
2.233559025792391850e+00
2.008280956099132375e+00
2.074941568294139227e+00
2.191229080905367610e+00
2.292052957459553397e+00
2.315226034762257523e+00
2.145708699212592219e+00
2.426155164979802326e+00
2.146706305708181883e+00
2.261760259940594153e+00
2.207706579029384830e+00
2.233761507516857314e+00
2.181611881538199960e+00
2.417845446954864030e+00
2.208213897035650408e+00
2.284504494547117126e+00
2.351154991180280707e+00
2.272096931520168894e+00
2.366891135161714566e+00
2.185946224922707071e+00
2.178641258004796022e+00
1.907498574394582702e+00
2.144065219436269487e+00
2.360652285011314522e+00
2.129507865686251389e+00
2.254165826511861148e+00
1.967411220600789656e+00
2.032572021786963390e+00
2.359318679856162060e+00
2.092704654145928433e+00
1.936712576666420604e+00
2.165649315199956959e+00
2.327529699959294707e+00
2.010283035806435414e+00
2.278663994450490726e+00
2.013466036105925561e+00
2.228089741253524103e+00
2.476026239863371003e+00
2.512418566205385062e+00
2.429256472003163747e+00
2.306292982772707223e+00
2.358954339766495156e+00
2.350740202465688711e+00
2.385440729028197371e+00
2.454961603812146009e+00
2.447556466413264520e+00
2.401527258617332183e+00
2.281732056952949339e+00
2.302973962839683697e+00
2.142461706420441203e+00
2.288379617670182498e+00
2.010727634014535692e+00
1.798262518739973670e+00
2.480203879859814275e+00
2.200039650226284671e+00
2.650121511066545477e+00
2.532219748134844295e+00
2.367204610669743747e+00
2.416397758379268179e+00
2.455851847316214087e+00
2.346601052002221799e+00
2.508021718640156550e+00
2.284606960266348352e+00
2.519896755654089660e+00
2.517411141727026624e+00
2.374461611285668905e+00
2.356463428983113673e+00
2.476723009283147370e+00
2.428486288783259006e+00
2.226760293893033538e+00
2.460735703064550250e+00
2.353713069293240867e+00
2.425625914301247299e+00
2.155708877006438318e+00
2.087121138690089861e+00
2.102617526752316834e+00
2.056634501781424706e+00
2.181411584343606158e+00
2.133204744448089052e+00
1.779143940426301640e+00
1.837946930309932947e+00
1.644658593802358793e+00
1.758932516388793887e+00
1.919767573732868549e+00
1.865379495647121022e+00
1.864578092211070626e+00
1.711630575051745318e+00
1.782193384702057015e+00
2.029602273568623882e+00
2.086697130914919374e+00
2.134427429730056947e+00
2.411101386423912363e+00
2.001780541761132071e+00
2.046233865053796119e+00
2.036903760534210850e+00
1.873507071488203835e+00
2.178052223680260635e+00
2.107036235690467496e+00
2.424472110753811638e+00
2.414338271433433825e+00
1.984820883740483932e+00
2.192328655388266156e+00
2.236864985840663067e+00
2.414470953271310005e+00
2.310240107792094655e+00
2.504538802933023334e+00
2.385816337483279259e+00
2.440049170109946708e+00
2.508533355534343201e+00
2.437815584710971706e+00
2.292380686687922609e+00
2.444294735117683803e+00
2.456254547123074783e+00
2.405693273710976854e+00
2.648360894824914880e+00
2.574450174838628147e+00
2.600056023336254185e+00
2.485147266994550019e+00
2.527426527640336040e+00
2.491271213579091981e+00
1.907252512597154448e+00
2.082631362893158311e+00
2.060628722588169204e+00
1.836028478463665126e+00
2.146441002854884150e+00
1.766611423833433392e+00
2.005088215337055946e+00
2.087541761569717380e+00
1.844751583904243430e+00
1.938701101326008924e+00
1.884205062781042717e+00
1.998794793442698614e+00
2.105730128655039390e+00
2.116004423199042694e+00
2.182447304468693172e+00
2.488329570970910343e+00
2.175236142961457286e+00
2.276312560737828061e+00
2.283613756662287386e+00
2.149952887933462620e+00
2.196838944674801564e+00
2.160419547752003844e+00
1.952143102660028440e+00
2.109240494672808275e+00
2.180760489973190719e+00
2.113491599825941147e+00
2.260479265274387028e+00
2.128911534585209431e+00
2.070726744354094873e+00
2.187088687022371580e+00
2.276729032095242911e+00
2.468126466233962812e+00
2.197375644271803985e+00
2.167225359344387758e+00
2.540061414098407688e+00
2.487438648757662296e+00
2.335808661637480910e+00
2.591982990184705127e+00
2.326782217260040753e+00
2.276274535300995883e+00
2.384364753758133837e+00
2.468305839145291003e+00
2.301713427503928600e+00
2.416092419850127460e+00
2.384369864038363485e+00
2.602048446837550433e+00
2.547647595149623356e+00
2.396669321615954917e+00
2.382964898611255045e+00
2.555992246225989195e+00
2.510446429579847205e+00
2.283534709992306233e+00
2.540443288433188229e+00
2.430046134718986117e+00
2.396423002386809387e+00
2.605184407378779543e+00
2.301174667980176114e+00
2.415423700307475219e+00
2.421922174640308345e+00
2.507495838046235548e+00
2.381451849635106033e+00
2.364058953708111144e+00
2.452867785553406232e+00
1.700891440843566027e+00
2.217217773869912367e+00
1.857728377780496043e+00
1.999049232116977270e+00
2.181351599300394462e+00
2.096050156385069307e+00
2.160631189299641264e+00
2.051681053574621938e+00
2.012596540768190057e+00
2.151017692655070146e+00
2.133692878260116554e+00
1.962762170233254722e+00
1.896343912781511154e+00
1.945943083823949982e+00
2.232587019146668794e+00
2.027525874062962252e+00
1.887554334063055617e+00
2.389033693155356186e+00
1.884760319405632156e+00
2.166377471307038505e+00
2.040334588003978045e+00
2.496214918652067016e+00
1.943458801990972873e+00
2.025508232601400671e+00
2.177115739892044211e+00
2.379978910583686602e+00
2.000832135111722199e+00
2.255808459737787874e+00
2.242560740341526859e+00
2.007348816743428355e+00
2.114976520842896335e+00
2.094920487460908198e+00
1.991570378102323291e+00
2.472538960106078321e+00
2.018920062405254345e+00
2.156656658057672260e+00
2.211003577796789354e+00
1.886889400351944301e+00
1.912093241018314904e+00
1.887456469779779766e+00
2.040021142077847571e+00
2.227355027692320633e+00
2.388510169001486716e+00
2.257302926032912715e+00
2.046157638333106377e+00
2.060902174209739091e+00
2.349489906953130536e+00
2.398105974628631287e+00
2.276377423151761725e+00
2.057612909062807915e+00
2.051890212976810624e+00
1.993119434260912648e+00
2.136274639791738483e+00
1.981898993960342192e+00
1.833893572577513176e+00
2.071775400172853665e+00
1.961723434269113220e+00
2.375009747837129481e+00
1.923819163651135922e+00
2.322377198656597752e+00
2.197739513813144363e+00
1.878100265670501479e+00
2.423140767370263848e+00
1.950104095659382031e+00
2.345049495892435498e+00
1.933333800542029524e+00
2.271498589019665282e+00
2.096001477049583173e+00
1.987184549694003932e+00
2.212620778749257777e+00
2.134389069057208044e+00
2.295376739625697216e+00
2.278049820664135083e+00
2.254521717832524530e+00
2.182310505910340037e+00
2.199868920665256411e+00
2.404758374785132879e+00
2.106485656629338177e+00
2.118967806896051798e+00
2.242891452352553827e+00
2.298415699441116455e+00
2.330315709717175832e+00
2.228189230856558734e+00
2.209630309395456127e+00
2.090623569227517908e+00
2.113110535657153122e+00
2.060077724685031253e+00
2.245707677445628825e+00
2.068033781964492501e+00
2.119538973050637765e+00
2.213535468386885974e+00
2.154988143482380991e+00
2.460328938833808099e+00
2.124822673757060354e+00
2.095349884226483717e+00
2.126604141509706558e+00
2.415339769958236182e+00
2.418287813691149868e+00
2.560807085275245587e+00
2.187830501106852843e+00
2.370538368526676987e+00
2.242657766788337614e+00
2.278773603802870973e+00
2.192480613009180956e+00
2.139890711501097442e+00
2.378721271137095972e+00
2.208263987424051500e+00
2.269319607484859613e+00
2.191575332810764998e+00
2.501721545406927927e+00
2.386950798323744571e+00
2.397283780807762721e+00
2.378044374314723708e+00
2.332750200761909198e+00
2.401892534450518646e+00
2.249251938421362507e+00
2.338054617794874890e+00
2.008122817264307969e+00
1.975162317375460219e+00
2.261769041338722808e+00
2.174336877416543690e+00
2.206568392332892259e+00
2.212039185275118225e+00
2.180889566068549446e+00
2.178984533973034043e+00
2.214682845032902581e+00
2.312001962281851064e+00
2.458151076612538066e+00
2.346680373344131709e+00
2.283279495151862459e+00
2.305803599034409679e+00
2.468223955147973214e+00
2.392533474669076732e+00
2.486216542133305563e+00
2.361033739934737863e+00
2.290873883091999019e+00
2.584599899579455684e+00
2.477179399922919245e+00
2.172802330587209507e+00
2.446127318274671669e+00
2.174781411966520750e+00
2.281896093121721592e+00
2.212392239304579178e+00
2.487858853606054410e+00
2.220387140009668858e+00
2.168078581214406331e+00
2.483483216744895472e+00
2.399554719329738628e+00
2.558696377910120834e+00
2.022323761807596654e+00
2.046701192108175693e+00
1.995987844715055637e+00
2.138207623704639904e+00
2.122827949345219789e+00
2.238510020709750581e+00
2.122504227786585762e+00
1.889048919070291044e+00
1.917502708661826594e+00
1.789464100660485224e+00
1.790039893578134977e+00
1.842579985606457305e+00
1.896684737036493873e+00
1.926262517772157290e+00
1.903964803474674339e+00
2.177009906306247800e+00
1.769789983108037923e+00
2.104866388659633714e+00
1.933673487717059158e+00
2.020794757818743737e+00
2.210688091533718591e+00
1.992401086181009751e+00
2.185929797325965040e+00
2.026451382669091750e+00
2.171934134128588045e+00
2.305829483122278756e+00
2.049598827596843975e+00
2.164687643464282996e+00
2.206409724800249883e+00
2.182727495599356971e+00
2.246871027192205439e+00
2.482570384092319227e+00
2.347961397100837733e+00
2.333841683547554613e+00
2.211699984353036275e+00
2.372559492239105783e+00
2.283650147358153415e+00
2.436228126724559129e+00
2.278865854011720593e+00
2.415517976738473127e+00
2.506256474030635673e+00
2.507192025655623269e+00
2.398316318865976182e+00
2.408427193365310082e+00
2.526294126585184596e+00
2.456550081332411484e+00
2.302983691519385090e+00
2.168622484536309347e+00
2.217697659065304361e+00
2.610030792750835715e+00
2.608783144102731377e+00
2.386724527239050264e+00
2.462451895463729556e+00
2.476315084652609411e+00
2.463843763172707924e+00
1.906400174579521822e+00
2.415055752991572380e+00
2.030150843661779891e+00
2.410124291337455205e+00
2.408683721657657539e+00
2.188570204756567605e+00
2.171366463150304682e+00
2.113190010801555996e+00
1.855904439051723198e+00
2.028231779652816869e+00
1.903909622273271429e+00
2.082149599117392391e+00
2.169881353371644117e+00
1.980678462831546138e+00
2.075692016989183930e+00
1.927266042245039834e+00
1.864028874536300062e+00
1.974735935039457546e+00
2.146030581381819680e+00
1.933904938749366753e+00
2.162728520831655565e+00
2.341458742970702112e+00
2.124257773308563468e+00
2.245800973115787080e+00
2.160250937770864521e+00
2.233852359052845848e+00
2.462322556888612457e+00
2.288437264400674298e+00
2.510452793032244667e+00
2.257026088603127256e+00
2.400494835218265788e+00
2.427152554961157893e+00
2.349812772466194577e+00
2.443437040309269115e+00
2.387671275777719426e+00
2.356806925599698399e+00
2.521615170560283836e+00
2.490273058576572662e+00
2.526588246069325638e+00
2.651931177503923376e+00
2.307849155370234051e+00
2.193652609715652790e+00
2.229779790096679815e+00
2.274427240989844723e+00
2.099885702622709349e+00
2.165462484723622794e+00
2.087529340157243229e+00
2.034352097973908702e+00
