1.926403665585139313e+00
1.895148294622136742e+00
1.934882985840223446e+00
1.808379358745432874e+00
1.829125698362764618e+00
2.042858001570599935e+00
1.820723195114555049e+00
1.953347968074019336e+00
1.809622870414215434e+00
1.806851886973070975e+00
1.971586021527147459e+00
1.772118391983385388e+00
1.949736169436990130e+00
1.966743684579266516e+00
1.701930947068986733e+00
1.837460044165174056e+00
2.029275996127875903e+00
1.941332632671008307e+00
1.798398804701034415e+00
1.806072094101780712e+00
1.875331860490012437e+00
1.912551980090303916e+00
1.684160400381633726e+00
1.690442383027916717e+00
1.837200481582230704e+00
1.785434327001780730e+00
1.703119887985335090e+00
1.824270213232130011e+00
1.911867824322326825e+00
1.757442575543972429e+00
1.839035043952526705e+00
1.860886303750794335e+00
1.959898871396977382e+00
1.755763829942137866e+00
1.664665527661484123e+00
1.727153183392884372e+00
2.020388451429715460e+00
1.809095170055900814e+00
1.817442007759586531e+00
1.953612625245584766e+00
1.831297626938728440e+00
1.950790681099826340e+00
2.033954389579377686e+00
1.883504377979049460e+00
1.882818216740102857e+00
1.846426421265252804e+00
2.039931442105148207e+00
1.812761443363946956e+00
2.002226221817792418e+00
2.082529149927029533e+00
1.895440230976760843e+00
2.006002378384214690e+00
1.897286674816403673e+00
1.955314348158439630e+00
1.647882790373920159e+00
1.842441068467272292e+00
1.820638275985171139e+00
1.702575859851225504e+00
1.789589442281059206e+00
1.641603148256418399e+00
1.885541670371307266e+00
1.834068278258629503e+00
1.732275118058368868e+00
1.798778594394418118e+00
1.523719226021700068e+00
1.654991104100736132e+00
1.806408389289358096e+00
1.719727709221446466e+00
1.810907612436046144e+00
1.985655891756247460e+00
1.959749403946535518e+00
2.245438451639874877e+00
2.269299632444182535e+00
1.781885910881732871e+00
1.744791272419757400e+00
1.738020491050356497e+00
1.798474389613011537e+00
1.834568907705564911e+00
1.800902469247874782e+00
1.967402642497349863e+00
1.818944120555304078e+00
1.971779808132210876e+00
1.776323620563748484e+00
1.777230307999213110e+00
1.588623027390901665e+00
1.829318017709514743e+00
1.844275491263444922e+00
1.961024155374240463e+00
1.825873057747200212e+00
2.080864877796554158e+00
1.935096811229552793e+00
1.943565313506604442e+00
1.940676330565624719e+00
1.903633958057242337e+00
2.035879754982520939e+00
2.184748712329448228e+00
1.856342927747013816e+00
1.892669964592611942e+00
1.763629708560858766e+00
1.935151531822811855e+00
1.765730473228600550e+00
1.857896132866318828e+00
1.849375594871741413e+00
1.746137255131167576e+00
1.884505368049631313e+00
1.788111237994304714e+00
2.048977569980854341e+00
1.821419024816819832e+00
1.752243897854684818e+00
1.982969484865596765e+00
1.943869659089627167e+00
1.856508505629074213e+00
1.771102473490707929e+00
1.967645901660089125e+00
1.918500870637082301e+00
1.707624538788467872e+00
1.656655391432984903e+00
1.891662184387683965e+00
1.881464641020502704e+00
1.895417575057857906e+00
1.742825788345254256e+00
1.810765875519947610e+00
1.818846562906032416e+00
1.689388092827148746e+00
1.785531599059045904e+00
1.838630170889944182e+00
1.650488658560172128e+00
1.756336517822105092e+00
1.788178798744726627e+00
1.777114069888291237e+00
1.886910008994922894e+00
1.712980740340271257e+00
1.830093253431671396e+00
1.724148882331949073e+00
1.860050925881031603e+00
1.870849758044134559e+00
1.769405064474471878e+00
1.789427830048040180e+00
1.805944658162268235e+00
1.937813733802700389e+00
1.721763719318679886e+00
1.800388636625369410e+00
1.917844957861330135e+00
1.903339046724761952e+00
1.846690212750845106e+00
1.921730289785051227e+00
2.037301806596047538e+00
1.809375692431061111e+00
1.727177721144794731e+00
1.830759186063328547e+00
1.889953782637988855e+00
1.772902598245132522e+00
1.652273985675220880e+00
1.722871963282935015e+00
2.071149215651292508e+00
1.929847733741056004e+00
1.821009149745419053e+00
1.989976571705543318e+00
1.834833130350583597e+00
1.769256124858503698e+00
1.850406190398464767e+00
1.852555069155244816e+00
1.784536663553389246e+00
1.810115603041182464e+00
1.857472024486578555e+00
1.832397749928083908e+00
1.751705351211410910e+00
1.734934966600925721e+00
1.846123204016179686e+00
1.694790710914559462e+00
1.725040108377462689e+00
1.642466514273146050e+00
1.993402134167935102e+00
1.704286087239690106e+00
1.651126108555129868e+00
1.971167054317275458e+00
1.938162965069147203e+00
2.174960310319935086e+00
2.274178279440393524e+00
1.945225162530786145e+00
2.041064500290024064e+00
1.923533906487471024e+00
1.881875322168567122e+00
1.893270066926345585e+00
1.736587186478578682e+00
1.764936017192403117e+00
1.686460062262585824e+00
1.664482894395168389e+00
1.694195404642384162e+00
1.761805697065633503e+00
1.824652311850258446e+00
1.810884795570538719e+00
1.986738343705327425e+00
1.879794775285876129e+00
1.908859388768699983e+00
1.813521939859344734e+00
1.881091246139902307e+00
2.090735751350406790e+00
1.950876849329532092e+00
1.706564798286944962e+00
