1.977862150380627959e+00
2.064946806077911035e+00
2.114640306652958213e+00
2.111162680025468585e+00
2.141967957096415187e+00
2.072331033671946710e+00
2.271285063155912276e+00
2.284065134240943262e+00
2.091998361139962181e+00
2.027577822959061749e+00
2.053789892370879944e+00
2.064918964119347944e+00
2.126421389576558241e+00
2.253941044816193617e+00
2.129869401245167992e+00
2.124580830750228078e+00
2.223454236400513206e+00
1.979601632719266036e+00
2.303720689185837056e+00
1.995664926849530119e+00
2.083919837468071190e+00
2.186421876139286624e+00
2.400636755527201238e+00
2.422221494331901148e+00
2.154323253117873982e+00
2.314859957480019492e+00
2.225526622778919439e+00
2.058265023233744717e+00
2.335104959816674430e+00
2.064707991962581257e+00
2.271810442334436075e+00
2.356922219427047605e+00
2.191010192216751751e+00
2.301891442407103749e+00
2.258437045188243175e+00
2.236198842429166778e+00
2.280213033053340776e+00
2.258337562029870238e+00
2.208518484056668729e+00
1.886513829986656399e+00
1.891632139021669268e+00
1.969560296852733705e+00
1.984837449225968609e+00
2.402382690410380661e+00
1.897133678604218776e+00
2.322230335866482420e+00
2.052338565121704761e+00
2.330594300761272830e+00
2.079479384358693395e+00
1.992318915693436443e+00
2.175048429525673122e+00
2.232277525208265168e+00
2.177537015565983669e+00
2.051825394929259971e+00
2.195166397612267950e+00
2.178588379145894649e+00
2.108258967779322646e+00
2.019780558997690711e+00
2.121639014136306844e+00
2.031485917494844085e+00
2.145364015483502751e+00
1.867762037778449180e+00
2.152895957044946407e+00
2.008975621957287405e+00
2.083830140854324053e+00
2.341811234015628074e+00
2.074361513473735652e+00
1.983697365061632967e+00
2.114332755267441133e+00
2.221677368843859135e+00
2.195474872948201206e+00
2.332476211024992363e+00
2.422747264075510110e+00
2.211717957528676060e+00
2.273971648762646236e+00
2.299605683127700306e+00
2.156339419066637841e+00
2.289383400204242580e+00
2.337193528728251035e+00
2.277141933464730705e+00
2.307123095153176262e+00
2.147202599821099511e+00
2.271228415410172286e+00
2.258340565175181336e+00
2.107187977305745363e+00
2.172921255908904392e+00
2.002070615305297618e+00
2.229636674589740686e+00
2.251558257545164476e+00
2.230952301016509765e+00
2.147516080047423337e+00
2.075950769561022202e+00
2.078840023647295698e+00
2.092535551022238760e+00
2.096264142097594263e+00
2.072093414653009891e+00
2.102775248462710245e+00
2.237879062216340476e+00
2.155500067935326225e+00
2.138048479819132819e+00
2.271025772330303116e+00
2.217151530423141725e+00
2.347749794183839889e+00
2.255265084581765667e+00
2.407253408036566178e+00
2.268220061347023808e+00
2.395429475137226483e+00
2.313191711646397142e+00
2.366504785680055623e+00
2.357933085534020812e+00
2.240227931300547315e+00
2.180492488515903382e+00
2.219517662522359380e+00
2.173697287681528589e+00
2.170136047710861327e+00
2.152802854319767700e+00
2.222183870376041703e+00
1.959356420805071552e+00
2.306925825174838351e+00
2.055589603899834028e+00
2.636521380038292950e+00
2.521328626652155069e+00
2.194806271131998887e+00
2.347084471621184942e+00
2.261074301035155276e+00
2.257929662430509854e+00
2.463218654012895303e+00
2.191996963348621819e+00
2.489619925901117803e+00
2.318850627005956788e+00
2.215524574546907655e+00
2.251336729673889092e+00
2.452538251534881475e+00
2.154536959625370507e+00
2.190900090445945469e+00
2.418590754108162599e+00
2.145582928223058516e+00
2.509848391579405202e+00
1.995981938853620186e+00
2.075031809938033156e+00
2.051546089055800159e+00
2.036235472693386228e+00
2.069141098835526105e+00
2.252577987173802754e+00
1.911732993365652611e+00
2.044552292404960614e+00
1.778119251693403458e+00
1.972170325629425847e+00
2.046066146139435382e+00
2.043274305970003368e+00
2.124393274393802322e+00
1.866656293670118982e+00
1.890066279445804298e+00
1.944356300793697034e+00
2.086513258605118715e+00
2.201278155175073525e+00
2.219968791640565708e+00
2.080273146947130058e+00
2.122840815730243413e+00
2.057976682659454326e+00
2.053786450456477564e+00
2.090329358095571077e+00
2.198076488666966810e+00
2.292430712111911184e+00
2.512633230122571781e+00
2.153032139434464032e+00
2.175223058500044271e+00
2.069216955954881865e+00
2.231508605946949331e+00
2.301053666023261446e+00
2.375633420645296923e+00
2.179848246244201260e+00
2.329703971981460064e+00
2.263792841476305995e+00
2.269773388177518836e+00
2.191163207155716997e+00
2.168373662473775720e+00
2.301361314422917914e+00
2.255842564538426132e+00
2.557118068205032291e+00
2.471233911805435834e+00
2.463127518788563730e+00
2.361794870412575964e+00
2.485880709996418858e+00
2.480976464492290923e+00
2.075256117208123197e+00
2.179402283205864155e+00
2.184052713915054955e+00
2.000652299748528318e+00
2.156578379845111026e+00
1.963538773368654233e+00
2.112112194395332043e+00
2.073638601359672151e+00
1.954505215102517512e+00
2.151016048788100044e+00
2.011761728927375703e+00
2.069311855084306373e+00
2.051163784107938426e+00
2.222010905039010886e+00
2.204333217951150559e+00
2.153546866168973839e+00
2.298693415832986364e+00
2.217449007465983613e+00
2.270926892126799768e+00
2.214463717047855162e+00
2.216579327727135951e+00
2.176245599293681998e+00
1.859005984130856159e+00
2.006755663041952964e+00
2.015145637442542270e+00
2.112234925837384480e+00
2.214025334356096941e+00
2.096567377357831052e+00
2.282025009204478483e+00
2.062218823651663424e+00
2.110088425270411960e+00
2.390957675372310742e+00
2.219458641828792711e+00
2.310701963760168898e+00
2.372617505278719729e+00
2.419715222615046901e+00
2.368962583311129411e+00
2.515466194928114074e+00
2.329594963398872842e+00
2.233863592339527582e+00
2.318397063404626035e+00
2.409192568488984776e+00
2.185549431570902978e+00
2.301730139132292852e+00
2.368487777541028017e+00
2.411588991672404703e+00
2.273943314327228293e+00
2.474705956390049533e+00
2.294405018731018320e+00
2.529656618695958592e+00
2.586271140373056276e+00
2.224744746967779019e+00
2.462196894583731588e+00
2.328001672413926748e+00
2.348167738267065818e+00
2.546474915974334063e+00
2.126142566413106838e+00
2.213077177826236586e+00
2.221891176374486410e+00
2.214888398061762853e+00
2.215107777625940244e+00
2.123286906156947484e+00
2.171136034009604199e+00
1.798716243862443331e+00
1.969445009334152674e+00
1.943191856734397538e+00
2.102564347512387855e+00
2.126897581335487786e+00
2.148248852384635477e+00
2.146096083770283602e+00
2.104388569779732432e+00
2.040302756091617820e+00
2.130144094678091182e+00
2.200283541035322532e+00
2.059615110978654240e+00
2.003636672748372316e+00
2.150026577293904673e+00
2.298239880764608944e+00
2.139237786131342300e+00
1.966600289741581742e+00
2.358198453876639178e+00
1.971654820197259461e+00
2.236674475396366990e+00
2.110909872677139809e+00
2.515354920055786980e+00
2.096138536304211986e+00
2.091186278232396223e+00
2.378912124488495206e+00
2.372095642364569379e+00
2.118402684701432115e+00
2.287749039312958921e+00
2.411815019774591562e+00
2.190910965302911517e+00
2.223842708341950747e+00
2.255681716481385379e+00
2.208598088167552209e+00
2.299693942488993059e+00
2.378573757619006912e+00
2.451283880434188323e+00
2.252203489184015250e+00
1.939624880039392707e+00
1.945889419372341722e+00
1.952246362805231561e+00
1.964951416236477622e+00
2.324261444689246225e+00
2.415749181388938904e+00
2.269393227542566560e+00
2.021482930297255010e+00
2.097064581361537616e+00
2.282532490589925800e+00
2.379940352925331126e+00
2.205069576060420644e+00
2.134358820661554468e+00
2.158904961034235903e+00
2.077757614558307431e+00
2.081678904448070799e+00
2.080063198864372076e+00
1.941776020804564462e+00
2.100249451660670008e+00
1.913771179841152748e+00
2.393640537722684591e+00
1.915853529151483103e+00
2.150141606772579816e+00
2.187028188771122039e+00
1.922261558147535521e+00
2.364340770080739951e+00
1.945017475973284116e+00
2.302010703642826339e+00
2.090352319641753276e+00
2.196849209818389159e+00
2.123585395643587059e+00
2.079201412742940569e+00
2.259182780892186049e+00
2.127101438181743021e+00
2.386597947148425991e+00
2.079452567968326449e+00
2.203153170110264014e+00
2.218013037361678652e+00
2.157969272713364361e+00
2.418628640436181421e+00
1.984163728701338947e+00
2.156303292650681325e+00
2.378700915403129557e+00
2.170036853513306330e+00
2.185191263426061514e+00
2.031043958794365167e+00
2.108662347342819210e+00
2.176075941640747580e+00
2.054658565680766547e+00
2.075745065477910156e+00
2.214479340180758093e+00
2.306010964987543765e+00
2.209283508799758433e+00
2.332231434637293432e+00
2.125613626718052540e+00
2.187028656866206511e+00
2.282564710106274486e+00
2.125137182814146986e+00
1.983143344440193134e+00
2.096665027229724032e+00
2.097911373877817454e+00
2.090327456467898859e+00
2.179404706570624128e+00
2.175000322139720055e+00
2.289534828935177124e+00
2.009430223151753570e+00
2.187602085050203371e+00
2.206848293316729048e+00
2.224828704937122925e+00
2.222282227291395795e+00
2.210792363554874740e+00
2.316531882063154413e+00
2.264222935802040482e+00
2.477831157120996775e+00
2.238445121245919989e+00
2.328931051202396851e+00
2.270300318255438210e+00
2.286763324295006949e+00
2.260304208406148874e+00
2.217483414779565010e+00
2.116313323373521627e+00
2.014882764090107248e+00
2.265031032284611445e+00
2.183152852037584246e+00
2.354332340407869761e+00
2.177131164422673848e+00
2.188360439160510484e+00
2.228742946259392177e+00
2.285502861895920557e+00
2.227523526983838043e+00
2.392150614777808215e+00
2.293079722143467780e+00
2.247893787602212701e+00
2.296475070273643393e+00
2.493914822131372500e+00
2.379673834465096505e+00
2.449078113709416638e+00
2.321981477894391244e+00
2.093974883600590697e+00
2.524870314012817918e+00
2.421969832474021089e+00
2.241378667098879784e+00
2.404724336291727660e+00
2.115561654258361735e+00
2.185125981422724184e+00
2.149809094366300410e+00
2.416494021398916558e+00
2.159996086899074630e+00
2.091862713544818675e+00
2.491908882943960624e+00
2.496929712930524126e+00
2.513232011987263537e+00
1.972805294935395581e+00
2.005343959950949717e+00
2.071114821308122522e+00
2.081117263586303778e+00
1.899076226418118907e+00
2.078193827857670595e+00
2.212332920698630634e+00
2.002154382091412277e+00
1.972449131160797897e+00
1.829656993681455068e+00
1.899173977254920542e+00
2.112568841317526314e+00
1.959272721367068870e+00
2.003147727599364103e+00
1.967665319024836990e+00
1.969820139237984158e+00
1.981888689212381705e+00
2.173950940344063110e+00
2.172363626862437336e+00
2.114367290276408351e+00
2.096878817492677349e+00
2.168673138442676063e+00
2.316167499234422777e+00
2.150149889780949231e+00
2.228734931757988758e+00
2.315444329531268330e+00
2.098059620584730833e+00
2.261047810863021645e+00
2.344017166174907185e+00
2.167846294869872459e+00
2.293122605720408824e+00
2.482976329029862317e+00
2.275493784338825876e+00
2.263525098816882686e+00
2.219037936530219302e+00
2.382310140631292761e+00
2.242731127759548304e+00
2.295656753228052960e+00
2.240526255392274457e+00
2.291979132085315563e+00
2.160264353960569927e+00
2.340581934507767858e+00
2.201973733870160377e+00
2.450435748051000395e+00
2.487042037219857171e+00
2.325384318963947816e+00
2.358680085354662115e+00
2.349510380248156061e+00
2.132298198385637278e+00
2.589997855910137314e+00
2.558228251267017583e+00
2.237601095421653419e+00
2.381869701286349006e+00
2.459120102200065272e+00
2.501684626887937135e+00
2.047265441128897745e+00
2.180706928251472831e+00
2.104488864649597168e+00
2.096879213543531684e+00
2.169139561156800511e+00
2.217121953355104758e+00
2.335408571353344787e+00
2.325572221572093756e+00
2.150725009179524694e+00
2.219959058736075352e+00
2.049040339198219485e+00
2.174103085014999603e+00
2.228261048299700953e+00
2.048887226628920644e+00
2.039614046142513626e+00
2.106748240809585671e+00
2.062175138831347621e+00
2.075601471017235244e+00
2.190551844986220242e+00
2.000897517624974142e+00
2.243057890794010856e+00
2.263072103333368723e+00
2.056523388985264766e+00
2.209549840924459385e+00
2.195515456843079694e+00
2.297428446092192988e+00
2.404829765175798606e+00
2.278768146272865280e+00
2.430448679435314840e+00
2.306636671870814670e+00
2.361700332174260453e+00
2.300804459841210736e+00
2.169783359923832755e+00
2.524542262056152175e+00
2.415657761749295140e+00
2.362607590621863540e+00
2.512568223938417056e+00
2.496687212450534599e+00
2.474071464177666879e+00
2.395028253551406028e+00
2.227837291995511393e+00
2.248303077467591837e+00
2.169368962719417038e+00
2.049391681620063022e+00
1.980508012621700953e+00
2.143850700445768087e+00
2.046801210207035204e+00
1.997974355777540234e+00
