1.883720654377881054e+00
1.936759368609631160e+00
2.032536135308222747e+00
1.906024147055392026e+00
1.864312111541195360e+00
2.167289922264259427e+00
1.892695902988372758e+00
2.046882470956548516e+00
1.842066258456930283e+00
1.934496577557035524e+00
2.006535872422860578e+00
1.848266207536610084e+00
1.964104647985462027e+00
2.072246102295346670e+00
1.769637060288324015e+00
1.983760088194094440e+00
1.992359120345262413e+00
2.005395145682484337e+00
1.863397613697383770e+00
1.987514201075854858e+00
2.149609349283320370e+00
2.153638489017690727e+00
1.837715337758524470e+00
1.895203780234732349e+00
1.972293737599943864e+00
2.130476815461634033e+00
1.919606101467837833e+00
2.185557496678551370e+00
2.136393791908105744e+00
1.993403816861442301e+00
2.102909280611442000e+00
2.151958576699410042e+00
1.910875087785050885e+00
1.872677718172959915e+00
1.832388777087475829e+00
1.829968673381484390e+00
1.998344525875198618e+00
1.811583907440473151e+00
2.283725430338464424e+00
2.075925787896794272e+00
2.202145973226686593e+00
2.192221170121210427e+00
2.140828736503594953e+00
2.039381195882800757e+00
1.932137937385249415e+00
2.026307246362969217e+00
2.238634738559241111e+00
1.958102741540637126e+00
2.085778788527089755e+00
2.153484580168760765e+00
2.024253993142141717e+00
2.195055002094464136e+00
2.037618771895880254e+00
2.229972635746206855e+00
1.775549759293165053e+00
1.844040900841888986e+00
1.762701408160144201e+00
1.832045583196274530e+00
1.820219020752199102e+00
1.780627568817788831e+00
2.030223595908078327e+00
1.874378556747990476e+00
1.862366577445513594e+00
2.108936132496364912e+00
1.755860501746864255e+00
1.911648830605475302e+00
1.933569386339508256e+00
2.043643954800882234e+00
2.134036998023384424e+00
2.159464400296097430e+00
2.167803867975564014e+00
2.334768082050458826e+00
2.318250651851262223e+00
1.859131366122946050e+00
1.947796790525812893e+00
1.785078424327045665e+00
1.857284668392037208e+00
1.968715860840315024e+00
1.969725606394425954e+00
2.023451790430203623e+00
1.888726242611298289e+00
2.003268348106926666e+00
1.900224821758149440e+00
1.851061190181062965e+00
1.856250302548778208e+00
1.894682755978946975e+00
2.043639388217568520e+00
2.032863851490050333e+00
1.967480221869517099e+00
2.117198691095651064e+00
2.042778990589627863e+00
2.146134817836532704e+00
2.239222625626599683e+00
2.113996860780893883e+00
2.214595606349109236e+00
2.266406194559838383e+00
2.002410856839879294e+00
1.936676515700671564e+00
1.962804889987974200e+00
2.038334487334770184e+00
1.929381037766796592e+00
1.990417299895954395e+00
1.931985514691946904e+00
1.814173385424120655e+00
2.013229111382245140e+00
1.890375251530735934e+00
2.079478433879758281e+00
1.889451461268064625e+00
1.827217795088875496e+00
2.018526448392151451e+00
1.999890063679258034e+00
1.910822553337777174e+00
1.831276859223114784e+00
2.015764519998423765e+00
2.101679016504637065e+00
1.940765772479172924e+00
1.839857147961729833e+00
1.991257743657349311e+00
1.862007754736603848e+00
2.035429575284125825e+00
1.846835464528366666e+00
1.983008703995149835e+00
2.115317321105912196e+00
1.798317581728014813e+00
2.113620151099464550e+00
2.124850619821855968e+00
1.799411854097866525e+00
1.889161724507889994e+00
2.097145800997574305e+00
1.896014441062839673e+00
2.121196134837082692e+00
1.934619931774286705e+00
2.055347573151298235e+00
1.850297555686320816e+00
2.063032469644859646e+00
2.045746620468502641e+00
1.894779236678119982e+00
1.935962161643726587e+00
1.805285460666891328e+00
2.150390765170400176e+00
1.922806604380854933e+00
2.116393286384296690e+00
2.234871975294058899e+00
2.091492811400848861e+00
2.154800231502802532e+00
2.150911738728678468e+00
2.169103260216359352e+00
1.870994971083136393e+00
1.822190201356471695e+00
1.939656647319594862e+00
2.093918373331950189e+00
1.841756833471810406e+00
2.079203202761329639e+00
1.896215642932360224e+00
2.181971758327243105e+00
2.190265964481674654e+00
2.083870274257388910e+00
2.226327436764242940e+00
1.858987748247256322e+00
1.897349469435092750e+00
1.873604065956104625e+00
1.831040572991595061e+00
1.848906304803976219e+00
1.813055472824834480e+00
1.983162548552250604e+00
2.056207574903624380e+00
2.037748119937274449e+00
2.098289249833163339e+00
1.922777319747085212e+00
1.915332103379506989e+00
1.936824417899753126e+00
1.970138352672235138e+00
2.190666534375825591e+00
2.005534092839027505e+00
2.042099780844604862e+00
2.276583234643472675e+00
2.008060288827590689e+00
2.277953123010862946e+00
2.290768793765187272e+00
2.055461572090900635e+00
2.136926250309431730e+00
2.098305890950364905e+00
1.979304593117490185e+00
1.968839088275706972e+00
1.820982644411562212e+00
1.947824683582713767e+00
1.783504987835424771e+00
1.761375466298503056e+00
1.726340665203904834e+00
1.969638405681446880e+00
1.847154493385266383e+00
1.907754986946628151e+00
1.897379449104714455e+00
1.999176628384275345e+00
2.137572461615194097e+00
2.107879034155894171e+00
2.043394438188500306e+00
2.229193484536172942e+00
2.169320848199674412e+00
2.130949080733400169e+00
