1.674287191674678876e+00
1.453748521493449131e+00
1.405999318468337922e+00
1.544972613488803992e+00
1.422680818569054484e+00
1.495252555261180838e+00
1.676714255847532753e+00
1.716192858414377742e+00
1.502252938783548153e+00
1.522942948151789100e+00
1.739361555309034912e+00
1.748526823734524616e+00
1.666118354170796012e+00
1.789725706258474602e+00
1.857128263053555717e+00
1.677809214080185907e+00
1.607687103260713624e+00
1.776740247313035148e+00
1.601557877190533663e+00
1.740230702711105248e+00
1.756471728082118489e+00
1.852856888372124367e+00
1.942213610628504838e+00
1.666383951326992685e+00
1.752068024396718604e+00
1.864709595993590874e+00
1.751108468580047317e+00
1.945563643321774228e+00
1.647001754350599256e+00
1.969869517113866708e+00
1.786376963550000418e+00
1.614238217413190846e+00
1.521656701240087894e+00
1.641649529134614260e+00
1.735518936111255073e+00
1.709104059737109882e+00
1.774575252837093053e+00
1.531901347316915185e+00
1.385101461443154935e+00
1.525853970728304754e+00
1.676303342899182924e+00
1.729065000507022942e+00
1.773705225437815614e+00
1.797829065029922901e+00
1.753724948271661255e+00
1.868280425115644183e+00
1.847088979633928929e+00
1.797514674813837310e+00
1.745568563231078674e+00
1.676890803179919454e+00
1.689218695260839675e+00
1.491021903016665817e+00
1.537205334876012408e+00
1.454735384097991080e+00
1.434969235937805454e+00
1.636722605288455368e+00
1.589708216364805748e+00
1.623685634313426052e+00
1.705457119807862743e+00
1.686671044053480450e+00
1.720933072809805564e+00
1.575365374858542333e+00
1.777775715410947921e+00
1.613582548589714838e+00
1.585762409673596940e+00
1.825808443459540742e+00
1.687926303789895943e+00
1.547252953705408052e+00
1.572802897403052791e+00
1.755054688564444243e+00
1.853933493557841761e+00
1.874370364919220711e+00
1.932840391145930425e+00
1.453945721902121013e+00
1.576886480972786941e+00
1.975633909356999007e+00
1.769870422191158976e+00
2.060293597201682481e+00
1.794274711234639774e+00
1.706469124516283298e+00
1.532773574689463292e+00
1.554593572691751246e+00
1.739514658222717669e+00
1.757688361671131849e+00
1.787246500595663035e+00
1.980288326400051035e+00
1.865143960925564670e+00
1.939849149390298511e+00
1.785391221378207494e+00
1.339374123098054037e+00
1.599327850846431476e+00
1.647812558226395607e+00
1.473498430569776030e+00
1.727462656558273135e+00
1.713785611870565884e+00
1.733113461008963796e+00
1.867049050526188081e+00
1.868985461553926308e+00
1.854430233376051840e+00
1.749272315347322637e+00
