1.806024297497842213e+00
1.824573669532669085e+00
1.881844155166624732e+00
1.741615613745929769e+00
1.845190428457942122e+00
2.061404154054984339e+00
1.791026680215876299e+00
1.975600133651944201e+00
1.735666703786787446e+00
1.781913207929433085e+00
1.923063073204542173e+00
1.777482022939839368e+00
1.902615993680716766e+00
1.977758389927242622e+00
1.736652905486184784e+00
2.017891105619890268e+00
2.059801622558605327e+00
1.979936252523007090e+00
1.841095648586372091e+00
1.912914917105082324e+00
2.113158898507021544e+00
2.131594340453301317e+00
1.865310034219612279e+00
1.902582846690696439e+00
2.099596519241939241e+00
2.100385185010536393e+00
2.039367641071478943e+00
2.154436260649982060e+00
2.138522454098735537e+00
1.995801698206075780e+00
1.856464984063695978e+00
1.876006248563119927e+00
2.096612087075261144e+00
1.869945489307951902e+00
1.908469722481974662e+00
1.961651077108559793e+00
2.272468284550601236e+00
2.130821553108574573e+00
2.260372349455268992e+00
2.198176489903330477e+00
2.186198151313817561e+00
2.208637118888026052e+00
2.153369253697308583e+00
2.088659446450324531e+00
1.988663930129829449e+00
2.069508139099643707e+00
2.328296508799364339e+00
1.998392065324277711e+00
2.122330338276431139e+00
2.196981300459871278e+00
2.048467931582578228e+00
2.233047251420726909e+00
2.140411792716812922e+00
2.216287286131290113e+00
1.745153896859200637e+00
1.664188662864612311e+00
1.655712121847165541e+00
1.721001957823956818e+00
1.796388264741715757e+00
1.761125593946484047e+00
2.028136622094648178e+00
2.110812162006691750e+00
1.990842719462190935e+00
1.846245829972058106e+00
1.603384543527366590e+00
1.922069400347377499e+00
1.993301597359776078e+00
2.059908394636765561e+00
2.060012985181218337e+00
2.244420624698217459e+00
2.180022218194173522e+00
2.337040201470394596e+00
2.236106812507472341e+00
1.828730493983049321e+00
1.778718581837911206e+00
1.767178817086492604e+00
1.791863305137205709e+00
1.934538208238504531e+00
1.894780428753544577e+00
2.096523451198012644e+00
1.907983460588834612e+00
2.085179427136962804e+00
1.801399373428746120e+00
1.648682570154499816e+00
1.731725544247500359e+00
1.905199166829411039e+00
2.074824954437032076e+00
2.057950912698895518e+00
2.048218353145959014e+00
2.138791153055032979e+00
2.108643275723620203e+00
2.083303375492245646e+00
2.277458764777174238e+00
2.124565237317177502e+00
2.219626090275773400e+00
2.253061852483579930e+00
2.182596137070633713e+00
2.059905931387666644e+00
2.167171016904525072e+00
1.884394565799742516e+00
1.798798792070297026e+00
1.889707926326761767e+00
1.852941665517272352e+00
1.706888671103763411e+00
1.858336930158118294e+00
1.777852901360355453e+00
1.987217253838295505e+00
1.824390483595344836e+00
1.726141414062773549e+00
1.934389925644557140e+00
2.001827503333603708e+00
1.907400918289214875e+00
1.840441539696355822e+00
2.041653382286835683e+00
2.143576321556923681e+00
1.998943819185471815e+00
1.767428454688756867e+00
2.033834592711351252e+00
1.871252607270389445e+00
1.922826337869017799e+00
1.875581046950129505e+00
1.854685177646643757e+00
2.063681304174797670e+00
1.713360645496561308e+00
1.933831881979555023e+00
2.105376903156255253e+00
1.715826125750462339e+00
1.980500386095583876e+00
2.003254915341893927e+00
1.908069238745604190e+00
2.174192635078266989e+00
1.987146531519009995e+00
2.056278531736184245e+00
1.858302422764311457e+00
1.924847296089017279e+00
1.983495910151434893e+00
1.823105401430459294e+00
1.926136394862291379e+00
1.791876388623740768e+00
2.269409291337029178e+00
1.918279146362760423e+00
2.271908609424977410e+00
2.163716805509956487e+00
2.159507856809153470e+00
2.197044787152923284e+00
2.176508066016848097e+00
2.191574168468136019e+00
1.746632703843763013e+00
1.863116026233301969e+00
2.005741983815390039e+00
2.118806939444056514e+00
1.984958455372202835e+00
2.098993694563146661e+00
1.861339440659675937e+00
2.193271188115305748e+00
2.226326443280532974e+00
2.084117021361881150e+00
2.267423564378665546e+00
1.820259592573277407e+00
1.910656105035183350e+00
1.892492616435098363e+00
1.846193524620990845e+00
1.770720250129247608e+00
1.735748121767872520e+00
2.093180077374922732e+00
2.182607674043813173e+00
2.174893101961175024e+00
1.891424771977833874e+00
1.907163614887491754e+00
1.922917839990999411e+00
1.992792909542798752e+00
2.007595771254791828e+00
2.150279493724866597e+00
2.009654205241290459e+00
2.048340459048489492e+00
2.261475482697611117e+00
2.181763126542653364e+00
2.297036990678929413e+00
2.240190452149941169e+00
2.093195556349709108e+00
2.209364992675034944e+00
2.099687974121259071e+00
2.009263395779961492e+00
2.140397939049986764e+00
1.851448870016240145e+00
1.865038676135839735e+00
1.731165436687438053e+00
1.751788158153985142e+00
1.703297469768235706e+00
2.020614838773370447e+00
1.700625564958788472e+00
1.881317914056108487e+00
2.085585532257740571e+00
2.070920665302870223e+00
2.105183365923837258e+00
2.043939806156742645e+00
2.013794176308467687e+00
2.212856520945297945e+00
2.226710199830158388e+00
2.153793078417381768e+00
