1.758819856266720327e+00
1.790942733816844878e+00
1.842669672933068492e+00
1.741229750543888954e+00
1.706762524457992924e+00
2.122282867489448943e+00
1.762940983309464027e+00
1.981864062743724064e+00
1.728429375572691384e+00
1.921197155063309125e+00
1.950160507742217719e+00
1.950620101130600359e+00
1.981306532108139784e+00
1.979918878298978724e+00
1.647114031331811779e+00
1.903653940535493305e+00
2.000495527264873896e+00
1.983276575920989160e+00
1.854764426448134884e+00
1.918744301108822103e+00
2.043627403935943221e+00
2.141027923850054471e+00
1.779621083669100212e+00
1.799981742429479059e+00
2.054422274421235262e+00
2.029196082703344395e+00
2.082819413710621514e+00
2.104533717503390022e+00
2.173630045152076473e+00
2.003799374260594846e+00
1.815027602774705207e+00
1.996262806274186286e+00
2.093789554917745654e+00
1.837399730725318037e+00
1.727196783953329096e+00
1.787209492743835115e+00
2.149360182993990787e+00
2.047333175705941866e+00
2.204604405410974799e+00
2.265975471390953011e+00
2.094521398742110740e+00
2.138837497747718253e+00
2.099947803320425077e+00
1.885892171607913559e+00
1.920129281506119723e+00
2.092296613917984160e+00
2.288553635688608257e+00
2.062464394033407089e+00
2.131074924734674081e+00
2.174079962273725908e+00
2.078218426025879140e+00
2.298867541940737169e+00
2.162957160477202656e+00
2.226841118992666679e+00
1.834011691589330750e+00
1.758776499597989540e+00
1.655581974155716063e+00
1.688018644596522622e+00
1.766403295141545149e+00
1.708737596650016011e+00
2.098118988821326525e+00
2.060060634553814385e+00
1.830373825822895872e+00
1.879936941584679166e+00
1.796381015694358041e+00
1.967689891474862618e+00
2.017080785012707711e+00
2.071631640165090271e+00
2.241649233829076326e+00
2.179563096064161876e+00
2.207180705298814605e+00
2.310556137964049128e+00
2.303979817642132222e+00
1.764487454312146264e+00
1.762408159088516335e+00
1.714869055891777183e+00
1.819580569889731603e+00
1.887294757585113780e+00
1.927875573175642510e+00
2.116833250890724383e+00
1.840582001376410926e+00
2.014887047180249802e+00
1.974588447219016052e+00
1.809806535724009846e+00
1.926774855917723794e+00
1.876891255928674340e+00
2.098169110455235131e+00
2.149024917101384435e+00
2.063875121537544377e+00
2.241299652948061549e+00
2.093966394115782670e+00
2.167131999300652367e+00
2.267438711350267422e+00
2.084305230178713497e+00
2.235514894301937616e+00
2.290493600406037444e+00
2.134930935124351059e+00
1.990785225179414697e+00
2.109501149592934777e+00
1.882567418881111010e+00
1.813063670093016722e+00
1.880087863087475775e+00
1.809779398023375396e+00
1.694233939893727392e+00
1.905752617831423468e+00
1.764379825777445898e+00
2.008790223859489465e+00
1.821901998924324140e+00
1.674248589340511462e+00
1.821803708015103052e+00
2.017260664423233596e+00
1.980393595928078732e+00
1.832230345794988446e+00
2.120484648993454346e+00
2.105971183829578930e+00
1.911858037937487653e+00
1.843962851205742215e+00
2.058003808100519194e+00
1.890470068669723558e+00
2.023834240107404980e+00
1.957697797914651705e+00
1.935318743313890311e+00
2.132813037860269212e+00
1.906600174485875598e+00
2.025065743471431201e+00
2.096842510668405879e+00
1.839073578649760732e+00
1.992388898851248813e+00
2.036375807300156104e+00
1.989763416498974147e+00
2.090775370457774951e+00
2.072511478755327374e+00
2.116282027992126391e+00
1.974005295104358515e+00
1.922983056002853131e+00
2.040697288981796920e+00
1.946238167194146440e+00
2.030513753166871105e+00
1.849566029571452885e+00
2.259358165372629124e+00
1.910244503729701782e+00
2.144787066399442388e+00
2.280437558891111660e+00
2.252683817393610788e+00
2.140184959500289974e+00
2.193167221976752845e+00
2.212191824725370015e+00
1.918850687201402616e+00
1.836335565534123582e+00
2.105454292742095834e+00
2.041104930006693685e+00
1.929757571412348049e+00
2.118300517035546449e+00
2.010999838527859129e+00
2.249969399026423122e+00
2.278513529840838991e+00
2.177711805437933634e+00
2.233858842778844611e+00
1.844839373446329756e+00
1.939962052923022595e+00
1.857663351295083087e+00
1.718661818499639615e+00
1.768938806955024701e+00
1.836030169299762038e+00
1.988606550268947171e+00
1.966578403742241132e+00
1.997206287832445248e+00
2.033554685106045312e+00
1.996818433665505044e+00
1.889765577758017567e+00
1.963982788616831288e+00
2.002671413876207840e+00
2.224462617201792280e+00
2.073079261701123777e+00
2.104772592450785407e+00
2.322445458972947296e+00
2.206673310240335972e+00
2.284212455986909251e+00
2.315201550144146303e+00
2.245290103428459361e+00
2.241960394553870195e+00
2.083379264954420496e+00
1.877739710223755853e+00
1.961249759462565745e+00
1.784388930994026179e+00
1.901477801865525619e+00
1.804105363478062607e+00
1.741872209420016304e+00
1.729659035337891781e+00
2.079264839063875936e+00
1.816714973408882772e+00
1.920972505192640067e+00
2.034703203403417593e+00
2.065931695260528222e+00
2.171553578685075259e+00
2.081933511495932532e+00
2.072814888102811448e+00
2.218029011616902135e+00
2.216405746195801552e+00
2.202101232516629814e+00
