1.689915078221698064e+00
1.527730853344577922e+00
1.514125109674834491e+00
1.483054300908169143e+00
1.452646205453295369e+00
1.557797228825746894e+00
1.647442595903069629e+00
1.739013276962004806e+00
1.542847087832932784e+00
1.498163035297813694e+00
1.700765560255926623e+00
1.719047324841781466e+00
1.764802585397651669e+00
1.882507553486987062e+00
1.969952655427710697e+00
1.642298854462445945e+00
1.683033961526359423e+00
1.864362707277615661e+00
1.651213599829645995e+00
2.041574307984601599e+00
1.898865369012068482e+00
1.935015526540297071e+00
1.939550183583062859e+00
1.716256913523594774e+00
1.824810813203979309e+00
1.878114836603687499e+00
1.748971766806566519e+00
1.883865276315907833e+00
1.833983377556787975e+00
2.022556188210440808e+00
1.667037992466846807e+00
1.645561874411228143e+00
1.585823944722407619e+00
1.786594174756526154e+00
1.742193565668595623e+00
1.730808496342978176e+00
1.849168917907098697e+00
1.549545729768295521e+00
1.449009212984953443e+00
1.542199878148351244e+00
1.868862538863614198e+00
1.668176902707664055e+00
1.739431474177201009e+00
1.688515209208937939e+00
1.692768984467146520e+00
1.897876140716038940e+00
1.931261062055344091e+00
1.811555999873296852e+00
1.850180197884063515e+00
1.814871147260320949e+00
1.777087074130437205e+00
1.575473266418656371e+00
1.681199194028730082e+00
1.536559380635221128e+00
1.500949167783252491e+00
1.819315704807950018e+00
1.676321368075009310e+00
1.591269153057166319e+00
1.682037424756834154e+00
1.646138023049994459e+00
1.643870768731694909e+00
1.589496266413140013e+00
1.659320083808125679e+00
1.721191922752966175e+00
1.765161852014970334e+00
1.812559896557550676e+00
1.649870998680922796e+00
1.670854859828199812e+00
1.715658931059107273e+00
1.891257054762160328e+00
1.890061542680631979e+00
1.959068790697210849e+00
1.881916666202864130e+00
1.407666265266014571e+00
1.632603450662956313e+00
1.933711644311902011e+00
1.643552640219932526e+00
1.923987553674847861e+00
1.677026651197025098e+00
1.796636347017427582e+00
1.725495775290234235e+00
1.785612445121488534e+00
1.736097288161014829e+00
1.639405579248927491e+00
1.774449182276125692e+00
1.876688178956974928e+00
1.778575930776940872e+00
1.961603462656833274e+00
1.775855987896755916e+00
1.611820078544662804e+00
1.635397488919339670e+00
1.558041645570195532e+00
1.431858604434729232e+00
1.731853847738783703e+00
1.704990809940593710e+00
1.766287617300883683e+00
1.852527696101262222e+00
1.847116645899503862e+00
1.740401070084811597e+00
1.621268160279581538e+00
