1.792071109864097789e+00
1.837217278101821671e+00
1.935511193085360127e+00
1.771326115066910845e+00
1.776554902756336984e+00
2.159224134308549203e+00
1.785006670046262123e+00
1.950987222940246291e+00
1.740057415943732311e+00
1.821199444959177072e+00
1.884605051805814835e+00
1.765103274090839003e+00
1.899568873370246047e+00
1.930431403075305807e+00
1.699885248446939556e+00
1.966582844634135796e+00
2.026960243518722393e+00
2.000284864086545600e+00
1.805392727854254531e+00
1.853116760259020834e+00
2.012957341500521746e+00
2.148887244305956568e+00
1.847393347046044410e+00
1.861657705606758695e+00
1.983337520592798775e+00
1.999985236654381993e+00
1.956926474995747567e+00
2.109011738974819750e+00
2.155513998300042644e+00
1.981827489881486715e+00
1.868414869448781435e+00
2.065758260398385726e+00
1.918522004420495808e+00
1.784821652768326494e+00
1.748385503865346635e+00
1.764202582308061817e+00
2.118584888931125843e+00
1.887252084928517037e+00
2.260603946640577178e+00
2.188537592143055210e+00
2.073883373451142820e+00
2.209656754978234883e+00
2.037163580269845120e+00
2.008543675588615685e+00
1.884953950283491997e+00
1.935489465945989140e+00
2.223176325139435416e+00
1.978738300251022597e+00
2.091559608141305482e+00
2.148753039977580936e+00
1.939105724890857640e+00
2.169193743803207397e+00
2.079209436344263473e+00
2.220018538478135017e+00
1.700257662525861191e+00
1.770131944616238018e+00
1.765201282604954791e+00
1.735716315528536446e+00
1.858899631026057042e+00
1.567872663430970093e+00
1.872643157120057023e+00
2.026865996699807937e+00
1.752288868976331848e+00
1.908415330280826216e+00
1.664774860233398490e+00
1.826878271239572582e+00
1.903187006993590558e+00
2.022298150695784003e+00
2.197953220179669653e+00
2.158543761341841005e+00
2.120437245859728037e+00
2.333230322552728442e+00
2.216173561890985244e+00
1.747025225817927740e+00
1.787128313585922390e+00
1.725590026161659241e+00
1.834407568475316497e+00
1.927689521686447360e+00
1.874802964025164442e+00
1.927775054615090911e+00
1.850054341247498790e+00
1.948195750228909562e+00
1.860894336273275940e+00
1.820171812514163712e+00
1.799586988897658557e+00
1.865921231735867991e+00
2.056531351412658193e+00
2.020111702947254173e+00
1.953301386443205168e+00
2.086430130143439587e+00
2.019474130792415334e+00
2.086384163370128775e+00
2.238585640974020574e+00
2.053343978606768871e+00
2.238868004164799252e+00
2.181248929795327030e+00
2.056227913966421905e+00
1.988583668307028152e+00
2.069261924864165270e+00
1.867470851620275152e+00
1.786608877131947937e+00
1.955992387046693093e+00
1.849778980242007487e+00
1.748062144317914068e+00
1.945814393185826274e+00
1.781709472766860314e+00
2.014844079486353579e+00
1.829449036659386962e+00
1.730227624119555330e+00
1.903272109892050867e+00
1.979748892948009820e+00
1.876389134841137896e+00
1.879811007735279871e+00
2.009861926200687599e+00
1.966658107678829204e+00
1.969470492971391762e+00
1.865027511928442960e+00
1.991223955324458839e+00
1.867536959212176884e+00
2.013260847465326187e+00
1.858715412225605101e+00
1.868859546984194209e+00
1.956485067473104467e+00
1.826773173403141826e+00
1.890887153397062370e+00
2.016396569035702413e+00
1.738737280782558958e+00
1.896896899617477761e+00
1.975429018787699276e+00
1.929792069385924291e+00
2.092507621687097696e+00
1.953233590668229658e+00
2.032294800980698923e+00
1.812477946602848000e+00
1.959778385564437064e+00
2.009292240531017626e+00
1.840007996525258704e+00
1.856541877342153590e+00
1.819742699173394485e+00
2.140437051046597539e+00
1.794154384631087007e+00
2.097105504782622809e+00
2.150707814550587571e+00
2.103402604656204655e+00
2.075309456496800209e+00
2.172921513055737996e+00
2.177315193643190483e+00
1.900085680187917569e+00
1.812973281307365792e+00
2.051523035018494756e+00
2.115528355016200734e+00
1.784242429724773427e+00
2.060571485677059833e+00
1.799715931866697760e+00
2.180045467517300661e+00
2.071489682104219021e+00
2.064554782272518096e+00
2.186764316224560467e+00
1.791128796105042609e+00
1.832484579573445460e+00
1.877215558282959718e+00
1.735746363873683418e+00
1.774849838576488592e+00
1.696868689178863798e+00
2.091565785745325368e+00
1.915761038262028038e+00
1.956407284002891211e+00
1.917050660441661503e+00
1.875686842419199252e+00
1.756660088409386811e+00
1.954338905355297751e+00
1.889104554758213705e+00
2.202152892798565187e+00
1.937360651322179939e+00
1.936682400225842482e+00
2.276262159820467090e+00
2.075038442090689106e+00
2.317958452035133732e+00
2.317083653081853711e+00
2.055338227638771720e+00
2.225469422873575631e+00
2.034828579937076221e+00
1.943112636289419104e+00
1.997536672540221492e+00
1.811632609016841533e+00
1.926222078257696202e+00
1.769632409173641063e+00
1.719499994597172066e+00
1.690961438657810012e+00
2.010521655722584011e+00
1.806732372103258655e+00
1.962132911205951347e+00
2.016674837533346309e+00
1.992969276273290458e+00
2.086346924012462800e+00
1.961713283961504350e+00
2.068156294064361855e+00
2.240884718764403871e+00
2.156053792012747383e+00
2.033390054192534713e+00
