1.643611358923148025e+00
1.473541061517161355e+00
1.422343163865799731e+00
1.486226571256558326e+00
1.418132345866089050e+00
1.469298913707639098e+00
1.683401692600291044e+00
1.702041648908790172e+00
1.596208935956052954e+00
1.576786265614860794e+00
1.661386676153756792e+00
1.635378175052858207e+00
1.637852816023978919e+00
1.788442018430703273e+00
1.894200054115598775e+00
1.715216086641557558e+00
1.646867919399727542e+00
1.968635429085526134e+00
1.619421496617654554e+00
1.894344519374260294e+00
1.883171489308602231e+00
1.780637175315178400e+00
1.845625103130150713e+00
1.701649086983980652e+00
1.839045215681567091e+00
1.795486722917350342e+00
1.705977240130070349e+00
1.936160281068618039e+00
1.812777465299821422e+00
1.963286834149099880e+00
1.727042224365191281e+00
1.698173771794095899e+00
1.572939859124680595e+00
1.783835003825888332e+00
1.795549805244771591e+00
1.880077812278197813e+00
1.788419186714079290e+00
1.578961260479436302e+00
1.487338455582261965e+00
1.582147687857054397e+00
1.928777937546414023e+00
1.643887796936103207e+00
1.705117195808985020e+00
1.787263942560003205e+00
1.743801447508396052e+00
1.883424110913089145e+00
1.818704463677255800e+00
1.713599843994777938e+00
1.830333064541107113e+00
1.828898444502945253e+00
1.607338485937501504e+00
1.473360573025303655e+00
1.620931431111413357e+00
1.461473163659536612e+00
1.423369621408304253e+00
1.637042500982709869e+00
1.616074461841044752e+00
1.640824708730640236e+00
1.572120058010789689e+00
1.612815186643170806e+00
1.613352133161325641e+00
1.481020618944144163e+00
1.491288170017829540e+00
1.605257700393265541e+00
1.651316527996703476e+00
1.828714863171465588e+00
1.707034771660188577e+00
1.578769769926011257e+00
1.737471486158170375e+00
1.958520593737745896e+00
1.933615848407691962e+00
1.836493100755279606e+00
1.787949750448445618e+00
1.483918840645486625e+00
1.548944485660584292e+00
1.823700164247121780e+00
1.785481441696272542e+00
1.951909278555298943e+00
1.734102001735063014e+00
1.731384287528091370e+00
1.675719221378955126e+00
1.836908646339213691e+00
1.717037135590946395e+00
1.666039858437472931e+00
1.661336897231081799e+00
1.847869314865951074e+00
1.795094938910344107e+00
1.947922708784784573e+00
1.885285873540275547e+00
1.598175286469406986e+00
1.605092712039864367e+00
1.539055384330326959e+00
1.453545148703306644e+00
1.667425426476526695e+00
1.709017461923384662e+00
1.758372683944751325e+00
1.866331426140161343e+00
1.717899344749436841e+00
1.830604560216837928e+00
1.773643002726916107e+00
