2.079820281655159420e+00
2.114697258233045218e+00
2.161781808283720796e+00
2.106860187792287675e+00
2.154442654018988712e+00
2.097150170840518690e+00
2.206734539631441727e+00
2.246066399804312663e+00
1.973254737819821081e+00
2.103360203866019074e+00
2.131454190519653125e+00
2.004693852554499056e+00
1.954494426959702880e+00
2.115912590240512259e+00
2.014481796916483880e+00
2.071139929687944026e+00
2.422489372839581545e+00
2.118498200948048638e+00
2.449451592204197059e+00
1.992047206156873029e+00
2.012128839932641799e+00
1.974053205378326181e+00
2.576263954697058267e+00
2.494277196005656005e+00
1.983784296332635755e+00
2.214448396190506596e+00
2.270449852181458450e+00
2.126308013725997981e+00
2.414533151254265153e+00
1.998061120246200195e+00
2.098383644609190135e+00
2.463441849249136784e+00
2.138986947025264929e+00
2.320659567582298521e+00
2.391619043524891630e+00
2.480576687222532328e+00
2.427211418903318929e+00
2.518457814281019669e+00
2.524276162906459398e+00
1.684947285851891241e+00
1.765284800502831430e+00
2.279268241307487397e+00
2.121037621957191366e+00
2.360868431836222747e+00
2.026675405160801358e+00
2.455011229220469549e+00
2.182642266739035275e+00
2.274500452619788504e+00
2.145404926566029769e+00
2.230846835019150820e+00
2.331709944546783486e+00
2.418649348419148915e+00
2.271441295647598668e+00
2.255709159930844976e+00
2.170524100052684702e+00
2.216164332150150518e+00
2.378617452975303692e+00
2.006790597952086586e+00
2.144974354435635000e+00
2.078935581548206013e+00
2.551857594333717394e+00
1.869091773413834146e+00
2.108214472108606241e+00
2.090837943670251331e+00
2.372715777508119128e+00
2.420171317605231298e+00
2.104570102514494057e+00
2.014003649652535977e+00
2.254572443818164018e+00
2.396790062470767424e+00
2.283496229352202089e+00
2.589762276759123960e+00
2.554544744155183622e+00
2.147513834380341713e+00
2.388309867808412257e+00
2.474603508340636360e+00
2.399718004861837617e+00
2.351561510430467017e+00
2.657355827723479891e+00
2.349811619513638039e+00
2.417917670205455671e+00
2.610829509641918289e+00
2.160939546488739982e+00
2.234866153463800575e+00
2.199032179289139854e+00
2.396821356721099416e+00
2.067828339013157546e+00
2.280334005063344271e+00
2.484601726023662582e+00
2.446494866138939628e+00
2.436536777971968881e+00
2.371965478148596596e+00
2.337300562620491462e+00
2.239876096397930727e+00
2.248959246270727519e+00
2.427534342609958262e+00
2.396114000390500376e+00
2.499544767795279121e+00
2.381198666670653274e+00
2.265056314486950217e+00
2.612157557451206369e+00
2.560182905909810902e+00
2.551603222989201836e+00
2.693325727963199689e+00
2.710960576261533195e+00
2.510147794218444695e+00
2.526770456586580060e+00
2.469145310741359012e+00
2.448882525326316451e+00
2.554313786335478120e+00
2.652092746146394564e+00
2.349970138692072386e+00
2.460672128047371121e+00
2.422913875205215728e+00
2.304535306808166872e+00
2.502024080173207210e+00
2.414211865711600069e+00
1.894671826512140056e+00
2.635940299009244203e+00
2.384277212585751649e+00
2.643885767343276960e+00
2.585642111246552410e+00
2.486506879289904326e+00
2.527924737287129187e+00
2.514841496121633657e+00
2.461373822160219493e+00
2.645090430155953243e+00
2.473417385771373933e+00
2.700644084486594210e+00
2.660087168416586767e+00
2.451133505582480332e+00
2.443925326976088996e+00
2.622515988392514874e+00
2.588868680009047907e+00
2.292247422886215524e+00
2.634385263681549461e+00
2.494500600436516002e+00
2.608007360000141883e+00
2.112958604591387513e+00
2.234471161948404117e+00
2.036523821703660975e+00
2.112321766736884765e+00
2.125583986288553273e+00
2.223058987070560377e+00
1.977166638177159541e+00
1.985694734556975094e+00
1.776470872427238445e+00
1.899296575217154448e+00
2.070912602099268085e+00
2.200303772799510504e+00
2.067630116726093981e+00
1.842491483848428313e+00
1.852786273471825451e+00
1.996071637262580412e+00
2.421498186722351509e+00
2.478409878719234793e+00
2.476674264645089441e+00
2.301734337558473342e+00
2.471629764650182359e+00
2.378241513740762869e+00
2.324855229661785927e+00
2.296764505469983231e+00
2.554441314849330791e+00
2.565500572407076962e+00
2.596608428890179177e+00
2.230966892530271029e+00
2.401131750687708788e+00
2.359076780524627104e+00
2.504619893955310150e+00
2.427762228436107783e+00
2.622717700776305172e+00
2.443396104480624498e+00
2.560149078966426295e+00
2.582338650211100539e+00
2.522569967756111531e+00
2.433182338543480316e+00
2.603069462029825143e+00
2.484929901631675264e+00
2.434046021142104888e+00
2.690445761596274021e+00
2.671817468718076238e+00
2.723772245443282003e+00
2.584696558238579467e+00
2.567598575159512286e+00
2.626097805697813037e+00
2.109347955979364198e+00
2.314275643794227566e+00
2.399709258051130778e+00
1.926919175001559292e+00
2.239943308070345473e+00
1.897637994821819385e+00
2.441184357170430808e+00
2.158363517945939059e+00
2.030349456208857095e+00
2.462958181922271894e+00
2.102929977084655455e+00
2.138218127029450688e+00
2.175772910043936026e+00
2.410153265823734348e+00
2.218835311739533633e+00
2.268828442321618066e+00
2.535890778505263121e+00
2.243747016200304589e+00
2.336716850156754788e+00
2.388451964435495345e+00
2.364123602839513616e+00
2.311045371090785672e+00
2.076223051350117199e+00
2.215051041619529482e+00
2.270778098690200864e+00
2.074735961047829758e+00
2.265659448015334476e+00
2.326444360543943990e+00
2.273128679121171558e+00
2.299170455509335742e+00
2.435387225150184687e+00
2.551026746119029465e+00
2.332704531584453012e+00
2.319937625783962343e+00
2.589802892113728827e+00
2.580330321403659699e+00
2.501335325485811723e+00
2.671398040374897587e+00
2.434542492648958056e+00
2.399837405105116783e+00
2.447363419843206156e+00
2.568733264040529374e+00
2.383256977493256823e+00
2.433528477359698794e+00
2.435548221072108888e+00
2.682253135682159506e+00
2.624069569322665885e+00
2.512306780129530015e+00
2.417434917433055386e+00
2.590739923638902820e+00
2.648625373103634217e+00
2.467624524572179290e+00
2.647968710658180402e+00
2.513108800322166214e+00
2.544172416136429415e+00
2.692082974178633403e+00
2.482749889797031706e+00
2.475205857233893081e+00
2.412119405965746477e+00
2.396582031866959284e+00
2.530158414107874787e+00
2.494806080057384357e+00
2.481885230212556692e+00
1.920736662186426136e+00
2.189533994367139691e+00
1.866081515140105340e+00
2.205914657406676138e+00
2.295128890028957258e+00
2.156204004347085590e+00
2.134657991308777092e+00
2.102449045104650249e+00
2.021778171449130301e+00
2.216608508812238032e+00
2.204955019548471729e+00
1.963391322576218956e+00
1.973874869560340750e+00
2.020216295643401327e+00
2.330663155672078712e+00
2.098028846725319418e+00
1.916310049530654869e+00
2.516787303443700718e+00
1.885338977704768437e+00
2.178379437449978528e+00
2.115686480966290528e+00
2.550468157925628532e+00
2.096445206191011046e+00
2.122010722884756895e+00
2.475397099423358505e+00
2.249793307079903215e+00
1.992963346630020949e+00
2.294879469534318872e+00
2.489081499116443830e+00
2.249730319693536540e+00
2.250905415241915453e+00
2.232876272636656001e+00
2.246458194308944556e+00
2.441813579476094898e+00
2.444379182783353865e+00
2.467686094713609446e+00
2.562945143489466115e+00
2.144911833897490627e+00
2.105644172633486022e+00
2.203774197321498374e+00
2.205815255366676997e+00
2.565912092388550114e+00
2.509239545673815019e+00
2.403058752441082024e+00
2.234535691681037939e+00
2.340141928993719311e+00
2.500254397074175738e+00
2.366432557568957318e+00
2.382021381075323241e+00
2.391856816222552862e+00
2.252832111872970611e+00
2.347652622981817316e+00
2.182932072370617149e+00
2.211920762330492618e+00
1.997559311163225937e+00
2.192083585550292035e+00
2.220420734353974801e+00
2.547954538334551877e+00
2.154127938452993440e+00
2.206078642857504768e+00
2.515962711425940856e+00
2.154187417428485407e+00
2.420692166829829794e+00
1.983633214668051981e+00
2.328007541035029160e+00
2.176137828828993648e+00
2.405345363959464411e+00
2.340481034887243350e+00
2.183092926297394154e+00
2.541082678925493443e+00
2.277588145434042310e+00
2.414913555241193333e+00
2.287164311822190932e+00
2.677762399689503692e+00
2.403309367388396733e+00
2.293861184331061231e+00
2.540245663402385112e+00
2.146663137969257118e+00
2.464332015224449890e+00
2.420294017875609605e+00
2.673391438638249795e+00
2.282825210022558782e+00
2.286181657262102984e+00
2.354093561613367136e+00
2.250969389621255701e+00
2.228518858165248417e+00
2.286718087610154715e+00
2.326191857281026287e+00
2.550145288106784314e+00
2.325060321079285064e+00
2.593976054087803185e+00
2.384702805170256568e+00
2.376025860947927892e+00
2.469149644620062922e+00
2.393509943123224737e+00
2.138565625201354070e+00
2.271011937504744171e+00
2.418997953671805146e+00
2.252228081596038933e+00
2.471449464923514139e+00
2.294104515176237591e+00
2.616459666839252129e+00
2.107435766192951032e+00
2.381951198274798731e+00
2.352375973481999782e+00
2.562684759492174447e+00
2.461433767904781966e+00
2.511399736729724719e+00
2.642345237791453805e+00
2.532424295974990081e+00
2.606778367146778574e+00
2.636032244289658877e+00
2.622384036174035149e+00
2.525521881140570191e+00
2.601235619948740752e+00
2.384186147620666052e+00
2.494033829640195155e+00
2.368474596414801958e+00
2.157746351814601837e+00
2.457666531720072545e+00
2.364607856019055543e+00
2.479321698056089485e+00
2.388810506152288848e+00
2.512490713305899792e+00
2.458947010070122730e+00
2.475752413362639626e+00
2.496736027447196804e+00
2.667471653176778812e+00
2.721597947871522649e+00
2.448630631844780137e+00
2.427651387947103778e+00
2.665732519606537565e+00
2.542499518727996843e+00
2.644422938117092059e+00
2.573815942325810457e+00
2.392128764009022746e+00
2.601398296063306859e+00
2.629246328759807128e+00
2.321699824037238180e+00
2.707152192172458172e+00
2.377495823989997259e+00
2.536297060563772909e+00
2.373765218188812476e+00
2.571086878605887804e+00
2.520230743903914217e+00
2.305517078981345946e+00
2.610849878555642878e+00
2.565021720027876651e+00
2.667179078215702326e+00
1.966669895799812773e+00
2.036520809676727328e+00
2.102774547353436940e+00
2.113072092731838048e+00
2.052320972072902538e+00
2.116318183492683414e+00
2.146499525090998617e+00
2.036044763990446427e+00
1.956104916393530901e+00
1.821521621546272174e+00
1.890097895237180081e+00
1.970630991981371150e+00
2.191506374502139920e+00
1.836202751993570415e+00
2.132518568256965175e+00
2.051725936492125424e+00
2.001723267602117939e+00
2.407203736442152131e+00
2.381856338342104529e+00
2.200951551875985679e+00
2.415736004577071938e+00
2.361756843861282817e+00
2.409842708794938115e+00
2.387596146852834611e+00
2.570055712578793283e+00
2.469385420480177729e+00
2.180978765632016536e+00
2.315520704234927951e+00
2.350967930130975159e+00
2.344898732027219435e+00
2.357427172911339408e+00
2.602742634554871870e+00
2.471616676388958211e+00
2.578684809996748317e+00
2.419087710500122501e+00
2.532780587758339585e+00
2.456370647145689645e+00
2.611495211846507569e+00
2.379536841126212998e+00
2.568081723688262485e+00
2.592552911065579835e+00
2.686463571221396229e+00
2.438337877081151905e+00
2.657079533690723583e+00
2.700208933166158509e+00
2.556791203758531861e+00
2.524634275484746837e+00
2.610055100956963692e+00
2.564363485626654171e+00
2.715683500939233941e+00
2.762535226740332917e+00
2.480588537000227856e+00
2.593348415962539733e+00
2.519265621961331636e+00
2.561757017926896474e+00
2.232911522056439502e+00
2.379062256738741610e+00
2.339567253942333114e+00
2.199514999992555175e+00
2.376764430208407664e+00
2.280530436456980947e+00
2.476501307675615049e+00
2.356980298214820468e+00
2.106550265029795810e+00
2.277971032304550558e+00
2.074383950091221340e+00
2.160190917830770108e+00
2.315383679006117745e+00
2.177799209666487990e+00
2.322022543602242362e+00
2.193947704594606751e+00
2.267158105686770675e+00
2.215840645870451819e+00
2.354601666610688149e+00
2.156073883195445795e+00
2.360785477836936597e+00
2.410322805696134107e+00
2.029349218474316707e+00
2.223161650992065752e+00
2.127386108550131105e+00
2.335627080947195289e+00
2.427723138366921773e+00
2.361622027001115232e+00
2.468031073838793166e+00
2.454594898279178317e+00
2.493572583041632651e+00
2.544373521063232779e+00
2.396180859503999727e+00
2.598387823043959433e+00
2.494967712238393087e+00
2.493960008707969411e+00
2.638666884028532778e+00
2.662312336377808286e+00
2.568241410475852859e+00
2.654269757887294467e+00
2.440874631819433649e+00
2.411258649494162576e+00
2.483883790863255392e+00
2.339625651778578064e+00
2.295762908840720762e+00
2.444642579707006824e+00
2.502495768272003929e+00
2.384706931920925754e+00
