2.076004093569627340e+00
2.065317815675368873e+00
2.277507034156127208e+00
2.147317830078682821e+00
2.173057990193938416e+00
2.180366596548108937e+00
2.350419029148707928e+00
2.319009422715875957e+00
2.171010711145347383e+00
2.025582752410177267e+00
1.991722823769974227e+00
1.978452109946952975e+00
2.108165481741437475e+00
2.217268672886234526e+00
2.074648178355224637e+00
2.137496899726958777e+00
2.261834778521694567e+00
1.953168033103910517e+00
2.391909524894642924e+00
1.947646597736956142e+00
2.094869922808990648e+00
2.167765899722066791e+00
2.345155148974415127e+00
2.405512815968134710e+00
2.152209435096550827e+00
2.355934137122311700e+00
2.066073793320867047e+00
1.982211737977790378e+00
2.392353179596076629e+00
2.092016593068108499e+00
2.262158006578099734e+00
2.359885835340181703e+00
2.017446076035075642e+00
1.998379542311033319e+00
2.301034144658981706e+00
2.385807698652687048e+00
2.357485986346772755e+00
2.344598829294665343e+00
2.358065026406616749e+00
1.932337004555824800e+00
2.045025276157330207e+00
2.127978946812850047e+00
2.153324726885113449e+00
2.337949987948989339e+00
1.958848182426030871e+00
2.350513451996313119e+00
2.115360009296006538e+00
2.244196271667552978e+00
2.143110557194658927e+00
2.183795491120743559e+00
2.201146906485815791e+00
2.327453348854296333e+00
2.243222292165569787e+00
2.289525548104061059e+00
2.100873132150261391e+00
2.231293804589066010e+00
2.121371170086539859e+00
1.967216220044927466e+00
2.201981170314974978e+00
2.039711923815447303e+00
2.226089079578174701e+00
2.018070192342026115e+00
2.054249654859703345e+00
2.119639277790435816e+00
2.154315098559901998e+00
2.223228680305503691e+00
2.174990867629774893e+00
2.029121874344983478e+00
1.992470698442898813e+00
2.247332454097021870e+00
2.078974683019630287e+00
2.383208823311086189e+00
2.360720703884861216e+00
2.182350707687806590e+00
2.324200303023877812e+00
2.285569039274178316e+00
2.123448081794664599e+00
2.270457366369558638e+00
2.310316033943875969e+00
2.282358793730189905e+00
2.347988770509351397e+00
2.296774552130117275e+00
1.996199917539047908e+00
2.101699076159019519e+00
2.213982217505965355e+00
2.293475098414659019e+00
2.251364406228461679e+00
2.349146589003645147e+00
2.384640361824668542e+00
2.326491752064337337e+00
2.253790728916648334e+00
2.197296269813293623e+00
2.264495260324556725e+00
2.178081207433906652e+00
2.078934019951770740e+00
2.177724978320094706e+00
2.156254351286194026e+00
2.417286464359876597e+00
2.130411229803504725e+00
2.171130765492322645e+00
2.192600593417130206e+00
2.261349463242863234e+00
2.446852835712498120e+00
2.414828758195431302e+00
2.492135873535600510e+00
2.249776061970534258e+00
2.299536949691621146e+00
2.267482791208832893e+00
2.359879960093357987e+00
2.412206319403708665e+00
2.283260271181689838e+00
2.250090093519284906e+00
2.382124302244161829e+00
2.177286063492102297e+00
2.337262674470660162e+00
2.357846008696010021e+00
2.215818475683500210e+00
1.937705749320994153e+00
2.400341802169394523e+00
2.071629629671851269e+00
2.575959249645605631e+00
2.459158774778762435e+00
2.329793643896091559e+00
2.457716124244148759e+00
2.394086679567041909e+00
2.461233267912664502e+00
2.526477329862037546e+00
2.068862868933301957e+00
2.368087207626184743e+00
2.386817467814069893e+00
2.291023963964717414e+00
2.350776275546237137e+00
2.460004403293592379e+00
2.170460894863488921e+00
2.081209035929109330e+00
2.311415319756948250e+00
2.344204559122712528e+00
2.475114330285160147e+00
2.045778056986520266e+00
2.012833628996512747e+00
2.115211955179526537e+00
2.079372079618595492e+00
2.145515830292131998e+00
2.132120376704722986e+00
1.980695630567804510e+00
1.944989804384913867e+00
1.886378217382657763e+00
1.968940843700344168e+00
2.074422399436731901e+00
2.189350120227934848e+00
2.162034772939368299e+00
1.793888875169519448e+00
1.828343071860749181e+00
2.029996740599588900e+00
2.263918600149208871e+00
2.346566078630411667e+00
2.300856443904854665e+00
2.125490573804851291e+00
2.352339797861735970e+00
2.016135374151960313e+00
1.945537322557305826e+00
2.117356908118891212e+00
2.369516384660851571e+00
2.508282920166781782e+00
2.326928368568601080e+00
2.130843604423831472e+00
2.173084754352227588e+00
2.065532876313918909e+00
2.196884131253260986e+00
2.072081894004448976e+00
2.435087045946865647e+00
2.203437400787924272e+00
2.213403541938711250e+00
2.260977193967683263e+00
2.115565260265924952e+00
2.213052481695683582e+00
2.378708036655763358e+00
2.381084553873997756e+00
2.238273511235029378e+00
2.623849162949833058e+00
2.509443965731495751e+00
2.520457174364999275e+00
2.269085928575926392e+00
2.289518801460707298e+00
2.289516692894697947e+00
2.078481769391524292e+00
2.253006430905069912e+00
2.317837149641313488e+00
2.078228014942321789e+00
2.098809101663975607e+00
2.040407716268533456e+00
2.177734576195028193e+00
2.050592535676659889e+00
2.092330457571903501e+00
2.218557088812795008e+00
2.104612517102455449e+00
2.076991449398349676e+00
2.094500396455779345e+00
2.278319832671234391e+00
2.249360407898352232e+00
2.204936048960727923e+00
2.440569400162350355e+00
2.273281214251794413e+00
2.305373664080565543e+00
2.427297407920523842e+00
2.413529417780551523e+00
2.111921989082528039e+00
1.874175321919948178e+00
1.944090724877352239e+00
2.122637010079493791e+00
2.091675326817583613e+00
2.276812760576429895e+00
2.069033507279937290e+00
2.034753462959687731e+00
2.135010314195155967e+00
2.230916173557115023e+00
2.287631548902858913e+00
2.116251793060323294e+00
2.114562653354027155e+00
2.499400972265117371e+00
2.415590136538489308e+00
2.187319955511318081e+00
2.494944299569838098e+00
2.220264002001281156e+00
2.096378946584495750e+00
2.142340090659105023e+00
2.283747609694638303e+00
2.167378072493319152e+00
2.146273424797187079e+00
2.243910209725553440e+00
2.375606764600882936e+00
2.303976153105263602e+00
2.195137907074164119e+00
2.150364889366853216e+00
2.298671950524066698e+00
2.396581016497703942e+00
2.444578034963097224e+00
2.573366980187692388e+00
2.453119683887387659e+00
2.360473609793131367e+00
2.615667612905998585e+00
2.369501940055973144e+00
2.375510407580103234e+00
2.328414226149885469e+00
2.247536665498500508e+00
2.228199143150925821e+00
2.330330134660985042e+00
2.296916660299947122e+00
1.875508817817985507e+00
1.997904250870582432e+00
2.011540351441436947e+00
2.175864715301755847e+00
2.246487884701326099e+00
2.149987933336602097e+00
2.101900782899873921e+00
2.186166559913595986e+00
2.138245058422359790e+00
2.011102589790408235e+00
2.207420953608803860e+00
1.991872334007994239e+00
2.053521323957547384e+00
2.176370511065725211e+00
2.336852502726499914e+00
2.159266769924571783e+00
1.949528197383999739e+00
2.389129076555720044e+00
1.978319379760868468e+00
2.210626927153214183e+00
2.160999832800428955e+00
2.481321232891431805e+00
2.092182813105713635e+00
2.129779495467698958e+00
2.391395655345317728e+00
2.389382182940437804e+00
2.146944370782187583e+00
2.245640556066921256e+00
2.395789757205531778e+00
2.229908591374434312e+00
2.312674359413595226e+00
2.181461749936983718e+00
2.206849594017153748e+00
2.333836508869159498e+00
2.326575955165995691e+00
2.322918195546022524e+00
2.335202016524427382e+00
2.112087077845668848e+00
2.155857126354964848e+00
2.230250085638399327e+00
2.283849596064507548e+00
2.526574873530219367e+00
2.385834198589110500e+00
2.374324949132736506e+00
2.231540886072830965e+00
2.249643237499198367e+00
2.318224274124303097e+00
2.430911095388387455e+00
2.275027158556519602e+00
2.231456597556607857e+00
2.149810157964225699e+00
2.241885089818659971e+00
2.206540946222721900e+00
2.175759058755179609e+00
1.976587920753001271e+00
2.174356900307435669e+00
2.023814994260170419e+00
2.234349090792533410e+00
2.017558319966358926e+00
2.073430481394608282e+00
2.107990297798830959e+00
2.030287934082515733e+00
2.185574568785157545e+00
1.954068138857333770e+00
2.190825926387984790e+00
2.010709315391354224e+00
2.210386141584550934e+00
2.140014503468164353e+00
2.049269995847166292e+00
2.174179815880136868e+00
2.007605716782391081e+00
2.222588840683605405e+00
2.042402386265463221e+00
2.235127048668323457e+00
2.266263150806323790e+00
2.158994899637236564e+00
2.271713866461367193e+00
1.914407570381917001e+00
2.268143735755206780e+00
2.283309093174557880e+00
2.324070816205412893e+00
2.068750551102542801e+00
2.042373452690167568e+00
2.121227569364002363e+00
2.159865364353104056e+00
2.082031758529188981e+00
2.248425997505803409e+00
2.307028813640040976e+00
2.430918388546174036e+00
2.311113276865962796e+00
2.425261555636431421e+00
2.139976585169343970e+00
2.251413807173288095e+00
2.242202045941998012e+00
2.134015022402273587e+00
1.978794774868720019e+00
2.081132811728832355e+00
2.037568049006202919e+00
2.157232733798390534e+00
2.286954200977428631e+00
2.115880264651485376e+00
2.520533685766512821e+00
2.007668838962640923e+00
2.016958299041066827e+00
2.127601885434403428e+00
2.304503333675737675e+00
2.151078292924376356e+00
2.331875210498418838e+00
2.512701449318538227e+00
2.326191990347981520e+00
2.270021831133053336e+00
2.450025968315132197e+00
2.255356324198645179e+00
2.326259590132991661e+00
2.334663554299698962e+00
2.370510256628808321e+00
2.298306658821945181e+00
2.413741091920226900e+00
2.073094732670748730e+00
2.308031754721849627e+00
2.174359431968428957e+00
2.410249750295671234e+00
2.178148472234977984e+00
2.302327420425485993e+00
2.343981260435812786e+00
2.309492673999850254e+00
2.182049814781175545e+00
2.320754405361872497e+00
2.502864394710008877e+00
2.193766463060073946e+00
2.226277123409492908e+00
2.532133874445129607e+00
2.392802425472652761e+00
2.477808854113646042e+00
2.351341383775400917e+00
2.268941438417751755e+00
2.648531531414537010e+00
2.285646851970708049e+00
2.202404210518180694e+00
2.365099772678022738e+00
2.129067441375751546e+00
2.125154017246956517e+00
2.114005215299950891e+00
2.283331884853435412e+00
2.085618435864830200e+00
2.068308937661326841e+00
2.373934634335894689e+00
2.392098683111560042e+00
2.403475591202900663e+00
1.924627719964866479e+00
2.015407290644337213e+00
1.835389488299189686e+00
2.069161068321717867e+00
1.946708850252790501e+00
2.020599563529372311e+00
2.145563581567517364e+00
2.032601391405194580e+00
1.984698758797236673e+00
1.875950011213390445e+00
2.026652081494475510e+00
2.000961181149738977e+00
2.142601811427417235e+00
1.947962537751780410e+00
2.113973997066747490e+00
1.937608664561867533e+00
1.856032438910623972e+00
2.285184964316259393e+00
2.351142807841379412e+00
2.364298812858875998e+00
2.119320408348535967e+00
2.111270354160662777e+00
2.227266185738015380e+00
2.435842583469371103e+00
2.501068142930795268e+00
2.236392043512674732e+00
2.046199954091328710e+00
2.184304116056508871e+00
2.250580626224969016e+00
2.209586518333413352e+00
2.081746269677251959e+00
2.451480418859937060e+00
2.285960932787207245e+00
2.208071726023387527e+00
2.054908008812738718e+00
2.446550197433373874e+00
2.120574805626507242e+00
2.450606955632598449e+00
2.146694490247865961e+00
2.322962927208691575e+00
2.264512978721579195e+00
2.462624758335568487e+00
2.197655797771392194e+00
2.412808150462002921e+00
2.475805282903280613e+00
2.417262190044265235e+00
2.240568177646555359e+00
2.420666586605644710e+00
2.417001458953408566e+00
2.782828028434145562e+00
2.655062287875544325e+00
2.516186041146696972e+00
2.184800439423518537e+00
2.293157056613172706e+00
2.373054798516611275e+00
2.114862620931180714e+00
2.326193328546904748e+00
2.302714949437652869e+00
2.128148468385251846e+00
2.335632167945389970e+00
2.431999811187373517e+00
2.376149122821843207e+00
2.306289566180352857e+00
2.032328398478218556e+00
2.197042519186857223e+00
2.011473521271749387e+00
2.099471429020624225e+00
2.338870250670589179e+00
2.177145510353959423e+00
2.174885113903347822e+00
2.208734848388128835e+00
2.235873631370405068e+00
2.226704019768485310e+00
2.065058846721516517e+00
1.891657284129673933e+00
2.105108884611639475e+00
2.151224757028441292e+00
1.980190850865599428e+00
2.127665780959109298e+00
2.011311618149782543e+00
2.173174344274040770e+00
2.293219564647991149e+00
2.072110660853239139e+00
2.473706066907960910e+00
2.210226710085551272e+00
2.138470249195686179e+00
2.357969106039560447e+00
2.212671608208915508e+00
2.370534569882473352e+00
2.245694288262741090e+00
2.283510151588568959e+00
2.434201105426457179e+00
2.561043598722288817e+00
2.572122624346431241e+00
2.752051184378892845e+00
2.280614910569678688e+00
2.223416381600782366e+00
2.244344387952415865e+00
2.185281053883985525e+00
2.215894339110483280e+00
2.214087933395464169e+00
1.985858963361167628e+00
2.153115524794195768e+00
