1.771590339365086697e+00
1.777923132098288672e+00
1.913625481889885238e+00
1.701557722736984690e+00
1.769247359541726849e+00
2.128702173822284660e+00
1.755512980248350452e+00
2.082686746098584063e+00
1.799104878258172668e+00
1.782472447944421834e+00
1.968131260750717537e+00
1.919123014954795758e+00
1.935049552068893508e+00
1.934752593200951498e+00
1.630021030989922570e+00
1.809344167670045245e+00
1.982556717960350490e+00
1.916766929509963857e+00
1.825593860299285165e+00
1.890332566269856462e+00
2.093887942451503559e+00
2.054360430441902974e+00
1.822783691938395512e+00
1.841565587677657545e+00
1.986106221931674520e+00
1.993078032309163028e+00
1.865430708283764893e+00
2.062024227336438642e+00
2.112737991967804874e+00
1.846275164215388731e+00
1.839518296570055389e+00
2.044176843563136892e+00
1.998349974396907314e+00
1.865978378523489578e+00
1.858190299991566929e+00
1.881263601883822689e+00
2.138627770657877125e+00
2.010763228269134562e+00
2.258323821518060104e+00
2.213544955285453142e+00
2.202853825705064938e+00
2.159563282290405617e+00
2.134795943474412816e+00
1.919796442574903450e+00
1.917056766777320176e+00
2.035274299603499149e+00
2.053631127471756468e+00
1.990296179844680324e+00
2.060542875054489631e+00
2.103085792538614385e+00
2.025795067039341646e+00
2.177582475893584668e+00
2.133678924793418474e+00
2.175187342382870703e+00
1.736627071634351260e+00
1.742971211521684438e+00
1.606343709344515425e+00
1.659410705956945620e+00
1.740991008583760769e+00
1.521349282993407881e+00
2.061120108210850344e+00
2.106916698746724936e+00
1.927144072673713238e+00
1.951152899612270009e+00
1.635783065753070531e+00
1.743934046913690361e+00
1.979623396923968270e+00
1.991369742526645448e+00
2.183803793933347670e+00
2.263946501612516204e+00
2.137055415809310244e+00
2.245761213647198939e+00
2.281845572194205918e+00
1.667414800269228392e+00
1.763180103733383852e+00
1.656876894345715501e+00
1.841482610598474512e+00
1.898730605946842731e+00
1.945279910065479401e+00
2.147698243437645260e+00
1.897995439876322576e+00
2.188425830314735254e+00
1.809360986353337086e+00
1.799203235937328893e+00
1.752296697139138049e+00
1.818609598315940490e+00
2.033546854219852484e+00
2.003320810534542140e+00
1.995008386812108681e+00
2.156223390115743488e+00
2.084133129700510345e+00
2.108905480067001736e+00
2.299007155785876222e+00
2.112652964504885489e+00
2.245898361122032227e+00
2.257545592003377344e+00
2.218901148307310223e+00
2.001550475573448562e+00
2.118215188479402489e+00
1.820252812316333069e+00
1.789002992695828853e+00
1.955001660624848370e+00
1.805639693036040772e+00
1.740240381172958761e+00
1.908961367609780524e+00
1.747125910861554887e+00
2.053624175282922071e+00
1.767491575108156132e+00
1.779499224938908775e+00
1.948876058652754484e+00
1.940814030226030606e+00
1.842555022652147656e+00
1.908389899610878127e+00
2.075156371401605693e+00
2.070598998711801642e+00
1.843059910454631911e+00
1.777476462733589058e+00
1.994213815026414593e+00
1.803397519898653378e+00
1.891083601463694697e+00
1.822957152261920788e+00
1.920380927104342828e+00
1.920794069023332717e+00
1.823740143172475792e+00
1.946956620347378708e+00
2.003070366067018160e+00
1.776696769565150769e+00
1.914904925049445206e+00
2.028433015219194946e+00
1.914245193584277471e+00
2.046878304712564489e+00
1.950463738587828955e+00
2.030571240222756924e+00
1.853321130952811036e+00
1.912901249964725547e+00
2.029474962839542318e+00
1.873483838693115633e+00
1.948809165025622736e+00
1.882157815224389852e+00
2.184702951638420210e+00
1.941166945919096554e+00
2.050290834530884343e+00
2.223405607184667065e+00
2.125486340258347262e+00
2.100749051010011748e+00
2.150862409787456020e+00
2.209898917936219398e+00
1.902415336399078560e+00
1.844970992111079955e+00
2.018499642277154837e+00
2.160279208387012595e+00
1.972818147618150775e+00
2.003625589760950287e+00
1.906062181179510651e+00
2.189149501946133558e+00
2.131178938916780563e+00
2.006279055517259824e+00
2.172107900316802009e+00
1.844780945524944871e+00
1.905324286906124653e+00
1.875773267270776090e+00
1.819308643322549823e+00
1.775913232006192111e+00
1.768580403324763850e+00
2.041851619089463554e+00
2.089070152472702446e+00
1.960506866638236589e+00
1.976347732718045425e+00
1.982092796213295705e+00
1.884035094425297263e+00
1.920488893494447291e+00
1.943731998825718676e+00
2.173407470110642947e+00
2.028420859045635627e+00
2.041417304902858110e+00
2.315137722905817430e+00
2.155506453967523495e+00
2.293102425985220183e+00
2.299984633419769775e+00
2.155637306213364912e+00
2.226955343654326125e+00
2.074521897122877601e+00
2.023531307347688379e+00
2.050709764286103631e+00
1.834492636879979433e+00
1.874619051546443593e+00
1.735050142793161498e+00
1.801307742149867330e+00
1.723900070331461087e+00
1.944927701899093586e+00
1.761054356778540164e+00
1.955830269626227080e+00
2.093110815985616657e+00
2.031674565240575436e+00
2.123689603027640871e+00
2.038115419617249735e+00
2.096999104376398027e+00
2.244635792198581115e+00
2.239614551669129483e+00
2.145746773697451371e+00
