1.752081562957636063e+00
1.737275946233257429e+00
1.808380843170346308e+00
1.703578325884946398e+00
1.693199965514991190e+00
1.873645333823817705e+00
1.766700702341059026e+00
1.916360962557921210e+00
1.722410348767581478e+00
1.819258956826484308e+00
1.872875861700872502e+00
1.827249289995209081e+00
1.955236367803388386e+00
1.930087800754534566e+00
1.578903185898110184e+00
1.808956388054093756e+00
1.873231696396261636e+00
1.848554453592021751e+00
1.690407583738921860e+00
1.876180637127481843e+00
1.993123572041218816e+00
2.071972875173381023e+00
1.818562584636211454e+00
1.810213091667224772e+00
1.969987245321438651e+00
1.978399763090362251e+00
2.060073528018486755e+00
2.123154985835463471e+00
2.062193023873618802e+00
2.004585295865146222e+00
1.807783268019610645e+00
1.840409913481035886e+00
2.053280633378089970e+00
1.869660839218248993e+00
1.832218107722016098e+00
1.766110338998845064e+00
2.301601416890388219e+00
1.951736444338246557e+00
2.206074967159133760e+00
2.246209076964904128e+00
2.053274921084226268e+00
2.095789856256343509e+00
2.058763981017306843e+00
1.733773783040921224e+00
1.806475261470499305e+00
1.863902588028741869e+00
2.197956408651219107e+00
1.930461511113875872e+00
1.978568519167763773e+00
2.156509404640772676e+00
2.091507185594454921e+00
2.207982461622230108e+00
2.066118428383648453e+00
2.140078444861893914e+00
1.668007748875523610e+00
1.813855976510384327e+00
1.573224436493602107e+00
1.652918500070573282e+00
1.465390734858490251e+00
1.621187262765296344e+00
1.850776289219601800e+00
1.782057707576342853e+00
1.874864944861340144e+00
1.769599198676671481e+00
1.653876438903811641e+00
1.821040766300737301e+00
1.995784296791224488e+00
1.949516800631769131e+00
2.053958104370161131e+00
2.005562705003783641e+00
2.155317597930296980e+00
2.220794050828561517e+00
2.275545048924631608e+00
1.563804245577483432e+00
1.693884867502251979e+00
1.621452069488830583e+00
1.678709990505856453e+00
1.759925882302431077e+00
1.832435039670739396e+00
1.924963243115169309e+00
1.740073791964154681e+00
1.854351058898442872e+00
1.729790443438322445e+00
1.873875035137552825e+00
1.782725030376727471e+00
1.913097022828121885e+00
1.965464113485249298e+00
2.052398588571636040e+00
2.049868228673598747e+00
2.144243757331987688e+00
2.155500649293115245e+00
2.157911389877005703e+00
2.112963743829791685e+00
2.088011608544492859e+00
2.282651633948112657e+00
2.214520398359336895e+00
2.122859727524252893e+00
2.006780558496905176e+00
2.108725584759392202e+00
1.767542045394222550e+00
1.790098005975487627e+00
1.852383866459269335e+00
1.803353793537743499e+00
1.710291839012715087e+00
1.854282608577329183e+00
1.729904587918152714e+00
1.888820618800975959e+00
1.759016875709638716e+00
1.746489681185782850e+00
1.784542502611691672e+00
1.876579936071510746e+00
1.878028125971459295e+00
1.861373519516429376e+00
2.042712779090053665e+00
2.061252283529480867e+00
1.790174375566971232e+00
1.757761601590795308e+00
1.904223809740390072e+00
1.639044317529767092e+00
1.858358977617103003e+00
1.738185947430402667e+00
1.897668720545005572e+00
2.086017542360645738e+00
2.011841381894929448e+00
1.956041672916916552e+00
2.049467994586223973e+00
1.850738261352589120e+00
1.946613620356108632e+00
1.972563949748864953e+00
2.008158582025105332e+00
2.077283038820437522e+00
1.943139994195221654e+00
2.028708036846380569e+00
1.865309230584720979e+00
1.862277103363195963e+00
1.913145558618919662e+00
1.800038104936830807e+00
1.943324901196100907e+00
1.954185656221723244e+00
2.137866242167078212e+00
1.925874833156687949e+00
2.116868582570202939e+00
2.303714886651104798e+00
2.215329167936850308e+00
2.110530027474091685e+00
2.077164066588819136e+00
2.109261048594258003e+00
1.730759897890763455e+00
1.646309446798863707e+00
1.817195385094622972e+00
2.040248009709672683e+00
1.863595795672486677e+00
2.006782339376379731e+00
1.801180980938090981e+00
2.068841893848945457e+00
2.232340379897300942e+00
2.076063450090512852e+00
2.191776957018734873e+00
1.929176797827623302e+00
1.948340721586794944e+00
1.908846879430563304e+00
1.760255177318333031e+00
1.732060683271563706e+00
1.747422922628839359e+00
1.861892572770468934e+00
1.912209369484569210e+00
1.959286143012026749e+00
1.809523263091874279e+00
1.852113052957268913e+00
1.810699491662294269e+00
1.933299191823370622e+00
1.902096309240063343e+00
1.941428628864940054e+00
1.982907077047012523e+00
2.018350487854819963e+00
2.056541958091308686e+00
2.121230915203964340e+00
2.283207935215061823e+00
2.257757190883190379e+00
2.196996264287549128e+00
2.284605324076232513e+00
1.985483866100615558e+00
1.756795919289488639e+00
2.072406754978332266e+00
1.781806609859388990e+00
1.829749546906997093e+00
1.683554900602728832e+00
1.650636447210733992e+00
1.624535298234974112e+00
1.907493729544558425e+00
1.894163835356578618e+00
1.935192446112802056e+00
1.995844972246505700e+00
2.058047249747090301e+00
2.137634916662556783e+00
1.966204798108683427e+00
1.921538888674202417e+00
2.202333545352040733e+00
2.253931372723186222e+00
2.229295319524748020e+00
