1.922625682733233532e+00
2.052722992434335314e+00
2.044454512839652072e+00
2.081812859033583152e+00
2.098054210008377662e+00
2.119904405786084745e+00
1.978199645325713574e+00
2.129348145083950428e+00
2.055923355789663454e+00
1.902251384677994706e+00
1.947480394729149689e+00
1.930468686317362792e+00
1.963765790461661220e+00
2.043117577000337803e+00
2.043541241561535049e+00
1.979256351017083526e+00
1.948312789313017435e+00
1.863195795632551333e+00
2.164955779306080519e+00
1.873707311380636176e+00
2.000962111730490989e+00
1.957851279194142258e+00
2.177202883979249659e+00
2.088398556063345790e+00
1.972002817353003090e+00
2.005604598846630005e+00
2.039398225612588877e+00
2.030582446926927798e+00
1.967652704416123832e+00
1.979972949095951451e+00
2.110085837924303931e+00
2.080469779411842079e+00
2.115173668715734312e+00
2.103298541230385066e+00
1.989153157477141054e+00
1.812205362085058891e+00
2.325532733112288586e+00
2.313385510978900328e+00
2.005749432602663695e+00
1.191248273636738908e+00
1.200322963765128259e+00
1.341285013383789915e+00
1.696927151397751743e+00
2.036432963373109750e+00
1.571294433208850316e+00
1.988311594822540496e+00
1.648340087119034125e+00
2.118937095031520279e+00
1.670348401725176624e+00
1.727258254137579163e+00
1.877881505784177563e+00
2.139972080099459273e+00
1.581128524818529613e+00
1.439619253971445190e+00
1.747675155374955436e+00
1.463625470877055523e+00
2.034502513422611791e+00
1.501591561020782395e+00
1.554709666684749303e+00
1.497789273595732551e+00
1.986166624126151969e+00
1.528323588201600858e+00
1.717439185249860278e+00
1.588472477267025562e+00
1.762950718917788429e+00
2.373753917743130160e+00
1.773704261597583542e+00
1.693756901540557580e+00
2.003340552716622369e+00
1.951763535476047418e+00
2.068719678611290025e+00
2.030740898200042110e+00
2.462121835009314363e+00
1.824816481768348542e+00
2.017683210943267191e+00
1.828264690618544908e+00
1.837024444748736274e+00
1.847031024734784088e+00
1.911100935542040080e+00
1.834888821382662849e+00
2.106388304961203772e+00
1.807781944223914472e+00
1.793310274817879080e+00
1.992623286254989967e+00
1.772675771601723405e+00
1.763885293858009629e+00
1.703794938403267123e+00
1.825431316967391693e+00
1.895579565745744821e+00
2.031491246906745207e+00
1.814851489481640101e+00
1.637105235294869399e+00
1.485813355069248054e+00
1.776246674327787600e+00
2.010482289591306593e+00
1.621454921451593867e+00
1.504510451525861825e+00
1.690557917769509144e+00
1.987589986253824659e+00
1.868562193778609215e+00
1.715064000571799641e+00
1.447891575138849252e+00
1.703248083887340281e+00
1.641522504095647150e+00
1.678036252900254155e+00
2.022577052011974796e+00
1.878266701012935247e+00
1.940897348321914073e+00
2.044762826676890910e+00
2.169383144681505726e+00
2.155086362819163437e+00
2.069658062478458405e+00
1.459980240958181241e+00
2.145694255501669367e+00
1.502862836676757574e+00
1.640983779161033329e+00
1.726325563883613912e+00
1.683902644849008423e+00
2.228926894829177829e+00
2.048544186356451746e+00
1.995522546719050050e+00
1.929074781326162391e+00
2.143557703561083549e+00
1.995338749211035712e+00
1.934075943254564667e+00
1.981611804882386085e+00
2.235121218849021929e+00
1.857262062081691978e+00
2.269163768427625349e+00
2.196067076230184156e+00
1.993506865578513976e+00
2.126533839460075459e+00
2.430603676487694376e+00
2.002262446121843897e+00
2.230387655068762243e+00
2.403857117309906588e+00
1.907722210488896897e+00
2.390066088113178555e+00
2.003278021757849636e+00
1.940878998951699241e+00
2.075761071873088337e+00
1.913453484937564841e+00
2.131400401575327841e+00
2.152509804779288327e+00
1.956590327417095487e+00
1.810458632549400981e+00
1.805221825505277655e+00
1.847978237346609598e+00
1.841521522505436659e+00
1.768459009235827661e+00
1.838520540362329259e+00
1.958253049659443912e+00
1.878806584400989799e+00
1.705979148083563102e+00
1.645148670212601250e+00
2.244974281722894371e+00
2.361688413397363906e+00
1.709861660774113723e+00
1.664602803434244604e+00
2.245322896829121007e+00
2.231173166262137908e+00
2.085243428651574860e+00
1.777676621647669375e+00
1.768750442013026003e+00
2.058991473745816592e+00
1.924030187862171948e+00
1.989071670542911230e+00
1.981052508991190342e+00
2.071144368052677098e+00
1.956115956303222880e+00
2.098967857322836750e+00
1.795917252263641517e+00
2.082448328058246645e+00
1.880961470709866079e+00
1.782829347411891918e+00
1.977384405669133205e+00
2.037714008422697010e+00
2.033918266010003251e+00
1.914495770089938986e+00
2.511055828081693697e+00
2.342352409704958394e+00
2.542179163854913604e+00
2.185763892468150171e+00
2.167140884820712099e+00
2.263068712734668697e+00
1.735976931747007734e+00
1.787765818552162989e+00
1.863994623487507107e+00
1.603195419973297398e+00
1.720478277937915301e+00
1.488144212618492057e+00
1.712890492613739157e+00
1.949799761839126733e+00
1.129126997562804879e+00
1.679598155127191905e+00
1.625850515128301588e+00
1.754460238041245734e+00
1.536464131684438739e+00
2.000005961226726914e+00
1.632816174008255405e+00
1.942495384635702038e+00
1.664876613404322248e+00
1.944169605625904351e+00
1.492978251020400382e+00
1.625146624311609722e+00
2.308488880341786231e+00
1.961592950782108158e+00
1.790086508778788499e+00
1.843282038356259811e+00
1.937634111216869792e+00
2.144952116419768018e+00
2.250931687558991090e+00
2.044680612091955840e+00
1.984689803522610152e+00
2.078012923625156549e+00
2.050754718759758788e+00
2.249588522797290491e+00
2.082864688088764460e+00
2.115362935015862256e+00
2.160834442202080208e+00
2.407339866615907820e+00
2.037817328310583154e+00
2.473648498373280269e+00
2.172666055734135071e+00
1.945746556382635051e+00
2.080308634130641376e+00
2.156060260699186770e+00
1.943765642356016121e+00
1.864706970619885995e+00
2.000471216617204284e+00
1.843739614660706572e+00
2.321797050873061430e+00
1.695066233555158730e+00
1.984593342518495840e+00
2.223713544008242504e+00
2.309613059866016282e+00
2.064589954608685218e+00
2.167876982302072708e+00
2.095392463699401020e+00
1.963427963302593060e+00
2.154876138490858573e+00
2.040552869848863082e+00
2.015080733289312587e+00
2.053411278496613868e+00
1.981877264461110677e+00
2.090245459010108053e+00
1.954187549403710866e+00
1.940832709523028665e+00
2.022371928323638102e+00
2.046440613108829076e+00
2.111408248375060026e+00
2.300853334390928762e+00
2.196504693529713670e+00
2.307599374968195782e+00
2.280143978479492350e+00
2.276331070428410985e+00
2.197619290668976877e+00
2.156163819456524688e+00
2.320689886084637443e+00
2.128038699849322146e+00
2.166551975728235213e+00
2.177551777189334903e+00
2.379516943212441671e+00
2.237017842083417030e+00
2.112850003692105183e+00
2.244218588420503480e+00
2.118446049720790647e+00
2.320832027103299389e+00
2.212961346775951021e+00
2.464449392325316346e+00
2.206271659988865430e+00
2.244195088400517957e+00
2.363296494427392425e+00
2.450282967633675479e+00
2.132651296011328856e+00
2.351684541863980460e+00
2.445141898780097467e+00
2.248030368571134474e+00
2.409781366582861573e+00
2.238562852619177868e+00
2.196550882237896296e+00
2.420265272711016102e+00
2.558565776760239441e+00
2.509242110898675104e+00
2.490950140780535449e+00
1.941564298879875139e+00
1.962909713196892891e+00
2.039777790139400082e+00
2.034438617795077953e+00
2.545411489330908772e+00
2.418038531542767711e+00
2.387729113191823682e+00
2.062385369075022012e+00
2.284709711288182454e+00
2.271049436288028023e+00
2.284941871130461877e+00
2.152304577408020059e+00
2.120098701492269644e+00
2.132278647817325457e+00
2.209065384754058226e+00
2.146070245134290566e+00
2.080038833403196286e+00
2.028137797140352916e+00
2.243258724328665021e+00
2.081972054971692909e+00
2.222894126340576371e+00
2.015592975378777130e+00
2.112035981726338107e+00
2.239163268968954679e+00
2.048706620255249522e+00
2.333040306722950152e+00
2.050322517457200622e+00
2.241146807753922499e+00
2.079073365439297216e+00
2.232769798465408684e+00
2.237591147914477663e+00
2.048233850475129181e+00
2.353548373910284042e+00
2.050657994701744258e+00
2.299365289017241132e+00
2.131936683461876481e+00
2.174199269993092098e+00
2.106552347034265527e+00
2.205687964713301863e+00
2.396211956629336726e+00
1.974948592043598516e+00
2.332614736133839184e+00
2.263979595160954705e+00
2.337705749283607304e+00
2.046472263139623493e+00
2.108357252330305798e+00
2.121613495680039208e+00
2.147787310231223046e+00
2.094513764923583654e+00
2.311351635501611490e+00
2.414551700033723325e+00
2.347792817992401915e+00
2.331997182702445492e+00
2.386922668451416651e+00
2.125026554128770062e+00
2.364005700537410881e+00
2.365723274822585598e+00
2.140636104863491873e+00
2.014623387570135815e+00
2.130826304429288776e+00
2.100866414230693202e+00
2.236609641798498860e+00
2.473447223428894226e+00
2.286788043108999524e+00
2.471089014090802838e+00
2.148763250938345859e+00
2.126949715804702379e+00
2.195266396159057720e+00
2.250746431777997270e+00
2.382325009062136623e+00
2.475073671022092192e+00
2.436114709649552346e+00
2.547871539254338735e+00
2.340484599006356081e+00
2.520318674308353657e+00
2.388811454971281112e+00
2.417741946574958778e+00
2.392855123276273588e+00
2.393374812053476575e+00
2.368727985484697207e+00
2.219089116681245866e+00
2.215954707555919168e+00
2.286815367044034097e+00
2.244500604118108811e+00
2.359396554785800237e+00
2.127950753731783884e+00
2.318631349972091638e+00
2.354172359580717355e+00
2.442253256998111688e+00
2.243821071359132002e+00
2.498799278714438188e+00
2.250903535513408826e+00
2.297110478636998021e+00
2.301870599195473321e+00
2.521514225085738303e+00
2.363011333695955507e+00
2.436122618810062868e+00
2.343647715410608789e+00
2.251267635794470756e+00
2.651739040733589015e+00
2.330548678398963069e+00
2.262052906749058678e+00
2.456457465175247989e+00
2.194609029387793342e+00
2.281986918118882102e+00
2.097185290213116726e+00
2.396226875664656308e+00
2.144904202012699823e+00
2.122613099491027722e+00
2.487372686313742864e+00
2.354762966202529562e+00
2.488677382415671602e+00
1.989336103692286972e+00
2.120936554068814317e+00
2.083845056187735967e+00
2.209030771629546308e+00
2.030267383448985274e+00
2.253545356983780668e+00
2.213255072429831216e+00
2.187177991623156625e+00
2.064337139828788636e+00
1.902746023908590267e+00
1.952410712789787617e+00
2.107247077124365209e+00
2.141852209188909839e+00
2.009905031514833684e+00
2.155841846027416686e+00
2.063109104340941524e+00
1.987041557341408637e+00
2.378551550953934335e+00
2.317742275098538141e+00
2.255070808976754826e+00
2.126279044889624714e+00
2.084302368176642606e+00
2.271895433366167172e+00
2.248243620171246793e+00
2.340870609714784223e+00
2.279652838894035582e+00
2.090131360252117876e+00
2.153731888941661232e+00
2.214204994423432105e+00
2.199757105665255619e+00
2.226296511808113276e+00
2.383711230812132431e+00
2.229267141564069465e+00
2.290562046479405200e+00
2.183574169127822540e+00
2.348236777465100733e+00
2.257810908551219242e+00
2.478246931614663140e+00
2.238129198867165659e+00
2.413713780235672512e+00
2.342116835527223273e+00
2.464514390168643487e+00
2.249426475977277295e+00
2.487849028490113579e+00
2.529237647232507324e+00
2.457125922378087246e+00
2.191138169888851017e+00
2.396376830562235050e+00
2.278135665915973718e+00
2.515873301325516564e+00
2.668258059209189792e+00
2.343474389666575952e+00
2.354738061021164786e+00
2.196374351661097624e+00
2.338802517389256153e+00
2.240097218365004750e+00
2.248229464402149436e+00
2.300597860257284299e+00
2.264575785632445104e+00
2.365656232979299833e+00
2.380038261086304896e+00
2.435330683243312588e+00
2.363896155288694789e+00
2.170193535884667124e+00
2.241967436645137646e+00
2.099272653854268533e+00
2.192000012044719170e+00
2.232671375223454380e+00
2.078198192726085747e+00
2.182262665521109035e+00
2.152496652094249896e+00
2.169267540104898639e+00
2.173035215345231475e+00
2.225035351121310345e+00
2.031635198081231053e+00
2.146036603466968895e+00
2.211656342756051163e+00
2.113312173498361535e+00
2.254124611021206537e+00
2.103131521950327265e+00
2.200581632081088479e+00
2.426287085408441957e+00
2.152676919702750435e+00
2.518773636730452736e+00
2.228604369037039845e+00
2.224489566300630106e+00
2.275641909899591475e+00
2.260898713923231274e+00
2.362465794091165971e+00
2.485233852234048690e+00
2.318865944445677396e+00
2.485331399037079780e+00
2.407475499392890406e+00
2.465608490330669422e+00
2.465984219254524934e+00
2.244480546804495713e+00
2.085136182947533001e+00
2.252358804613638465e+00
2.164747449962335146e+00
2.117592737294473615e+00
2.138482483197169604e+00
2.145042201032278051e+00
2.123502819591475799e+00
