2.077688429577515095e+00
2.056906155413570580e+00
2.105052392860118804e+00
2.113046118883950442e+00
2.114199424606559852e+00
2.086706383560272826e+00
2.018628709420616563e+00
2.426609573713438994e+00
1.988509413250976410e+00
1.970156724792838210e+00
2.030570097140838470e+00
1.989243196341461406e+00
2.063794637097978946e+00
2.205705092612278317e+00
2.043754726472787997e+00
1.992357857285430134e+00
2.347164087998018900e+00
2.064716987548365967e+00
2.473790374066084485e+00
1.998060505330573555e+00
2.083430619381553495e+00
2.170422620875116948e+00
2.500269903321623577e+00
2.541026857837926922e+00
2.087842771278153542e+00
2.353089168070847226e+00
2.214514281734513812e+00
2.120289919342868146e+00
2.492477965577571286e+00
2.146324976606391655e+00
2.317644391253908864e+00
2.424461927344202294e+00
2.160429122794393919e+00
2.229885381887319440e+00
2.339361753729745530e+00
2.408695917291364008e+00
2.458424877053862367e+00
2.508753851376925859e+00
2.433049492086726495e+00
1.914820073236588982e+00
1.957648669309795642e+00
2.450722534680994880e+00
2.035044004667703632e+00
2.482761693027180527e+00
1.921212836237249144e+00
2.400908715030226848e+00
2.160082415868787020e+00
2.374865318244853363e+00
2.253302897767434310e+00
2.151267584061617555e+00
2.301373467725904121e+00
2.286722234819451582e+00
2.252252242278377725e+00
2.135695586055731621e+00
2.141132599248009249e+00
2.190719228642123095e+00
2.241037190298160287e+00
2.038021045575817425e+00
2.119899610821867952e+00
2.101250614760357571e+00
2.450176314707544822e+00
1.974558848418355828e+00
2.107131813547855614e+00
2.096035871364350101e+00
2.225853361967071731e+00
2.331364213527959084e+00
2.178309606963158895e+00
1.972477283099478118e+00
1.976557678373042526e+00
2.252691693905152892e+00
2.135956845526759018e+00
2.332739579248038986e+00
2.376209361595771785e+00
2.217428175212298846e+00
2.221389429217729194e+00
2.292330868440770164e+00
2.077455600856683127e+00
2.240337217957469207e+00
2.358627649123665737e+00
2.301901584467721307e+00
2.313809297825136557e+00
2.330745812129773054e+00
2.011668562640140490e+00
2.276749062437429139e+00
2.273534850710157595e+00
2.156122747089102898e+00
2.130712086300911690e+00
2.326864567544256968e+00
2.621027671214628096e+00
2.511369454644141186e+00
2.352417022439518224e+00
2.236735635863923655e+00
2.173923282306056581e+00
2.116378883784406639e+00
2.118381610302831231e+00
2.349724840075885002e+00
2.283387875107650622e+00
2.575393927672133376e+00
2.179678617630846915e+00
2.156606360897689978e+00
2.276635614080998238e+00
2.377755849650250219e+00
2.478046451400714556e+00
2.487866551762487166e+00
2.399360920194056668e+00
2.331809534065198974e+00
2.354210328599245727e+00
2.256119897381730244e+00
2.358936853787882537e+00
2.433615572663465620e+00
2.467482346238159430e+00
2.269940735733618986e+00
2.346525230236397253e+00
2.333840496506004225e+00
2.274049600424671080e+00
2.340800649173517378e+00
2.284827391227498339e+00
1.883872085335589697e+00
2.464859598612317182e+00
2.162434047235445966e+00
2.760030641602226442e+00
2.487137749785862884e+00
2.262666465350651634e+00
2.336907864614358399e+00
2.315250381441169125e+00
2.323878100171551164e+00
2.538142616873958701e+00
2.323654282248341030e+00
2.497613821829936853e+00
2.476705588894744015e+00
2.227638161864161859e+00
2.326350431510409766e+00
2.490433075376606187e+00
2.218746845931188094e+00
2.066138046373334536e+00
2.416599852670813675e+00
2.192423947813713081e+00
2.471213964422181331e+00
2.077183203030346537e+00
2.126627722181881008e+00
2.014411390297524029e+00
2.004371101926450294e+00
2.130856792451666148e+00
2.137893582992591579e+00
1.948214914479538207e+00
1.899442822394843855e+00
1.833431503327124901e+00
1.998214752973791919e+00
2.069452973052261502e+00
2.203374588314633620e+00
2.115121705607394986e+00
1.702103746746390200e+00
1.864407007782183934e+00
2.018674224055546862e+00
2.343328567739457302e+00
2.369628674626375275e+00
2.424110563849041000e+00
2.195189733990060343e+00
2.373366095880388826e+00
2.196286930675343640e+00
2.115378577559608786e+00
2.176614236738672048e+00
2.624518690441481450e+00
2.490361933523515869e+00
2.386754449791521182e+00
2.068012187454591810e+00
2.329536847160410762e+00
2.322972004453524253e+00
2.274613518353035602e+00
2.326710137448671389e+00
2.574973888311938186e+00
2.274064202314598493e+00
2.451907949479363857e+00
2.472519536236936766e+00
2.199501174049400820e+00
2.249750194426369809e+00
2.527996112567492570e+00
2.535987748824295451e+00
2.389802702815563951e+00
2.568704315591303633e+00
2.659583509296182147e+00
2.582641345039283109e+00
2.228093144108926449e+00
2.302762130496200044e+00
2.375481938378154023e+00
2.059627832631557354e+00
2.376602786901043096e+00
2.460049323204095195e+00
1.959567087033667221e+00
2.254231822080471126e+00
1.920656119793026750e+00
2.381254038317162980e+00
2.252519760321586517e+00
2.003964099712336910e+00
2.312377499219035126e+00
2.023989395944895353e+00
2.164845092835594897e+00
2.163495692204158605e+00
2.397312885404632610e+00
2.287167401617092644e+00
2.355699314510032671e+00
2.507926187408060947e+00
2.343453593979932137e+00
2.367183521734165907e+00
2.462039840094849552e+00
2.441767841575115838e+00
2.231733901805980302e+00
1.917185367096438053e+00
2.157402622761091404e+00
1.945316412519677796e+00
2.068987494719380926e+00
2.252193266294011842e+00
2.101854122705676620e+00
2.139205568469829899e+00
2.225215285532978982e+00
2.268755535960850889e+00
2.393984629929799546e+00
2.163800838764560641e+00
2.179008190221187746e+00
2.453509045698491153e+00
2.418803546217509481e+00
2.191915460963246964e+00
2.498058239073929876e+00
2.201535124648271502e+00
2.228748908211687585e+00
2.279925354428422590e+00
2.220882068922028996e+00
2.215428897690087329e+00
2.286085524986268158e+00
2.271855479568563929e+00
2.512832201826828538e+00
2.545099781343882928e+00
2.382667862891543642e+00
2.248756776140891311e+00
2.354610472152375067e+00
2.494689191590338417e+00
2.534343815378469422e+00
2.661424793176478509e+00
2.499769112996178322e+00
2.389642476650557512e+00
2.789694756136392950e+00
2.420398124776931059e+00
2.368124957019830834e+00
2.263330557525509601e+00
2.312519368190985247e+00
2.270449947518279110e+00
2.383323097453677430e+00
2.250273706268523632e+00
1.649675798466574417e+00
2.151114181394520930e+00
1.886900035022627264e+00
2.109362949090404893e+00
2.073148599411492654e+00
2.240997389155358732e+00
2.067912538960376523e+00
2.133102229172063602e+00
2.131783961012613915e+00
1.994197736067808702e+00
2.226711726999277552e+00
1.996822830513509839e+00
2.056129133889226246e+00
2.069217866494670321e+00
2.304862572861911652e+00
2.155471189125798048e+00
1.948664388329253594e+00
2.220592601750686956e+00
2.006656385405538590e+00
2.205679272161741977e+00
2.122000000207266091e+00
2.665018360674887177e+00
2.116541929609021988e+00
2.182823352569637443e+00
2.360520297045658022e+00
2.344177176024457410e+00
2.131005654998674004e+00
2.251635840503575459e+00
2.455635107479101631e+00
2.214403567457218447e+00
2.290216366948842897e+00
2.322611788482664696e+00
2.309831662243675865e+00
2.426979173054773398e+00
2.498696516096607922e+00
2.513466943727268532e+00
2.491969161075475281e+00
2.070252508666505786e+00
2.003952859617371018e+00
2.075886637847723204e+00
2.116243151154532320e+00
2.587917268366424217e+00
2.385611539924161306e+00
2.383478643598831326e+00
2.157740326547286980e+00
2.186231273936543484e+00
2.256918304226005478e+00
2.223747860422867539e+00
2.218072824696531331e+00
2.117371987629387942e+00
2.064962513127440502e+00
2.140722076898886161e+00
2.198092722311367542e+00
2.108395108224296433e+00
1.988591773753086267e+00
2.167412142458907454e+00
2.042437691799681154e+00
2.343669334694959971e+00
2.059184458582986377e+00
2.132921006533461838e+00
2.323721251016555467e+00
2.021768242120018488e+00
2.437172676024522477e+00
1.998903694462246472e+00
2.192034269822874304e+00
2.095235897798262137e+00
2.219949598201716334e+00
2.199488983350125881e+00
2.006025990893326671e+00
2.318971610655052196e+00
2.028837557694410876e+00
2.288564666116561952e+00
2.177703566109453703e+00
2.211031045038843956e+00
2.181997163923196315e+00
2.179108942151036565e+00
2.377716229910505241e+00
2.055901414230354440e+00
2.119829751644604077e+00
2.243130069506363622e+00
2.386632464529530928e+00
2.258009040103755360e+00
2.124132684377719293e+00
2.143664166977485852e+00
2.234692467928379944e+00
2.007014702383475235e+00
2.200132071402741918e+00
2.377896647495578719e+00
2.365852146695230029e+00
2.397643940272434993e+00
2.527152807346691343e+00
2.142094151045609074e+00
2.411912753805470988e+00
2.447299017524221743e+00
2.135737878428032754e+00
2.065986502849377349e+00
2.140335819601371981e+00
2.212761404613917016e+00
2.208555966587964381e+00
2.314404166291529563e+00
2.325044627116809259e+00
2.428571111390821269e+00
2.182571527721202553e+00
2.185105263165812328e+00
2.312492597511120795e+00
2.424842966368560226e+00
2.354497331408661687e+00
2.369005136809722689e+00
2.490487893859946400e+00
2.398078733468142598e+00
2.397142325073859048e+00
2.426085779112192142e+00
2.376649512267793529e+00
2.395507835095535665e+00
2.318530994780746202e+00
2.312375655742299418e+00
2.362043748798978715e+00
2.219971352762394101e+00
2.143036871397033138e+00
2.296067405307332887e+00
2.291489673377630876e+00
2.268397752422732783e+00
2.210858925295991817e+00
2.319144695963302638e+00
2.339595943608217876e+00
2.409403832115775135e+00
2.293295363280186017e+00
2.388991512946180062e+00
2.592462996082917304e+00
2.151309373242640710e+00
2.164822408742375082e+00
2.441367730314314421e+00
2.341253543047659758e+00
2.424726137541552529e+00
2.301648004311390050e+00
2.235914229448709989e+00
2.602111718948696417e+00
2.391016679826400981e+00
2.275330854658439428e+00
2.552215872855549517e+00
2.188864164008942126e+00
2.278590536659715227e+00
2.145614616919619966e+00
2.478496337153414775e+00
2.216228760526598673e+00
2.215283372077140100e+00
2.440229237483920510e+00
2.432495541656248594e+00
2.559950263105776891e+00
1.880554595396726425e+00
1.926775455787033353e+00
1.836221351105020272e+00
2.051201306713756445e+00
1.869088806056407259e+00
1.979796739471771261e+00
1.973711752308829226e+00
1.948825015151602003e+00
1.854849769537347370e+00
1.780633700685276155e+00
1.931437315480956540e+00
2.052481383773542056e+00
1.967615491509084436e+00
1.863863256388724077e+00
2.056773086311664223e+00
1.769970073091539753e+00
1.954444352560290588e+00
2.319807920202966667e+00
2.373081277279930124e+00
2.431886602979808742e+00
2.232747792128789488e+00
2.224491301860193282e+00
2.480886951760462367e+00
2.256134264509118914e+00
2.370392165273383256e+00
2.198089765907460968e+00
1.971852805187044755e+00
2.097528269849560090e+00
2.034599571568806997e+00
2.110977816131248908e+00
2.226572768031567673e+00
2.292936597694610334e+00
2.279254661921189307e+00
2.322483970021158139e+00
2.273617378743369333e+00
2.457707472871194287e+00
2.384000976346835721e+00
2.449966930608253879e+00
2.234951794837578554e+00
2.330940950132275091e+00
2.439985445288343602e+00
2.475735506270631436e+00
2.222984435395275238e+00
2.545800999059029124e+00
2.558991543202927765e+00
2.452424018394794736e+00
2.428719264110500653e+00
2.556678610496156967e+00
2.459862541376320433e+00
2.821328798730440290e+00
2.551778272232589018e+00
2.492773012321383153e+00
2.434301026112147603e+00
2.378535176697365028e+00
2.478653640065647590e+00
2.179177170371750183e+00
2.356550246638448698e+00
2.290191358893153062e+00
2.174199273450628578e+00
2.405321383037807070e+00
2.408458559285768352e+00
2.535588482209217620e+00
2.535943838311481180e+00
2.069738761823081585e+00
2.127385007048823606e+00
2.021970738186098071e+00
2.051869238511673910e+00
2.232585745569416691e+00
2.007660075771654284e+00
2.184405288653874067e+00
2.141672440768828345e+00
2.170240738992347485e+00
2.186527740941903275e+00
2.108281548290957375e+00
1.887622040473363683e+00
2.086379916835155779e+00
2.153404761713655358e+00
1.956966756741811864e+00
2.079861725528464600e+00
2.041986196646598639e+00
2.103971156323652725e+00
2.404629625809539650e+00
2.187666576084250636e+00
2.515748886076969892e+00
2.283492658737023007e+00
2.336496774257606379e+00
2.181442810281533529e+00
2.084344646379668653e+00
2.344195365465407743e+00
2.373908004250664838e+00
2.227123542303314441e+00
2.525146898970362486e+00
2.672575509767596724e+00
2.541912404078357390e+00
2.752547999130752210e+00
2.390577791377287653e+00
2.309392258838323109e+00
2.380941426710816877e+00
2.183203415115709145e+00
2.275138396873219726e+00
2.367391362232828200e+00
2.389320755117934070e+00
2.373911287772923373e+00
