1.724310118947940618e+00
1.615586701374328360e+00
1.924762704982056594e+00
1.639216734357149541e+00
1.647253282172743249e+00
1.962665118723530888e+00
1.596826813171258408e+00
1.951909580106363507e+00
1.583949895718661960e+00
1.788650386517082636e+00
1.740589145383302672e+00
1.726095324327481251e+00
1.884875225063207038e+00
1.820646445518897982e+00
1.656601428579939306e+00
1.939221390562802183e+00
2.108531133826083259e+00
2.044731172968381916e+00
1.816197786565187933e+00
1.948260397533741806e+00
2.111713657585324810e+00
2.159300593683573410e+00
1.731358373756252345e+00
1.776016148583847709e+00
2.028591047316740781e+00
2.171368158305884144e+00
2.034329588422532975e+00
2.160243818674520977e+00
2.147124045596791486e+00
1.978185878783331297e+00
1.748732926963462164e+00
2.055978684861027528e+00
2.194694489208251387e+00
1.894059135951976058e+00
1.862126740333105657e+00
2.007584192692872804e+00
2.255919998524092307e+00
2.226355850277887960e+00
2.412410780292958190e+00
2.202686820654795152e+00
2.239910729708745940e+00
2.252952707133348387e+00
2.183729199925734221e+00
1.963935146061682735e+00
1.898402613205425027e+00
2.021729970499987150e+00
2.247557879149168159e+00
1.969462716303692851e+00
2.124228697944464894e+00
2.225505376834577831e+00
2.163203934025557551e+00
2.328992744341591870e+00
2.157486158437151857e+00
2.225935907604373654e+00
1.821366448139419170e+00
1.820451983376099925e+00
1.666972370826429906e+00
1.696936562752267896e+00
1.639621631217980768e+00
1.619639782861532762e+00
2.180952785868290889e+00
2.210257958945899937e+00
1.982570519644359042e+00
1.996379350129756869e+00
1.687144292977016846e+00
1.921480228684163016e+00
2.039586766355923508e+00
2.075197443400935260e+00
2.229782770745496467e+00
2.332598902543307595e+00
2.239485000801609171e+00
2.306832241926379368e+00
2.307097967493336288e+00
1.734286551055449044e+00
1.872581562382025222e+00
1.691389948106041485e+00
1.840026598391415913e+00
1.993055855155176248e+00
1.982684813439510307e+00
2.209310118248676069e+00
1.926205061325953594e+00
2.214667278242362869e+00
1.960023026031214810e+00
1.856309617283518509e+00
1.750884325269615793e+00
1.927515791526379418e+00
2.135174756955678266e+00
2.092210801953952259e+00
2.060171689716584265e+00
2.157973054199470386e+00
2.108090998279896322e+00
2.129197963510869762e+00
2.323335845665939647e+00
2.197180848772814610e+00
2.227989907752460308e+00
2.230260905581554542e+00
2.180707929893480390e+00
2.108459039869944540e+00
2.228433025403890433e+00
1.856446467594417449e+00
1.763077050810113233e+00
1.786032286540002678e+00
1.814825887132796689e+00
1.696739430764403478e+00
1.801933213313942295e+00
1.765480390239128061e+00
2.070022336697827203e+00
1.791773452973931979e+00
1.682091916880452898e+00
1.802354142104219514e+00
1.991157103430549302e+00
1.838310769884554885e+00
1.695446582669559721e+00
1.958332068671479798e+00
2.113286056130068147e+00
1.946766830630436429e+00
1.886927364827966525e+00
2.095903006904885402e+00
1.909129507424444538e+00
1.874616472576411619e+00
1.823742876698067894e+00
1.949846583182971216e+00
2.048683981338876858e+00
1.878053277761653206e+00
2.077302457991115681e+00
2.085812448250086160e+00
1.793073882748993597e+00
2.007085990442191825e+00
2.065191042913262720e+00
2.013265412497218687e+00
2.124536865160031596e+00
2.060808700628151691e+00
2.102604478301110191e+00
1.956908391148745707e+00
1.864206375235094582e+00
2.024264999162733947e+00
1.923283800952219735e+00
2.057773462639635564e+00
1.949993295804636873e+00
2.259020408846317718e+00
2.061168316807558298e+00
2.229824507397182298e+00
2.333515988151532827e+00
2.229106779280383588e+00
2.162900024071090499e+00
2.230181622566140831e+00
2.277713641903132302e+00
2.000067036980172297e+00
1.929475374710012181e+00
2.152083794091259161e+00
2.176266779352714842e+00
1.892606867173693530e+00
2.088659776178282801e+00
1.884103655251904152e+00
2.273640701145096532e+00
2.196326160723745424e+00
2.130043882385669107e+00
2.256334774401863363e+00
1.822586034487708062e+00
1.871905014610494300e+00
1.912263798120646285e+00
1.740247690361384603e+00
1.749130229690921690e+00
1.600916937975519261e+00
2.196954850023152606e+00
2.146427639424212330e+00
2.233410425337668759e+00
2.016337398374936196e+00
1.949536740942069413e+00
1.830637184624101632e+00
1.984826946486025978e+00
2.074041460676279147e+00
2.206872250483260522e+00
2.085857324306259919e+00
2.115706771969297240e+00
2.292884496998412569e+00
2.234129533490012420e+00
2.339297319445853063e+00
2.371293120538589871e+00
2.167155464619542116e+00
2.264561054332835610e+00
2.108029807618200913e+00
2.081137566837821140e+00
2.266882376988426984e+00
1.790474576151346087e+00
1.967915413894777199e+00
1.800771797954121123e+00
1.800821458574109579e+00
1.801967618884487310e+00
2.078548898021331137e+00
1.882791729249362334e+00
1.983678163037028153e+00
2.055564179222586496e+00
2.057298328847604996e+00
2.171474929307619206e+00
2.151958287849540241e+00
2.174847345106150520e+00
2.190836309295103312e+00
2.287781131694667458e+00
2.221479427612053748e+00
