1.728812692193444800e+00
1.851715917624053853e+00
2.004462164574588368e+00
1.693443722997304057e+00
1.828389341002322199e+00
1.871270775598430358e+00
1.865786958621780789e+00
1.911546588567161420e+00
1.775550017930497715e+00
1.731193136440164482e+00
1.902830699510902335e+00
1.728116766551101247e+00
1.981028018451575612e+00
1.979832869790483896e+00
1.850398592779685991e+00
1.964817814354840930e+00
2.114950363351963514e+00
2.034359140901361940e+00
1.948756146937864697e+00
1.998881771991821266e+00
2.085854582991994111e+00
2.090484365813485734e+00
1.827628173555381874e+00
1.790968288118073293e+00
1.937302859315825243e+00
1.953009157686303787e+00
1.889653230124194838e+00
2.137866850536322527e+00
2.183747592377705438e+00
2.030759186508967584e+00
1.871383498032744175e+00
2.039675173779642137e+00
1.965026254178608545e+00
1.879337034227660297e+00
1.785479628332123481e+00
1.853965000907634053e+00
2.075945035806054495e+00
1.926554643244320353e+00
2.261706424499921653e+00
2.132453981789503406e+00
2.086467786622862253e+00
2.176300785198954202e+00
2.149785871621304079e+00
1.982018487631159509e+00
1.992926873891173178e+00
2.038328190767332071e+00
1.993668289081005796e+00
1.989669455338880732e+00
1.905129880617248306e+00
2.059393365423631383e+00
2.032197855719556134e+00
2.092656236239315959e+00
2.082266041984059513e+00
2.214780261217748070e+00
1.753944664154369226e+00
1.807080044507499483e+00
1.626278915617825227e+00
1.670007145956325934e+00
1.746642431621129976e+00
1.581606075384072163e+00
2.066542783136955830e+00
1.963488518422352058e+00
1.856624324882002242e+00
1.888472198705909433e+00
1.722937568611120573e+00
1.939978996024248614e+00
1.962560576172337035e+00
2.084107332048668049e+00
2.120954964620038297e+00
2.153379542374088906e+00
2.186128040267292683e+00
2.378152056659013525e+00
2.200847518890412857e+00
1.811488377532007643e+00
1.905867873737705054e+00
1.779923147492275426e+00
1.779119290638469408e+00
1.892557942384914371e+00
1.929103891159739348e+00
1.961944948541486822e+00
1.859590867654059565e+00
2.092155237200261197e+00
1.938862877221261272e+00
1.795581170718184127e+00
1.838503804400436925e+00
1.921690075268076559e+00
2.057154379050929904e+00
2.163377624785877806e+00
2.088197539108758605e+00
2.211328286619238082e+00
2.129159120215958989e+00
2.180507454991076788e+00
2.214103015360659565e+00
2.034448069152521299e+00
2.252074447411647196e+00
2.146476768296700310e+00
2.060568335870831991e+00
1.976256098510522863e+00
2.172776226125510579e+00
1.730505790381555720e+00
1.710325791516885907e+00
1.884151268107457922e+00
1.837965648390521345e+00
1.697109079440576096e+00
1.859716614296971215e+00
1.790235838251808653e+00
1.841070158593054229e+00
1.810551946656789202e+00
1.687032181199822567e+00
1.849583052434511155e+00
1.966445242414760708e+00
1.930395711996630848e+00
1.780340920399472449e+00
1.994847299370630100e+00
2.008847762302200746e+00
2.003356326455171921e+00
1.863849676023324298e+00
1.998744666497010991e+00
1.872141028870577983e+00
1.938639372119759230e+00
1.876000223582410475e+00
1.925017141876059323e+00
1.943926660881243329e+00
1.874324112549895061e+00
1.945222778581646494e+00
2.043515531340548641e+00
1.721013560802438169e+00
1.910333266547317610e+00
1.975210210205304850e+00
1.933236701890055809e+00
2.089986929561149509e+00
2.009046569909969104e+00
2.109963325148442870e+00
1.909373568019667067e+00
1.971554406855788200e+00
2.013117965699190659e+00
1.864902660883117180e+00
1.832497295532375281e+00
1.806744788357425247e+00
2.242802597204196946e+00
1.864949913850911578e+00
2.105447583972457348e+00
2.247101245487584276e+00
2.151921199950039387e+00
2.080394789574348646e+00
2.119968328869145768e+00
2.150440596438070173e+00
1.909030024297291295e+00
1.793755796082783238e+00
2.013283872270059671e+00
2.080438643643979013e+00
1.896673812398441017e+00
2.173475469461203957e+00
1.942223724011480579e+00
2.151104435313590635e+00
2.018007368322809914e+00
2.070648439415719633e+00
2.197991649723055385e+00
1.865186470493832793e+00
1.874731362320663175e+00
1.913132146261803390e+00
1.831576466687872218e+00
1.746309146853839422e+00
1.777464302986228484e+00
1.961597155416474836e+00
2.005000741533915054e+00
1.993040231604380708e+00
1.973294650550550422e+00
1.924728011057275978e+00
1.920247450505351949e+00
1.950480361797777284e+00
1.993388538974268487e+00
2.170773939882709946e+00
2.040544154015219824e+00
2.075003107007570957e+00
2.278303840865929963e+00
2.159807699912091206e+00
2.283547991879754324e+00
2.239880530229752420e+00
2.039738984509649189e+00
2.176630919544552345e+00
1.989983123588454195e+00
1.849393607888980773e+00
1.946938046733521332e+00
1.838407513291229201e+00
1.878465157062803259e+00
1.842894735954297314e+00
1.734187836338438427e+00
1.708973395994552558e+00
2.042575166558700861e+00
1.856974363671605843e+00
2.003141459452387529e+00
2.079194059015770701e+00
2.047293838291821544e+00
2.138078258005340793e+00
2.070482928644468590e+00
2.024013180906913068e+00
2.188836872327899918e+00
2.160575681982496388e+00
2.190325317199370403e+00
