1.778201754277861868e+00
1.729221024819527441e+00
1.825700098795924653e+00
1.683638321142618466e+00
1.686254357902539303e+00
1.970160928468910111e+00
1.700035775291941498e+00
1.844761344797809732e+00
1.720736500884010534e+00
1.810860551205100810e+00
1.932869941596742525e+00
1.821925801361506725e+00
1.926183200216012414e+00
1.990795016412022944e+00
1.597240027480264279e+00
1.985564656604737577e+00
2.028104353914874203e+00
1.950713382845336907e+00
1.767545775650652518e+00
1.865340773664559082e+00
2.020341022367074135e+00
2.074302515538039238e+00
1.717047116137325746e+00
1.783294479066807714e+00
1.702545229920880754e+00
1.962782595473542058e+00
1.822911597096388725e+00
2.029104336814419707e+00
2.100110760553075107e+00
1.893792030047207309e+00
1.773621909341457359e+00
1.926326585740250730e+00
1.961635492395234825e+00
1.784636211192643485e+00
1.815177099094985813e+00
1.652894967574737528e+00
1.958978184197044836e+00
1.733843068967646728e+00
2.186674803019926561e+00
2.050642452294125562e+00
2.084628852494101903e+00
2.097246222609699728e+00
2.084769003343972749e+00
1.999641171092842118e+00
1.867220010392571572e+00
1.941604213028579773e+00
2.156453123807516636e+00
2.018653680450996468e+00
2.003070538278534762e+00
2.089959627984863566e+00
2.043761918668683730e+00
2.157742800508882564e+00
2.021567654611231557e+00
2.140513913466167484e+00
1.771455886914060862e+00
1.771072600986306700e+00
1.519577462265805146e+00
1.610490783394993741e+00
1.654454341478431845e+00
1.602190614830709681e+00
1.868863324765670519e+00
1.803141665818111417e+00
1.769129804105742165e+00
1.739381030891308022e+00
1.675290482581167861e+00
1.819009470657766858e+00
1.825290863536536801e+00
2.073824014575032848e+00
2.176103898023925787e+00
2.148817604595067987e+00
2.101616369560844966e+00
2.290776764637460161e+00
2.241479611494424873e+00
1.626738437523424841e+00
1.724896902158647771e+00
1.674401590806318563e+00
1.707436083316810294e+00
1.854464195659873305e+00
2.081339593137356392e+00
1.955502362643715575e+00
1.870732636623029022e+00
2.004318105759824942e+00
1.995598980089270835e+00
1.872334856076741216e+00
1.830914959154905874e+00
1.798003448210535593e+00
2.073660722933112321e+00
1.998780831082362708e+00
1.956020577553637896e+00
2.151008694491336914e+00
2.060318698697186424e+00
2.120132474667567379e+00
2.203288814730365086e+00
2.036912671363212635e+00
2.188485241667275982e+00
2.170728179318813122e+00
2.086361903954099706e+00
2.043805966026051024e+00
2.074915723408071511e+00
1.853620555582023322e+00
1.662271119110288131e+00
1.876310664932290706e+00
1.743807359165047588e+00
1.656875437223163772e+00
1.829702422953714436e+00
1.682144006574202821e+00
2.088608435447249168e+00
1.710350883354393225e+00
1.586967657673522547e+00
1.847185832967781938e+00
1.873663913134348213e+00
1.699147148981294819e+00
1.638167433161237474e+00
1.719146261871737247e+00
2.054267960672279791e+00
1.665228641940119880e+00
1.572703344764624367e+00
1.954315023801989293e+00
1.770867154222745876e+00
1.890931627753569932e+00
1.718180071703526268e+00
1.839764559579975867e+00
2.026514937346181711e+00
1.723043832915019058e+00
1.947381127158730241e+00
2.083175262181950149e+00
1.700922158089060332e+00
1.883405673328016894e+00
2.001408983203986747e+00
1.739598312944426795e+00
2.028420018590565643e+00
1.960981393519568350e+00
2.073437185024941343e+00
1.819548270864006057e+00
1.790584210746011262e+00
1.909022156240976820e+00
1.788141834274929121e+00
1.943382021640631230e+00
1.912845533322598657e+00
1.978980393715428887e+00
1.894787813834695411e+00
1.929220649245989572e+00
1.909187469796634007e+00
2.114799418243004769e+00
2.035254059840585938e+00
2.070275405934607349e+00
2.112617087334718313e+00
1.758605482399488551e+00
1.665111051176350943e+00
1.873518168512703141e+00
1.975098767097511754e+00
1.822771706007136672e+00
1.782519264278989546e+00
1.872940987164471993e+00
2.156254432093338558e+00
2.143854627839395288e+00
1.960465019959198862e+00
2.187345118175677783e+00
1.843648556748803458e+00
1.884005255446613125e+00
1.839051498226783155e+00
1.653835349231772112e+00
1.677931413391309912e+00
1.748853232007619773e+00
1.855355592771763096e+00
1.755956917158382202e+00
1.820463699604473851e+00
1.768407746616875498e+00
1.890050358698295296e+00
1.798351428382935380e+00
1.871625155126655171e+00
1.963060093956259911e+00
2.094705659889980254e+00
1.979625584910889469e+00
2.030067156521286442e+00
2.170321512622976901e+00
2.034387824140679424e+00
2.241995981811979899e+00
2.248569048104502421e+00
2.090095916927450670e+00
2.167788299671632668e+00
1.933884753743051022e+00
2.074565811787175473e+00
1.887925406542771523e+00
1.640862117956756405e+00
1.756462666532561778e+00
1.638390997830386109e+00
1.590398387457609086e+00
1.621434901405081064e+00
1.966936241211848069e+00
1.915029050117288412e+00
1.982769581113158264e+00
2.069248219342119999e+00
1.988495935393578051e+00
2.113528136269828384e+00
2.019884970670858149e+00
2.018248032691611904e+00
2.200508973559288872e+00
2.138517789949128556e+00
1.930555176632503089e+00
