1.622194240680731703e+00
1.458893970864237444e+00
1.440742254426882418e+00
1.488869992436069545e+00
1.446009508968931989e+00
1.535690469866394681e+00
1.653510959259224311e+00
1.695986028428304593e+00
1.609681527477080820e+00
1.495784700726540795e+00
1.578187249370047285e+00
1.646417016173237213e+00
1.701643851661579721e+00
1.806087986497653786e+00
1.865573246293356968e+00
1.604581958953950505e+00
1.660892260095371276e+00
1.927265534898083388e+00
1.643412655779436182e+00
1.844237279295886545e+00
1.860104684814990916e+00
1.878971831499101741e+00
1.851230869306418336e+00
1.647159250343675385e+00
1.718697285536986197e+00
1.780258571100828302e+00
1.796111662910485185e+00
1.987402172706970838e+00
1.772731000043282101e+00
1.942730610481454789e+00
1.707753802464628379e+00
1.511028673081591167e+00
1.484016146101743150e+00
1.728056391576518358e+00
1.699380255986278732e+00
1.866481054635085401e+00
1.820591470292927783e+00
1.450577968697158049e+00
1.449224005266479764e+00
1.513674764623620606e+00
1.716692070629166178e+00
1.680584671145797238e+00
1.689209250353374658e+00
1.761602970166679327e+00
1.760438017318344039e+00
1.921074460273201501e+00
1.772495643850739100e+00
1.762023103892856213e+00
1.892904388025515638e+00
1.840943137415685271e+00
1.583028266562266362e+00
1.480534455765745605e+00
1.597837355795689529e+00
1.485113025025021738e+00
1.456338305789234955e+00
1.623198217226559104e+00
1.650082327498300749e+00
1.717460914820210904e+00
1.539472112905136747e+00
1.536602731415480871e+00
1.542504180225612975e+00
1.558637138734370486e+00
1.583960103222528115e+00
1.713899140185379810e+00
1.792517861698220472e+00
1.859905023892158615e+00
1.651942655716990949e+00
1.642771585847513149e+00
1.719350111549324600e+00
1.905168363972796985e+00
1.940985808908642474e+00
1.784895110881141056e+00
1.867605247203531160e+00
1.415070239822596276e+00
1.527656620859078496e+00
1.840813502589310646e+00
1.849543558589202830e+00
1.974161475132903965e+00
1.775475103417852196e+00
1.709803605617363997e+00
1.556402549791022105e+00
1.717333676018656163e+00
1.712785202457931977e+00
1.661480924608490950e+00
1.762132306192628839e+00
1.727403087804433079e+00
1.856662783665489425e+00
1.935015617162110901e+00
1.905064105184430812e+00
1.397307858450151041e+00
1.541580622495654973e+00
1.514272813034590159e+00
1.400936117938886838e+00
1.698718462037579702e+00
1.616031419491256615e+00
1.770467955094707335e+00
1.886106903416370661e+00
1.739014448595422202e+00
1.884549366944327176e+00
1.815924862075045665e+00
