2.246768109495223875e+00
2.068605429715607791e+00
2.304165490236512515e+00
2.174578330152865835e+00
2.188136458774621484e+00
1.966061742759221964e+00
2.190024333661581668e+00
2.378992389205370817e+00
2.007020745975302223e+00
1.992412776388033713e+00
1.973220981277376440e+00
1.900845880800512866e+00
2.103656390194054371e+00
2.244656153940958632e+00
1.971016324381750007e+00
2.074824470585790337e+00
2.151681325648255871e+00
1.936856010992535682e+00
2.513792675749056738e+00
1.885786984636291574e+00
2.031257014346914413e+00
2.075994131371696749e+00
2.554830718500368025e+00
2.160550926520304227e+00
2.153914628930642561e+00
2.303358251469425522e+00
2.110694738145557636e+00
1.906648929481435495e+00
2.529885883319505702e+00
2.065987386026493233e+00
2.303203507300537023e+00
2.381017374338841197e+00
1.981931055688714860e+00
2.114779076928517743e+00
2.460578006759486680e+00
2.595339154356585354e+00
2.521862232166182771e+00
2.551202601643191237e+00
2.575162265700631448e+00
2.031997353995420141e+00
2.076433192240675130e+00
2.305129452874595142e+00
2.286508362938843408e+00
2.413663550004001568e+00
2.090819636740558263e+00
2.457195637790970721e+00
2.289765583283585038e+00
2.284509368283915709e+00
2.272805666917513179e+00
2.217005291647147658e+00
2.311736655117068384e+00
2.362809997664690798e+00
2.226225978829759811e+00
2.175778731243746655e+00
2.288891745725825988e+00
2.371192147634172187e+00
2.418421951225658173e+00
2.178090949869111004e+00
2.231127679993791357e+00
2.182856849163594237e+00
2.527982442077854497e+00
1.957458071790598719e+00
2.206847793728559104e+00
2.157770691272955510e+00
2.535947877644943560e+00
2.484632060919290897e+00
2.153277925998484221e+00
2.112793654811046640e+00
2.223475955608438248e+00
2.496947868981427732e+00
2.308455727968047988e+00
2.638602760836222139e+00
2.609220988898179883e+00
2.303643028138677273e+00
2.533540063558397559e+00
2.463667539727531164e+00
2.298897648678668748e+00
2.347157336267009953e+00
2.576269891285617675e+00
2.498153839073622429e+00
2.541337671011077770e+00
2.465866011660055257e+00
2.328079598727731181e+00
2.411841686092445425e+00
2.446050556519969721e+00
2.400989382561274699e+00
2.423021927174464185e+00
2.638675033360311506e+00
2.616883283996942478e+00
2.465631378348249303e+00
2.502062308864979823e+00
2.406613301727356546e+00
2.416677882126548660e+00
2.200220430405774419e+00
2.414988306340904334e+00
2.412598671641034365e+00
2.422195254503150430e+00
2.585391125480775099e+00
2.421848154010415310e+00
2.403313531967888661e+00
2.548389763757838544e+00
2.590796744110935190e+00
2.667576990418014660e+00
2.566344469868095945e+00
2.746311015863916793e+00
2.575827727307481663e+00
2.694353396020597202e+00
2.503250078200530915e+00
2.479361102434590070e+00
2.607096733872596772e+00
2.694692025935235602e+00
2.287994546181449707e+00
2.477126416199273873e+00
2.291486181691706925e+00
2.369427168624073321e+00
2.377722193204252932e+00
2.334218670326199785e+00
2.012988461435134990e+00
2.717929691017646032e+00
2.378799195278252121e+00
2.734746940621770150e+00
2.604432218515083441e+00
2.475325750323321028e+00
2.536419687545786950e+00
2.598962128972311714e+00
2.466308627462463487e+00
2.692011988266262090e+00
2.470917185384760462e+00
2.611156601513520581e+00
2.637579547541076597e+00
2.412218065752313123e+00
2.418998192096378119e+00
2.628966922226116054e+00
2.548609440416150562e+00
2.244882131522180746e+00
2.640919051024330333e+00
2.524977417142511449e+00
2.639701683292526191e+00
2.134568164558250380e+00
2.154169138564044239e+00
2.138421406703222338e+00
2.112214512957349299e+00
2.134015157097214566e+00
2.314918760348295912e+00
2.033721757594280977e+00
2.095183308183624415e+00
1.933632571139668244e+00
2.102962971754545940e+00
2.092252096661916472e+00
2.201352217286447477e+00
2.217003334023254446e+00
1.727576190484706453e+00
1.980693759999924586e+00
2.073236773447413306e+00
2.466738959912220253e+00
2.374018826182031638e+00
2.399515532662432893e+00
2.384732005009575051e+00
2.413437104987277149e+00
2.173875921862367555e+00
2.274722414782921032e+00
2.209288858620442664e+00
2.702630037128376017e+00
2.586766436324748675e+00
2.681592718263053232e+00
2.203472698519720385e+00
2.399279501343888565e+00
2.479668636206600940e+00
2.555286667895496411e+00
2.466516117399680130e+00
2.698100077504819616e+00
2.588588178212261504e+00
2.597538592803552149e+00
2.606967813418650248e+00
2.583829315250859349e+00
2.402236375358497877e+00
2.522698705774245376e+00
2.648458622997644341e+00
2.604304747446299029e+00
2.652171508629581620e+00
2.654688350569515354e+00
2.690963575747493675e+00
2.592549395901681208e+00
2.640977970082198478e+00
2.631811400715511784e+00
2.207161790242880617e+00
2.402162113801267207e+00
2.646787995450986308e+00
2.094561842288452436e+00
2.336960821580332137e+00
2.188355882381006534e+00
2.417241270052613356e+00
2.193372944855665807e+00
2.131468023056554362e+00
2.388651182088918912e+00
2.121521956411604570e+00
2.163913079977802578e+00
2.169827050404581126e+00
2.421898254710661114e+00
2.335433947992756387e+00
2.192874790012003583e+00
2.665974608435133231e+00
2.349686586551452461e+00
2.366408345994357898e+00
2.470497843986668052e+00
2.421940420166394770e+00
2.275597307461246555e+00
2.054021851629074469e+00
2.337918317508183019e+00
2.223083065349781950e+00
2.191350310534347035e+00
2.328267321762298447e+00
2.321548480645978962e+00
2.259876928155818199e+00
2.321108128677983995e+00
2.441155581275009201e+00
2.449343401233985862e+00
2.327028667238267623e+00
2.392334576174662164e+00
2.738669124862715964e+00
2.484297474919427096e+00
2.325358993169436062e+00
2.608985995627719046e+00
2.463852629207167411e+00
2.544825081620471607e+00
2.563483279671777471e+00
2.556335176368748296e+00
2.459134995395774848e+00
2.515036707849703568e+00
2.561933194038230166e+00
2.695708834094378670e+00
2.722246960940015725e+00
2.653209864543004670e+00
2.540099283063029123e+00
2.709551294385387887e+00
2.738018232542041019e+00
2.460145637632048743e+00
2.726950876448460459e+00
2.473355182128080809e+00
2.576879325777053253e+00
2.787211101583017658e+00
2.430687435291634113e+00
2.574005284857009190e+00
2.522508184794507446e+00
2.463233639916491136e+00
2.409544461107222979e+00
2.597092998337195979e+00
2.567297418887612981e+00
1.685063498958666806e+00
2.008664377082181929e+00
2.100526410049844195e+00
2.239821002505756997e+00
2.208658371829520295e+00
2.267225728226033521e+00
2.124737677471378650e+00
2.114792772485102113e+00
2.016261091659726556e+00
2.101452034500387089e+00
2.216529561402401427e+00
1.962938513625617665e+00
2.049374594308192243e+00
2.084152745624669567e+00
2.393092442717119184e+00
2.130027952740328967e+00
1.865160390106110899e+00
2.194624114173465479e+00
1.947097860978915573e+00
2.297931347721992257e+00
2.092079037324557689e+00
2.562291325437395351e+00
2.034133549295002119e+00
2.046262084416217597e+00
2.427747189534861683e+00
2.399823955073904447e+00
1.973345896847392700e+00
2.253027048206200256e+00
2.487253997481725154e+00
2.083064649472698093e+00
2.324338313182036764e+00
2.123668482363934906e+00
2.018412510238744684e+00
2.400942401729380560e+00
2.506327853031399933e+00
2.486662340242018487e+00
2.453524749081512191e+00
1.944714480133625134e+00
2.070681012037431490e+00
2.214945128786511397e+00
2.156841264751905740e+00
2.451031825883098758e+00
2.451861147462720769e+00
2.367512770568524161e+00
2.205151455444977149e+00
2.406790565933752735e+00
2.312603742830846798e+00
2.259696356203294343e+00
2.190270518000038802e+00
2.180970443235624057e+00
2.113450151451916614e+00
2.265455403166337867e+00
2.256401521151536027e+00
2.269383453373323700e+00
2.092304826467950907e+00
2.287912041571876554e+00
2.157206348922112937e+00
2.424915352811527924e+00
2.167382783201890817e+00
2.124141496819022201e+00
2.420210396187338020e+00
2.104683080726028166e+00
2.466368473676811668e+00
2.100590028830159994e+00
2.335319821424955311e+00
2.204673151492258398e+00
2.460499826959394287e+00
2.394869574252038724e+00
2.181826141495573079e+00
2.610207142746034936e+00
2.178169064934103005e+00
2.532941839278061380e+00
2.267974716683966552e+00
2.500149054907209401e+00
2.360255654703144135e+00
2.289170205794093693e+00
2.511854785794467304e+00
2.097720340748489676e+00
2.519296918764223125e+00
2.522408515084129110e+00
2.672792237412768834e+00
2.444636128906059191e+00
2.202274651481110013e+00
2.262972293955122449e+00
2.369132692302796439e+00
2.197967104678145489e+00
2.179292377341834896e+00
2.251956672800268233e+00
2.431144961546564343e+00
2.289283364605507742e+00
2.509274001346873728e+00
2.154946110696040584e+00
2.308465205408335663e+00
2.393163068316794817e+00
2.409828390906605389e+00
2.165687834551927260e+00
2.097109554151399990e+00
2.171806754672063189e+00
2.270551624921366862e+00
2.513185253209348602e+00
2.402552604593338081e+00
2.606033339999683562e+00
2.077375132304546845e+00
2.350879799914618484e+00
2.335654184698797042e+00
2.378560661386055042e+00
2.394564407405046946e+00
2.629694515494930496e+00
2.654016537133121911e+00
2.686528598611993335e+00
2.502004859433737849e+00
2.746856898341461850e+00
2.656339776874094838e+00
2.563201632555902165e+00
2.490445711034077636e+00
2.402385982729352776e+00
2.495094147931494089e+00
2.415789309107372773e+00
2.110434508861656511e+00
2.397702207211712455e+00
2.163478429178904872e+00
2.517089518229475686e+00
2.233944879338772616e+00
2.574368664246364347e+00
2.583974040500977676e+00
2.474239090630523386e+00
2.502940287320876589e+00
2.647051148415025423e+00
2.740192071307166355e+00
2.374224635490468582e+00
2.408537844734774058e+00
2.479915628514135939e+00
2.388135309318831556e+00
2.528843730396600709e+00
2.230822350560286882e+00
2.489979586372917719e+00
2.621575914642112703e+00
2.613523121645178637e+00
2.326210318205495398e+00
2.641237438696676154e+00
2.281829344333230480e+00
2.426533258640851010e+00
2.277902356736109635e+00
2.649671365322453287e+00
2.416465388789968305e+00
2.161725691592330190e+00
2.653583830588839731e+00
2.604583810748855921e+00
2.689842879338334214e+00
2.050508834113112577e+00
2.100242665838534695e+00
2.063182674617014545e+00
2.232040362631921404e+00
2.070131643266107879e+00
2.217649969038514524e+00
2.240266788908416906e+00
2.124533982124424902e+00
2.027185601190399034e+00
1.908579409088075662e+00
2.014015059232292071e+00
2.093902594525637095e+00
2.030119159961210062e+00
2.136770832597187031e+00
2.128761244399981489e+00
2.081563292700988832e+00
2.083033390550242725e+00
2.514243163483885990e+00
2.405794089386009027e+00
2.547376046888012890e+00
2.230040869275476734e+00
2.189812490108821841e+00
2.396047981956506590e+00
2.358388547456837792e+00
2.545426687692719181e+00
2.400882765180954337e+00
2.053967212783913698e+00
2.372702581881678263e+00
2.422064877377162251e+00
2.333600951740187668e+00
2.516610648702591213e+00
2.587114406216223017e+00
2.533310066161048368e+00
2.522143828065734894e+00
2.367820057217469465e+00
2.623122373417687392e+00
2.522680616544926036e+00
2.665250735816596883e+00
2.420428595982313524e+00
2.501831047630505900e+00
2.649099252454218512e+00
2.603147543616489923e+00
2.591686284492147330e+00
2.585478774778335431e+00
2.697755891529389327e+00
2.731040651875520808e+00
2.423659394510624399e+00
2.536463226303961260e+00
2.486961843249664739e+00
2.726492782552501826e+00
2.619390945862507092e+00
2.497200982064613495e+00
2.506186665426093363e+00
2.605160021129068859e+00
2.663255114999232731e+00
2.301974365938617595e+00
2.262797151759516456e+00
2.312727013821882505e+00
2.359139531301797099e+00
2.278493693852364554e+00
2.531052123909740548e+00
2.427844518252601613e+00
2.467376017777789698e+00
2.121707476722114460e+00
2.348843550511031886e+00
2.119099578478986334e+00
2.211226054431435717e+00
2.376515695581988830e+00
2.131581851937486949e+00
2.264047610118836928e+00
2.168384704049448608e+00
2.122278859840552201e+00
2.084211289025519331e+00
2.225826739501949536e+00
2.007422031482148039e+00
2.317459148161082894e+00
2.412671175219281317e+00
2.109649353258487903e+00
2.268780774173244197e+00
2.248135340875304866e+00
2.386860461454196614e+00
2.457178219122837071e+00
2.366203749046850824e+00
2.524967603009901307e+00
2.520985961608960935e+00
2.524287358963734462e+00
2.548176795264145866e+00
2.450388533161094617e+00
2.676948173633842298e+00
2.598541332462036113e+00
2.575073092445674838e+00
2.764914215989632940e+00
2.697813307763135882e+00
2.586833867415410104e+00
2.700980528715974494e+00
2.511032568242743679e+00
2.430969488861226324e+00
2.384490014254521117e+00
2.284160250975693529e+00
2.277100127902976556e+00
2.488298030848955733e+00
2.364734156781413965e+00
2.391311214797222195e+00
