2.082914975869161189e+00
1.951737154082267667e+00
2.216283755104119013e+00
2.105038599519194253e+00
2.131399877864762260e+00
2.034523139152163651e+00
2.091838365576754732e+00
2.239286033699448453e+00
2.033742716222115998e+00
2.045014311904796767e+00
2.021046914269422956e+00
1.935532679132302869e+00
2.043067360015399458e+00
2.156939899072982225e+00
1.982188642383266197e+00
2.013432342439268385e+00
2.187167893486107850e+00
1.921563470773843596e+00
2.241143274043678080e+00
1.985394534642458408e+00
2.008620545703090343e+00
2.089165404551535765e+00
2.447826951197698886e+00
2.386794145088733110e+00
2.017999355539297657e+00
2.223706080937918550e+00
2.088256426598765536e+00
1.967669625230801023e+00
2.282259335464785099e+00
2.058066294605643609e+00
2.123226608235500468e+00
2.363776986734707819e+00
2.038870044805844550e+00
2.153027546959308314e+00
2.365735148718211001e+00
2.347862481529361389e+00
2.401895218119151743e+00
2.443023054825471441e+00
2.302357638226861347e+00
1.905848508883481562e+00
1.961272447199917446e+00
2.251959307831910895e+00
2.095681496498507990e+00
2.430253275347209918e+00
1.913377297593722881e+00
2.453279225039062261e+00
2.171846091372949594e+00
2.348913016231683581e+00
2.150726809665320260e+00
2.248565767839989515e+00
2.400877965117157231e+00
2.301056594198937155e+00
2.279883293111531373e+00
2.203112503633189334e+00
2.237803717176626961e+00
2.270293836721420710e+00
2.285014706756805847e+00
2.090262003861080409e+00
2.224870735776427466e+00
2.097748351882264828e+00
2.433293103694254444e+00
2.081500430615822239e+00
2.214262764156347263e+00
2.178218913241627419e+00
2.359906871328829148e+00
2.451589894534405900e+00
2.239808593907869572e+00
2.147477709178123639e+00
2.227975860411175901e+00
2.335303619385194818e+00
2.254973751630255929e+00
2.383658182387217828e+00
2.570613275434017631e+00
2.347545735738710171e+00
2.397984285436842722e+00
2.340824622344251704e+00
2.269343975006313574e+00
2.278003986176028839e+00
2.449918830045064055e+00
2.406791130966872583e+00
2.360131019133863362e+00
2.262013788280389015e+00
2.201255569597878381e+00
2.277449433612042107e+00
2.271160189979961608e+00
2.275950526962969622e+00
2.055494410893504043e+00
2.198635311546688342e+00
2.356044891912421502e+00
2.286020932909337056e+00
2.249998481223061120e+00
2.178951037884428121e+00
2.229856556377545651e+00
2.195103525779193099e+00
2.166459296570409698e+00
2.290355927397202507e+00
2.389723022871917291e+00
2.372173303623156038e+00
2.097791349081957080e+00
2.186203895693405563e+00
2.226914390608624839e+00
2.366239630344640688e+00
2.421325375325014573e+00
2.672384297676451137e+00
2.543262700921233410e+00
2.499097139379725441e+00
2.505524359150764102e+00
2.467973652428049558e+00
2.539478594397319711e+00
2.476483339058469291e+00
2.584416517314251038e+00
2.283053541585789770e+00
2.413528005023882983e+00
2.224410438200093765e+00
2.363368278865745076e+00
2.345575468012542242e+00
2.366142591925472161e+00
1.851401179517899287e+00
2.496469534455414419e+00
2.244016097892560957e+00
2.656114261750232686e+00
2.546350695755766225e+00
2.359870115338965402e+00
2.457659562032604494e+00
2.466778841122751587e+00
2.412306906003416795e+00
2.572720649011928984e+00
2.313811397384332835e+00
2.577216242858191730e+00
2.559769285989435428e+00
2.346225553719503143e+00
2.368437411281743010e+00
2.569278929755263619e+00
2.404225665690896907e+00
2.301581646106740653e+00
2.556151254161214137e+00
2.503088719435036857e+00
2.613940025571850345e+00
2.021010314800632646e+00
2.059534412832096706e+00
2.068575053887277804e+00
2.078307461496455399e+00
2.022952317589874038e+00
2.256682128427672573e+00
2.003299422472503366e+00
1.945594179364858123e+00
1.824157555815513421e+00
2.026937158039754827e+00
2.161400377627956448e+00
2.089167647392609961e+00
2.027453736008578034e+00
1.937529251798899788e+00
1.871361624977832649e+00
2.026505795749298677e+00
2.169490504705958944e+00
2.340066334129217385e+00
2.333455815895864927e+00
2.186611937654378224e+00
2.275301115031149735e+00
2.131996826649970256e+00
2.046477361415391716e+00
2.197927325611677585e+00
2.392061691237586274e+00
2.582166408832107241e+00
2.514817892440910807e+00
2.150114563196244166e+00
2.215648601765558556e+00
2.370685882539103062e+00
2.237116922038041800e+00
2.173374807242967055e+00
2.545879134658392218e+00
2.195923810062315962e+00
2.514805262342947323e+00
2.500609318535800263e+00
2.317633261630136499e+00
2.311845258556727956e+00
2.516147592112809583e+00
2.446610529871105388e+00
2.519497267476514590e+00
2.618299163659886908e+00
2.646299223093394826e+00
2.634122159915417871e+00
2.497918666428384338e+00
2.469677357188860167e+00
2.455325192793841538e+00
2.042303585515054642e+00
2.160174612208607847e+00
2.257535638210382167e+00
1.881689353608741788e+00
2.178475725120152529e+00
1.987593031058351611e+00
2.290600030924325292e+00
2.163519830592685267e+00
2.025837777418415531e+00
2.256078779289254488e+00
2.087419902525899928e+00
2.152654677969914943e+00
2.180475378967278832e+00
2.321206791692706162e+00
2.261534768644478000e+00
2.290756340831419990e+00
2.429897460244455409e+00
2.272397989494591819e+00
2.282301207264324283e+00
2.336819118615740098e+00
2.283032836191867698e+00
2.227070485722392412e+00
1.953214323320633827e+00
2.114500450258267605e+00
2.102992299865648285e+00
2.137259452552056516e+00
2.118540509649482040e+00
2.164673029781083002e+00
2.269246199237844763e+00
2.136482170213426901e+00
2.225969539321001722e+00
2.369071353596830853e+00
2.317559686111410056e+00
2.316951325166188180e+00
2.486243933376301118e+00
2.453871473266296732e+00
2.382594682364646665e+00
2.525538807050902612e+00
2.365007806348208508e+00
2.324304802082691079e+00
2.434540344210586404e+00
2.406815948358615564e+00
2.309632245328405276e+00
2.307465445597392861e+00
2.415281644159338104e+00
2.685123402747807031e+00
2.612838563143303539e+00
2.469846660202147159e+00
2.349747623043533018e+00
2.612803312256452681e+00
2.574297024870723760e+00
2.368993485269662358e+00
2.636078311141109243e+00
2.393825472661425646e+00
2.414513578571355623e+00
2.743411879802730713e+00
2.421104476225770963e+00
2.410500293992515530e+00
2.345675669726258405e+00
2.421851970279869093e+00
2.350951701723061227e+00
2.463158642302534673e+00
2.522036125091502434e+00
1.916592904463596314e+00
1.954214396907635987e+00
2.028613119876973681e+00
2.145378868685634988e+00
2.061238949776820650e+00
2.153781289844335145e+00
2.090679476111862112e+00
2.093459190554059379e+00
2.045213343918003357e+00
2.209526668535982452e+00
2.168061707499368662e+00
1.954569160843643072e+00
1.974028269874902985e+00
2.023097875185412509e+00
2.268483604932117537e+00
2.081613549215064474e+00
1.856483254633751523e+00
2.403101529624094734e+00
1.854662252144834378e+00
2.203840278717628998e+00
2.082250120475517718e+00
2.587971030269558881e+00
2.014196998474277578e+00
2.100766215139443283e+00
2.303631270329587810e+00
2.085180797730759927e+00
2.019121190338506011e+00
2.199375655077120850e+00
2.357427479061810605e+00
2.155544109670076480e+00
2.302217070031037593e+00
2.109359985009286120e+00
2.116615392887300384e+00
2.287785727442361416e+00
2.372505315599968689e+00
2.452673386911790487e+00
2.395405744338054532e+00
2.097308333378450573e+00
2.068547669333601124e+00
2.156886277386134143e+00
2.245102019756960221e+00
2.557223946891537647e+00
2.427007172612960062e+00
2.371745306736543490e+00
2.253449531577054188e+00
2.251592467864452107e+00
2.422279948449100662e+00
2.494337672196311306e+00
2.367300345859200128e+00
2.280714653874602593e+00
2.214741531944830477e+00
2.269957365355023349e+00
2.240988789669544623e+00
2.281132766679092150e+00
2.094408480319285282e+00
2.207313586221073543e+00
2.147307508795555542e+00
2.403075817775168765e+00
2.153548283359010274e+00
2.260985684491354952e+00
2.286417463381914317e+00
2.160726059708124591e+00
2.538881075359878725e+00
2.076799910256427406e+00
2.225310551622870392e+00
2.260630814785378639e+00
2.299325025511398390e+00
2.301018864493013183e+00
2.187885507391444939e+00
2.358615071302802235e+00
2.097592130050298209e+00
2.457042755950594515e+00
2.196064835597812515e+00
2.361927268018452875e+00
2.309984829070878209e+00
2.276369363021522929e+00
2.466717370360149708e+00
2.177380699755596893e+00
2.265315224874205668e+00
2.196286515893079549e+00
2.470649380303499232e+00
2.285842989178303419e+00
2.270001586979887964e+00
2.280057450552090526e+00
2.254104260289075512e+00
2.225219219264991999e+00
2.149867280729141683e+00
2.200320425801160606e+00
2.277567024811601559e+00
2.381283762430572271e+00
2.326316441516032008e+00
2.218780249154136630e+00
2.266186872956288401e+00
2.264173670886937995e+00
2.173897109547851425e+00
2.083067307840688720e+00
2.228321229412235649e+00
2.123522841233914882e+00
2.219410042547263373e+00
2.359908916356928454e+00
2.219725408286151946e+00
2.541184264671964677e+00
2.154478215552253939e+00
2.171821961480072449e+00
2.213321272018050845e+00
2.476850538325045648e+00
2.373306097502241307e+00
2.512216743440473632e+00
2.565278674009666027e+00
2.467225698820501911e+00
2.540481647796771103e+00
2.538631341327086233e+00
2.496148539570062219e+00
2.473080828215549865e+00
2.394362268183737985e+00
2.365720353646593388e+00
2.362657935269008469e+00
2.308213961968357708e+00
2.118740842825667769e+00
2.257631374235998134e+00
2.348453656471954698e+00
2.333927866373739501e+00
2.298330792429260416e+00
2.326815847130971893e+00
2.352403351490350403e+00
2.496847213093078555e+00
2.415154331635581908e+00
2.525571696261991406e+00
2.716648377207629750e+00
2.232549119485641054e+00
2.293159972999601948e+00
2.553506024947591602e+00
2.486411439471825524e+00
2.498264464353256109e+00
2.451749854861979383e+00
2.093945562685061823e+00
2.584727172470808743e+00
2.418485452147431047e+00
2.367878337301101865e+00
2.583141392551595583e+00
2.218750434927580173e+00
2.308778085188438745e+00
2.133474734763682878e+00
2.567457473209787011e+00
2.313523354698843626e+00
2.151584216282371731e+00
2.590667183707667576e+00
2.588454043240025815e+00
2.620131068487599801e+00
1.961502764577157221e+00
2.007224581085514714e+00
2.056736685001300469e+00
2.138558586537551154e+00
1.927843015514431046e+00
2.079948222681947900e+00
2.145519875428981038e+00
2.076168972937246338e+00
2.032871267570826923e+00
1.920743906448132865e+00
2.035183761053394491e+00
2.143564884874916476e+00
2.140725771390494359e+00
2.102427555728924702e+00
2.094680911658453493e+00
2.082158681196205396e+00
1.998374639346135684e+00
2.260475467806315919e+00
2.324988548752787043e+00
2.282896917436488149e+00
2.215996111626447718e+00
2.200852148181868806e+00
2.262953492632748809e+00
2.230393445006484399e+00
2.289177194070432186e+00
2.358372868158718827e+00
2.063006730364131069e+00
2.290198768852750977e+00
2.260981229940201231e+00
2.118864262223022266e+00
2.266519964689876154e+00
2.366731399667473035e+00
2.184479928499643453e+00
2.124742716506439866e+00
2.201399942796525178e+00
2.489011218918438573e+00
2.122060321011813855e+00
2.468271739023638833e+00
2.368176113714175024e+00
2.323185851357980169e+00
2.272248217237128554e+00
2.558684148734136521e+00
2.306013039217418736e+00
2.618903332556399732e+00
2.627214893126170736e+00
2.493043795774670723e+00
2.373720764985804532e+00
2.490822575765135660e+00
2.459050969425119693e+00
2.700479694536513708e+00
2.663200670135208892e+00
2.520492125823522223e+00
2.408026616973649503e+00
2.443435442538016034e+00
2.523687229330626280e+00
2.174867062402284112e+00
2.281406554989003688e+00
2.205049778627693691e+00
2.180987421286579409e+00
2.211538758631685919e+00
2.215753632657210481e+00
2.276510719828233054e+00
2.367530070338510040e+00
2.158933182112042104e+00
2.249024904130011215e+00
2.068082571301926631e+00
2.153739933950678864e+00
2.204002407684328535e+00
2.114928217977972480e+00
2.123662413151265582e+00
2.157977050244564765e+00
2.131340530029417479e+00
2.153807602537382238e+00
2.226456198811940013e+00
2.010094898285063714e+00
2.176273402840333659e+00
2.204922667424574101e+00
1.974174824499972614e+00
2.217901654396759348e+00
2.145405467769678332e+00
2.317936015130022120e+00
2.372644012045579398e+00
2.287941544650164971e+00
2.504734137993334997e+00
2.378261857269541757e+00
2.402739592489439246e+00
2.405453157307317458e+00
2.321312575209672602e+00
2.463634804642581777e+00
2.340052496314641850e+00
2.381122952057345366e+00
2.587131738901318201e+00
2.534362295048085745e+00
2.461208489062789440e+00
2.624972975782970952e+00
2.350065486832624728e+00
2.309669372810001953e+00
2.348537967617974065e+00
2.344168498637419162e+00
2.166723106740541471e+00
2.272091192405784721e+00
2.282175492467290123e+00
2.291038223042427102e+00
