1.926414114323970361e+00
1.898681105928005985e+00
1.914380322121807643e+00
1.843304751778948702e+00
1.831607590405591290e+00
2.049684911008755606e+00
1.862059666609744868e+00
1.992086705333683705e+00
1.823320702222972045e+00
1.962207248065860776e+00
1.949409372600827473e+00
1.841213257829837247e+00
2.017146086405466221e+00
1.969562716536274127e+00
1.854630190999688288e+00
2.042742732220547808e+00
2.107807325178544300e+00
2.013573565970455448e+00
1.893053178186727248e+00
1.968823105856742472e+00
2.052128258711512387e+00
2.146234667036722055e+00
1.750811307053869115e+00
1.768109495726014835e+00
1.910248622839365362e+00
1.992262282055909273e+00
1.716572158881174648e+00
2.088845541634135827e+00
2.171354935312542089e+00
1.877895415445099525e+00
1.917536932349948708e+00
1.932170106810533250e+00
2.089298630580092464e+00
1.910529739982382402e+00
1.749092374913529868e+00
1.840498631720367095e+00
2.150747377377635328e+00
1.852214024467945919e+00
2.335453435196682026e+00
2.116199397984066088e+00
2.171583686292340776e+00
2.123778796291987181e+00
2.092752918306178600e+00
2.004292686291935244e+00
1.956541891720903203e+00
1.980827146063122157e+00
2.265121614317731957e+00
1.947551002315491386e+00
2.019486597639808423e+00
2.105083626057819401e+00
2.040056840154155005e+00
2.212535971529574486e+00
2.141624180892031326e+00
2.198027401310655993e+00
1.646623474843687207e+00
1.701933738540554630e+00
1.764187351650736479e+00
1.743572281015852488e+00
1.775400834939315775e+00
1.866626840902204432e+00
2.069701466261485212e+00
2.021004395736549331e+00
1.856401393442743242e+00
2.051461557683543990e+00
1.619007804731925182e+00
1.792999992654976893e+00
1.913901564671376399e+00
2.012182413848770501e+00
2.129721425661223133e+00
2.148596489538444843e+00
2.285603122388827568e+00
2.429604406353608859e+00
2.299443662260442167e+00
1.901501328262358292e+00
1.878504073123187679e+00
1.840390984552797260e+00
1.934026413725771221e+00
1.936916525309079429e+00
1.995099909329032695e+00
2.121095297749459707e+00
1.920532373502447543e+00
2.134277332536020477e+00
1.811057911232826445e+00
1.767027764288199965e+00
1.755426522142870871e+00
1.811569113975852741e+00
2.063127213353992406e+00
2.090457043300570028e+00
1.961589454317180792e+00
2.179048007693198397e+00
2.051541594341142805e+00
2.085983095946728927e+00
2.197851944239931576e+00
2.100968560578829081e+00
2.221986525354959774e+00
2.254971688513776495e+00
2.170524881052088517e+00
2.045710347485179881e+00
2.210604155529390269e+00
1.959374719477807503e+00
1.802300899654227573e+00
1.968654217488669200e+00
1.860290651582655608e+00
1.794826937844543613e+00
1.869204004348138826e+00
1.837533822224804325e+00
2.165282397014883120e+00
1.837009619842812747e+00
1.834638698754375907e+00
2.052666317199157930e+00
1.950977126539581885e+00
1.900460988516994298e+00
1.825382897548170735e+00
2.016482328041801608e+00
2.144623370604634260e+00
1.955961816006677623e+00
1.892737127047349421e+00
2.046968059854985977e+00
1.892677450191053712e+00
1.997244467269356782e+00
1.902484388528492332e+00
1.934620486457649724e+00
1.948318548243873183e+00
1.821776812145900148e+00
1.984484930039456252e+00
1.992636512621450473e+00
1.739464465512746694e+00
1.896898258264671400e+00
2.020443145737413904e+00
1.895679051634613144e+00
2.087763012428927922e+00
1.921687081724325896e+00
2.046604334225432087e+00
1.808599118468335210e+00
1.924791540760535824e+00
2.002709254352453616e+00
1.930642704549675015e+00
1.857129408569088813e+00
1.782739811616829595e+00
2.242944133493204095e+00
1.907972838328962917e+00
2.139187650830038034e+00
2.206387126901992346e+00
2.132644897690564090e+00
2.176392842277900197e+00
2.118010953565636179e+00
2.139875124526581462e+00
1.904650602707861795e+00
1.878917894271282973e+00
2.092300282716989202e+00
2.095969485776323804e+00
1.931171040629619640e+00
2.040358379367297914e+00
1.894066206302879252e+00
2.169244128840747354e+00
2.094552817645416454e+00
2.049392704901635831e+00
2.198600345723662031e+00
1.834862147581792335e+00
1.917095394168960354e+00
1.859773846870222291e+00
1.831270914988998300e+00
1.783773699448001793e+00
1.792818753572984480e+00
2.097458372417186023e+00
2.071279975902654336e+00
2.035668904815510771e+00
2.001173575516573599e+00
1.930509425504051135e+00
1.884349472558636052e+00
1.885149152531800709e+00
1.948253033051930538e+00
2.087897994341476604e+00
1.965105375613467098e+00
2.007383467685086575e+00
2.225265304883500050e+00
2.143802622384282319e+00
2.306708948922678637e+00
2.257705680655877067e+00
2.119876560980838320e+00
2.202758867606756432e+00
2.073306163801504010e+00
2.011997370783643824e+00
2.083117647355559487e+00
1.859090000637710904e+00
1.908449248773749218e+00
1.811599279339370483e+00
1.724586708790238010e+00
1.782755444246603815e+00
2.068130918306993582e+00
1.789148975251792617e+00
1.902582904352568383e+00
2.063004832931381927e+00
1.995572246084884593e+00
2.170627075859270061e+00
1.965517959144712501e+00
2.097523528135860182e+00
2.179442487769858161e+00
2.226430943586206634e+00
2.142886117696827242e+00
