1.825191539717673228e+00
1.831173714786419549e+00
1.898038770487010751e+00
1.746140741990356959e+00
1.778072644426021753e+00
2.024346768582375500e+00
1.800200985179888802e+00
1.945403905960167545e+00
1.736134396602735830e+00
1.746522405841641312e+00
1.950148337352103134e+00
1.919200546608526459e+00
1.950012110677236565e+00
1.951257987335031086e+00
1.820317278893049284e+00
2.010706433185502462e+00
2.101554465471888733e+00
1.974691748006855541e+00
1.897899776940791927e+00
1.911859074577535011e+00
2.148399936874882066e+00
2.101646102663439208e+00
1.859832202032159154e+00
1.916921748470592268e+00
1.990856204275354813e+00
2.040124738454713871e+00
1.844978531137237310e+00
2.080847376333373244e+00
2.097002137397994126e+00
1.883150847285080198e+00
1.881136363597059935e+00
2.019060799620138624e+00
1.911208870929621773e+00
1.855916467246239376e+00
1.792335655553232820e+00
1.803112189665259546e+00
2.052182862443394207e+00
1.936264238696487228e+00
2.335265281829309369e+00
2.151866781577141730e+00
2.129414406498761458e+00
2.190332186962041128e+00
2.147152409920622507e+00
2.046329386410284279e+00
1.943026817024407382e+00
1.970662204407320983e+00
2.282918569167519340e+00
2.041896634673174393e+00
2.103639186125808358e+00
2.187840287685279161e+00
2.052263949421178513e+00
2.158648079747377491e+00
2.019602033887839543e+00
2.175348546722072118e+00
1.828432996030125768e+00
1.910843322622075124e+00
1.755125937748249765e+00
1.729080793565222374e+00
1.881003159339091013e+00
1.736988131890223830e+00
2.005916401584031838e+00
1.907434956213979627e+00
1.827862896657645342e+00
1.921278739862601892e+00
1.835687689949136558e+00
1.933710932998928156e+00
1.990870275660997057e+00
2.098286340900959779e+00
2.285422772001723501e+00
2.222488034184971983e+00
2.075335082845248813e+00
2.391551320960771498e+00
2.246666573900349739e+00
1.863377658110580315e+00
1.799861668077160193e+00
1.788439718986348792e+00
1.859724917613710060e+00
1.979138513200511929e+00
1.952450025406554879e+00
2.057885531566094883e+00
1.888314440626555069e+00
2.054731215610239303e+00
1.980136446812399864e+00
1.939279134107477764e+00
1.920838313958855403e+00
1.949011581081002253e+00
2.189583245579980186e+00
2.103488962580390975e+00
2.006610964210129300e+00
2.185721168312949381e+00
2.085252283396914041e+00
2.196633656258641043e+00
2.248001095914848424e+00
2.086057732971995371e+00
2.278461577580677133e+00
2.213062396456328074e+00
2.117144298187143558e+00
2.015712515502076752e+00
2.208093294323999700e+00
1.862383552136454901e+00
1.823851501701249989e+00
1.889568118505559280e+00
1.850957593646615607e+00
1.726225520106191125e+00
1.962279151428438118e+00
1.755790468347032007e+00
2.012091176389929181e+00
1.815424858193252611e+00
1.712154990029717494e+00
1.823754094861465003e+00
1.953393335136453857e+00
1.791963048482114296e+00
1.798131937694321447e+00
1.986794410807630307e+00
1.993267792591056020e+00
2.040678029734149579e+00
1.879950228255826694e+00
2.004674795685314148e+00
1.897139497319554780e+00
1.967692484202962167e+00
1.872791435992268161e+00
1.937777514851178218e+00
2.008630137135661187e+00
1.901458174666693202e+00
1.964936320959311589e+00
2.095026347977740233e+00
1.811180423826473262e+00
1.870383954292954343e+00
1.975754496359002799e+00
1.937917129038448261e+00
2.073508466836771813e+00
1.894310082277443019e+00
1.988196861748331878e+00
1.916354121845707192e+00
1.963844556951578779e+00
2.021147566923682692e+00
1.937307471616292576e+00
2.007343538114244375e+00
1.837414373320999106e+00
2.081581866058018981e+00
1.889119435039900985e+00
1.955102108991251031e+00
2.202406511841326520e+00
2.041228802169982259e+00
2.125837189014140982e+00
2.098216550240325606e+00
2.246406578752372152e+00
1.893837389522411430e+00
1.921669062683505347e+00
2.121783864236572725e+00
2.150562178224080689e+00
1.987548052647657215e+00
2.143089302725808221e+00
1.944804534473433932e+00
2.213999568235864857e+00
2.175841108992945472e+00
2.026903683801632106e+00
2.199632601839514034e+00
1.981441960777222233e+00
1.962191926870971548e+00
1.979111557647445840e+00
1.782464786069611229e+00
1.763217722427465883e+00
1.759037559591487554e+00
2.099004928175297380e+00
2.109533640670339771e+00
1.960059949468824225e+00
1.992850988059670758e+00
1.958338891231143686e+00
1.983877274093058807e+00
1.948108006967077976e+00
1.993360745508715226e+00
2.285214010217667013e+00
2.035653435748586926e+00
2.097171156367296785e+00
2.322597015784109598e+00
2.091822330567588484e+00
2.371001749075089648e+00
2.350819356135021465e+00
2.149940024473699918e+00
2.236765943797030420e+00
2.055911101589289913e+00
1.981377326128348715e+00
2.087241221364342980e+00
1.838339169745127233e+00
1.990160018455318980e+00
1.849466405144183589e+00
1.808096375351577967e+00
1.750634587224427552e+00
2.102212359318111901e+00
1.979045150710894596e+00
2.003036476829966883e+00
2.089441608546851459e+00
2.061708670974638391e+00
2.184332227078239264e+00
2.192584592960351131e+00
2.109940191524654285e+00
2.224861658463380909e+00
2.273025048587042463e+00
2.223574588886945147e+00
