1.815941871548823583e+00
1.802430299977360484e+00
1.883504912289572619e+00
1.737554372728761676e+00
1.785564947284542292e+00
2.071077354971440521e+00
1.748393530956744213e+00
1.951543414909667984e+00
1.741437813386671252e+00
1.788350228235530581e+00
1.941513464299257530e+00
1.946457635797584018e+00
1.915924829108619498e+00
1.968936353259983729e+00
1.725413219055212943e+00
1.911276980058948638e+00
2.034821266777955273e+00
1.938523767748697058e+00
1.819069474421272758e+00
1.891910646387911177e+00
2.148180748359325154e+00
2.023164366480693754e+00
1.820583825242645393e+00
1.943262968119502387e+00
1.901680484958414352e+00
1.977380792191235859e+00
1.863439268588823250e+00
2.069133644806990358e+00
2.133037291318800044e+00
1.841197105334103412e+00
1.874548185253150256e+00
2.055225137156571069e+00
1.914939863447375101e+00
1.804621924723171622e+00
1.741214233619091445e+00
1.748323650893310433e+00
2.057018777981592272e+00
1.841536454830166702e+00
2.096475342420561105e+00
2.141574821668472239e+00
2.164100660172202595e+00
2.163897303169220798e+00
2.043032042764265643e+00
2.026377499631820012e+00
1.848646990780413057e+00
1.834344288864470318e+00
2.283168296882401638e+00
1.968074547770596316e+00
2.092509132461229271e+00
2.131194786887174342e+00
2.061080687916234222e+00
2.189831442690858943e+00
2.071950742216883690e+00
2.100530384737855361e+00
1.726819130168312677e+00
1.792382420353271666e+00
1.600959549774779722e+00
1.718645154360733063e+00
1.763225000407924625e+00
1.650041968651055901e+00
1.927326352411942167e+00
1.973126418712169761e+00
1.766459448194692028e+00
1.819905286531745547e+00
1.702069705782524700e+00
1.825415861685588670e+00
1.950948442772775682e+00
1.959839585252774130e+00
2.072691985143267690e+00
2.166750309960737475e+00
2.159610051024493327e+00
2.413410655945948946e+00
2.303142358780231991e+00
1.802541392941587883e+00
1.780060204940487889e+00
1.717262233743637179e+00
1.806830256322896400e+00
1.890287642276449187e+00
1.972688066379194582e+00
2.003154187022597288e+00
1.855419578481589227e+00
2.032886772434194356e+00
1.867204833453579349e+00
1.753459180805034601e+00
1.730004032650689805e+00
1.897542598254396973e+00
2.062884596438554041e+00
2.071700776652541709e+00
2.023928017739726304e+00
2.162378248521515278e+00
2.058440462378814395e+00
2.135889593672128495e+00
2.201580134089129004e+00
2.096366707835643162e+00
2.209806548845598240e+00
2.265759235625353529e+00
2.033404877156769874e+00
2.000528159898706804e+00
2.057889706797220164e+00
1.908956597596484839e+00
1.792472089121371015e+00
1.904983027293219111e+00
1.817142275959633624e+00
1.731054521549390879e+00
1.909268864948980404e+00
1.728170908572981723e+00
2.033110624086233109e+00
1.769203590600005205e+00
1.727574602620664646e+00
1.859581764089574429e+00
1.978334351337940555e+00
1.797268518129566450e+00
1.880498119466777807e+00
1.982062449659446113e+00
2.039288848744788663e+00
1.892799536709226960e+00
1.739964836070977627e+00
2.015953834409568213e+00
1.803021766870781972e+00
1.856850590876918172e+00
1.834247454049583892e+00
1.877675295721908721e+00
1.926918856900959875e+00
1.779471048794032839e+00
1.919193173740481706e+00
1.936805974637344274e+00
1.783900526352583116e+00
1.926708141119373829e+00
2.005446871372731810e+00
1.925171994456871927e+00
2.033820249049363760e+00
1.957276068676407910e+00
2.025067708149826284e+00
1.891377676041191114e+00
1.916889159778315310e+00
1.965737656331190575e+00
1.901447015496034343e+00
1.822594901793761935e+00
1.754449349447675388e+00
2.089006269734015930e+00
1.755614241556774147e+00
2.088346286665341722e+00
2.121093583936312310e+00
2.132723092124725550e+00
2.129182718078346248e+00
2.117475934183608022e+00
2.146009245327344939e+00
1.826691149428827821e+00
1.789200098028185026e+00
1.921959898796663957e+00
2.100723085462331774e+00
1.833351439159352170e+00
2.128694612175479950e+00
1.824095581147283873e+00
2.143722818386299522e+00
2.058410145077101294e+00
1.995590529119715351e+00
2.090919298353635547e+00
1.801908032755654032e+00
1.780086288182699983e+00
1.853420401757958524e+00
1.730667886201594508e+00
1.747783948337717552e+00
1.704364949028772447e+00
1.928659197508358014e+00
1.850952057789086780e+00
1.967966269556837844e+00
1.853287891996293402e+00
1.882210404118171532e+00
1.778206110196603351e+00
1.872768263085099250e+00
1.930136815438206144e+00
2.183974064600219922e+00
2.020442642348729834e+00
1.970966011439731824e+00
2.227656214546303470e+00
2.056746458886311135e+00
2.261348559205311304e+00
2.283963326563134277e+00
2.058898882847568501e+00
2.217001420081854857e+00
2.016745718542848564e+00
1.909931622578015409e+00
1.944971006868516872e+00
1.745635256785337708e+00
1.840517613347573578e+00
1.725694547498462184e+00
1.656490897602517887e+00
1.619440444092531628e+00
1.884784597334983047e+00
1.804602100578827306e+00
1.952090479039966908e+00
2.063099448037893247e+00
2.038552034635885413e+00
2.103561580915515261e+00
2.065792816556323963e+00
2.108477807750166466e+00
2.186706245602413556e+00
2.144583406660221403e+00
2.004490807307384603e+00
