1.681674563222640639e+00
1.511970389565189921e+00
1.504057838395335134e+00
1.561523107216339135e+00
1.536047669697619078e+00
1.651426882132208229e+00
1.684595975686072222e+00
1.718732198672751510e+00
1.678774130415567889e+00
1.501094158127719513e+00
1.622861015175690591e+00
1.624832758952770906e+00
1.638950842681708320e+00
1.673075568733674690e+00
1.865211705672486620e+00
1.628315724213553528e+00
1.597722522014473290e+00
1.820184743135659255e+00
1.563492529295338329e+00
1.642314731901708180e+00
1.744013241434477335e+00
1.747821558128240582e+00
1.762492321129724537e+00
1.632918679387803662e+00
1.647331223152177948e+00
1.690085410789310405e+00
1.591505087468227275e+00
1.866516361014453063e+00
1.680361416385097950e+00
1.918381679498632586e+00
1.667767813291209711e+00
1.627060839610140697e+00
1.515111187600288956e+00
1.662460748479058115e+00
1.639433537291710374e+00
1.742147783701884167e+00
1.769627638946535964e+00
1.504144962730162405e+00
1.455329880743812643e+00
1.535931085715238842e+00
1.750830575031960157e+00
1.634598093357094495e+00
1.652384988685089429e+00
1.715990815907408207e+00
1.694294120140491078e+00
1.776935990165755763e+00
1.643488394096298322e+00
1.657394586481800491e+00
1.860326516680466558e+00
1.708371026976480245e+00
1.705269992857159744e+00
1.519339073279686314e+00
1.633108197130354489e+00
1.510412182285607807e+00
1.483245856666624451e+00
1.615778604745782498e+00
1.647587249216483141e+00
1.672389720167122285e+00
1.464662009787156105e+00
1.621627498971386139e+00
1.623514399528078522e+00
1.537723225081774503e+00
1.497502790000911244e+00
1.556981305014971229e+00
1.603446749166524965e+00
1.793380394676478362e+00
1.614848192079169520e+00
1.535479071029698828e+00
1.606642025216304281e+00
1.766799070029203556e+00
1.726313805218368413e+00
1.753702104441801302e+00
1.825066478666385050e+00
1.432239166662116814e+00
1.585511491637211057e+00
1.870960952102519226e+00
1.745378355815797367e+00
1.913586640564330033e+00
1.677837516608598811e+00
1.745706836223591685e+00
1.542766663819246542e+00
1.658771838663124720e+00
1.716952173615505783e+00
1.620603383535358599e+00
1.601420515945249035e+00
1.723228088320315932e+00
1.741120129744534895e+00
1.884019569332069377e+00
1.766672909918363565e+00
1.428771341483153989e+00
1.640666644251851602e+00
1.517265178290498451e+00
1.435568388516029303e+00
1.702241246819080178e+00
1.653938237275321521e+00
1.682891984056890777e+00
1.781148021425640326e+00
1.670889732271959360e+00
1.875353835151627679e+00
1.642800037226786358e+00
