2.021533941303820470e+00
1.965955448903562885e+00
2.187106446187425224e+00
2.110167490928412271e+00
2.132467397864872716e+00
2.093941243400127217e+00
2.039993984367798774e+00
2.267173291659295042e+00
2.005441741009819090e+00
2.017070055262079276e+00
1.959665609553049359e+00
1.857044638246166723e+00
2.014868859873634399e+00
2.171139840368408347e+00
1.963401705866715030e+00
1.959526507062130163e+00
2.080875774356544916e+00
1.875525151188103479e+00
2.319923031225947785e+00
1.850935247127566630e+00
1.985177928917971846e+00
2.227883345465565323e+00
2.431444357079797225e+00
2.163124079416931966e+00
1.952541161116577273e+00
2.345598289765927547e+00
2.002379442534221177e+00
1.977998183911830576e+00
2.344091020282343063e+00
1.986174890992980835e+00
2.327568598475513895e+00
2.299471966185670180e+00
2.033631822009989154e+00
2.057955488086316898e+00
2.323861762287090738e+00
2.293153972480765912e+00
2.281774443297349908e+00
2.353893271804646137e+00
2.338430800033495238e+00
1.863334487442055876e+00
1.861536033544422430e+00
2.234734272954286283e+00
1.888748888144638816e+00
2.363910766684145237e+00
1.857416932381171559e+00
2.286433938092061524e+00
2.104189371251805163e+00
2.155842153216890544e+00
1.866575153600653181e+00
2.083842485148001522e+00
2.295859598561319714e+00
2.263066447674129567e+00
2.130064852484541582e+00
2.097950593849442047e+00
2.103439664533748754e+00
2.078972405735831419e+00
2.154172051275387911e+00
1.967753396535783850e+00
2.033876885820709468e+00
2.046452530924942614e+00
2.219723800298572414e+00
1.994624710502738596e+00
2.105605192301193362e+00
2.077184901989153509e+00
2.140495444431027572e+00
2.275126420904830749e+00
2.114511451439149869e+00
2.013813715435438301e+00
2.116367142067243634e+00
2.234708968799630657e+00
2.102270425310909907e+00
2.313376581567925694e+00
2.438782983829109074e+00
2.132652313788364395e+00
2.239563516213676220e+00
2.283307420206030169e+00
2.042404283369120055e+00
2.176488860344477416e+00
2.291404112769398704e+00
2.219386175670527983e+00
2.302935900637198774e+00
2.121931175392023139e+00
2.014666588599113517e+00
2.066350502980213832e+00
2.042537008469326398e+00
2.086667784727612496e+00
2.096763987710889232e+00
2.169270243180666746e+00
2.412586646356805975e+00
2.372602661664576118e+00
2.315605847580978871e+00
2.195580373882800806e+00
2.146074800669080407e+00
2.039549519474733952e+00
2.029772027838500303e+00
2.332752175318495880e+00
2.243937988478733825e+00
2.463577811049380006e+00
1.999936671613864458e+00
2.063277262939045897e+00
2.051207188582327756e+00
2.321910896740613683e+00
2.453301763392476964e+00
2.564939372874115886e+00
2.577814982779019992e+00
2.457974744887949647e+00
2.427268621844360652e+00
2.389843473573419530e+00
2.343197778271795428e+00
2.389205662622301496e+00
2.335742683584586032e+00
2.305163609801234692e+00
2.248719644883230728e+00
2.343848126846711288e+00
2.143944479826821681e+00
2.303968104567415409e+00
2.194030938562832045e+00
1.760451738703014080e+00
2.519597890066437529e+00
2.179218017744674274e+00
2.579058217768464445e+00
2.478024956008632262e+00
2.256651474598165397e+00
2.446211661469122056e+00
2.450546479493447727e+00
2.324809626205651014e+00
2.546067285670451597e+00
2.266015442355641341e+00
2.480255775170663757e+00
2.334219652847859372e+00
2.175791286392922075e+00
2.173753429228406198e+00
2.462933708180181203e+00
2.210231505239277805e+00
2.185427015854572996e+00
2.518545200034376652e+00
2.407611436552232753e+00
2.425106662516002487e+00
2.190376109465143273e+00
2.126656456905303472e+00
2.138484467416184476e+00
2.062007358822752767e+00
2.127344645100285092e+00
2.214628310147180201e+00
1.917581232422486792e+00
2.004656736926989868e+00
1.766203472063438085e+00
1.951649214451189218e+00
2.008447940494403117e+00
2.141130616703470935e+00
2.061203269145645223e+00
1.708892477899243811e+00
1.835366651841401131e+00
2.000380060504200141e+00
2.306779028315625535e+00
2.401973271676391963e+00
2.340560434214371988e+00
2.223565390587859181e+00
2.248073876076716271e+00
2.182970145612241453e+00
2.044130237562403085e+00
2.030875821823546534e+00
2.366880320271148364e+00
2.480183951257487251e+00
2.512707076705196219e+00
2.092929075109934978e+00
2.224748607223435926e+00
2.295301403612695079e+00
2.324374223379978233e+00
2.327343184908320151e+00
2.535680434458570165e+00
2.377512592538731262e+00
2.422362774760423498e+00
2.517837051056477371e+00
2.383956605018742181e+00
2.271281462395151163e+00
2.475143368699227686e+00
2.501145508856241761e+00
2.432674185171500802e+00
2.686718502467258851e+00
2.654050340156082211e+00
2.644234223696038999e+00
2.400196577644087448e+00
2.467453083895088994e+00
2.494066787373847127e+00
2.055519688092727115e+00
2.330794068016287302e+00
2.301988584188874754e+00
1.814275365186172051e+00
2.117736174396433135e+00
1.929426491981782954e+00
2.290470084654188110e+00
2.083781344829640059e+00
1.925684684514712863e+00
2.306577231686527618e+00
1.897668781277927152e+00
2.209027737079967135e+00
2.108984559376057888e+00
2.213932685639681708e+00
2.215660255053621963e+00
2.263684877166795673e+00
2.385648387149851946e+00
2.203132932828482105e+00
2.279052196819637111e+00
2.345429723982774828e+00
2.266550135540347899e+00
2.186001673931179834e+00
1.864417865550754172e+00
2.123739575735337670e+00
2.006377475810323663e+00
2.136352737309302974e+00
2.220277908768678810e+00
2.050487719510004414e+00
2.140177236103497638e+00
2.175651323662299408e+00
2.213696863729549325e+00
2.436699388958153634e+00
2.122256032079133714e+00
2.231817328383721488e+00
2.487434217602684239e+00
2.454346633033315239e+00
2.287138643276766636e+00
2.589759511188386210e+00
2.306802839173319963e+00
2.301364277240636635e+00
2.353130235913038604e+00
2.371345561790663137e+00
2.271358301182102135e+00
2.322981729366347281e+00
2.360721179105915724e+00
2.577791753121507323e+00
2.419605483702982784e+00
2.403022464274098269e+00
2.304277528421552645e+00
2.562301444411455353e+00
2.569044485001212408e+00
2.336673367944379631e+00
2.579675234105284432e+00
2.438068188679324066e+00
2.388483592500529884e+00
2.631011512456180146e+00
2.409164505126867528e+00
2.372096593640568241e+00
2.262630858322208116e+00
2.289189150979493270e+00
2.276970384170305728e+00
2.393820477821239301e+00
2.307636482240873921e+00
1.621655879575638171e+00
1.963491587093344926e+00
1.930341997580352853e+00
2.226690303402022231e+00
2.077475471056454470e+00
2.214502554575148441e+00
2.149772722459759144e+00
2.180822661370688476e+00
2.069512413229378289e+00
2.085322961337431558e+00
2.190904085916018040e+00
1.962886318647535155e+00
1.972969611158159164e+00
2.075588166385598843e+00
2.257068397137889981e+00
2.081519027474124872e+00
1.894826643935163757e+00
2.224240722291141115e+00
1.934154608616248661e+00
2.214752875636189167e+00
2.074179452649210109e+00
2.470336395193110768e+00
2.043414161259051731e+00
2.112232513810427648e+00
2.301719807017264863e+00
2.068833423814150141e+00
2.022243818774248414e+00
2.234539105257131730e+00
2.377184409987751490e+00
2.154845153668832225e+00
2.300553077241182631e+00
2.143702876803178281e+00
2.104478801554138911e+00
2.388795545367112361e+00
2.372345930747017384e+00
2.377949530722311078e+00
2.384289683231479717e+00
1.993420481899222052e+00
2.011992513483269907e+00
2.074974067448032589e+00
2.182445369760092735e+00
2.462627352649153778e+00
2.393888110567312211e+00
2.342284549283304873e+00
2.027285032949378785e+00
2.156462457516211906e+00
2.323145978872898532e+00
2.371826345607693565e+00
2.192848134735563281e+00
2.130596817362652384e+00
2.103203249241520467e+00
2.125479118191240691e+00
2.103648287184965771e+00
2.076389355783154755e+00
1.920554288811800348e+00
2.095000690289122502e+00
1.985365082686876947e+00
2.289303575649338285e+00
1.997665219682809745e+00
2.094627460382512574e+00
2.148881265766410031e+00
1.976128709321141264e+00
2.391850494344088585e+00
1.969549646027550560e+00
2.210463152338220549e+00
2.081643951301101580e+00
2.245704968255968659e+00
2.102252025660556800e+00
2.117013287651227316e+00
2.341025749059867156e+00
2.078198081421983812e+00
2.283503779435122727e+00
2.129322787611745760e+00
2.298483313078739876e+00
2.190290598991423199e+00
2.122712203832041400e+00
2.350710759636902125e+00
1.951667991099206079e+00
2.200194929945805900e+00
2.223216198727094639e+00
2.382434406065531363e+00
2.069562468563909352e+00
2.038143244353253003e+00
2.139855519857892574e+00
2.008471167064572072e+00
2.030371834037520085e+00
2.173656045064020770e+00
2.229195382064123709e+00
2.348101503412027391e+00
2.280169280107043228e+00
2.321521100794745607e+00
2.078809947270922720e+00
2.365996359827682305e+00
2.470917155883704641e+00
2.092908623384666544e+00
1.970453781986643671e+00
2.091764092949123022e+00
2.147138337253688967e+00
2.089729435077254838e+00
2.404790070600878238e+00
2.106815843035767966e+00
2.427696032286263517e+00
2.008333372318092724e+00
2.089664289329397295e+00
2.086515550674752362e+00
2.329594758903471785e+00
2.305219967487698973e+00
2.430247734593842690e+00
2.487650721653608343e+00
2.442010933506979953e+00
2.365196157640125030e+00
2.383798937326485845e+00
2.409621016079703804e+00
2.355385595283554512e+00
2.370130577131749572e+00
2.282885808295137764e+00
2.289562083959467031e+00
2.196648113115897694e+00
2.099902651859562930e+00
2.282919547165197738e+00
2.209134141750150437e+00
2.334760462048571128e+00
2.259814392218295609e+00
2.336092428799799059e+00
2.228628053024304556e+00
2.328040550816991239e+00
2.274410942063816332e+00
2.453015456740002431e+00
2.639998991521072647e+00
2.185599708925816120e+00
2.208427161907636549e+00
2.479987829083793116e+00
2.370099087383601422e+00
2.472685628974417238e+00
2.322300310496602460e+00
2.217037243583317885e+00
2.603531603585978793e+00
2.458645547372491968e+00
2.220121641952547797e+00
2.490975334787149276e+00
2.138371784831469391e+00
2.201522922663390336e+00
2.153784285467246207e+00
2.482254719059937997e+00
2.207967628738114030e+00
2.180019625073370104e+00
2.507451456659200328e+00
2.481362855219627850e+00
2.453679083339069145e+00
1.975302896562834754e+00
2.026633934307014773e+00
1.981628927459567313e+00
2.128836906542508789e+00
1.991315381645944127e+00
2.131315041130166232e+00
2.169006198977763145e+00
1.861856487436122309e+00
1.714303162061814545e+00
1.725241576192166892e+00
1.906438126632024055e+00
1.974113240890613685e+00
1.965593560014851082e+00
1.872790994364532446e+00
2.094253670180028504e+00
1.864766187893904359e+00
1.896827006081543088e+00
2.251775772998401148e+00
2.237804297116299690e+00
2.241057655438791762e+00
2.131256375714550177e+00
2.116217593816020592e+00
2.281275928244758333e+00
2.188501857138540174e+00
2.270319117341582427e+00
2.242526016873721328e+00
2.107678816142573464e+00
2.189631808913942379e+00
2.270760444046739490e+00
2.222758989862429591e+00
2.274709331221831388e+00
2.355163320096384627e+00
2.324548020102377155e+00
2.341508702738569259e+00
2.227420838540192793e+00
2.486770134414562516e+00
2.321946963257244700e+00
2.437678141035312773e+00
2.197684028608812401e+00
2.425485402262379964e+00
2.325762999275302612e+00
2.479875910613527967e+00
2.231970796304046267e+00
2.475211072619410757e+00
2.493309120210700058e+00
2.419309924222382779e+00
2.305890544665068376e+00
2.413989186611121607e+00
2.450648592675254811e+00
2.703091405141195835e+00
2.717959546182718178e+00
2.538894332222639161e+00
2.389329366408658561e+00
2.387842233384597890e+00
2.516178924957623408e+00
2.094331583283601361e+00
2.213479920044949534e+00
2.191749844291269511e+00
2.224703522024023883e+00
2.254148520322565297e+00
2.281173918658649491e+00
2.371168390831708273e+00
2.313282159165820140e+00
1.968855378668060041e+00
2.125297216342779016e+00
1.958702062202633654e+00
2.060284925359157526e+00
2.179095846172654394e+00
2.055622966057230272e+00
2.096274966149608510e+00
2.126638815674377625e+00
2.077340066962578558e+00
2.142909737568063022e+00
2.182724123479020673e+00
1.958264673829281488e+00
2.152032009281738656e+00
2.190004800285815012e+00
2.063545335153083027e+00
2.177856341887943525e+00
2.052717797995874172e+00
2.204386391636348641e+00
2.394121400728268956e+00
2.164054855537982824e+00
2.413049808389114759e+00
2.262387924447936349e+00
2.328642462562129811e+00
2.291771479862559691e+00
2.206640916273520325e+00
2.392511647740190206e+00
2.348789453950289818e+00
2.350026716376623526e+00
2.603180448306199324e+00
2.656824858400228972e+00
2.520529911017921787e+00
2.642711788289566321e+00
2.431706542376216085e+00
2.221363437423097054e+00
2.269250245413742206e+00
2.122032297618682950e+00
2.167828897074086658e+00
2.263725030389240445e+00
2.171209502591510798e+00
2.317985574898491663e+00
