1.678699749856388035e+00
1.526299049730239554e+00
1.455650769099201769e+00
1.516787625703473585e+00
1.468146304756330123e+00
1.496756096561422833e+00
1.711991396210495564e+00
1.686144519411047371e+00
1.572929236355526506e+00
1.569033294274968293e+00
1.726684993396639056e+00
1.728336263170231035e+00
1.692688169835443235e+00
1.820197614352974558e+00
1.955358955190674042e+00
1.694408803260636587e+00
1.636703072723115771e+00
1.865753365248453033e+00
1.615661768372672391e+00
1.780665949350384025e+00
1.867839767686521046e+00
1.860808624088441388e+00
1.898633727098641977e+00
1.723181117247104099e+00
1.832194711758663441e+00
1.854000948014894901e+00
1.708870379922461380e+00
1.891309568840433331e+00
1.763190014651485615e+00
1.996282174820314337e+00
1.677415537145797941e+00
1.669225095049612362e+00
1.558241816718467732e+00
1.791516452533084447e+00
1.725853521037893135e+00
1.766941257637498541e+00
1.807380031724900249e+00
1.534470214906064278e+00
1.466506270054366956e+00
1.533122901609054178e+00
1.786042872950329041e+00
1.716102847395077458e+00
1.695391670614520896e+00
1.634575259674896586e+00
1.681003607365488817e+00
1.831901048125393894e+00
1.856650921840367507e+00
1.760121467374831772e+00
1.780449165964518077e+00
1.739426513403283581e+00
1.746121919491586683e+00
1.544017308013413192e+00
1.688008744064344313e+00
1.534522328936483104e+00
1.500788760281998035e+00
1.642640346109333960e+00
1.668724148929028539e+00
1.655838174199953938e+00
1.600161520846725915e+00
1.694888969716008775e+00
1.689043876515549547e+00
1.591367534525377048e+00
1.638832521140957343e+00
1.738149532050049517e+00
1.683692522007658399e+00
1.851808695342513245e+00
1.655530296101858978e+00
1.602398391515511111e+00
1.624906359954683355e+00
1.854163098865312165e+00
1.871632722960079986e+00
1.905819460359861495e+00
1.882592883575697984e+00
1.475715390825482087e+00
1.674634654500038788e+00
1.922934767622834551e+00
1.806157847105544612e+00
1.987927103301440956e+00
1.666461939438455442e+00
1.747282998576266566e+00
1.639231015924225376e+00
1.702064466625179850e+00
1.702186596437143873e+00
1.695953363812255477e+00
1.742433397879110890e+00
1.920368965301829656e+00
1.855051721567160250e+00
1.945684839250868770e+00
1.806265637846596439e+00
1.475773151849564702e+00
1.640879377873524225e+00
1.569639973835083913e+00
1.460983571447524332e+00
1.667447020081045395e+00
1.710213039819720837e+00
1.706202062677047326e+00
1.852211756537466059e+00
1.812366448344560288e+00
1.846521214030896418e+00
1.710545043936754661e+00
