1.688327519901411611e+00
1.548016348624062122e+00
1.587363712768610435e+00
1.523744860508620569e+00
1.538341657381114391e+00
1.647261981092422056e+00
1.713628168457955736e+00
1.706946599999615621e+00
1.630295234860963838e+00
1.473714110479863670e+00
1.622249260865488374e+00
1.642576862861755860e+00
1.655672847505473388e+00
1.723926302398185006e+00
1.901370532178778605e+00
1.755972147607893552e+00
1.629150040875452898e+00
1.875085610965236516e+00
1.605151288669462550e+00
1.834662341833716237e+00
1.876286775189536460e+00
1.761198460196569338e+00
1.814089492281751426e+00
1.662556378842541704e+00
1.618307419322389418e+00
1.710420758445342582e+00
1.684233653342294357e+00
1.889025251683575712e+00
1.797689044755532928e+00
1.988831758040651598e+00
1.701018220376022239e+00
1.620070551221202804e+00
1.597613937594724032e+00
1.714270629601614360e+00
1.643144956441991988e+00
1.852675202119983044e+00
1.788306527129844836e+00
1.479931019289542515e+00
1.458765616338651316e+00
1.558195144610574179e+00
1.822051349646946816e+00
1.614992434962970291e+00
1.636444214243216733e+00
1.731389311666414077e+00
1.705437723883513890e+00
1.784669980235452647e+00
1.673678368764532243e+00
1.611363925353270554e+00
1.937171795440010724e+00
1.804624004333908571e+00
1.776469618410289719e+00
1.548164721209934314e+00
1.709146468988159695e+00
1.534720040105598260e+00
1.501945681216731776e+00
1.654937980155648525e+00
1.677982721042678982e+00
1.614621696584790378e+00
1.474291768512863365e+00
1.628799470761596924e+00
1.629005144297347885e+00
1.585884498121089115e+00
1.583911988237143964e+00
1.678623203718960788e+00
1.680595676610146416e+00
1.901158791949765003e+00
1.750014193424770603e+00
1.616983630436044761e+00
1.635751501918371265e+00
1.923365665600962116e+00
1.852179943375648952e+00
1.814103245435870759e+00
1.806445263859956185e+00
1.471654913352522742e+00
1.592799720898762761e+00
1.796868014611632036e+00
1.807883204413164524e+00
1.927554377014681464e+00
1.753295625365079324e+00
1.746845663274366522e+00
1.657879762510840349e+00
1.705740371666989219e+00
1.691043922260254684e+00
1.637574522115305742e+00
1.682236923520094907e+00
1.815670971168837022e+00
1.798820227037003505e+00
1.891417918280467347e+00
1.898931342410491663e+00
1.483066515924530648e+00
1.684879717752062911e+00
1.599026810757339989e+00
1.449586423677299951e+00
1.663821294706162579e+00
1.651000838992644049e+00
1.736328739337793525e+00
1.792645607645707351e+00
1.713611389119857664e+00
1.893878399616825803e+00
1.756515812741658245e+00
