1.730189332114979051e+00
1.522880261655231493e+00
1.431206094321208155e+00
1.512472417925437851e+00
1.450777437776253453e+00
1.536217134462631639e+00
1.714481522140329561e+00
1.646682212757905717e+00
1.598049193336879448e+00
1.653975090565181105e+00
1.758961362024887176e+00
1.746489492681575495e+00
1.710116872048469627e+00
1.754703028859708525e+00
1.803532942338645917e+00
1.696674164650979533e+00
1.691630763470325372e+00
1.855198621746718013e+00
1.673353898090265801e+00
1.707674138933955366e+00
1.794703740044675699e+00
1.875119463531947250e+00
1.829452650082674436e+00
1.771098607209265818e+00
1.823896784415398598e+00
1.865410328162878661e+00
1.818678502884504500e+00
1.975853540519564966e+00
1.631254307850952934e+00
1.882234976608728072e+00
1.768203516369639461e+00
1.725318425576417791e+00
1.598544917195346526e+00
1.734658732121932001e+00
1.792781874625460459e+00
1.716514753696450013e+00
1.773975342132676492e+00
1.592206551624752997e+00
1.560226491271452964e+00
1.668831527920559443e+00
1.828123622688997862e+00
1.719571107798127052e+00
1.766319156741174679e+00
1.775951459734891991e+00
1.804546268351059801e+00
1.901544907399828510e+00
1.801881385265966529e+00
1.810081499400302718e+00
1.732533980360986048e+00
1.653293278740283201e+00
1.207937694400424089e+00
9.984320333023036786e-01
1.202995187798650223e+00
9.734276062971125576e-01
9.412644796299721728e-01
1.361616575456069622e+00
1.231708292212781775e+00
1.337355350114512342e+00
1.441001221287026901e+00
1.670756445570378501e+00
1.712845835835983710e+00
1.573758333930785902e+00
1.572241479133310360e+00
1.599025002692728181e+00
1.593574835378902765e+00
1.773177380683267579e+00
1.315643483959511917e+00
1.555707095496745795e+00
1.486863542723759091e+00
1.420766910731121158e+00
1.636705017227579884e+00
1.859863132059371038e+00
1.761636999996344377e+00
1.370074623248116685e+00
1.594006692617526255e+00
1.877435178461170473e+00
1.591875121054056486e+00
1.897625389957415365e+00
1.760926761325666057e+00
1.590604065032623637e+00
1.467652057674878829e+00
1.457050741747110356e+00
1.784067799298825197e+00
1.790227123306892931e+00
1.822763655572550823e+00
1.886256397502742432e+00
1.509262777719871051e+00
1.924933243038533748e+00
1.345857573873505908e+00
1.306575954886568525e+00
1.410062281296037279e+00
1.473242704294313254e+00
1.388185987279729972e+00
1.713136768187602632e+00
1.770160953322321928e+00
1.771065308645880521e+00
1.832928450968191791e+00
1.848286584815734823e+00
1.593502713142281646e+00
1.384550408574052982e+00
