2.200162505520482537e+00
2.094731608637371956e+00
2.302437985482936877e+00
2.218360818447072891e+00
2.249083852330264310e+00
2.192837428249016618e+00
2.398182122443406783e+00
2.473875604679098394e+00
2.153253142082144134e+00
2.030759674925515235e+00
2.131238112823338415e+00
2.090302806571268324e+00
2.211024649040938428e+00
2.390713458710907791e+00
2.116544640864525206e+00
2.147671859131931704e+00
2.454823113069587670e+00
2.065103632468727746e+00
2.470675861125486872e+00
2.038177489703340672e+00
2.145226034554113426e+00
2.216459019181597156e+00
2.605687908869401159e+00
2.278801261600874373e+00
2.153986192694819390e+00
2.456191576710423430e+00
2.243889290478934484e+00
2.175697172066460627e+00
2.459487237348686239e+00
2.115135857262798957e+00
2.257161520447171110e+00
2.478048570860495126e+00
2.229439314465379240e+00
2.280720821003506149e+00
2.440545507138763615e+00
2.383046229418186002e+00
2.472619446106210095e+00
2.523835414093327678e+00
2.419423240037185785e+00
1.822516734571364649e+00
1.868597729630454118e+00
2.455614079751649914e+00
1.909601008414958834e+00
2.356610896434227609e+00
1.884147371904633994e+00
2.391984550348071448e+00
2.157189938950755170e+00
2.313859895461458205e+00
1.970575879468074998e+00
2.146805948857770652e+00
2.227825124707710103e+00
2.270738487293348928e+00
2.206049401687002476e+00
2.221450339590769207e+00
2.104893667505728594e+00
2.133709625835679358e+00
2.192698923522255150e+00
1.982452191945132114e+00
2.153894480035653647e+00
2.086222817406129248e+00
2.367061318486192611e+00
1.946423642904536733e+00
2.163975647720357554e+00
2.134943285017387726e+00
2.373606292403635631e+00
2.407232277582636915e+00
2.163083626941399995e+00
2.131792391187353974e+00
2.129037117489751552e+00
2.360182992069326691e+00
2.254296461326663614e+00
2.233673317880677800e+00
2.382271166733070267e+00
2.212863610738768028e+00
2.415948396612141558e+00
2.300885641455331143e+00
2.233199496190630295e+00
2.275372618338043385e+00
2.358986385726422164e+00
2.300878152679237676e+00
2.429293894709042778e+00
2.381881918010674504e+00
2.204777186571369452e+00
2.244362030056380686e+00
2.300585901726039051e+00
2.295745343791003368e+00
2.182909065345623567e+00
2.389402339862356506e+00
2.609279313256996247e+00
2.501896489400868173e+00
2.282469533607347945e+00
2.202021523669400072e+00
2.264769246821241477e+00
2.156842744038858228e+00
2.212753093046101682e+00
2.279567494519116000e+00
2.344080834549857606e+00
2.421977862272838955e+00
2.173121864120821201e+00
2.225630480073487849e+00
2.260875295339445312e+00
2.361823093356699932e+00
2.507184569444341982e+00
2.449304803950527631e+00
2.382636549493741374e+00
2.464860352657985310e+00
2.456100257007583831e+00
2.380284687840368729e+00
2.427081501125817553e+00
2.443623684983339039e+00
2.415354485149700192e+00
2.152506145646635449e+00
2.339550155918784569e+00
2.227284927952273730e+00
2.234070847959940931e+00
2.375630635597041795e+00
2.273241669417543687e+00
1.832610698384919745e+00
2.569295369508380666e+00
2.225062345496179539e+00
2.686052263981737909e+00
2.545225917222224687e+00
2.344415030015029267e+00
2.443581579401348680e+00
2.412774951060328466e+00
2.400419413355764142e+00
2.628883930710571359e+00
2.282364791287617489e+00
2.528832403839962328e+00
2.448806729282742900e+00
2.296435267683533787e+00
2.315954211963819009e+00
2.540201583694418286e+00
2.330317917292774599e+00
2.233449108291853946e+00
2.506524481462932830e+00
2.379020922688561246e+00
2.549613255338231799e+00
2.100001415317233278e+00
2.111514618280909250e+00
2.086187112335634364e+00
2.094514480715511606e+00
2.070849620114327383e+00
2.316231754823558031e+00
1.904970425638685461e+00
1.992694827728283435e+00
1.821348446873753080e+00
1.951593538413796347e+00
2.007738815117982689e+00
2.105646861990831287e+00
2.115033843226522325e+00
1.805516590124983667e+00
1.912901277007490464e+00
2.212599957730558398e+00
2.273049527916659152e+00
2.392289067266534897e+00
2.335098738912774863e+00
2.309110178598960950e+00
2.439841005635269955e+00
2.280360701107298382e+00
2.215539954459144312e+00
2.235362225068150188e+00
2.597700528685265464e+00
2.431934017419876692e+00
2.555638972708992540e+00
2.010701496889669482e+00
2.296138548929201662e+00
2.356575662152146755e+00
2.287332694975399594e+00
2.266002462546883311e+00
2.561042885356212828e+00
2.339663490676188395e+00
2.537821692856546019e+00
2.560884747698631170e+00
2.460219412952407314e+00
2.302148633706954772e+00
2.614285182823923304e+00
2.574615902909086262e+00
2.516160372192423722e+00
2.655583644117470499e+00
2.691152384858683355e+00
2.706625691044692417e+00
2.510249903951605965e+00
2.560232812828780791e+00
2.559569311225125432e+00
2.002134060799270365e+00
2.289850521752630819e+00
2.369346393329829326e+00
1.921726155634414512e+00
2.185218094515604115e+00
1.854912971148223733e+00
2.222097983816275324e+00
2.075955046283295857e+00
1.917584032552076767e+00
2.284063322565600185e+00
1.968093302942687695e+00
2.158928574536623568e+00
2.103419132626643151e+00
2.354432258446513160e+00
2.315706171783532330e+00
2.280237974257811828e+00
2.444441649550602946e+00
2.367740756821587578e+00
2.446330197107506432e+00
2.489924032466414250e+00
2.488040906790322637e+00
2.132778183023292584e+00
1.850580608215935952e+00
2.034180337813083383e+00
2.070236012647629575e+00
2.201697837575665950e+00
2.257441669281953445e+00
2.042072725336844918e+00
2.311080798755332122e+00
2.162035495980113353e+00
2.282113831454414488e+00
2.478948121524323422e+00
2.310101292457278799e+00
2.322405641808084731e+00
2.654217527097605167e+00
2.440566216890217799e+00
2.375814001383740770e+00
2.599903543111045767e+00
2.419862412124915707e+00
2.328543766894906941e+00
2.440150743780061138e+00
2.536316291200545692e+00
2.403077685666652030e+00
2.452578187433612555e+00
2.439326564126052865e+00
2.646467147531496700e+00
2.549815749900104844e+00
2.582513532230920283e+00
2.430903028320444026e+00
2.621154905124500001e+00
2.634052851186297950e+00
2.446813705382380189e+00
2.669083535149657127e+00
2.510834524082405927e+00
2.560908223195641042e+00
2.685124853573474191e+00
2.469295434310019299e+00
2.496758207868510215e+00
2.380849498288610810e+00
2.361183865228968060e+00
2.344686014422234344e+00
2.511697459534460108e+00
2.435224322785950690e+00
1.882064575635683967e+00
2.047109926488015486e+00
1.812802437642332620e+00
2.303740966193545070e+00
2.245033359253990390e+00
2.299681564583613724e+00
2.335098508514141802e+00
2.166363407229620286e+00
2.206324255908564957e+00
2.119531020706068247e+00
2.296554242496807063e+00
2.143919428797472992e+00
2.102788713208602278e+00
2.207543282930549911e+00
2.420371530256764547e+00
2.361941482526860092e+00
2.106207386105762414e+00
2.350194569263467592e+00
2.067068891294564725e+00
2.348891071925936380e+00
2.210335777949281599e+00
2.585511993384344454e+00
2.126557944439319670e+00
2.252485673354428286e+00
2.317080820137059405e+00
2.363237041074111477e+00
2.188354886873353777e+00
2.376363356939628080e+00
2.326811589004888159e+00
2.266437047109759906e+00
2.428042377356633974e+00
2.358338618687546795e+00
2.251597879627828647e+00
2.172229298929038599e+00
2.421536107511771618e+00
2.465798956276403775e+00
2.215723780614535787e+00
1.854922698343428156e+00
1.508236177737101835e+00
1.753281178730699663e+00
2.545569600758472717e+00
2.590846077703397921e+00
2.366812393953386273e+00
2.522036761886083056e+00
2.483809585608136583e+00
1.550044235525541936e+00
2.376011023764517116e+00
2.594351619045706325e+00
2.172789637135250640e+00
2.081294156847818488e+00
2.167075976474908572e+00
1.959776249791951308e+00
2.006478575831046829e+00
1.714453792981015523e+00
1.780685580356650144e+00
2.038013173172053438e+00
1.643690858136176214e+00
2.321473358788459951e+00
1.739249993019113871e+00
1.983710559662444917e+00
2.090246039197455552e+00
1.739911073254193141e+00
2.436858419437174295e+00
1.903285552240332912e+00
2.360242554597514975e+00
1.937351975733840437e+00
2.180434351326489217e+00
2.219700682148212145e+00
1.929292336750224379e+00
2.148385951018166651e+00
2.103204271084548438e+00
2.251593707208329409e+00
2.063099891527094165e+00
2.372477953712038179e+00
2.105129521629356404e+00
2.181499237025374516e+00
2.382348805660877922e+00
2.019464630589301812e+00
2.259313475457463305e+00
2.261824970408057300e+00
2.385129324616141577e+00
2.165512956379373577e+00
2.069206973171148878e+00
2.092318546994202055e+00
2.210924216532994535e+00
2.014621336446823285e+00
2.256101990414189462e+00
2.405070117006842256e+00
2.284198224993076121e+00
1.912571515949463841e+00
2.217089193304323747e+00
1.610702077406745758e+00
2.136470433163582872e+00
1.926272655629341246e+00
1.783779895570652529e+00
1.692563202143232637e+00
1.492612921687021865e+00
1.689493221778903154e+00
1.701918817311388388e+00
2.072324275672909888e+00
1.762199208461032063e+00
2.276822108188897520e+00
1.824093584192203021e+00
1.689368269882887796e+00
1.798428137364203927e+00
2.449174300240770208e+00
1.962117916665463646e+00
2.541325984433410845e+00
2.499108059014815808e+00
2.347801801146119249e+00
2.344294234070947169e+00
2.385009528007268287e+00
2.293152243745881780e+00
2.330193985259639611e+00
2.256234499254910819e+00
2.269919842357564388e+00
2.240320514300673249e+00
1.834279954259427248e+00
1.528860568354078797e+00
1.750718993758690445e+00
2.393028495608530815e+00
1.725666372174900154e+00
1.697781710775738917e+00
1.831842935126931193e+00
1.757980520708722461e+00
2.336733279989917200e+00
2.332750174090843398e+00
2.348638929692807409e+00
2.713755790157948766e+00
2.211673933790494040e+00
2.180754099898992493e+00
2.339951211352336635e+00
2.316205618293184720e+00
2.320505046665758186e+00
2.341951416491468319e+00
2.343668057853784514e+00
2.647799017195126670e+00
2.479552961447427428e+00
2.263129553623130619e+00
2.533058775220363046e+00
2.205451614576934283e+00
2.244208417455518134e+00
2.206856711615134081e+00
2.525266278111967022e+00
2.229056735457470406e+00
2.156546126386214457e+00
2.527709680804916648e+00
2.513475435644866529e+00
2.523396184044354396e+00
1.862123230610505331e+00
1.912508089515480014e+00
1.941477860206578754e+00
2.102378972110980904e+00
1.855541000833581977e+00
1.926428428229292278e+00
2.234353981814759305e+00
1.874700950891977413e+00
1.786511316547478856e+00
1.760616856669457775e+00
1.829420168272974934e+00
1.663421456430525414e+00
1.954815570064778685e+00
2.088058051989453379e+00
2.035360970152558124e+00
2.098466963840298849e+00
1.755855924999482287e+00
1.735518270266446450e+00
1.613651373176222981e+00
1.675678856002794204e+00
1.735736926952935688e+00
1.555100023255544750e+00
1.701952440360155805e+00
2.057491819350857565e+00
2.202336187580562044e+00
2.119458250861059767e+00
2.084653815850419090e+00
2.283733790862144897e+00
2.236312802897378660e+00
2.068287058211700558e+00
2.275389827271836474e+00
2.295585679627428100e+00
2.077486339282135219e+00
2.115863896628842777e+00
2.208107714813758449e+00
2.195968334603867866e+00
2.222764625453110376e+00
2.138165309912299250e+00
2.295728021530467178e+00
2.148635236356489564e+00
2.351012735696855760e+00
2.309806363518885686e+00
2.428308835834258606e+00
2.350036927576701462e+00
2.504266886799955572e+00
2.483563691475226154e+00
2.263394831253981554e+00
2.395998489046356816e+00
2.373377681324155386e+00
2.522468807526081491e+00
2.725977208588024059e+00
2.551243812237705466e+00
2.403920734953104432e+00
2.428324498857938885e+00
2.497565026446993297e+00
1.673242763294523039e+00
1.857888900269361043e+00
1.785209338616885244e+00
1.600206151075872496e+00
1.938697927799019505e+00
1.796887291049576563e+00
2.011192899414389057e+00
1.911040990721694310e+00
1.809837736306188605e+00
1.881698450463981986e+00
1.457948809307948457e+00
1.749010240108249681e+00
1.935652234395154991e+00
1.828993640994003522e+00
1.884342046035521578e+00
1.863628225588091825e+00
1.799592465569819222e+00
2.042052618221603222e+00
2.112487468353413167e+00
2.002435507626691535e+00
2.136937778678491107e+00
2.183782809268640435e+00
2.009439349335895297e+00
2.157156085490643527e+00
2.201723156692599215e+00
2.297942188010369424e+00
2.498423670297079902e+00
2.360286204528855070e+00
2.444683882224030214e+00
2.359962734990838751e+00
2.452022297497578496e+00
2.367185338544140372e+00
2.247151484612775363e+00
2.474790108646601983e+00
2.419522723717904000e+00
2.361102464991643224e+00
2.583328736605124742e+00
2.651277943308554708e+00
2.540392843252905930e+00
2.598467929829660239e+00
2.378385673644322296e+00
2.261714591698305021e+00
2.365404750524200406e+00
2.300785382235237098e+00
2.203012947534183308e+00
2.292420209043755097e+00
2.325134456296130914e+00
2.313194462749387892e+00
