2.150467560333051864e+00
2.174046653017077890e+00
2.304264688688441254e+00
2.218336970334641389e+00
2.214225647879385583e+00
2.160665281280782946e+00
2.303480710004460086e+00
2.367239503467592598e+00
2.145996803124788688e+00
2.028632041999973268e+00
2.188754788117428074e+00
2.050213097069895074e+00
2.003932986393774485e+00
2.117545668621845234e+00
2.146399292620070121e+00
2.056127857146619053e+00
2.276824638519136634e+00
2.038564246078288900e+00
2.393834507270395928e+00
2.026616320077040623e+00
1.992944789595631594e+00
1.990786196328381941e+00
2.468018022911814491e+00
2.524294076495543493e+00
1.944049468257083468e+00
2.271772966642712888e+00
2.171419579979987358e+00
2.000920199636486263e+00
2.422214345427101012e+00
2.024724663566924487e+00
2.220228802892354913e+00
2.465486423148545381e+00
2.079310442517459556e+00
2.130705968498281866e+00
2.343317376590523970e+00
2.378270911051019620e+00
2.336464187753774624e+00
2.386773145833587240e+00
2.417183985455602535e+00
1.912039599506098586e+00
1.893651813045904353e+00
1.974194000362438750e+00
2.041255277162536963e+00
2.418114925171977347e+00
1.819108558351816507e+00
2.253515043703686604e+00
2.163024086880202645e+00
2.275302190661789847e+00
2.152200134773547102e+00
2.046310688624680019e+00
2.254624087746256222e+00
2.175372289254326574e+00
2.152690222462349645e+00
2.040694827130042910e+00
2.079842236184229254e+00
2.094434176830450411e+00
2.170567175402503324e+00
1.913265191671169152e+00
2.067001741057699515e+00
1.995135572337365382e+00
2.281096948471478481e+00
1.881212351549989670e+00
2.110940553918106311e+00
2.069721108091925554e+00
2.278733673295776363e+00
2.426957313543920414e+00
2.066370773158260121e+00
1.975664986153257363e+00
2.184553488103974317e+00
2.261646034400670136e+00
2.274004492262785782e+00
2.429377349541515407e+00
2.497870485528435935e+00
2.195250081114201723e+00
2.341173445185534607e+00
2.409094653946787901e+00
2.253085090346132802e+00
2.241285431355454882e+00
2.491369445523837545e+00
2.241227521374282272e+00
2.338488432877572354e+00
2.349049522559166547e+00
2.175546036814576922e+00
2.175529830663424757e+00
2.288607219510560675e+00
2.320159374705463406e+00
2.266478921433594973e+00
2.408474473392494097e+00
2.433787923864092484e+00
2.404826501553743778e+00
2.312549074551274675e+00
2.151612455511239030e+00
2.117827429948143436e+00
2.228346134720113003e+00
2.016362405510783606e+00
2.157830659616492675e+00
2.065170307061385824e+00
2.362186222079778908e+00
2.068391847647478965e+00
2.155416515610925288e+00
2.275505519971480872e+00
2.380796544471146081e+00
2.481960366005198981e+00
2.597892607536789633e+00
2.539198971049854148e+00
2.367083045819424303e+00
2.440963827459554203e+00
2.258430198425609881e+00
2.405724231792282453e+00
2.361367850246027356e+00
2.553664670854205898e+00
2.309993436929252297e+00
2.189074977768952657e+00
2.363533110492233025e+00
2.115530933132183655e+00
2.425456959108781341e+00
2.313286055341811309e+00
1.923476732378303078e+00
2.483488026320677555e+00
1.962540921261725968e+00
2.506794181336308824e+00
2.456369661049419673e+00
2.054127645649667322e+00
2.281921887633528545e+00
2.363456015826596701e+00
2.290355087724837979e+00
2.529783345356985347e+00
2.108960864603697249e+00
2.558627939882915481e+00
2.416627692354745616e+00
2.288341827807002904e+00
2.301402744233460584e+00
2.568951524837009170e+00
2.373799048122232858e+00
2.328520306070054335e+00
2.556755093709720761e+00
2.464093347631187925e+00
2.583256374057971705e+00
2.156576073770501534e+00
2.095893865988557092e+00
2.138602374829390307e+00
2.038945876484405506e+00
2.061060385088360203e+00
2.253162150038188205e+00
1.971481415235763146e+00
2.026999784777266722e+00
1.835196927253064159e+00
1.959045729408891656e+00
2.104385816342484450e+00
2.064232051682612923e+00
2.134149132284881123e+00
1.708649241451852818e+00
1.895251621263594588e+00
1.970847410818099776e+00
2.166152391912609776e+00
2.483879947789437548e+00
2.436183574277224206e+00
2.078182119041666720e+00
2.144641443309159179e+00
2.028564756314042317e+00
1.881081175742329359e+00
1.980598087081471670e+00
2.504416997295184633e+00
2.498046641211437269e+00
2.567165657419318681e+00
1.899989712100977446e+00
2.014452124089362250e+00
2.294459110090978804e+00
1.987986467311984917e+00
2.224376206714536952e+00
2.432458429956153356e+00
2.316863700545675364e+00
2.336424998893525284e+00
2.469045698611942452e+00
2.248551446911353224e+00
2.254488241856313913e+00
2.449189696050889875e+00
2.416635672719571915e+00
2.415120643204453188e+00
2.497654507565887361e+00
2.543730453133056457e+00
2.399040122315561518e+00
2.458491798089690761e+00
2.336884756408428743e+00
2.434641418228795651e+00
2.141038376537781840e+00
2.251790260907691188e+00
2.470729400954017940e+00
1.954838494633343693e+00
2.197719746406048724e+00
1.951821836743712124e+00
2.339404251219134867e+00
2.257535035461802231e+00
2.079946367005403474e+00
2.330093627053814842e+00
2.123743184230822312e+00
2.172178183565181886e+00
2.120711998729013281e+00
2.331373214181325704e+00
2.183239488395877004e+00
2.200167905902055576e+00
2.371966950616516190e+00
2.278743117475850344e+00
2.245319701841252513e+00
2.267511561432459022e+00
2.219315681166929011e+00
2.167729335793108891e+00
1.821729394226279997e+00
2.061721532479113161e+00
1.929525107920868177e+00
2.141674872402376639e+00
2.157155136558884134e+00
1.932973135900994732e+00
2.204644213158404753e+00
1.906196695744691638e+00
2.021645849735334899e+00
2.278640783664846570e+00
2.191462119907198858e+00
2.296913997471290436e+00
2.354397952522886417e+00
2.387253892236048891e+00
2.196252962163116607e+00
2.386852164636621865e+00
2.228884561746159676e+00
2.231083548405986328e+00
2.254486533729742170e+00
2.243306554600032143e+00
2.077879027227283792e+00
2.052017148417491388e+00
2.218921549347281807e+00
2.333953386511189443e+00
2.604462670065883501e+00
2.246075104883535900e+00
2.237419820223315536e+00
2.286724561294401603e+00
2.565344519588799610e+00
2.440692261614710645e+00
2.556873174694106243e+00
2.492447159127221923e+00
2.319691515746875154e+00
2.643091813320021188e+00
2.379579252651840893e+00
2.318826582354835519e+00
2.164162788627892464e+00
2.360940260319878359e+00
2.244137439983607152e+00
2.331698187627350816e+00
2.386028526080282042e+00
1.673224537922884503e+00
1.719026569431598039e+00
1.993035562183571141e+00
2.151141107059217905e+00
2.093639794716046332e+00
2.186187681991391685e+00
2.270007674273510023e+00
2.081894255370396518e+00
1.914926669708761908e+00
2.144114768169664398e+00
2.239178653676167752e+00
2.082882667004975374e+00
2.050626527548537581e+00
2.075170969339478422e+00
2.349315359333612463e+00
1.983411420879064302e+00
2.009331405262436920e+00
2.347222425184355643e+00
2.017451406725371044e+00
2.270361987403225257e+00
2.003657899789002439e+00
2.456500525839065308e+00
2.032341415821889541e+00
2.000458975827690278e+00
2.472125441169906068e+00
2.324689943271538439e+00
2.024882496845081370e+00
2.274298861073739797e+00
2.384641278181994117e+00
2.101255032077567364e+00
2.266126253330557283e+00
2.108850625926840472e+00
2.109237065029382130e+00
2.383459630259274320e+00
2.349397732916298942e+00
2.378479994033769529e+00
2.499491778244093965e+00
2.031066043208629157e+00
2.093666981777762448e+00
2.107271572114294500e+00
2.066688335732016935e+00
2.426568021950852305e+00
2.389137045862828490e+00
2.362792021342480453e+00
2.037697125093278938e+00
2.183308138436060197e+00
2.298433257832595888e+00
2.275635659539463340e+00
2.158750102853756569e+00
2.029158318049121057e+00
2.089288893532996738e+00
2.122331125900649873e+00
2.167102143271716130e+00
2.150196407292095824e+00
2.008522641867060532e+00
2.102105167705449418e+00
2.040648425517739728e+00
2.251177665300952313e+00
1.983486333331888840e+00
2.109958320406346122e+00
2.158871047863320847e+00
1.998235061201195206e+00
2.400800218055636925e+00
1.995412646231449205e+00
2.258818128602680719e+00
2.120332192563944673e+00
2.294393888019661709e+00
2.162838695398398237e+00
2.065137672440729766e+00
2.318085964219470885e+00
2.135505672149145440e+00
2.371615881109777391e+00
2.230530836249498439e+00
2.403651947406177936e+00
2.270371747135173646e+00
2.303844128635944788e+00
2.529644765583570987e+00
2.050005266344410604e+00
2.311750171471690596e+00
2.358867097652636247e+00
2.394452759443030487e+00
2.308720395912529977e+00
2.209902098691416406e+00
2.235256379859020370e+00
2.327452568101762598e+00
2.082508444546979032e+00
2.237440057548643058e+00
2.428444516355481309e+00
2.440519180097929564e+00
2.310190095235313823e+00
2.481087015428493192e+00
2.206357296823468150e+00
2.377204892342193343e+00
2.364816726017213266e+00
2.116752985504786633e+00
1.956393185255155043e+00
1.940747757098918225e+00
1.969940838150478823e+00
2.088619935357160617e+00
2.249367359051463566e+00
2.184312201421628963e+00
2.429158110662107184e+00
2.011143536128044751e+00
1.986540436611586413e+00
2.021552502152948350e+00
2.537267798230669502e+00
2.200855128472136268e+00
2.279650338831172629e+00
2.560136769429528059e+00
2.364992733897071098e+00
2.423545843297827407e+00
2.376560244919080578e+00
2.418525232650290402e+00
2.343538795885142800e+00
2.332319746454893927e+00
2.253033566452355974e+00
2.331917723540992693e+00
2.280290858132534737e+00
2.068794032960002749e+00
2.236452545540236869e+00
2.192538277465651220e+00
2.247469832130186695e+00
2.209405918652788348e+00
2.319459830653570087e+00
2.386475023220240299e+00
2.359637756899233718e+00
2.273191805148665701e+00
2.313216474667414868e+00
2.581151582239644693e+00
2.038807777607616778e+00
2.149538521957951254e+00
2.308736880091703636e+00
2.293444838754915338e+00
2.446222625413333684e+00
2.285846941726012105e+00
2.152715903728013025e+00
2.564862544455340121e+00
2.329166635119766848e+00
2.198839544711611360e+00
2.372097773786825403e+00
2.188121647764639910e+00
2.382602708436555528e+00
2.190455811454124824e+00
2.559608867623777595e+00
2.439244414097563762e+00
2.241928987331460288e+00
2.401654088260084752e+00
2.530708926206571174e+00
2.561419822258412360e+00
1.829956360281461913e+00
1.881318685331692553e+00
1.932738855951609436e+00
2.084943547677742259e+00
1.873668895399244860e+00
2.070490953729736905e+00
2.157923802633688215e+00
1.933572710844098763e+00
1.874503098631694620e+00
1.701938465585961069e+00
1.931112900179711822e+00
2.072965971731571155e+00
2.021652521811676095e+00
1.958078720378888082e+00
2.044532073788044357e+00
2.035106373425045412e+00
2.014360794690949419e+00
2.286741982488547098e+00
2.299163146616243214e+00
2.202316091832616785e+00
1.997377489306907172e+00
2.144924488047322164e+00
2.238254381473475441e+00
2.284112949571637685e+00
2.404748586966476420e+00
2.196336252932344468e+00
2.074516145451315019e+00
2.178338808111608849e+00
2.213400671876544656e+00
2.093313233415897034e+00
2.279272927941044191e+00
2.351243586521158058e+00
2.240546637527494056e+00
2.409277248152354556e+00
2.275042590582899482e+00
2.462125259860344251e+00
2.350736933958923025e+00
2.357796149346780723e+00
2.186876065256551094e+00
2.298686765591305470e+00
2.191315040333789099e+00
2.351714875491256240e+00
2.174833678486056687e+00
2.502864890264978381e+00
2.560059862160524613e+00
2.475993862371549170e+00
2.366863055555154638e+00
2.498849057536494112e+00
2.329495546790686156e+00
2.605790112411166870e+00
2.538026982597707537e+00
2.327624557952281847e+00
2.299393815364179972e+00
2.379237488443877613e+00
2.425151109443012931e+00
2.161341586415822746e+00
2.310745339545142052e+00
2.176904703051720791e+00
2.093080930944083207e+00
2.274149635364558719e+00
2.266631742054155740e+00
2.389045243184506173e+00
2.292595370110587449e+00
2.132859648288751853e+00
2.276701612244057760e+00
2.080923622416869900e+00
2.140347703813058278e+00
2.180006280054087142e+00
2.150832524748043539e+00
2.111287300939195699e+00
2.154741881507977297e+00
2.117749082550345552e+00
2.125997145630845964e+00
2.157934536070585274e+00
1.955966814200863491e+00
2.135807225456820113e+00
2.182656184359151652e+00
2.041239747055812792e+00
2.120471732400175391e+00
2.096477600758568816e+00
2.271398486972834085e+00
2.255777264876436927e+00
2.229299887861388552e+00
2.294974241165665951e+00
2.281082637352874531e+00
2.295588967296440241e+00
2.252210254111937981e+00
2.230382980986097330e+00
2.366733014054656525e+00
2.390980790867873740e+00
2.394718495686958271e+00
2.440138667894967472e+00
2.510262449890926728e+00
2.439539904644192347e+00
2.450882128696970419e+00
2.255941721729171068e+00
2.265136829580470579e+00
2.183032448907666900e+00
2.134088246332617178e+00
2.119814804388893137e+00
2.284976863798153790e+00
2.448976680048520205e+00
2.272903708951710566e+00
