1.614981829371282318e+00
1.436628426954924542e+00
1.382294110279135513e+00
1.430755744199169399e+00
1.374099933123366979e+00
1.434401210928736070e+00
1.698172238116825605e+00
1.626878193101475745e+00
1.567319069525544117e+00
1.511848783957613795e+00
1.534446993359915190e+00
1.594752584054556221e+00
1.624414607937896049e+00
1.621108998814966728e+00
1.780146746743795028e+00
1.613041459375778475e+00
1.633226740769239571e+00
1.792510428275156720e+00
1.564745969318455554e+00
1.695260905146600772e+00
1.725088387251972444e+00
1.717676653283002342e+00
1.659664689365115464e+00
1.680003040129580683e+00
1.576041684380266261e+00
1.527338270179873669e+00
1.377163390354293693e+00
1.681398488725480034e+00
1.603429485802249976e+00
1.820822391486189629e+00
1.559551895483364481e+00
1.596961744711962172e+00
1.562443903557374059e+00
1.656678227263713277e+00
1.457036928512659646e+00
1.688637082911693010e+00
1.690540017279095197e+00
1.479323234943493492e+00
1.486131984615019830e+00
1.617791804293269964e+00
1.725828570804394557e+00
1.415923555644454268e+00
1.479084702505978788e+00
1.627562670990717608e+00
1.518638954655166629e+00
1.488270259756020453e+00
1.500317235444200925e+00
1.417059455688206127e+00
1.749682617127721329e+00
1.603499807143063949e+00
1.684143636989767323e+00
1.472990298260244746e+00
1.576596740653221973e+00
1.442210405862346390e+00
1.409416697035597021e+00
1.735617800809345246e+00
1.600476583453680490e+00
1.616181878497334079e+00
1.478975356240452399e+00
1.602034655000762919e+00
1.592863363297217782e+00
1.521489897433692340e+00
1.488628078785188658e+00
1.562086937451313551e+00
1.548360494303153923e+00
1.679997786959100958e+00
1.674008012185723260e+00
1.556027544704827736e+00
1.566577268596066608e+00
1.684840184972063559e+00
1.629839214474753994e+00
1.667028367737634964e+00
1.622459737792148360e+00
1.447615671031294182e+00
1.616149499014279733e+00
1.676521678164163198e+00
1.604583563650990641e+00
1.746963666988765373e+00
1.612652772616517183e+00
1.666212220144830614e+00
1.509341819144472963e+00
1.495923541685293845e+00
1.439738215008065980e+00
1.410818558803344613e+00
1.392177567567771002e+00
1.468525317941446140e+00
1.759898294334999669e+00
1.659220395590282449e+00
1.767192869669637068e+00
1.425670271643643572e+00
1.584158765102701150e+00
1.539122525136829234e+00
1.456222341465768677e+00
1.526370030948459577e+00
1.544156523958251315e+00
1.615007019386812681e+00
1.448013307353037016e+00
1.431095261152029563e+00
1.848422519932731101e+00
1.638772421177729255e+00
