1.731943445310307750e+00
1.519891786754500096e+00
1.536729525663303342e+00
1.531504541057913560e+00
1.505510164765547776e+00
1.572921389569755135e+00
1.716929816712093215e+00
1.769720118573665513e+00
1.601317594373464770e+00
1.566167430554015416e+00
1.749430590496256155e+00
1.776357611106129664e+00
1.764107007771008817e+00
1.889617515578528195e+00
1.924779023310032811e+00
1.690920094984935673e+00
1.734963064015537793e+00
1.989562756103267827e+00
1.659061413800577478e+00
1.973625455063996670e+00
1.859593683233254247e+00
1.909326273319673861e+00
1.959452735833596249e+00
1.800139497056920446e+00
1.838895816569315222e+00
1.851535230874381766e+00
1.767286923823681022e+00
1.864063093354457301e+00
1.724531547538766585e+00
1.966884070295048748e+00
1.799618830656327439e+00
1.645568687538579322e+00
1.561155116908772289e+00
1.850282251989296967e+00
1.775850635929033805e+00
1.884358668702309059e+00
1.887215974394652607e+00
1.609248804497607432e+00
1.504114567012317272e+00
1.599160979127068005e+00
1.883272776636904178e+00
1.761355327743869381e+00
1.757942703819941777e+00
1.756322334924959261e+00
1.747213363473888892e+00
1.880242519430194159e+00
1.915617588631588708e+00
1.828354672171695672e+00
1.802998639278631687e+00
1.800127649283865594e+00
1.771599623062186657e+00
1.574868863082629078e+00
1.719681677632164174e+00
1.590568871567754172e+00
1.472931285458756179e+00
1.669636291826184449e+00
1.676392494850544868e+00
1.632149008051316574e+00
1.636947375321540887e+00
1.746594077866432171e+00
1.735145543156610515e+00
1.671908349011684836e+00
1.724888316624146434e+00
1.729589728120827674e+00
1.743635188558889659e+00
1.880209493503686380e+00
1.754332518781069439e+00
1.685338111575580333e+00
1.784243558423618481e+00
1.978183430169247137e+00
1.929554332716667986e+00
1.960547406754558963e+00
1.902377383966606939e+00
1.536416250648555692e+00
1.756958630025044155e+00
1.966327078525466510e+00
1.825746414298815790e+00
1.970226787075080033e+00
1.727189110694179019e+00
1.784637179760987458e+00
1.776976431688188862e+00
1.851506613273682822e+00
1.729681903947152266e+00
1.697939403340871456e+00
1.756861607515394441e+00
1.971689502135136829e+00
1.871253565721842760e+00
1.953556749160627382e+00
1.935753171771350090e+00
1.679437127043064804e+00
1.708860963135608868e+00
1.588646413671264579e+00
1.512982902826648823e+00
1.723408032510016730e+00
1.734942805856632075e+00
1.731656923591840647e+00
1.837492048303865699e+00
1.853596476178188013e+00
1.876398755165682886e+00
1.763859924770321497e+00
