1.485551376402168611e+00
1.450949812074732836e+00
1.702250671982321828e+00
1.410183039596309307e+00
1.441008673610992163e+00
2.012131023391973361e+00
1.429991315158672727e+00
1.715012476695608079e+00
1.517914271680623983e+00
1.740435522155827197e+00
1.748208063363722475e+00
1.922617648759807674e+00
1.940888686443595912e+00
1.918568959772773974e+00
1.544504144192209383e+00
1.719644202774695207e+00
2.061623459351450194e+00
2.051352100037065807e+00
1.922763163162557687e+00
2.017527521110925814e+00
2.100895670321873521e+00
2.182937043613057959e+00
1.863738143872521125e+00
1.918635439877382387e+00
1.849465092584374304e+00
2.058612832607894738e+00
1.917352518044918241e+00
2.112522394738445275e+00
2.192880022699226217e+00
1.926151106016938286e+00
1.563875473257789750e+00
1.625657898204613705e+00
1.753305909872137303e+00
1.854487303306688206e+00
1.759955541321599926e+00
1.747657990593908695e+00
2.048876982070308550e+00
2.056934629251282676e+00
2.170842056392409347e+00
2.117496102897248544e+00
2.046821435409309498e+00
2.042586467711456244e+00
2.071055317911979721e+00
2.025339522406869097e+00
1.918345823253881699e+00
2.037003401502705202e+00
2.203569214344198279e+00
1.959332117560311115e+00
2.028005005864122801e+00
2.121586406227049526e+00
2.008176821745560670e+00
2.198347192804369854e+00
2.008738218976234169e+00
2.222556494199365851e+00
1.777976935388694280e+00
1.875210154624233683e+00
1.669518518912445293e+00
1.524115168401566800e+00
1.857621959762650654e+00
1.564162425523997868e+00
1.905593614942938219e+00
1.707862097060891760e+00
1.787867396938703113e+00
1.604804690589712202e+00
1.710355099241204879e+00
1.864152271120684601e+00
1.915278176083458517e+00
1.924478730548535133e+00
1.996542440787601125e+00
2.091067653884630673e+00
2.097859258989986486e+00
2.266812402767306889e+00
2.233961877458810363e+00
1.761802072635197725e+00
1.730327942736833879e+00
1.624828524484230874e+00
1.634669088816821159e+00
1.680713366869817094e+00
1.700989675194185313e+00
1.875865225845115836e+00
1.819199085845190966e+00
1.684150464521485535e+00
1.956556987317744856e+00
1.857218062134433634e+00
1.828965418967742895e+00
1.916230320568269363e+00
2.058666956754632071e+00
2.078439343302202147e+00
1.982254078801068298e+00
2.153208875164397629e+00
2.032613362563240322e+00
2.115228630982762592e+00
2.057267344481126692e+00
2.061198856163200421e+00
2.144354890760264087e+00
2.061081642403206349e+00
2.077032826703326673e+00
1.940015869459623232e+00
2.118928623406802103e+00
1.703617576861812921e+00
1.811241270273787007e+00
1.904509674035813171e+00
1.816576120252138216e+00
1.737649649070031721e+00
1.906819340088240278e+00
1.741679802885821360e+00
1.970943918224254077e+00
1.789546451502838087e+00
1.734584175919612781e+00
1.821965052415025044e+00
2.028307204103931838e+00
1.924000764105261663e+00
1.744548255255666813e+00
2.055699459798403961e+00
2.019171266181833069e+00
1.798335427982020729e+00
1.823573375172408806e+00
1.975466871513045675e+00
1.821484671893635721e+00
1.974053206501307223e+00
1.896981160684843681e+00
1.895533339559015262e+00
1.879528550620909844e+00
1.798199311483301033e+00
1.844013480982918729e+00
2.016112917282748551e+00
1.771045004751740093e+00
1.935625512686319771e+00
1.990698703821883964e+00
1.888670681095991455e+00
2.000774541103692350e+00
1.912090245982595915e+00
1.989943614461922472e+00
1.802094308753631857e+00
1.959951091147504654e+00
2.029924366676938874e+00
1.803190630109775539e+00
1.885734775687700981e+00
1.761671019100714330e+00
2.192430237569570117e+00
1.833500887818542147e+00
2.141510120689875674e+00
2.189652113422071888e+00
2.122978046583076761e+00
2.000197410160203582e+00
2.179066155399103089e+00
2.152421124787344375e+00
1.878002852558607216e+00
1.874035763589230186e+00
1.987692220616880556e+00
1.999706743467972503e+00
1.969941252568133905e+00
2.079491706125361272e+00
1.883497767241770759e+00
2.208170444052583559e+00
2.197332818108479469e+00
1.974217028658728168e+00
2.175418760669551421e+00
1.914071559646479237e+00
1.956651053185021638e+00
1.953168010281329137e+00
1.856908068649081311e+00
1.847521941301361492e+00
1.758864273131530487e+00
2.016991889493501500e+00
1.826109175669595075e+00
1.928360456233183085e+00
1.944107676443479038e+00
1.920596833926368596e+00
1.917224409008816188e+00
1.988680428205570561e+00
1.999859042990982161e+00
2.204278841558446000e+00
2.019201977881079024e+00
2.033399420153154669e+00
2.282134472828206917e+00
2.160828125325219506e+00
2.165528755535738092e+00
2.304719946407131292e+00
2.180033244654279390e+00
2.283898854092795805e+00
1.974411518581283165e+00
1.927234651175510960e+00
1.986605698166445277e+00
1.848712294274330148e+00
1.908439785607771721e+00
1.762104845182004054e+00
1.772680311051446855e+00
1.771832036030995816e+00
2.042305340219192633e+00
1.939002728938090225e+00
1.950890206095688972e+00
2.084982513751733268e+00
2.053819127165126268e+00
2.215010319763830449e+00
2.087626550508546064e+00
2.094960184824826488e+00
2.108644156253593582e+00
2.152734670072722345e+00
2.083343059690636601e+00
