1.634750691707812509e+00
1.548049500360597852e+00
1.529992212769102800e+00
1.468048754783818577e+00
1.447556692940920042e+00
1.526375990862466114e+00
1.720751665386987872e+00
1.727612549609702564e+00
1.553371425659975547e+00
1.624901566325867686e+00
1.754811094072622257e+00
1.724514100137319872e+00
1.750878130889819140e+00
1.860895903678767338e+00
1.954908353075002658e+00
1.653659725079929421e+00
1.698941667720550441e+00
1.992047601354966613e+00
1.681277382824108768e+00
1.938549113947855229e+00
1.910663690216801491e+00
1.924691780625996662e+00
1.950679193431394731e+00
1.747159196723392816e+00
1.868176582877003833e+00
1.850406908093262803e+00
1.798644747647462960e+00
1.960502218900378235e+00
1.828349330558453945e+00
1.997950602683818078e+00
1.699602512184899439e+00
1.689249906321531824e+00
1.552444350500639114e+00
1.844915861106214416e+00
1.802878093119944403e+00
1.866914161932008653e+00
1.867099073104118601e+00
1.543982203836370637e+00
1.511437422215989423e+00
1.580787721128928069e+00
1.812778732307698260e+00
1.709557459136374691e+00
1.746756417471846623e+00
1.662242226719841121e+00
1.730308745824861827e+00
1.893551808856003937e+00
1.913840932176889442e+00
1.842397473722284351e+00
1.920040727427523297e+00
1.832597435268789487e+00
1.686072932783664546e+00
1.564553511128889962e+00
1.684058734080353004e+00
1.551580845744135351e+00
1.542390213785271857e+00
1.706363806406538286e+00
1.688447004754669356e+00
1.753644472722732717e+00
1.615453208538700336e+00
1.690336890235009548e+00
1.711478272024546055e+00
1.561048192858417005e+00
1.637540181959446173e+00
1.670690856787456102e+00
1.757309214274724862e+00
1.910241891493450694e+00
1.696803940677598765e+00
1.616852207626920723e+00
1.752210247876560434e+00
2.027507211788978747e+00
1.923327929498111599e+00
1.954568741906337559e+00
1.970444097679800999e+00
1.509449008290009830e+00
1.612761185899824756e+00
1.931697866447403822e+00
1.815670751801848004e+00
2.053888475141942838e+00
1.715908318792770615e+00
1.784051092247189274e+00
1.777883236529703481e+00
1.917325882269459214e+00
1.722450023651332263e+00
1.763455077350685851e+00
1.786167721579127399e+00
1.906791286652116835e+00
1.832825502541628460e+00
1.906272474211891721e+00
1.928278189969791168e+00
1.642270193117196575e+00
1.659994231621712224e+00
1.606392172466785562e+00
1.514950340241256299e+00
1.678484238140034446e+00
1.768936880718777305e+00
1.671809238797003827e+00
1.841870596437596985e+00
1.827518414457247387e+00
1.888091802514327844e+00
1.821541216598490331e+00
