1.752674782745204274e+00
1.535518090509270239e+00
1.507797435794498542e+00
1.530457095544544899e+00
1.465396335518844184e+00
1.627954149555267849e+00
1.729806413130916765e+00
1.777549828089217465e+00
1.668039492586033568e+00
1.592457550440502523e+00
1.773691024143805972e+00
1.720507400902042461e+00
1.701460240666798018e+00
1.807222267586357400e+00
1.892794352702104055e+00
1.689154317683698503e+00
1.664575003414533683e+00
1.815781222394994510e+00
1.620462615132607365e+00
1.824994875001233696e+00
1.772388603285644404e+00
1.866128108952590514e+00
1.931248851038507075e+00
1.739833799155600547e+00
1.774380989133642617e+00
1.901628295549324665e+00
1.714951941405557845e+00
2.005899640910933091e+00
1.776330746251557846e+00
1.965768726299282898e+00
1.754282961559927578e+00
1.650939357186450795e+00
1.595541067313867911e+00
1.769249184622240456e+00
1.784097349872997063e+00
1.749304522618338797e+00
1.957266942414422228e+00
1.578460088271060435e+00
1.496571275346178176e+00
1.613525951994926544e+00
1.821423784131645185e+00
1.731182025746856645e+00
1.770422418202103998e+00
1.713361773687986922e+00
1.738353187493912433e+00
1.877570833935161332e+00
1.924872541018641581e+00
1.773960215830000076e+00
1.837703543311817178e+00
1.757243202899139378e+00
1.722061384288828156e+00
1.543352074759649195e+00
1.646235881135563961e+00
1.533425870216403641e+00
1.465329270296343633e+00
1.636114711051725568e+00
1.615836573635214490e+00
1.694204291335617452e+00
1.764088297410234540e+00
1.694977706259710004e+00
1.622096439318071237e+00
1.488556094882267367e+00
1.685485228044256933e+00
1.553779375135937668e+00
1.536062430838629700e+00
1.735812865876515287e+00
1.653741285812481365e+00
1.475050972503703539e+00
1.452733722727228338e+00
1.694882949970710095e+00
1.805167540436392493e+00
1.850473446167786529e+00
1.872437286925156874e+00
1.413865934185509543e+00
1.653608594830341172e+00
1.991896321149231097e+00
1.735063255268977755e+00
2.014576468668836107e+00
1.681725820919977465e+00
1.794719561021038023e+00
1.343626682474192480e+00
1.596938402237728871e+00
1.715706427464879891e+00
1.647629054686584382e+00
1.686092637688400231e+00
1.957091855903253963e+00
1.883110523337341302e+00
1.932638337682249574e+00
1.780575755301847973e+00
1.415403578026094289e+00
1.594423194618811213e+00
1.577403878535253989e+00
1.430468424107766312e+00
1.655386138694705522e+00
1.727424364857775396e+00
1.723924998377030615e+00
1.829780243235981985e+00
1.832062291608707927e+00
1.885957041960866665e+00
1.749115927618021038e+00
