1.671932631505496314e+00
1.462487371929515056e+00
1.456105941988913743e+00
1.488408700435883691e+00
1.437191274478894609e+00
1.464847704534994355e+00
1.724499784022729632e+00
1.681923440287668159e+00
1.520333976119043529e+00
1.593564517108503331e+00
1.702949116593119649e+00
1.686363219919914558e+00
1.711363076179829523e+00
1.753580803187136272e+00
1.940003952174980117e+00
1.651568818729748811e+00
1.655723449524642454e+00
1.856589219404426006e+00
1.654305665421859972e+00
1.830700128701426843e+00
1.814929648975254883e+00
1.824311644930209697e+00
1.935142760470433876e+00
1.702846393508928635e+00
1.777610747864507346e+00
1.803440902624793951e+00
1.685984704109540822e+00
1.950016721592991997e+00
1.739908208823087943e+00
1.979463648607697523e+00
1.660175847741662825e+00
1.618874126249438383e+00
1.537829319868896816e+00
1.763822759361060477e+00
1.734358002569311274e+00
1.835201431285188978e+00
1.830562518850919584e+00
1.577148125258031053e+00
1.501247119308083633e+00
1.586109066800036382e+00
1.853819354001033259e+00
1.661544071262859967e+00
1.718378753555253935e+00
1.658799947758927695e+00
1.652956352977329013e+00
1.823281568031051236e+00
1.900017011857906057e+00
1.744134758076054448e+00
1.814067031044731770e+00
1.814527085159351127e+00
1.585175708012328988e+00
1.468478115554133101e+00
1.562480802715308315e+00
1.452384936160028728e+00
1.508718434254079144e+00
1.703497347260908734e+00
1.603507166093770309e+00
1.649334382309228131e+00
1.807067114483168924e+00
1.718706140082562728e+00
1.754968980445851034e+00
1.582949015475289434e+00
1.577531134739674989e+00
1.610813095257552563e+00
1.660668817676022035e+00
1.842220505716324341e+00
1.620572387581956209e+00
1.583692628101499356e+00
1.574867947022761339e+00
1.777896885690102513e+00
1.781774587957624112e+00
1.817617637261238484e+00
1.878918408461797585e+00
1.349282065552964260e+00
1.636845071696914955e+00
1.952666272669399072e+00
1.787231157095287015e+00
2.031240374216137123e+00
1.458592588743010898e+00
1.378484675933459469e+00
1.698556334071383844e+00
1.370758372555419546e+00
1.589599209689283921e+00
1.665153601917248594e+00
1.745122159082246993e+00
1.838816807994740454e+00
1.856177253236734437e+00
1.960796219182711297e+00
1.791218879705391176e+00
1.304007424446828045e+00
1.554529124258277051e+00
1.268135925401260966e+00
1.483990363246281863e+00
1.333436331863685043e+00
1.567684829336779551e+00
1.663066304152282848e+00
1.786508611335887897e+00
1.808293026643150503e+00
1.833916551473071088e+00
1.761536629946808263e+00
