2.147012432914387592e+00
2.120386625282052240e+00
2.242205356138959438e+00
2.175705830081578807e+00
2.192112881679300074e+00
2.124428319434815471e+00
2.124847370528506918e+00
2.304683968496099133e+00
2.104473311083797427e+00
2.028336057839822182e+00
2.030691987005535992e+00
1.982546504271445853e+00
2.055293153012615281e+00
2.244233910624115147e+00
2.019689689052448944e+00
2.018246159082968116e+00
2.339579086709160816e+00
2.007759747508222503e+00
2.393975178099676970e+00
1.994601328108252414e+00
2.032142773175952044e+00
2.062195723877866094e+00
2.470888985176511454e+00
2.425435484356620819e+00
2.017282375198185207e+00
2.284685004130337926e+00
2.169282840285129410e+00
2.056881894547590406e+00
2.335205919027947719e+00
2.052340290653155375e+00
2.125329209595530511e+00
2.411024732221068057e+00
2.108406046961914804e+00
2.194844735290932825e+00
2.285697248413745886e+00
2.353651687498107048e+00
2.331079020478351360e+00
2.425551178070344260e+00
2.330806756226840193e+00
1.967221347304227708e+00
1.965829389983403175e+00
2.375017402868803362e+00
2.258836252022299540e+00
2.403821657762684971e+00
2.058390949801089942e+00
2.356419771259835816e+00
2.277399807267547427e+00
2.355271493218378698e+00
2.264307873446688379e+00
2.178848528260546757e+00
2.513405021466054823e+00
2.318106578205115564e+00
2.324889221302443243e+00
2.230408079670003207e+00
2.144445391818687874e+00
2.156159924383854953e+00
2.339778297345979308e+00
2.042369071567193384e+00
2.110677743811547380e+00
2.125774548278490439e+00
2.349752745293297362e+00
1.887650516784110888e+00
2.151241152366626608e+00
2.034953726074975489e+00
2.315050434247606148e+00
2.441776129261096440e+00
2.076264846110639439e+00
2.030697825009023738e+00
2.072698704888384480e+00
2.240833530904321247e+00
2.143288466180973462e+00
2.387457183709007502e+00
2.489544711915733455e+00
2.176908412960528061e+00
2.381584867616998835e+00
2.188563057828346814e+00
2.159916319114478789e+00
2.340809100133239173e+00
2.419784102698286254e+00
2.301693509814641381e+00
2.307632647729391362e+00
2.326058329024032201e+00
2.052253834793833942e+00
2.138297566229849345e+00
2.241459523064646575e+00
2.084761573170330173e+00
2.142784490916036066e+00
2.300281069028079273e+00
2.325373647796549204e+00
2.331243009357350182e+00
2.241932316621814802e+00
2.194490798150876110e+00
2.181722612669284356e+00
2.069398265790648672e+00
2.205474343247966207e+00
2.233184077621841457e+00
2.303372763248153099e+00
2.383746787079212393e+00
2.184842419919061030e+00
2.140025179876138939e+00
2.203668344953147784e+00
2.334933948105624602e+00
2.514717207420896106e+00
2.615474219828711977e+00
2.499518789091471405e+00
2.542119421327748707e+00
2.477873553008119067e+00
2.514726140719560910e+00
2.446546847360254517e+00
2.452370924041699318e+00
2.515915858529213622e+00
2.359011197237416813e+00
2.384265634339152840e+00
2.271493343885935268e+00
2.243034802478306222e+00
2.332907116391897073e+00
2.223679844328140476e+00
1.951750609546101245e+00
2.453130255561345230e+00
2.211767267794223280e+00
2.660427415688115804e+00
2.536803089598135497e+00
2.300890522969125218e+00
2.482300901122517445e+00
2.428819299173799795e+00
2.420632682584160644e+00
2.531968742253788651e+00
2.090867799449171560e+00
2.426346463918758634e+00
2.351659833325176585e+00
2.235005215610509577e+00
2.235153008926745510e+00
2.515444349459464490e+00
2.345911699139473061e+00
2.094913921918458488e+00
2.510948679675330641e+00
2.466634221809428595e+00
2.517798706918598306e+00
2.238988699687193495e+00
2.141769055433567548e+00
2.127056239614057098e+00
2.062807359567102594e+00
2.154926657530245926e+00
2.170689330514988136e+00
2.009819409438811544e+00
1.990880736917719052e+00
1.848833432836461288e+00
2.056528965673066089e+00
2.062004458227073123e+00
2.178042332541240800e+00
2.073710802269484788e+00
1.790313578714628706e+00
1.918663311579016373e+00
2.070506473596126717e+00
2.197591135209113311e+00
2.342911113388725042e+00
2.365046059093548259e+00
2.256279786724922243e+00
2.310041655705017405e+00
2.193893478590342117e+00
2.075285743597357069e+00
2.181749594191098485e+00
2.322782562718859189e+00
2.469917934989897645e+00
2.467953643792868856e+00
2.097879520695384858e+00
2.146806401776560680e+00
2.138429063088476578e+00
2.182656354809622279e+00
2.166342030726746248e+00
2.227092370287938827e+00
2.147195164201334272e+00
2.403942648068710053e+00
2.091909136988195694e+00
2.118752326404963693e+00
2.271738854078408032e+00
2.444498001157125344e+00
2.515842310540276294e+00
2.521821730984421528e+00
2.593076171446266009e+00
2.648293302343527778e+00
2.639038330781657837e+00
2.362536593040279520e+00
2.410333937908450075e+00
2.533497596174995259e+00
2.140172699797736833e+00
2.276696175029296221e+00
2.430516394134287328e+00
2.024830550382024086e+00
2.176129401391140750e+00
2.035107471559609582e+00
2.279444150128893565e+00
2.196246666895612876e+00
2.122407228884934494e+00
2.255650294916670795e+00
2.164847517923663922e+00
2.205311377629325609e+00
2.145116131783899593e+00
2.237104579726306053e+00
2.269984105267419672e+00
2.184600306260398916e+00
2.337923082821556253e+00
2.224537404887178216e+00
2.263598268641086708e+00
2.347978771358149253e+00
2.301244866549063239e+00
2.234261805097568665e+00
2.040424167602986838e+00
2.126715269952501597e+00
2.087397405042340282e+00
2.141447989889405878e+00
2.219420227989032046e+00
2.150957778743077586e+00
2.162775989872528726e+00
2.072687260354206806e+00
2.227525983499042628e+00
2.370185585966896991e+00
2.199598299382830024e+00
2.205020757737900183e+00
2.350847873283216316e+00
2.363705243979126625e+00
2.244484326122345053e+00
2.366223968883744977e+00
2.269012217207201143e+00
2.095580979240350583e+00
2.165966680443147219e+00
2.340623897518633978e+00
2.125658020578719665e+00
2.130496699466609911e+00
2.243115665089401300e+00
2.237182309020724347e+00
2.461570838584246079e+00
2.235790859131441710e+00
2.231434191522116084e+00
2.364295619367810186e+00
2.584084304226175632e+00
2.375645422905011905e+00
2.560414929772461878e+00
2.524508217313836234e+00
2.384348672163566718e+00
2.707312512034294461e+00
2.446656209477555244e+00
2.445718665469117425e+00
2.319781920388084728e+00
2.381505877611555633e+00
2.226112731136346667e+00
2.510757990955616581e+00
2.497986036966752810e+00
1.979090907666285482e+00
2.204972254002641296e+00
2.045254889905344431e+00
2.196023274109804913e+00
2.188752395137453011e+00
2.194634576719909802e+00
2.195085438999718530e+00
2.111380531320896647e+00
2.082656920671956957e+00
2.124648275960234312e+00
2.241627457805068335e+00
2.080158656954232743e+00
2.037093459652606686e+00
2.004105905222933082e+00
2.366297284916012433e+00
2.122334254120044061e+00
2.073310237273386036e+00
2.346648508558024204e+00
2.028499413270143048e+00
2.192990224107375763e+00
2.087498522965744563e+00
2.543625509240871718e+00
2.027314300256223945e+00
2.131473729806394157e+00
2.340830999735265205e+00
2.495353558759233703e+00
2.100726375607659513e+00
2.229243837025395525e+00
2.347710540798098489e+00
2.208099389314033267e+00
2.253356455244460044e+00
2.286319732987252884e+00
2.110567041258498477e+00
2.278384677563532801e+00
2.428829827485532444e+00
2.432420833359178136e+00
2.389945684244859869e+00
1.839653574650475187e+00
1.764661489697561647e+00
1.788711097717930576e+00
1.748843694736952337e+00
2.712740670541146759e+00
2.463896789872286774e+00
2.208320523963863913e+00
1.989531836466962522e+00
2.102788145630994698e+00
2.387950978117935996e+00
2.425140346466996721e+00
2.362658754033720498e+00
2.210313757973132009e+00
2.140656128807166159e+00
2.310060332079416412e+00
2.145215698564831186e+00
2.111026308199508428e+00
2.008369444176969942e+00
2.283771014544886846e+00
2.122810681445137959e+00
2.262194908126966553e+00
1.994699232875203565e+00
2.191814061060996188e+00
2.352547274195504468e+00
2.010259615010084211e+00
2.467201464840724778e+00
2.057315916556268220e+00
2.340017614803463708e+00
2.088590802977715377e+00
2.234442756425666143e+00
2.163306504186773171e+00
2.064062129822437086e+00
2.381880115443508306e+00
2.182356611707669369e+00
2.245785631767228896e+00
2.208017630557360000e+00
2.386895603532958710e+00
2.188290260772513651e+00
2.320335723502335856e+00
2.358213523478107199e+00
2.094912023382088595e+00
2.255059223323856887e+00
2.359041523459420642e+00
2.387442738048651147e+00
2.194671667745731192e+00
2.188691149284313742e+00
2.091096941164799272e+00
2.230649612482241473e+00
2.032480318272184228e+00
2.222673430219407997e+00
2.275772920383798414e+00
2.262028882385933137e+00
2.168436879803413042e+00
2.323713251295084881e+00
2.172646808278439146e+00
2.287222503038008004e+00
2.278938738112725293e+00
2.138617937856622131e+00
2.047763900774252299e+00
2.112786137590825675e+00
2.136235666132271227e+00
2.090939334699215557e+00
2.386040920149475664e+00
2.145219781334086306e+00
2.471178540046962802e+00
2.102940074636292955e+00
2.218834957126526231e+00
2.240401633280898697e+00
2.605424082018494403e+00
2.325148653465690884e+00
2.528472769327044123e+00
2.559781936415261860e+00
2.471036205727603630e+00
2.461345290934985108e+00
2.573056072633863156e+00
2.432105435153511408e+00
2.437418779523897072e+00
2.402730437092015059e+00
2.410557744379676404e+00
2.259099660301720380e+00
2.228692557079144265e+00
2.085733807720207889e+00
2.171517265159294219e+00
2.136465457150295233e+00
2.192913029254046187e+00
2.218734691215293875e+00
2.182462044187920114e+00
2.201858016990687172e+00
2.484151667716951728e+00
2.244528633720646926e+00
2.502302391595265796e+00
2.441989621726292192e+00
2.295854767679881281e+00
2.279390625169994244e+00
2.437771223731301617e+00
2.463801211235585598e+00
2.490303578070434121e+00
2.375075741494192982e+00
2.017836444890005243e+00
2.581674024381762411e+00
2.388933885680353253e+00
2.215060057082165024e+00
2.460083174736575007e+00
2.200431773442228067e+00
2.408642467234118456e+00
2.223742998656060621e+00
2.589512766665182930e+00
2.485439522874501428e+00
2.220003898864415071e+00
2.623774132264022008e+00
2.545920171641350649e+00
2.588381202767748412e+00
1.979122340799434943e+00
2.042060478969890625e+00
2.070707981035909473e+00
2.168255912707139910e+00
2.025863357864877923e+00
2.235940215320307622e+00
2.206801945832304046e+00
2.077924520633842143e+00
2.006690822131441454e+00
1.902260882389912977e+00
2.019497708473764419e+00
2.109705729425434662e+00
2.130798629530860744e+00
2.028779009250611054e+00
2.147218946044346932e+00
1.989455622618409691e+00
1.903829089786967188e+00
2.184158122510872602e+00
2.201936364532222967e+00
2.313668729248163025e+00
2.160230673996982098e+00
2.076004305542132666e+00
2.311517265287418521e+00
2.282132609904612863e+00
2.290730298366418172e+00
2.356056516277343693e+00
2.044953696858295533e+00
2.124462046918930369e+00
2.126932030023208409e+00
2.067958383725601923e+00
2.159655443236867089e+00
2.348073787095149356e+00
2.147383275610612152e+00
2.196296702786526556e+00
2.025673918337420165e+00
2.426083595221772082e+00
2.130760806466453605e+00
2.175511494377539545e+00
2.047321217376571134e+00
2.271213734239020177e+00
2.087347773431980968e+00
2.115089948474128345e+00
2.095263737147408545e+00
2.298489676826918071e+00
2.433340961890489762e+00
2.479160996464191413e+00
2.419141886431139365e+00
2.538291856142291358e+00
2.463510191073916999e+00
2.353181243811246937e+00
2.668927920391359176e+00
2.238294441304004234e+00
2.352489401379651568e+00
2.457184130266499178e+00
2.523476799268105086e+00
2.110823710198612257e+00
2.145983619318718727e+00
2.259053270140704672e+00
2.141513896360254243e+00
2.186538897130338110e+00
2.364776216549547172e+00
2.361599953614773373e+00
2.307748795222123839e+00
2.137077470966549431e+00
2.191756244531133380e+00
2.067089184791526701e+00
2.123598032008643610e+00
2.292537471100728474e+00
2.019684874678366882e+00
2.145214617686240111e+00
2.052076796152278781e+00
2.094087426379404704e+00
2.060297754355502775e+00
2.182507430938756876e+00
2.007644172255040882e+00
2.215675979323461497e+00
2.208111471688806393e+00
2.115260926371628880e+00
2.290721701194491811e+00
2.154553507215811514e+00
2.225616044256791159e+00
2.410032616649004478e+00
2.230613843112245309e+00
2.511381007930028275e+00
2.216780731528444015e+00
2.290461153112504533e+00
2.251851416050360655e+00
2.092079265792357035e+00
2.425125430936856841e+00
2.353163210689716678e+00
2.269917598064916664e+00
2.512259498198346375e+00
2.538172454272322742e+00
2.471291230384273785e+00
2.733559798886803005e+00
2.356484946744486386e+00
2.288746729802643376e+00
2.267965495076393445e+00
2.315633378000441223e+00
2.400578796409356563e+00
2.369655992973728864e+00
2.560005356032390100e+00
2.469308203288996140e+00
