2.151151471746349131e+00
1.987682946408065421e+00
2.254236475909654480e+00
2.133065751779631203e+00
2.119773415279905926e+00
1.951253279852680711e+00
2.089813609247870740e+00
2.412107698072761153e+00
1.990258896448497961e+00
1.905072137193403847e+00
1.897108914913695488e+00
1.875642557577044123e+00
2.068258782614740721e+00
2.167036565264493841e+00
1.902795346605173687e+00
2.102303166868013218e+00
2.259272015022749880e+00
1.871063318943109177e+00
2.359048601678472856e+00
1.809025902340523961e+00
2.076238993307776060e+00
2.025290414523531979e+00
2.486575291641367258e+00
2.337489805563250478e+00
2.151583245222754570e+00
2.228338409612568682e+00
2.128326769055784329e+00
1.976328194641717495e+00
2.482914501425307119e+00
2.118577848614921155e+00
2.287656044329800409e+00
2.324169050378819712e+00
2.054890089626634442e+00
2.125440014611296391e+00
2.337923917036883736e+00
2.338851293154474043e+00
2.352956620569706114e+00
2.383288943602351662e+00
2.405442891139998984e+00
1.868065009319336500e+00
1.967096222036001318e+00
2.078687010189609108e+00
2.118122860170682298e+00
2.360932060066472715e+00
2.120701990821446614e+00
2.471666241912026774e+00
2.139492936805793111e+00
2.310836117340390405e+00
2.225431281159254926e+00
2.241219828880884002e+00
2.225800891860362896e+00
2.420059266867209846e+00
2.226106433481862990e+00
2.290339810963195166e+00
2.249781533415974533e+00
2.273975270559834616e+00
2.309350197283904560e+00
2.048784751734855636e+00
2.263547462094403162e+00
2.141356455319362251e+00
2.389373476380392436e+00
2.014720181538960375e+00
2.218510456868644898e+00
2.199382728462156322e+00
2.369620500838099275e+00
2.411530163317763265e+00
2.160442934607007537e+00
2.133124298804467855e+00
2.103476531103470659e+00
2.415418073077652661e+00
2.228466940839044952e+00
2.397465612662680101e+00
2.494784649084035077e+00
2.260039400094581818e+00
2.497533954536814704e+00
2.381922729760324042e+00
2.168638688803206094e+00
2.286000967549577378e+00
2.453758426603442011e+00
2.342638004448223121e+00
2.442899802339553172e+00
2.282366990633114767e+00
2.098713638108043789e+00
2.206580607486400947e+00
2.189494836485978091e+00
2.190551845293628119e+00
2.163389454650680666e+00
2.540041446914448553e+00
2.507757102167000873e+00
2.431673256768845270e+00
2.371333179113834344e+00
2.338920505719984444e+00
2.298363651266089658e+00
2.295492779521284277e+00
2.217923436906204859e+00
2.383579509455878931e+00
2.263564822046462144e+00
2.487804277308739653e+00
2.163596766868209897e+00
2.196850179521395496e+00
2.174816860250195383e+00
2.272856078056223250e+00
2.567746971576429171e+00
2.637949126424455226e+00
2.586055513742850032e+00
2.553034258231562603e+00
2.496696894243529030e+00
2.505187975159012037e+00
2.548250255593330849e+00
2.418841740244119798e+00
2.502765203422232076e+00
2.302784537786797259e+00
2.328588711389405486e+00
2.264106184242150377e+00
2.413766000959112201e+00
2.351802457892853582e+00
2.410849732033320425e+00
1.909016641499728051e+00
2.576082971693657964e+00
2.240861886077836651e+00
2.641253181343773626e+00
2.560005307503804950e+00
2.367358236785122916e+00
2.492379034575555874e+00
2.436983582205581644e+00
2.413884700848776266e+00
2.638020723380512855e+00
2.459844487715816541e+00
2.498776283916944951e+00
2.448561283011814638e+00
2.314864867857425956e+00
2.315099342475899213e+00
2.548855016288675834e+00
2.360620092979352602e+00
2.253379299425128046e+00
2.585910412836359917e+00
2.474319122616668309e+00
2.561030287795549754e+00
2.019905432547451696e+00
2.189913960858794084e+00
2.105160457797439655e+00
2.121479881496580511e+00
2.111585041740462465e+00
2.235788815120106410e+00
2.001686840901960363e+00
1.987501586836674328e+00
1.902812521000638801e+00
2.082009799278661255e+00
2.155523589648024707e+00
2.185495411936358323e+00
2.055957587407001963e+00
1.863446915438109475e+00
1.945280765832097192e+00
2.019759235608135306e+00
2.311002932240598273e+00
2.432175052839101959e+00
2.539294506698871245e+00
2.360868572721516401e+00
2.440425071812449609e+00
2.305196023819260365e+00
2.187200787433087878e+00
2.257205634874246858e+00
2.543235409356332521e+00
2.503357027434036208e+00
2.544997599318965520e+00
2.100127240463210754e+00
2.314821363454118153e+00
2.352276048678797249e+00
2.395264701437090249e+00
2.303348553743652438e+00
2.617734706837872682e+00
2.406344665417342377e+00
2.525382875363644697e+00
2.557162765812928118e+00
2.467582462194565451e+00
2.337446492605807613e+00
2.447455673610893445e+00
2.496909034139328298e+00
2.673483770202460530e+00
2.699510595288730830e+00
2.684758752650444169e+00
2.695438379600537893e+00
2.438823095099159843e+00
2.493902515580905810e+00
2.538355196108648570e+00
2.175868068584512205e+00
2.403338109658812893e+00
2.371989981776238210e+00
1.938762623396032447e+00
2.332935101594127314e+00
2.008969390391338372e+00
2.335540673236612630e+00
2.173387775780989628e+00
2.097501843540082955e+00
2.416791039422712561e+00
2.121161373670699124e+00
2.237165742639736443e+00
2.127277940058994510e+00
2.397063953720761642e+00
2.273593123972186270e+00
2.281425068665442701e+00
2.431295087226541085e+00
2.269852069569693764e+00
2.247060146664999980e+00
2.397176733928155112e+00
2.374875827533076134e+00
2.209688754164722546e+00
1.847744878526785373e+00
2.149338502544073659e+00
1.988316904999276824e+00
2.135399499389007971e+00
2.284325828418871218e+00
2.153638183003067308e+00
2.376587673873606921e+00
2.201288989289827303e+00
2.249002613530165284e+00
2.438859695584654652e+00
2.251016418035483468e+00
2.381809642062931776e+00
2.633213827234403670e+00
2.449376900648173372e+00
2.329930999986943974e+00
2.595306895101884059e+00
2.350066157759130192e+00
2.370204283140918022e+00
2.414786590072270478e+00
2.396001664361513406e+00
2.369521408973525034e+00
2.418789765363384081e+00
2.373421792024350552e+00
2.671270645264643306e+00
2.586811608692679787e+00
2.484866582294088300e+00
2.397737626094030183e+00
2.549963626392959704e+00
2.634501076522979268e+00
2.392959435340442198e+00
2.593882576388516714e+00
2.444569843331041437e+00
2.475601804940846140e+00
2.689229228831417018e+00
2.308376030928481537e+00
2.426125270887876884e+00
2.345221406889968829e+00
2.329966062631107171e+00
2.342426965117736959e+00
2.334968387515421018e+00
2.401879145894959766e+00
1.762137611801687154e+00
2.093546274198383017e+00
2.037781054178268381e+00
2.166927208981011876e+00
2.140249844220925013e+00
2.251446187863373805e+00
2.152344554699936907e+00
2.106187666020729932e+00
2.137255885687921797e+00
2.164415184949157744e+00
2.196720665023673913e+00
2.095371384530640313e+00
1.986366916552919859e+00
2.158409295927164795e+00
2.346541890671840047e+00
2.094886271429051039e+00
2.015645784590687661e+00
2.380923024414663747e+00
1.965361001864224466e+00
2.150859929121560654e+00
2.126023212467531565e+00
2.549580018663851533e+00
2.072424688380632318e+00
2.075920423427598305e+00
2.406330865257503504e+00
2.256928640719441326e+00
2.118299188754693141e+00
2.232673348952407100e+00
2.489492020516465232e+00
2.177148563648260815e+00
2.345389666597066380e+00
2.169437601430965312e+00
2.110882892775641562e+00
2.388349896273867401e+00
2.518995618504655809e+00
2.410528853542129646e+00
2.396636519972094259e+00
2.058980459140905772e+00
2.068132292434104791e+00
2.202752126798196208e+00
2.150762930982446530e+00
2.702290369847969664e+00
2.518788697090280415e+00
2.436471209480822520e+00
2.168671551462004299e+00
2.232586880799193985e+00
2.447014273460982547e+00
2.472405419675025140e+00
2.428976383033808251e+00
2.346521754208525934e+00
2.236943020019386719e+00
2.303993612448277162e+00
2.241620917246912814e+00
2.248720490719179121e+00
2.048368172100586637e+00
2.225584298340930633e+00
2.202529557136698291e+00
2.312458443831274746e+00
2.174568890916066088e+00
2.230127886692865324e+00
2.282186462547452166e+00
2.112432536540215455e+00
2.515935060421442326e+00
2.109498036766781048e+00
2.421410224355780016e+00
2.223542802759153947e+00
2.374621522715868682e+00
2.442878126771774294e+00
2.182953239826258773e+00
2.476267094323784779e+00
2.162888282739936496e+00
2.434236465043534192e+00
2.256744205117246604e+00
2.334783633328504138e+00
2.428738502108538810e+00
2.278251914460825311e+00
2.568734824289023333e+00
2.119202285500142668e+00
2.384098290880533710e+00
2.429591861922226759e+00
2.428244242193811520e+00
2.370013646504303129e+00
2.245881487911989716e+00
2.293137836462345813e+00
2.306892575736499751e+00
2.232535882204948141e+00
2.283324144593720018e+00
2.527249732778864111e+00
2.375771294850383519e+00
2.323925216558235807e+00
2.619207773920041227e+00
2.368876000794026826e+00
2.270164921199350871e+00
2.331357535229153122e+00
2.390015664318248856e+00
2.207851299510010801e+00
2.254275586604638004e+00
2.237601830346501064e+00
2.229765119631789361e+00
2.280400859402998748e+00
2.213955808843430795e+00
2.419669816292949527e+00
2.283762856108873418e+00
2.241778848526033485e+00
2.321315168373522919e+00
2.566361271529912447e+00
2.294716700025513312e+00
2.419966499199063037e+00
2.503969306810568618e+00
2.548080525735422430e+00
2.527029626528280115e+00
2.640610266395258865e+00
2.500008050697112516e+00
2.478861771915570777e+00
2.454783831297317587e+00
2.433105377725900187e+00
2.365937606388632819e+00
2.355539587572083260e+00
2.212520558116132463e+00
2.212556903337841163e+00
2.333964410333698947e+00
2.370277236152353861e+00
2.344853505281160988e+00
2.415283990693222638e+00
2.422851598433447773e+00
2.454037575633910340e+00
2.420136706101418067e+00
2.470078368190504303e+00
2.756988438900224825e+00
2.368991088786346566e+00
2.395743161665925935e+00
2.641412415257466950e+00
2.527820550007585432e+00
2.543480387334482895e+00
2.437017298383227004e+00
2.439830818693381254e+00
2.579109121583178066e+00
2.338765270615920322e+00
2.329523037253197870e+00
2.465020655201967337e+00
2.269775931903101007e+00
2.289548874978221793e+00
2.255355818919360544e+00
2.550551226636489144e+00
2.324949102697351666e+00
2.187054747898800500e+00
2.548265728848620792e+00
2.559394280172592406e+00
2.614561530153237445e+00
2.122506188619692313e+00
2.157213310149694419e+00
2.088230378983869429e+00
2.185220258804469129e+00
2.011305052798041615e+00
2.240199595058613546e+00
2.171728026148815438e+00
2.228291283900951658e+00
2.071694814453067135e+00
1.935537057203291056e+00
2.046021707861005012e+00
2.122826217621140543e+00
2.138131280813697188e+00
2.018177317054369979e+00
2.193154682032866454e+00
2.204684658330119174e+00
1.940215313465123215e+00
2.428811632606812321e+00
2.452510424183881987e+00
2.414450247238348890e+00
2.279237697262629592e+00
2.235082163784149589e+00
2.425973452892528304e+00
2.281402045063265493e+00
2.406573406137386684e+00
2.371207000858346792e+00
2.163387110078882625e+00
2.281306549734892108e+00
2.238482407188028489e+00
2.241035517514139208e+00
2.335070738756969799e+00
2.565356217168084818e+00
2.402451202312485101e+00
2.373731852763539152e+00
2.322312896504136415e+00
2.520263624033194816e+00
2.382205372092997653e+00
2.484962757412072509e+00
2.430135901087889572e+00
2.468390392348559725e+00
2.449469675719631478e+00
2.610173879585961476e+00
2.529451494391960154e+00
2.578493412607350432e+00
2.690053778146824115e+00
2.639674877926018404e+00
2.466327465822580667e+00
2.474685060060956232e+00
2.515560687471012802e+00
2.829965741725386064e+00
2.736431752518261984e+00
2.494075445920491241e+00
2.251250282633249888e+00
2.383417116709926287e+00
2.468388245499740563e+00
2.194239023602647443e+00
2.335821985766288300e+00
2.312437880572494553e+00
2.208169408533820821e+00
2.403598698648926391e+00
2.391473842248921233e+00
2.549115358425796618e+00
2.527737628050709340e+00
2.114776244130288863e+00
2.353659489891901657e+00
2.055925009083906740e+00
2.200127153542724034e+00
2.309627620481474075e+00
2.108106981989839923e+00
2.215976842603848862e+00
2.268576329123800583e+00
2.181806645101344255e+00
2.275974319065903639e+00
2.235354011183909417e+00
2.028768622660674481e+00
2.197242506393696448e+00
2.294290521350783596e+00
2.017967304874267231e+00
2.266642234786533372e+00
2.109638843981616496e+00
2.250738379240098563e+00
2.462455394854142998e+00
2.238468231006006004e+00
2.496848355646376749e+00
2.412369506051745827e+00
2.276458896100056695e+00
2.429086623846816728e+00
2.507202560989052031e+00
2.473405348968947592e+00
2.533320234686857741e+00
2.419247083731128178e+00
2.637125070842792240e+00
2.647807238071151481e+00
2.591595480696220033e+00
2.677218169068244613e+00
2.508342492646300048e+00
2.454639794080028636e+00
2.388723753903687630e+00
2.273204198732122094e+00
2.291255833364259420e+00
2.418392715118572234e+00
2.304625000837002613e+00
2.348027159638568673e+00
