1.964344349665446243e+00
1.822962880850791167e+00
1.916150770249865687e+00
1.756593123481951624e+00
1.778177348531633228e+00
2.043855565401224261e+00
1.763800344475380255e+00
1.947236292848677497e+00
1.714646891751543611e+00
1.923306308966767464e+00
1.885648619864218611e+00
1.984798901100698787e+00
1.848522170823731159e+00
1.912353824937673696e+00
1.709335358658402582e+00
1.796802906953546941e+00
1.917224524919444617e+00
1.875140945513380508e+00
1.792709626815280011e+00
1.854020022732662643e+00
1.963651504849351248e+00
1.868329168991126554e+00
1.684771538029365079e+00
1.718714223464966162e+00
1.720801148503492861e+00
1.806387252455368131e+00
1.716179336127146460e+00
1.811423407977105660e+00
1.842764775359663432e+00
1.812923021350116626e+00
1.904078539601231412e+00
1.942764392893535641e+00
1.829698179492849519e+00
1.827921480490948491e+00
1.758996462456195342e+00
1.743218782282385693e+00
1.847886933407001386e+00
1.737085599161120486e+00
1.867945164382267542e+00
1.785637268537274336e+00
1.864763929191819214e+00
1.892366583067458086e+00
1.948078759778467672e+00
1.899498180142481507e+00
1.893909594788391493e+00
1.925282935092071046e+00
2.031714757151477091e+00
1.868980362451178268e+00
1.984662744697099246e+00
1.933956309753513292e+00
1.805319503137613024e+00
1.965670753515111224e+00
1.867795430362743536e+00
1.923149327646525242e+00
1.682201284965560317e+00
1.818581116034542644e+00
1.657252781832682098e+00
1.716193336179157702e+00
1.829441605848104890e+00
1.696750528705096128e+00
1.962915826691574939e+00
1.878528153908240794e+00
1.808882622610083812e+00
1.878327296024766779e+00
1.617576761127401230e+00
1.853916801078001386e+00
1.805444364521878953e+00
1.880831362049982580e+00
1.899861335194730660e+00
1.963033355497876498e+00
1.905526104638192608e+00
2.075165828030606008e+00
2.019979352496929170e+00
1.771478157504522866e+00
1.781211806049652902e+00
1.749133100995406531e+00
1.818774209520117369e+00
1.818923879492073237e+00
1.847049366332007114e+00
1.915479619068579664e+00
1.845160810621961911e+00
1.945111738877216334e+00
1.818711215805292936e+00
1.838252326879094012e+00
1.699827894135586881e+00
1.828060310834140001e+00
1.892147895831889581e+00
2.002081969789553106e+00
1.909520439941367442e+00
2.029274802945782774e+00
1.853590620604159467e+00
1.941120739799768291e+00
1.878142860454848684e+00
1.829527130118074441e+00
1.955541469000754651e+00
2.151980326424183687e+00
1.935790556919571470e+00
1.928402559220136370e+00
1.872562059806861079e+00
1.845465950194485005e+00
1.710631077341835837e+00
2.029567622616407441e+00
1.852752908360309148e+00
1.775125004491579839e+00
1.817976780410444970e+00
1.746349134029545613e+00
2.123298182558855718e+00
1.745225564738444257e+00
1.769631795291371823e+00
1.979982159091503657e+00
1.836082468573249304e+00
1.723003635499389175e+00
1.841693159216051034e+00
1.912297819230931006e+00
1.730845674147264868e+00
1.352438980197870011e+00
1.347550917919618785e+00
1.481647695989670499e+00
1.357408162844429222e+00
1.486255545727741323e+00
1.440939666909190287e+00
1.551902294534334592e+00
1.580524134110352419e+00
1.357905434907598741e+00
1.540235580360501011e+00
1.527970622061955774e+00
1.398710276588044366e+00
1.443719141049351729e+00
1.575323195037857671e+00
1.448675865443091348e+00
1.596594874770735695e+00
1.376387963610463894e+00
1.442707320116886516e+00
1.453653544280198329e+00
1.827818606004747881e+00
1.743174163414570987e+00
1.543046669445735208e+00
1.506237371509396406e+00
1.480448213759573139e+00
1.615920858976872099e+00
1.364748744432600525e+00
1.393912286126973932e+00
1.666919369800322182e+00
1.564866700460517013e+00
1.603181942568571161e+00
1.577752132321828205e+00
1.592086374842718532e+00
1.579800983671090675e+00
1.411050817205109276e+00
1.448146872478625058e+00
1.624446705148593351e+00
1.685535127781407683e+00
1.413817541740900907e+00
1.411634916078512658e+00
1.499111298854654217e+00
1.704264178034265997e+00
1.543664540103761418e+00
1.668448340869460811e+00
1.640010244262300798e+00
1.741791389915715360e+00
1.784201586848390253e+00
1.801525927926105553e+00
1.638053458595184031e+00
1.671921387574712536e+00
1.476109710706376976e+00
1.500036565734995886e+00
1.511480044028189695e+00
1.744622156585305728e+00
1.724688256087164140e+00
1.657709242825320395e+00
1.718258501002781768e+00
1.639655894134388170e+00
1.616963154031950456e+00
1.559957853746853695e+00
1.514180898732932379e+00
1.631480869083819174e+00
1.670342836575986700e+00
2.063141225563514869e+00
1.992202215433289236e+00
1.854575148966938203e+00
1.909532680644798530e+00
1.698125695778065269e+00
1.529330284929359296e+00
1.505266481062460970e+00
1.560079013447474239e+00
1.664507042559711936e+00
1.467237759686062848e+00
1.602085995226936621e+00
1.432385901818528096e+00
1.585041066781043062e+00
1.731782862626930930e+00
1.730741273034588135e+00
1.855704856986725160e+00
1.854474867540760075e+00
1.884872014233328397e+00
1.588769385760727015e+00
1.592982723758177288e+00
2.005098121871791594e+00
1.926483337023217057e+00
1.754216041497688616e+00
