2.018316911989585183e+00
2.045763934196263012e+00
2.099956430985829403e+00
2.130252428334870718e+00
2.112895728340541623e+00
2.085168068956267273e+00
2.093701366562096933e+00
2.217907533471153325e+00
2.012135595664325649e+00
2.011183271761582958e+00
1.949083834945681382e+00
1.981468799302467332e+00
2.142111963415503695e+00
2.198942300295959829e+00
1.988630678585163514e+00
2.075488383467806841e+00
2.150249632150064372e+00
1.918297470201815624e+00
2.279348090941271554e+00
1.907233975070663945e+00
2.053900743168612042e+00
2.204543990403179610e+00
2.449705047823617754e+00
2.380332601771518952e+00
2.143701445783044335e+00
2.292565499296202347e+00
2.035723165632233655e+00
2.118350742061746672e+00
2.332550113668951930e+00
2.145164468685690107e+00
2.197753852786330953e+00
2.205799334594749084e+00
2.221178380752441672e+00
2.081211180125024818e+00
2.306657686744599811e+00
2.197292429376259459e+00
2.344067860113660640e+00
2.302778200071218695e+00
2.147625446885626843e+00
1.754544670325607347e+00
1.771859563663801707e+00
1.705513521866076854e+00
1.964416173161031898e+00
2.207291755906244379e+00
1.847603897044770571e+00
2.366331730627831309e+00
2.083770125136292783e+00
2.292453815616885215e+00
2.194256958647088585e+00
2.132437578204283923e+00
2.219007572894243996e+00
2.286580587170642165e+00
2.264479347744604354e+00
2.150414813545888038e+00
2.183768602137909909e+00
2.201613657322259332e+00
2.267175204995504068e+00
2.078486751266075405e+00
2.094869832711679258e+00
2.089804805425166556e+00
2.280594238992680989e+00
1.978101766791520166e+00
2.136513132190892339e+00
2.151946423863609681e+00
2.169896322334858851e+00
2.454872813899923401e+00
2.118593068851395866e+00
2.071432931112755949e+00
2.221843991897992865e+00
2.277194799852924945e+00
2.281756306548519575e+00
2.197068816541343672e+00
2.490726809231253114e+00
2.181949116597484917e+00
2.343236582748332353e+00
2.261843488050717443e+00
2.282112982248640787e+00
2.276079431900784211e+00
2.396999636745241080e+00
2.235561067220740661e+00
2.320224082505851104e+00
2.198277606357459835e+00
2.287761082290325376e+00
2.256074001640593796e+00
2.248621288975801491e+00
2.244089314620602238e+00
2.013170159456088015e+00
2.136174096931998001e+00
2.349494539182688690e+00
2.292097376320211488e+00
2.145351562119829136e+00
2.092304317329899188e+00
2.074018698290549079e+00
1.955550850759992132e+00
2.026716663704754229e+00
2.109201083448577929e+00
2.103979639381902356e+00
2.321316856122066064e+00
2.011219241886787579e+00
2.054651698739990540e+00
2.118272299862488328e+00
2.252853981381318427e+00
2.225719540089902360e+00
2.364318987864228561e+00
2.362502504933140735e+00
2.335025779532351908e+00
2.445538509884589207e+00
2.370913925689769108e+00
2.444391525894119788e+00
2.403589230008831290e+00
2.347648739276532837e+00
2.235550795690848691e+00
2.227404109650680031e+00
2.207813539089034105e+00
2.177375102571171617e+00
2.177662439025487728e+00
2.139277363921464836e+00
1.812117490423046151e+00
2.342223102691972425e+00
2.067216294235018292e+00
2.473769346015015191e+00
2.544156865164312276e+00
2.275483505009741947e+00
2.425093762077664916e+00
2.484023586324905608e+00
2.458844867447962823e+00
2.611449603726048618e+00
2.220288102367700578e+00
2.378919763446215363e+00
2.372789487985806467e+00
2.261712709161362245e+00
2.326852164681734170e+00
2.497818824661028003e+00
2.375063003758226543e+00
2.302436707824659479e+00
2.516942551254314875e+00
2.344853642747128486e+00
2.489146121156252445e+00
2.120594253960284892e+00
2.001488010165649811e+00
2.092948781090179899e+00
2.117355339835861106e+00
2.110601438037807309e+00
2.231487771550722865e+00
1.901374063222748934e+00
2.112131840066143962e+00
1.856360444881514304e+00
1.974688231846559061e+00
1.975987397261303791e+00
2.012163545808166809e+00
2.033762354213472179e+00
1.749355507602203375e+00
1.919113118646938787e+00
1.944794794678615713e+00
2.074383843533891714e+00
2.245707021556013760e+00
2.252987953052597359e+00
1.946030551070031311e+00
2.311880293400177422e+00
2.080785935384914520e+00
1.882638605697669609e+00
1.997428450318545545e+00
2.355197015757617418e+00
2.397680076360372947e+00
2.528998217951150096e+00
2.147743124553522343e+00
2.301503837539186303e+00
2.280175744776387514e+00
2.446362639686519458e+00
2.157007637932608635e+00
2.554775232397328288e+00
2.159107408019871333e+00
2.494050206940205960e+00
2.479402851038196687e+00
2.123233498715000778e+00
2.176702254070528308e+00
2.214558109397922525e+00
2.034467015025057890e+00
1.974722139724805814e+00
2.545144984055133897e+00
2.466391024102691176e+00
2.576550048965317696e+00
2.323381942119350896e+00
2.565390913970323261e+00
2.479507099121022407e+00
2.091373076303709944e+00
2.183848798215974440e+00
2.218792288842952320e+00
1.850274721837865011e+00
2.130207864125337025e+00
1.975936609449658432e+00
2.242524476674474521e+00
2.120807806613521862e+00
1.949553046059211425e+00
2.235084219043493192e+00
1.985933374806676976e+00
2.045979734341725642e+00
2.064777476926418220e+00
2.139172008154103910e+00
2.180189905531588757e+00
2.124848079609241491e+00
2.234563987200400614e+00
2.036381563608272938e+00
2.132985093733460680e+00
2.257803827035616440e+00
2.183230217825661512e+00
2.094061164611119796e+00
1.801730177925285226e+00
1.985127602477252617e+00
2.033783601689326037e+00
2.107458784725783740e+00
2.178587303135075093e+00
2.069105234341894306e+00
2.201486216630467396e+00
2.185554948278123799e+00
2.274008936510487633e+00
2.314616184234583152e+00
2.281218742468936966e+00
2.307425143714056048e+00
2.583369560411904242e+00
2.260606346125138000e+00
2.358252950959045080e+00
2.559247212189515785e+00
2.324486909757686348e+00
2.213708019032635921e+00
2.267985250929966501e+00
2.422437094864331453e+00
2.083305657785560872e+00
2.058374749886347388e+00
2.312432615307608685e+00
2.456870881428388387e+00
2.368908607639949260e+00
2.408532284830627646e+00
2.402395457893957698e+00
2.594220032481336258e+00
2.620154723624459780e+00
2.263834184687463225e+00
2.473221383350489688e+00
2.353568720707634565e+00
2.177412466611153619e+00
2.275177738122700077e+00
2.137333719292737300e+00
2.086821078445001199e+00
2.252787097739638256e+00
2.288838046184695774e+00
2.271556788921484049e+00
2.069182593768322587e+00
2.037403067915351862e+00
1.789127684940477137e+00
1.952011834715061456e+00
1.926019344195084804e+00
2.235941496364571623e+00
2.236452847323016524e+00
2.189418620113780634e+00
2.196119376617500230e+00
2.250048763752045211e+00
2.103413405909051903e+00
2.169266495757326219e+00
2.204017606446702970e+00
1.981063249135390336e+00
2.066838155110567232e+00
2.111017686567298934e+00
2.256481075678232973e+00
2.149556189379109750e+00
2.000862259940836996e+00
2.349055786247675748e+00
1.968278571038992286e+00
2.223377110259095790e+00
2.100000925236256144e+00
2.490296877948790399e+00
2.082123407239966362e+00
2.123830153946205002e+00
2.254985851864140578e+00
2.296082123021183197e+00
2.040706468825652653e+00
2.243482124435389302e+00
2.392645063987131060e+00
2.159458682607483304e+00
2.269068461694385697e+00
2.120490751977471611e+00
2.185066997477650652e+00
2.284000138762670495e+00
2.406335634376868260e+00
2.372720229340000042e+00
2.319350293621945891e+00
1.836673450455053258e+00
1.874178619854752537e+00
1.984346660098266435e+00
1.937228738207994461e+00
2.219118973771030845e+00
2.357638014152090733e+00
2.259911707200992659e+00
1.942272689040204448e+00
2.123818679873812343e+00
2.349732456374487022e+00
2.265956240525471621e+00
2.314353880738262870e+00
2.155290283222188297e+00
2.134596481378336907e+00
2.191231571793935018e+00
2.102390145224038775e+00
2.089752266100081801e+00
1.934818932373811196e+00
2.109402248601193630e+00
1.945741244101482526e+00
2.252648713789961121e+00
2.055473473612582147e+00
2.190364516029993602e+00
2.119587065901862744e+00
2.028154895161611293e+00
2.478242909585581355e+00
2.006600664018742375e+00
2.215324608192810629e+00
2.159509048231942341e+00
2.247280628067939379e+00
2.195781305969956243e+00
2.050793852067473111e+00
2.094356059474115739e+00
2.114121873374617877e+00
2.339498332247115009e+00
2.227268005975835408e+00
2.244745741747511403e+00
2.181190120022888479e+00
2.246072934773296392e+00
2.367949651753627816e+00
2.126864287447599366e+00
2.293457326358196546e+00
2.335026298693615665e+00
2.354083501378722687e+00
2.247263436324884456e+00
2.282512586003027533e+00
2.260753466623977026e+00
2.255614080273599775e+00
2.197983841193274834e+00
2.124912289755687578e+00
2.220291541176146577e+00
2.329143360004274577e+00
2.257946951349890874e+00
2.274146470081476412e+00
2.061220011383974704e+00
2.172441735364815329e+00
2.143629863391245394e+00
2.050732837664371200e+00
1.996413828075471963e+00
1.922499147050713120e+00
2.065444894469672832e+00
2.062377480296428978e+00
2.177675820765607284e+00
2.205532296886844712e+00
2.163101371985797883e+00
2.013823637699166280e+00
1.973209888398629097e+00
2.019614029195103910e+00
2.087639654742964979e+00
2.224690904025115046e+00
2.234661445441478822e+00
2.311333714343389190e+00
2.227880577378953397e+00
2.303859664695277587e+00
2.321964662653092315e+00
2.362511182246859409e+00
2.418963871786104392e+00
2.393633074207002664e+00
2.354158674249465122e+00
2.296362860142785234e+00
2.263359820786179366e+00
2.085375879282564515e+00
2.115846580475392535e+00
2.150239999618781983e+00
2.318607209555718196e+00
2.171862203618979859e+00
2.220242401791135745e+00
2.197437086657641814e+00
2.388969349294745914e+00
2.050498379756848344e+00
2.425673653761025061e+00
2.256877875679274226e+00
2.187293555282927571e+00
2.287593420849729497e+00
2.437276541211812919e+00
2.450215315974722863e+00
2.493748945912436010e+00
2.460285191685003703e+00
2.146494665888623476e+00
2.501273866756697828e+00
2.290153718086585410e+00
2.171572425183052157e+00
2.423074842772445781e+00
2.142619048900335610e+00
2.196777206340239541e+00
2.233342854694692736e+00
2.484355989957157451e+00
2.143568535392820440e+00
2.228724265408474015e+00
2.540986222392422000e+00
2.519883378159081033e+00
2.530359775262708499e+00
2.061577592824660243e+00
2.173664655936717871e+00
1.877334035939397294e+00
2.193374334166059203e+00
1.978640380023137801e+00
2.081684253779569005e+00
2.206698317072108839e+00
2.053982669320331134e+00
1.974080049102104883e+00
1.848085897486041684e+00
1.939160814203394034e+00
1.948716450068942896e+00
2.043296822697102222e+00
1.867807422030549613e+00
1.981631557789683473e+00
1.894914002642337891e+00
1.820748720746303562e+00
2.106472959432588610e+00
2.133005058771522133e+00
2.201244370216338453e+00
2.023411843474991478e+00
2.056053384901173509e+00
2.275375312129447547e+00
2.131262496854046784e+00
2.388299949361406327e+00
2.210769790810644952e+00
2.108785178857843334e+00
2.314776921034254364e+00
2.412074299958188561e+00
2.195197920164654981e+00
2.318080311743008881e+00
2.507074360172124816e+00
2.290483170126647927e+00
2.386417438643051891e+00
2.309455833715218898e+00
2.439101702938066385e+00
2.174973536342899028e+00
2.518440305060294371e+00
2.187305294600362160e+00
2.372692156144524667e+00
2.448428260603452866e+00
2.543012036571818957e+00
2.394735757987351388e+00
2.457033685885458674e+00
2.501235128057290868e+00
2.410533670190243782e+00
2.253587468740611666e+00
2.234580551756456757e+00
1.947708523081570942e+00
2.502598889504300317e+00
2.606376862600620292e+00
2.426185059397827359e+00
2.313923618414326366e+00
2.416280970698340358e+00
2.475313891779407527e+00
2.126794338061336109e+00
2.254245628761883502e+00
2.292191607642062756e+00
2.191328316793109909e+00
2.244427768987815153e+00
2.134897329563705703e+00
2.293543646239471823e+00
2.273882827492144099e+00
2.099498005217847574e+00
2.261661528810735788e+00
1.939337920810088489e+00
2.095809586892830367e+00
2.221920208194970936e+00
2.043916386824542464e+00
2.045942965140066683e+00
2.097641180411411010e+00
1.961189981342851940e+00
2.121975069427621818e+00
2.046976936278730008e+00
1.914371022488585039e+00
2.229538024090104376e+00
2.314768109757611381e+00
2.049678709524438869e+00
2.223062913440776445e+00
2.185003776537532527e+00
2.323876036938891776e+00
2.355106136826907282e+00
2.257278172539931127e+00
2.291556028636896336e+00
2.207223669338605365e+00
2.307791840258460958e+00
2.252383687279753133e+00
2.181871936285616265e+00
2.445250823558045461e+00
2.399011062189296606e+00
2.357793870454325091e+00
2.625728915426090104e+00
2.424856106368635356e+00
2.359625253811060475e+00
2.284067969602107340e+00
2.214244434949479867e+00
1.994219629416320583e+00
2.204901487459392850e+00
2.223520765619863226e+00
1.931915652565786345e+00
2.039500459349665729e+00
2.040936455299072083e+00
1.924676689687831344e+00
