2.106094210685921730e+00
2.047318035373631329e+00
2.203014009398085893e+00
2.084477573355736801e+00
2.182013952713262039e+00
2.136600092701411935e+00
1.957469986745390189e+00
2.365873534659663324e+00
2.220180404610207159e+00
2.044721786324656509e+00
1.915607734203966794e+00
1.997983845923675839e+00
2.140143718060431688e+00
2.244685569842974626e+00
2.186994419052467720e+00
2.223078574931586893e+00
2.240880709309751584e+00
1.935235903089725706e+00
2.366624614713888519e+00
1.959675275709920506e+00
2.153307627084721787e+00
2.115163951335184311e+00
2.566723082842644832e+00
2.340464026312306878e+00
2.293606721712043939e+00
2.283903972837558527e+00
2.094775730466777564e+00
1.950300737648109406e+00
2.378385590680272887e+00
2.289565072790690436e+00
2.330663262014811554e+00
2.422514770341228196e+00
2.094990629177691854e+00
2.191576407585324127e+00
2.342568749148387752e+00
2.415789149463935193e+00
2.459631298369306940e+00
2.511494293467310790e+00
2.409479481442383886e+00
2.298212200453847665e+00
2.159222284099000078e+00
2.500130449976312619e+00
2.218090409632939686e+00
2.526506119878290768e+00
2.311371672098490038e+00
2.585894945105328802e+00
2.257964905402677580e+00
2.496309930976836178e+00
2.286145583030980255e+00
2.291960190958753696e+00
2.490057982375326162e+00
2.435913560745770479e+00
2.314850855166540544e+00
2.293066300000739410e+00
2.292280447753669126e+00
2.294862655416258335e+00
2.423601441775592669e+00
2.195042731115022239e+00
2.310222805568812099e+00
2.298335119608703625e+00
2.660118527801979216e+00
2.071054579299446807e+00
2.495082010213145018e+00
2.335629973773241108e+00
2.524334276418071621e+00
2.480676852496162876e+00
2.260088522042420500e+00
2.220643936224876658e+00
2.373069747508055549e+00
2.423902566685768534e+00
2.378935849926743451e+00
2.515403893088905996e+00
2.605274801049630717e+00
2.334777437627222341e+00
2.511247044552146424e+00
2.551502630876547162e+00
2.343383444619395295e+00
2.338698798521742006e+00
2.562328159629133850e+00
2.426203049694753311e+00
2.503774278879792536e+00
2.416237620918705531e+00
2.364905515338761255e+00
2.400061503061053259e+00
2.397635415839304951e+00
2.449700352587660834e+00
2.111011246574634015e+00
2.595499482851863160e+00
2.580746919090824765e+00
2.521234864274000120e+00
2.364088821536912022e+00
2.289441690220953340e+00
2.348229339203220967e+00
2.380402134874020970e+00
2.363515141554451748e+00
2.266045360931422170e+00
2.250269721567602410e+00
2.502459418996845653e+00
2.285983574558108078e+00
2.444725867118666240e+00
2.306827880689178212e+00
2.411975222777994698e+00
2.614584747779538532e+00
2.748027890095385395e+00
2.615926313096298639e+00
2.678058752446642377e+00
2.700404273075971417e+00
2.613556742974706193e+00
2.674527887461776832e+00
2.624132548202341209e+00
2.639920965353131699e+00
2.435308070520445956e+00
2.579305922029763387e+00
2.280896522298831108e+00
2.434761191268326908e+00
2.430919673855802099e+00
2.257217522446951730e+00
1.952847988684092373e+00
2.614294309051899745e+00
2.273783584474600161e+00
2.815268967167144698e+00
2.591077460690877299e+00
2.368089361155459205e+00
2.550443341653478413e+00
2.616256882284306862e+00
2.557106237444575214e+00
2.685636251230893556e+00
2.418385202456920791e+00
2.535148621043583184e+00
2.609344486864096258e+00
2.456264746513634023e+00
2.484491226138091147e+00
2.549703626805197576e+00
2.597249047861276861e+00
2.353460412254183787e+00
2.581438246654428337e+00
2.513291126108883056e+00
2.694613695844538359e+00
2.100614333147579949e+00
2.158564752197411618e+00
2.058639703059470527e+00
2.078731514258951751e+00
2.076140092704919837e+00
2.173083635860500351e+00
2.056945072734513325e+00
2.093158712316307124e+00
1.900131476721933277e+00
2.071338905938804764e+00
1.982737112624592513e+00
2.046311913478674249e+00
2.065440192662493679e+00
1.857700161022335594e+00
1.887726144356371760e+00
1.895350889129342464e+00
2.343615933039802979e+00
2.318011310988103535e+00
2.367205743531747508e+00
2.325450105368479292e+00
2.499747388946572002e+00
2.191150446863082024e+00
2.140913156295293884e+00
2.290794869462589922e+00
2.490609265233733272e+00
2.676908111245280164e+00
2.613477559728790034e+00
2.111454812250464830e+00
2.210220141271325822e+00
2.324692899027354098e+00
2.462333768926671773e+00
2.374507047407907301e+00
2.575988177812502666e+00
2.432091099893511021e+00
2.610198715367941347e+00
2.669950769730444762e+00
2.582225599467885768e+00
2.311331588732081777e+00
2.595692635374510449e+00
2.682680662953466744e+00
2.566768791480370293e+00
2.587115017589372457e+00
2.692024251522879386e+00
2.662988686940960914e+00
2.468743661928607391e+00
2.546859033344448964e+00
2.590954635757682034e+00
2.196460801756847214e+00
2.437817329891789342e+00
2.470646654786374352e+00
1.996077647648173192e+00
2.305114340944954598e+00
2.082933100975458807e+00
2.481993522394164486e+00
2.208034878631235376e+00
2.205052484733806661e+00
2.368093944935114603e+00
2.253933380445876100e+00
2.200051362640473407e+00
2.168837912128187106e+00
2.494045577845542816e+00
2.324220259536679656e+00
2.257221767111755817e+00
2.561963333442470070e+00
2.403222994078753949e+00
2.258558027400023427e+00
2.512756062345386621e+00
2.368121068438992172e+00
2.187363951309585275e+00
2.007060783252042846e+00
2.108900115737259551e+00
2.125678270357320709e+00
2.099332939701885614e+00
2.249608827672801681e+00
2.170811058402343008e+00
2.072685981002937883e+00
2.328298878044907649e+00
2.454723277163739947e+00
2.408352533198749423e+00
2.221084671462712379e+00
2.345893879465365206e+00
2.515764924493640198e+00
2.435096960890658302e+00
2.315759872907004802e+00
2.565694321254909482e+00
2.404579407525246904e+00
2.428438744766971524e+00
2.524312390731469957e+00
2.476477842598978629e+00
2.393819404309574406e+00
2.458050754053628495e+00
2.540658443270897848e+00
2.785170779743554981e+00
2.753191241651734344e+00
2.612582667157264726e+00
2.496680797382272665e+00
2.626483991471261881e+00
2.680642307662117751e+00
2.427313917246088248e+00
2.711430513684158772e+00
2.468128500557251748e+00
2.552538953618626039e+00
2.789500960799712548e+00
2.512079234335432343e+00
2.436338670995020106e+00
2.444294117855667636e+00
2.375119836052141942e+00
2.319123148090635134e+00
2.534346210435411972e+00
2.557279624844911670e+00
1.880621065253911262e+00
1.972441398301041593e+00
2.044298290026592024e+00
2.108596411514375379e+00
2.135415379037713279e+00
2.120594805598933874e+00
2.104943504147324784e+00
2.170099782721812254e+00
2.213578734083883948e+00
2.201479680342961931e+00
2.255212281401391738e+00
2.003398229373060335e+00
2.070714972582678559e+00
2.209613602297616719e+00
2.338397455033715655e+00
2.198282931995062306e+00
1.909043687471433826e+00
2.479450873714307058e+00
1.906493519513772883e+00
2.218138739165778972e+00
2.294979480458722687e+00
2.564636718851823982e+00
2.090032112029553968e+00
2.166802626225649675e+00
2.385056288059462126e+00
2.244216703103996124e+00
2.056166155261670347e+00
2.239348111308707701e+00
2.492587687439978605e+00
2.216738482585096204e+00
2.329346387012574127e+00
2.162970576025825320e+00
2.134247462466924095e+00
2.463764229193839750e+00
2.372598310658650789e+00
2.435019166381021449e+00
2.493993304392373656e+00
2.286118261072286550e+00
2.207574661550687267e+00
2.202327614661576227e+00
2.447553020217958508e+00
2.650023364242697355e+00
2.479300030981977265e+00
2.461953905554034261e+00
2.255789270123916168e+00
2.270689439162943302e+00
2.495817185795014659e+00
2.499537639892762453e+00
2.458930794162824895e+00
2.365803888877951788e+00
2.208331386390526507e+00
2.420839767789977337e+00
2.394956488360246993e+00
2.350528168487107994e+00
2.146370941248758601e+00
2.365636189235188702e+00
2.316745774230585919e+00
2.431991891501783076e+00
2.213336646617238834e+00
2.395931175517824752e+00
2.357533269137771281e+00
2.101802026761355080e+00
2.436726532824525115e+00
2.045328930432040782e+00
2.305927188211457590e+00
2.193153254681326825e+00
2.457394510813506017e+00
2.480400574122248347e+00
2.259341955360218979e+00
2.374961777347481373e+00
2.284442732159032818e+00
2.482553607629320425e+00
2.338943002032357388e+00
2.386926735855867232e+00
2.480080924655095220e+00
2.303209029144472453e+00
2.527084483490078970e+00
2.195766349887515290e+00
2.442179951524193982e+00
2.451004839261997859e+00
2.448042378835491029e+00
2.428152463910151049e+00
2.371341743206250907e+00
2.432982087471795563e+00
2.377993148672589374e+00
2.336276215551772228e+00
2.187592516315250535e+00
2.624662031620795144e+00
2.432824574948865504e+00
2.361319108410226519e+00
2.572571850372777913e+00
2.355624165047640606e+00
2.401949248111809876e+00
2.420715390210029128e+00
2.366776352374623915e+00
2.223143394145121743e+00
2.275818138142980285e+00
2.308400033484538039e+00
2.316655146371242147e+00
2.567345290790071566e+00
2.279772544024104342e+00
2.549684263862138867e+00
2.308449653237834465e+00
2.361419195374691249e+00
2.309722770437257822e+00
2.564434540939990903e+00
2.332773721354432173e+00
2.441711101396669914e+00
2.527095831085341526e+00
2.507905158375893784e+00
2.531157295314166777e+00
2.611537952943796093e+00
2.576747491541185209e+00
2.559767716509207869e+00
2.569960837339981818e+00
2.543376186838417041e+00
2.537350745577034772e+00
2.247074907092784901e+00
2.155974498099435976e+00
2.413014298804507796e+00
2.361155445128611419e+00
2.401770845312350744e+00
2.460225863220141473e+00
2.538098512212348723e+00
2.541143712060665472e+00
2.584232888652825189e+00
2.340714599150987674e+00
2.619220811332679588e+00
2.796861354472695460e+00
2.393468581655570748e+00
2.420698815194675113e+00
2.589795631233909656e+00
2.486547079564291440e+00
2.664678166271900128e+00
2.570419151691060833e+00
2.378793794486735003e+00
2.611227635624493448e+00
2.601152668594320261e+00
2.385120707940599605e+00
2.571424713953465613e+00
2.422968226953539972e+00
2.512802620819592825e+00
2.293860987511675553e+00
2.604485165240162825e+00
2.317588083974090107e+00
2.267166582119327867e+00
2.630071437134407830e+00
2.577737529689858142e+00
2.606698570403893189e+00
2.055785237887933992e+00
2.093679197705900830e+00
2.027906648763783792e+00
2.147237321720403713e+00
1.924594676467418886e+00
2.192351889000025089e+00
2.122518640927582023e+00
2.027579579412385868e+00
1.990603237443918649e+00
1.963949402307344494e+00
2.030287304022031059e+00
2.124753974243891008e+00
2.104699721266808154e+00
2.004629062780727722e+00
2.003561171736548907e+00
2.222317575007646262e+00
2.049097853105061429e+00
2.546002997076362906e+00
2.524454435253306706e+00
2.541795844516380409e+00
2.341102486601939869e+00
2.368895148159199326e+00
2.443798194898851417e+00
2.375973296971343629e+00
2.379102621571394849e+00
2.355967884459455153e+00
2.182101443520215067e+00
2.272815415571515896e+00
2.253155270293344614e+00
2.306242093038459728e+00
2.294255124551501268e+00
2.584402045607906206e+00
2.389891458645844402e+00
2.375595622388808170e+00
2.378111235806951385e+00
2.613958850849244175e+00
2.330375333075298983e+00
2.616355842237328311e+00
2.344093766634550491e+00
2.532310660930467971e+00
2.665350418980640068e+00
2.674820192733552204e+00
2.599075197649882263e+00
2.647351523592269551e+00
2.748956599306499715e+00
2.632998797336987273e+00
2.519978445919698995e+00
2.541581852972956135e+00
2.529194811321792802e+00
2.753240076400339742e+00
2.656313478240015513e+00
2.563467383484328010e+00
2.586998577215055217e+00
2.592009421744305708e+00
2.516875297163351011e+00
2.149576623400017539e+00
2.373659651899118650e+00
2.436072905415607170e+00
2.284030476673715171e+00
2.399403893659063147e+00
2.522639108055672263e+00
2.542123458443209305e+00
2.517272516078294942e+00
2.087050353065300179e+00
2.173880171695719454e+00
2.136896606666160547e+00
2.073786463019844817e+00
2.364367731080263102e+00
2.168204837578998401e+00
2.226679583983633304e+00
2.208084375945886357e+00
2.130604935562957714e+00
2.176945573554612601e+00
2.160987084064223573e+00
2.083569230442792630e+00
2.261409058485123857e+00
2.458204353183701230e+00
1.989774841383634252e+00
2.226072325103517713e+00
2.165492293862581352e+00
2.258235003980947564e+00
2.529415448381541420e+00
2.452414675112718712e+00
2.544690417270687899e+00
2.418539182906950913e+00
2.512553699202667801e+00
2.513859757158952934e+00
2.476745693900913370e+00
2.575822327612097506e+00
2.636062972346543187e+00
2.587928674094368997e+00
2.600551096793208838e+00
2.671523121635908105e+00
2.678748327647137106e+00
2.758024199646523567e+00
2.415889675743039700e+00
2.360156042033682677e+00
2.522338830566710044e+00
2.399672497152899542e+00
2.324865388525906518e+00
2.421198148004998885e+00
2.538185188638384826e+00
2.312535789367344830e+00
