2.180437073609876375e+00
2.171346483486090051e+00
2.221424297811788851e+00
2.137750606496777284e+00
2.187076105298950690e+00
2.101223642314542506e+00
2.212874129380111299e+00
2.335566005656441568e+00
2.105984934507096451e+00
2.181446138408737578e+00
2.070643873183146688e+00
2.024907546134620873e+00
2.015519671036119842e+00
2.167841327284877551e+00
2.311975604034739895e+00
2.073897303513932311e+00
2.192544400483716238e+00
1.886200739573443474e+00
2.342653444929574835e+00
2.006749349410672956e+00
2.017604434337567199e+00
2.118361046234779277e+00
2.548332275380141621e+00
2.497705497403221120e+00
1.999433591242568697e+00
2.292739905315828164e+00
2.201392568759910962e+00
1.982457759904669325e+00
2.420898956610392450e+00
2.032122341979480495e+00
2.162981140895690046e+00
2.426228611306208371e+00
2.022975968990815332e+00
2.112960196754581688e+00
2.351081140192187835e+00
2.403370250244508011e+00
2.272459067293499224e+00
2.303545617492836595e+00
2.484218323449888466e+00
1.841373452804089261e+00
1.819909953801842617e+00
1.859903650197194613e+00
2.025133296940325511e+00
2.464430586329222628e+00
2.034548910087456974e+00
2.401642161135168152e+00
2.163763894171522928e+00
2.352055831905001337e+00
2.148248883889246397e+00
2.275256095648761523e+00
2.350915372457672792e+00
2.361276335925452941e+00
2.302352133765722453e+00
2.208534541015485519e+00
2.198497709030416747e+00
2.093027084657740566e+00
2.289721731395243598e+00
2.088036616024263381e+00
2.087795832872465507e+00
2.022322002380763983e+00
2.362006908964933150e+00
1.975928086129136840e+00
2.108678114049681973e+00
2.057593273951535018e+00
2.355484564069695974e+00
2.359844072914762059e+00
2.116465196349896605e+00
2.064330558955245198e+00
2.191825800156707249e+00
2.407990605115688076e+00
2.252172500873403926e+00
2.382117482485490711e+00
2.501896281373562125e+00
2.165212796282275143e+00
2.462226378057005061e+00
2.216538258166223851e+00
2.285700087401545400e+00
2.355462135965793014e+00
2.541076663421536708e+00
2.419034427582797075e+00
2.406767083404030227e+00
2.493125511544085349e+00
2.223586497806975260e+00
2.208514798494804587e+00
2.285447115610502955e+00
2.347686938895015007e+00
2.215525528025302116e+00
2.275157828728872733e+00
2.494905051381966388e+00
2.424362428435980821e+00
2.452310106588495575e+00
2.461298506421648824e+00
2.183065597223393439e+00
2.137674089099367514e+00
2.177708155250774436e+00
2.537880187141277943e+00
2.539009110811238035e+00
2.534268002308282419e+00
2.252281394374102685e+00
2.118996900459724664e+00
2.462020220240568769e+00
2.660000033472934788e+00
2.555991733003139199e+00
2.714374701145153779e+00
2.676836539403224080e+00
2.551718209455513087e+00
2.587555091007868846e+00
2.511277988573244357e+00
2.455257828336691706e+00
2.371040104961799955e+00
2.421630265793819348e+00
2.245019666299385985e+00
2.278443609054752628e+00
2.329879595758835187e+00
2.194630376417025630e+00
2.280805546417972174e+00
2.342202930874051958e+00
1.978241643087276458e+00
2.364622668792795590e+00
2.016114019865255624e+00
2.545814179803159050e+00
2.457377460303823646e+00
2.247786322758970723e+00
2.427770157575605658e+00
2.360905061106942426e+00
2.437858561428981830e+00
2.542344919981102347e+00
2.295974543315214333e+00
2.495576451620239666e+00
2.516014633477345885e+00
2.424730726779303680e+00
2.363774391343538284e+00
2.513279960429802617e+00
2.495452032079805260e+00
2.245774592583441809e+00
2.523461810108975190e+00
2.482889794345456203e+00
2.503160423844798643e+00
2.141632144715294839e+00
2.172136488350380645e+00
2.139172951571304715e+00
1.987190671029894107e+00
2.157697774549809822e+00
2.207901960832193033e+00
2.026341156312171154e+00
2.087492391241331013e+00
1.829286018733360608e+00
2.013720952662140018e+00
1.984633901815724855e+00
2.242486773381719534e+00
2.124034819565423060e+00
1.817951941936710059e+00
1.862753669576184823e+00
2.042017860913241556e+00
2.531907395320986520e+00
2.276078559833722093e+00
2.310133194754050656e+00
2.183294096555796315e+00
2.540373760355321142e+00
2.218280400130684615e+00
2.119442594725881257e+00
2.195603805429115596e+00
2.479237862239545009e+00
2.576046245453174510e+00
2.470175718177149982e+00
1.906233104943329648e+00
2.149741039480968841e+00
2.199202805952304551e+00
2.221959842786429107e+00
2.208870956832790444e+00
2.438317858437184515e+00
2.319154433600359333e+00
2.346830439752822350e+00
2.415455346039624640e+00
2.264656859591983373e+00
2.246644177151415622e+00
2.527023920476040075e+00
2.564071289740130322e+00
2.480906933360687905e+00
2.662806809696828925e+00
2.557574445878285641e+00
2.576444679060056586e+00
2.429711710675060310e+00
2.404266532923182265e+00
2.472980899137758204e+00
2.182927017070127373e+00
2.344591430813743660e+00
2.451783925438760114e+00
2.016717834192678804e+00
2.220396573314481259e+00
1.931721526687849577e+00
2.440732520378030124e+00
2.204880788706935046e+00
2.015610844077952990e+00
2.461166222076556220e+00
2.110775696869605866e+00
2.192681545525808406e+00
2.175618044099318915e+00
2.360745018037512910e+00
2.321448128644631570e+00
2.256870619029552660e+00
2.562460198245561038e+00
2.313228071593965041e+00
2.277772116542776448e+00
2.648784054140460587e+00
2.350570799202265970e+00
2.156001703289720517e+00
1.766570749570525845e+00
2.012437704098640090e+00
1.815067425254246913e+00
2.154651445237961926e+00
2.258096198420760370e+00
1.963864353382049899e+00
2.200566039510636784e+00
2.030570396828054847e+00
2.108114703402196088e+00
2.453667174634662995e+00
2.295934351748332158e+00
2.216358826747796051e+00
2.436534723296138960e+00
2.490145999283086109e+00
2.307849861226544785e+00
2.588169363441517490e+00
2.307114195839888637e+00
2.234317308567137506e+00
2.337342826533072682e+00
2.393148310268507828e+00
2.373816844006152671e+00
2.178819748620944186e+00
2.360211761067869229e+00
2.563878770661159212e+00
2.536034518467800147e+00
2.376276525604115175e+00
2.351274911470830009e+00
2.501162835261117046e+00
2.527000689175789461e+00
2.394543651058991252e+00
2.535654384614183243e+00
2.418072427526042567e+00
2.466184476032606376e+00
2.573265476541085395e+00
2.407464469401482621e+00
2.509302469360539689e+00
2.410507289256830887e+00
2.365448401370606302e+00
2.340234429172864061e+00
2.489264516225251800e+00
2.501316400277574292e+00
1.839669231853313214e+00
2.184852153318378232e+00
1.776132285125800570e+00
2.229212467098585115e+00
2.266121043450521899e+00
2.238599003819914390e+00
2.261561680477945480e+00
2.147003700690500505e+00
2.193888835595979359e+00
2.182447875285348893e+00
2.236820741748451802e+00
2.080579756151613502e+00
2.087382707470951893e+00
2.429027419994985948e+00
2.297261448578518550e+00
2.171302471691816116e+00
2.020109162475496323e+00
2.534537963680399297e+00
2.073042400863474022e+00
2.296729262553729889e+00
2.202137579299180192e+00
2.593246569682148284e+00
2.169783068118486202e+00
2.217032506442700335e+00
2.465469490904603767e+00
2.525223300942611715e+00
2.153826714089979166e+00
2.361637545018384188e+00
2.398329019557980502e+00
2.224177873794878302e+00
2.438839377945537734e+00
2.302404143393526059e+00
2.166306465035792161e+00
2.363044161112930919e+00
2.471751531830044701e+00
2.397238027964034845e+00
2.560532651023512685e+00
2.176089661833950473e+00
2.149964333331426225e+00
2.152922655094336335e+00
2.146596108046619822e+00
2.599901450530554214e+00
2.433947229695757830e+00
2.391841158620831909e+00
2.101107025759395341e+00
2.313679417310840147e+00
2.464296252596669845e+00
2.439839348888217074e+00
2.382853581104543039e+00
2.295530322909317800e+00
2.278421474759488419e+00
2.260926760314994510e+00
2.148617280058827461e+00
2.124854289370600391e+00
1.987233120918073803e+00
2.249955762984436447e+00
2.130548013098718219e+00
2.400427109608879395e+00
2.240085930047047480e+00
2.050632373238854278e+00
2.271820343005100273e+00
2.041860111196774241e+00
2.448064859026048534e+00
1.932228726485755610e+00
2.348950987999961271e+00
2.065366728391415663e+00
2.374743801304408652e+00
2.143199576675712148e+00
2.127895003718827560e+00
2.392010152137778789e+00
2.255583960097918617e+00
2.384665737760633952e+00
2.273762777502895460e+00
2.414178532390232945e+00
2.394813047750808721e+00
2.237643742383175205e+00
2.381043720468921876e+00
2.138910058461165775e+00
2.462216510057512409e+00
2.372051585131462303e+00
2.468222376714732214e+00
2.335127302224484058e+00
2.342726250754330497e+00
2.361160129203165425e+00
2.237946540013488139e+00
2.329525996905833729e+00
2.254625506453501682e+00
2.331904003808715320e+00
2.549524625605527284e+00
2.388175109371570848e+00
2.543143040279201905e+00
2.202580696512058012e+00
2.441448341942212164e+00
2.553230186904777099e+00
2.181990641704184775e+00
2.164428390477387776e+00
2.259842743717107805e+00
2.242768369488932656e+00
2.471520000842164499e+00
2.609398148577302567e+00
2.601296383385798716e+00
2.656247109431788100e+00
2.108972734012796835e+00
2.189435990013334887e+00
2.325465098441337197e+00
2.599895773946147237e+00
2.566828565509560622e+00
2.565858883374078747e+00
2.602696216765714610e+00
2.528129039380017318e+00
2.493832161511263745e+00
2.443869609937330711e+00
2.462754291047277722e+00
2.362214262610352389e+00
2.406676945317583360e+00
2.381085365416606425e+00
2.334029236151367481e+00
2.399668669423973277e+00
2.166408675501455772e+00
2.315962956804758832e+00
2.322525966547019038e+00
2.345294602387602900e+00
2.317771580632995931e+00
2.330856021386414234e+00
2.391082108946486429e+00
2.469027161305372697e+00
2.235353885266928131e+00
2.353298637632006418e+00
2.441997220715659722e+00
2.178611131043285187e+00
2.192854687077502085e+00
2.435450500920030237e+00
2.403687978700216554e+00
2.507468342735229783e+00
2.379310498857095002e+00
2.355328990634093511e+00
2.534725154714337680e+00
2.442183770135046395e+00
2.279121152167757014e+00
2.543020474949817533e+00
2.262218096774803566e+00
2.498972910830491223e+00
2.246983007349349304e+00
2.536911297847665558e+00
2.439049895068678975e+00
2.277619797366009280e+00
2.530127188046757070e+00
2.473768817389200514e+00
2.491590257699236588e+00
1.920595598089191336e+00
2.048089821507992347e+00
2.022306032639328954e+00
2.209702002668537446e+00
1.946967644141453846e+00
2.246780666510023394e+00
2.161848363823610342e+00
2.033962243729348973e+00
1.910030337768687581e+00
1.734318214294930272e+00
1.771021668789320547e+00
2.110856876141491423e+00
2.078748140133279243e+00
1.979896976104591921e+00
2.129669956773508677e+00
2.174609450740720984e+00
2.037594687763109924e+00
2.337082991318761405e+00
2.385367350534388198e+00
2.405250426511940098e+00
2.235850252157808971e+00
2.251553668285602328e+00
2.548304986773716418e+00
2.295860277880137357e+00
2.578473996352102393e+00
2.193072523975592159e+00
2.031976796213387448e+00
2.099846154367028372e+00
2.054474130583897828e+00
2.073480327437150272e+00
2.186193423058070184e+00
2.488232285534585309e+00
2.215623160014918991e+00
2.359160451685360815e+00
2.117519574042424857e+00
2.505941939685490727e+00
2.341613868593858339e+00
2.417146374723567526e+00
2.239607641895370094e+00
2.459857772188956737e+00
2.425042373008514662e+00
2.559063979631651886e+00
2.242505145140280653e+00
2.634897363626095501e+00
2.594607033341723934e+00
2.417920766309201053e+00
2.420667795942482492e+00
2.535656760984120517e+00
2.494501132434826740e+00
2.701648407017155140e+00
2.628898223770317344e+00
2.391842587272125620e+00
2.397468227728712264e+00
2.403256687658704926e+00
2.459397835074033978e+00
2.285155368564394607e+00
2.328623184878523045e+00
2.334586611692660796e+00
2.148627409689302770e+00
2.253785606410449116e+00
2.365573441945103550e+00
2.487023695424301906e+00
2.620614195682026804e+00
2.186106479162131411e+00
2.269399060290088421e+00
2.163871694955296299e+00
2.236562803856588122e+00
2.350944590506985232e+00
2.159511315145818955e+00
2.177759656213015038e+00
2.202652501382361905e+00
2.213436448008045065e+00
2.190285440216546586e+00
2.141053971738968276e+00
1.895070572717311164e+00
2.024912771215181539e+00
2.115600411403764536e+00
2.003642594093036688e+00
2.248512723468302443e+00
2.115257039035941311e+00
2.213370567790549082e+00
2.446922055907542859e+00
2.323520919923933281e+00
2.361859545986678910e+00
2.275270598464868677e+00
2.351202030779919738e+00
2.331561575012571108e+00
2.308940329258147184e+00
2.400713495173862011e+00
2.461298146320319624e+00
2.358281157221948643e+00
2.550178699880220723e+00
2.601264176487421587e+00
2.574516315178275505e+00
2.541538648538520295e+00
2.437294201707701280e+00
2.400605264508269165e+00
2.447133751409400038e+00
2.400792482556924679e+00
2.324647350269481105e+00
2.398935993912211906e+00
2.447475854597292333e+00
2.395988636180955922e+00
