1.680820535899021140e+00
1.505158855908212301e+00
1.469472088848553515e+00
1.491574459105393213e+00
1.475839949533978013e+00
1.477879536260343407e+00
1.668876562928879093e+00
1.686150146684149531e+00
1.584069807582436651e+00
1.614345834329355078e+00
1.717065477633206827e+00
1.694289121420698319e+00
1.679947074949148522e+00
1.858736599656733324e+00
1.917830308204661272e+00
1.678372702100431768e+00
1.636105551859400098e+00
1.840824349464604381e+00
1.608183385157692324e+00
1.946932039886337451e+00
1.863795665169535321e+00
1.915011755278386740e+00
1.896256893665590582e+00
1.788427545494600368e+00
1.884653380181410931e+00
1.885818049877138192e+00
1.776262945784661706e+00
1.938985061764273432e+00
1.772257413584414243e+00
1.960054311579014330e+00
1.800038257631179750e+00
1.688632781026340401e+00
1.579816702688038532e+00
1.741192409968633115e+00
1.828155071970243073e+00
1.848053583621579898e+00
1.871035555388438354e+00
1.549614082745198962e+00
1.501224723780480774e+00
1.611098556672123649e+00
1.828384206786716648e+00
1.773511810960264334e+00
1.778300873129798676e+00
1.734551278359144355e+00
1.781374293159522892e+00
1.894975566619391705e+00
1.897433851913588487e+00
1.792807942204238003e+00
1.850667761062767758e+00
1.798257727809754902e+00
1.692122886092189082e+00
1.526325337453893205e+00
1.679386796870986354e+00
1.489891346315466159e+00
1.435226707999713636e+00
1.578150452227590650e+00
1.577798582434698282e+00
1.651657037155808139e+00
1.610027197819272615e+00
1.714065078874244419e+00
1.742332537647298007e+00
1.596493439729550268e+00
1.686743959740651944e+00
1.721270427750170695e+00
1.679012498572557854e+00
1.822261033338260283e+00
1.719885432980478468e+00
1.656961123629567822e+00
1.700211418583890577e+00
1.803397472913948585e+00
1.798796970729773070e+00
1.978855059011551232e+00
1.826067396570214107e+00
1.497388082279351273e+00
1.707325309477690567e+00
1.938736600231331542e+00
1.709166185725796705e+00
1.971462796427024822e+00
1.780914293478361277e+00
1.741690521554621229e+00
1.756579528347421926e+00
1.734143411766532861e+00
1.775446927018218046e+00
1.766139933644441884e+00
1.773435452169926263e+00
1.993182167792468817e+00
1.983419162490075438e+00
2.019976242433870972e+00
1.861149277921938072e+00
1.593583239645399496e+00
1.626303774455549966e+00
1.583226227254270979e+00
1.475384016634344819e+00
1.755818349076315732e+00
1.776927429402917813e+00
1.788286766847081655e+00
1.884812823867342502e+00
1.904284577875771545e+00
1.878777683371675611e+00
1.808092177749963891e+00
