1.654171834328410640e+00
1.499592893488932654e+00
1.506030097704552873e+00
1.473894467002209607e+00
1.469368166275176746e+00
1.605649962587241131e+00
1.705041016562056200e+00
1.667253859277045613e+00
1.597916829000317840e+00
1.570484357009983345e+00
1.709161468621887670e+00
1.707129201708696087e+00
1.704434386276357793e+00
1.814208959309039582e+00
1.912796310239176512e+00
1.580633533754837838e+00
1.667007638102317335e+00
1.934148988870161290e+00
1.594574657771510307e+00
1.812692497160609761e+00
1.901832278481835337e+00
1.890248722325547526e+00
1.874880168164634986e+00
1.726446247442138926e+00
1.858229410628688738e+00
1.850150724030875216e+00
1.792740866182765291e+00
1.945865872336408842e+00
1.670190301180553005e+00
1.959636021522805471e+00
1.759239298481695357e+00
1.678866177647550195e+00
1.482617429635931572e+00
1.749862170281451856e+00
1.775691709151040909e+00
1.882025652822724382e+00
1.808077367236341049e+00
1.548831504771252643e+00
1.445524486023883837e+00
1.556436815636505600e+00
1.797167558541194143e+00
1.722767764019703440e+00
1.775784924084376604e+00
1.724987582583126455e+00
1.764695236703133885e+00
1.885714107254067073e+00
1.832790990175501733e+00
1.807048074837170004e+00
1.814660925334262931e+00
1.851653677030811407e+00
1.734310495654893147e+00
1.498663450237927020e+00
1.629619968307999711e+00
1.498241164320820662e+00
1.433021587827515431e+00
1.642914769463198033e+00
1.736529602991046639e+00
1.658501142207977397e+00
1.567628840534992962e+00
1.706121080483910202e+00
1.722975608339567533e+00
1.616199337593297924e+00
1.610013694426488673e+00
1.697901007325384182e+00
1.707905817089066636e+00
1.897941395095899653e+00
1.766179275646394542e+00
1.591214610991736667e+00
1.675559793059288261e+00
1.880720128349768538e+00
1.897890107158337170e+00
1.856010870788791456e+00
1.898827059070291146e+00
1.478545741652027345e+00
1.632547363967365328e+00
1.920225710838949551e+00
1.757837405062331104e+00
2.007955109772840974e+00
1.742120623492914300e+00
1.756741777208732591e+00
1.670148941898568884e+00
1.780249488500615485e+00
1.748735138372311093e+00
1.768254789401122018e+00
1.735609881424066581e+00
1.907807642761724098e+00
1.829417249957081326e+00
1.932145565196047521e+00
1.900902721278294072e+00
1.516801247707280753e+00
1.613365477499674627e+00
1.585858703275257353e+00
1.487643844954834593e+00
1.728597102365705851e+00
1.793957817486701911e+00
1.745123204512519344e+00
1.878441138931527643e+00
1.830737034874845737e+00
1.805885565994499453e+00
1.792655514252790017e+00
