1.755220575285727724e+00
1.806151991661688827e+00
1.894879449526341908e+00
1.731174341858560117e+00
1.744801187187182911e+00
2.041959566943389426e+00
1.702023680421966390e+00
1.932160449722995388e+00
1.672296987798204571e+00
1.752672836573186954e+00
1.869899857269166743e+00
1.728696664095474400e+00
1.874873368416821506e+00
1.939317926082619215e+00
1.662143689611270458e+00
1.903904895483750304e+00
2.033499183133157029e+00
1.927071339301309694e+00
1.817805688317233992e+00
1.830828148991746396e+00
2.024964930252890927e+00
2.077472459287212025e+00
1.720408422956341221e+00
1.736756584791386615e+00
1.935076523027887685e+00
1.948807833655132216e+00
1.888271885744776002e+00
2.074104324926861587e+00
2.111527493530637400e+00
1.884464195962898492e+00
1.876023690099572816e+00
1.985756987475967961e+00
2.012092866760555765e+00
1.768518777104636452e+00
1.787456836564481177e+00
1.776409946795198369e+00
2.092023022962719470e+00
1.972715966738010529e+00
2.187090156038228095e+00
2.153592961854352339e+00
2.043664018624353318e+00
2.084619734748514475e+00
1.982831515121479482e+00
1.988985846250465483e+00
1.906326602699146999e+00
2.045949316732366796e+00
2.134245261569907903e+00
1.908074633232575756e+00
2.016800731129131385e+00
2.037620692472502437e+00
1.926320892726052891e+00
2.136448953291877118e+00
2.074611264612678863e+00
2.144736990343127037e+00
1.738686794980202954e+00
1.812483779053804644e+00
1.587072162163123856e+00
1.716226727754736503e+00
1.756196159999232842e+00
1.612682381316015379e+00
2.022228366424132062e+00
2.027717024374899868e+00
1.830062682138639873e+00
1.912510763901051236e+00
1.631432470591674511e+00
1.836837861312280440e+00
1.982429079430990670e+00
1.907758689346310321e+00
2.065612376182248244e+00
2.079999498942359359e+00
2.121014238909104233e+00
2.258300606752254414e+00
2.215117793134528057e+00
1.771251327979276535e+00
1.829842694151366134e+00
1.727577994147592610e+00
1.799259429061120352e+00
1.967025165930192943e+00
1.918343604248484935e+00
2.004261861899272468e+00
1.877945992353704741e+00
1.900416043270987565e+00
1.927046312392854510e+00
1.724555441640654996e+00
1.745506145796345665e+00
1.900113176221639444e+00
1.968269733483070549e+00
2.119943430036850707e+00
2.003045605728695833e+00
2.092200240127423339e+00
2.023478393368970174e+00
2.001808279754672348e+00
2.111107831356108466e+00
2.000875305982920072e+00
2.174339720091509776e+00
2.199191982654956856e+00
2.051261864959444292e+00
1.958976751340217648e+00
2.034423211520195895e+00
1.811372791597811727e+00
1.737770712248940530e+00
1.936262825353826544e+00
1.857588613242275866e+00
1.713978782170078929e+00
1.867869610891402132e+00
1.751230995512020217e+00
2.030485121472283438e+00
1.820322092402881342e+00
1.749791231466323982e+00
1.883929273045503949e+00
1.939098097244431163e+00
1.820984822810429948e+00
1.726248097608452436e+00
1.915508676055968529e+00
2.074842464425231459e+00
1.787981776644599563e+00
1.757801679265797112e+00
1.969208110305030734e+00
1.817917739950824174e+00
1.836048497633049559e+00
1.776337575227307619e+00
1.842593612550196047e+00
1.972945939517717573e+00
1.736843553851788347e+00
1.785721657073461754e+00
2.025875409533673732e+00
1.714520142840011641e+00
1.928221051442582601e+00
1.964885877127714897e+00
1.890219327387213433e+00
2.119476879675346481e+00
1.911030720293292351e+00
2.033487732910298273e+00
1.851295187988850399e+00
1.904357289703956901e+00
1.985024621959819546e+00
1.790328199618232308e+00
1.862925037538155193e+00
1.820925054233722085e+00
2.120959011714178111e+00
1.877224392465852487e+00
2.015164985065222236e+00
2.108158274630481444e+00
2.067218724554224618e+00
1.960497018499986810e+00
2.167607086293391383e+00
2.087107627803383103e+00
1.856208895523791869e+00
1.789036975150211317e+00
2.112066965929585649e+00
1.863628697753598074e+00
1.936452594845060382e+00
2.029971872572816860e+00
1.861389087160802758e+00
2.128702024034449636e+00
2.092798624530013196e+00
1.957311442374907617e+00
2.168316335793776695e+00
1.887888610548897228e+00
1.888386294846150282e+00
1.895293386049540896e+00
1.783332312417305054e+00
1.624228070602951934e+00
1.591988758727937103e+00
2.032295200267519419e+00
1.925806479272596849e+00
2.052256095721380458e+00
1.859002003413158244e+00
1.916480376680615105e+00
1.838190964796107441e+00
1.963077275335130434e+00
1.860338969188304103e+00
2.038304898817227873e+00
1.890852404210067617e+00
1.832151918278514646e+00
2.115653829783580520e+00
2.038805897673071410e+00
2.187995536931135021e+00
2.206018179310268224e+00
2.035409755217636452e+00
2.184595043259883962e+00
1.942730672750245580e+00
1.844275298795604145e+00
1.863521365969118992e+00
1.781441235602640116e+00
1.854346363837965361e+00
1.706778076291950663e+00
1.690606039365287083e+00
1.680202522981753210e+00
2.007267780036903648e+00
1.832419654940961928e+00
1.936006710807461006e+00
2.033030118676056208e+00
2.027745609467987986e+00
2.035248919884756980e+00
1.934615648802309629e+00
2.007479997592123588e+00
2.157642617392081075e+00
2.123799119099849975e+00
2.034816690039830345e+00
