1.790139441149754873e+00
1.831388340010786209e+00
1.890287544026843403e+00
1.766707764720967688e+00
1.748761064853201264e+00
1.985527995147211122e+00
1.753591567733349121e+00
1.934909809188848362e+00
1.728125906954354196e+00
1.780352501766574447e+00
1.930089290254894507e+00
1.852693366738524805e+00
1.919668221017880816e+00
1.933851738042535739e+00
1.675179743282084521e+00
1.843207093239842331e+00
2.067846264808648638e+00
2.018137892678366629e+00
1.842833981159015755e+00
1.943946837304417752e+00
2.120881025393993813e+00
2.142983650435274168e+00
1.861714178089671767e+00
1.862372829713725197e+00
1.956088665951459360e+00
2.112609771365770772e+00
1.958890796194256101e+00
2.187143610549466377e+00
2.197939218396548267e+00
2.012001097362448476e+00
1.892639620708566506e+00
1.969141530988727240e+00
1.967500674227399049e+00
1.851019930302906458e+00
1.791123698718696922e+00
1.804407206523626073e+00
2.186802257593855714e+00
1.988808767606009997e+00
2.413202098021756559e+00
2.123942681718777425e+00
2.176625084385042097e+00
2.256974204490942437e+00
2.136256631191834732e+00
1.900796338067104685e+00
1.892566878979500933e+00
1.955645621608230300e+00
2.290552879065077541e+00
1.997826467704279407e+00
2.099612064954230028e+00
2.122017417583789811e+00
2.048436154035285117e+00
2.193462955850196128e+00
2.148455374049992539e+00
2.237457210151315490e+00
1.770457737304319989e+00
1.770070459633811266e+00
1.659542727112236937e+00
1.742164026437136526e+00
1.780498983972629956e+00
1.696288525772734701e+00
2.014115928907849629e+00
2.032959112718790262e+00
1.792334061098389109e+00
1.872990827099700439e+00
1.767380813480081914e+00
1.850915610801596056e+00
1.932119780898598371e+00
1.965883791127533087e+00
2.117118908413474720e+00
2.218604129488475518e+00
2.115492832158437864e+00
2.336300400638427366e+00
2.219127504731879696e+00
1.846330258382046008e+00
1.895823024755133313e+00
1.775992430178257919e+00
1.786617330382185287e+00
1.858076427152808296e+00
1.770327524081841020e+00
2.053783108175892824e+00
1.843146576884295174e+00
2.000484684412797254e+00
1.905549301633655990e+00
1.802667177011843647e+00
1.836549882525919664e+00
1.818034558435081660e+00
2.029752932264427212e+00
1.979348538317819761e+00
1.918330573752903279e+00
2.081802482593728243e+00
2.119044580512733145e+00
2.103461516565997780e+00
2.204806896364958302e+00
2.138612893119594016e+00
2.260510279287086810e+00
2.181561945458031282e+00
2.092279069280170933e+00
2.034542312026750288e+00
2.180317891895510840e+00
1.779890381382534192e+00
1.797528919468683428e+00
1.966092606305841262e+00
1.927250853321990087e+00
1.826620141848121159e+00
1.927498409391925849e+00
1.815410540963529495e+00
2.121476399016941627e+00
1.829048839260799308e+00
1.803164446005134813e+00
1.909789769420448202e+00
2.016846597113581385e+00
1.886106311735470165e+00
1.901101602990779016e+00
1.939922139506785603e+00
2.082560025436848150e+00
1.886779121695480343e+00
1.805109645188997192e+00
1.952964972280050393e+00
1.758868602358357069e+00
1.877924455837748585e+00
1.791134686034397738e+00
1.955423476995157062e+00
1.972298420314611000e+00
1.918431892902709768e+00
2.002163499100699351e+00
2.006709660204581080e+00
1.865895907948243559e+00
2.002470558964776881e+00
1.998390435958486977e+00
1.963323724970688966e+00
2.028034105047904045e+00
1.872858627457611336e+00
2.013822107600366618e+00
1.813366515520931310e+00
1.917583998373937337e+00
1.942797421880287922e+00
1.917731418451532832e+00
1.997948272857291707e+00
1.925886404432339383e+00
2.164788633213745594e+00
1.946268097567425137e+00
2.129246351423013550e+00
2.156387259217512842e+00
2.168584387130971347e+00
2.149103560370059895e+00
2.171266308103899867e+00
2.142671258581100080e+00
1.801674996449766697e+00
1.770447997986221322e+00
2.001631640153317182e+00
2.145168557924040265e+00
1.930545791447685344e+00
2.006353416722345351e+00
1.848120561303845610e+00
2.198168802179729653e+00
2.127598288218601308e+00
1.939206847836315584e+00
2.147967834301680590e+00
1.794810552106035573e+00
1.810265309777862042e+00
1.872397582295542762e+00
1.804056364287853986e+00
1.793590810449860129e+00
1.716091455534429766e+00
2.060622171660477786e+00
2.008466434440751680e+00
2.052763999729467770e+00
1.951511993862631744e+00
1.911163118998922439e+00
1.913190472540505338e+00
1.916196549473598632e+00
1.928985852800703338e+00
2.159507416831689230e+00
2.030529827744916194e+00
2.031278510682586358e+00
2.225265240104115971e+00
2.017180447383745356e+00
2.203856670654544381e+00
2.224296604227481211e+00
2.104790275064508442e+00
2.269847043508841811e+00
2.006749185636921506e+00
1.955738721786540735e+00
2.044836996610840618e+00
1.807362341749331636e+00
1.893992759683996496e+00
1.697184742824163983e+00
1.742603833042232431e+00
1.675011378650099303e+00
1.926658001793380093e+00
1.780965874717478803e+00
2.042738192131057229e+00
2.097082035251142784e+00
2.073508622365984877e+00
2.080154842172375229e+00
2.029949433504558254e+00
2.097107192605114800e+00
2.104440936942523432e+00
2.078963524401242324e+00
2.019096873075410414e+00
