1.603112715803900468e+00
1.478196447810716574e+00
1.484308907079751272e+00
1.497502504712117544e+00
1.478566475646584610e+00
1.551844975365737511e+00
1.680404658993704725e+00
1.736101219301637189e+00
1.576720601855187809e+00
1.456139316688736640e+00
1.675106266281874312e+00
1.684894976613232842e+00
1.790501977162745062e+00
1.848935989510327227e+00
1.954369658722048264e+00
1.649194516875574834e+00
1.697307819385373673e+00
1.908405253936710011e+00
1.635931818596185972e+00
1.923784427415308640e+00
1.894552504672212034e+00
1.903379785101939170e+00
1.939917980043905699e+00
1.646284699754042569e+00
1.846283971353444020e+00
1.866544323114441628e+00
1.742929212426155727e+00
1.987795355837156830e+00
1.822510768230124256e+00
2.027826585501095291e+00
1.634670948663246470e+00
1.566374650383776546e+00
1.487563159495546738e+00
1.791428944094496822e+00
1.752578816702590858e+00
1.860742190128046758e+00
1.822199929576959088e+00
1.373983767170769754e+00
1.342340271890579695e+00
1.554357574801683128e+00
1.865543960417432867e+00
1.643969734576401720e+00
1.663332592884757544e+00
1.670335950724782359e+00
1.694116002491345752e+00
1.924254489347270614e+00
1.913445339773498288e+00
1.779737691185622417e+00
1.901407212367641320e+00
1.778900771167645667e+00
1.682260914610849589e+00
1.534405040738835879e+00
1.664792517837826669e+00
1.519559959256860937e+00
1.453604190872912483e+00
1.658357249011701118e+00
1.587234353814046095e+00
1.724953128011989634e+00
1.621596432638907181e+00
1.725282381187533742e+00
1.728200357818105548e+00
1.652309961372722569e+00
1.711860748933782261e+00
1.778696903517380745e+00
1.754595213206620929e+00
1.899329170390092747e+00
1.658120989566378878e+00
1.674780511293232577e+00
1.742781467291861119e+00
1.974841913910087010e+00
1.954005019152670553e+00
1.930326076742174823e+00
1.903609587196674502e+00
1.504389735728913102e+00
1.644269622403274234e+00
1.988229759745768099e+00
1.836522326380141346e+00
2.041396190622309703e+00
1.669230905734778725e+00
1.757174490311417925e+00
1.755132528492752364e+00
1.726017165441102286e+00
1.710713185636085099e+00
1.757941350311489792e+00
1.824245127821365831e+00
1.933938625370809739e+00
1.809518160060113123e+00
1.972075209642666138e+00
1.878430553364116129e+00
1.521663847100699352e+00
1.666031133762440497e+00
1.594815229399440648e+00
1.498992485983810630e+00
1.706073943398297876e+00
1.762961726256710326e+00
1.692008495225354237e+00
1.940461449016796402e+00
1.905562898258656768e+00
1.880472306156063977e+00
1.797631323818666305e+00
