1.739821241086011439e+00
1.819331143891285807e+00
1.880415733698703296e+00
1.734463089161888627e+00
1.761209360810490843e+00
1.898524265985737536e+00
1.802147642569337460e+00
1.963217853513965272e+00
1.718163870501557167e+00
1.853828256522660922e+00
1.864756997361839419e+00
1.797564941212225653e+00
1.900882288449920798e+00
1.910507129676208615e+00
1.770976840415551923e+00
1.933206023994833656e+00
2.124937210427400469e+00
2.011502233279317764e+00
1.931480546159784373e+00
1.917507743690589850e+00
1.990802510769215328e+00
1.976960449397426878e+00
1.841785505391722699e+00
1.881360614339603776e+00
1.935604771883368214e+00
1.946523278864347617e+00
1.894658336947540045e+00
1.988008460697979984e+00
2.023378368696296281e+00
1.863977366571016647e+00
1.881783815052544773e+00
1.922065044927061317e+00
1.959879962799506492e+00
1.844459984333209901e+00
1.816654721246921289e+00
1.796101258577508908e+00
2.047776956427588058e+00
1.891476540099672476e+00
2.052913332697970716e+00
2.017644272367012270e+00
2.064627214565317281e+00
2.100387280100565857e+00
2.068504345864106586e+00
2.041168532757899445e+00
1.997310453853817114e+00
1.915042500628937105e+00
2.203603580666837480e+00
2.039677673862031693e+00
2.082588180731995919e+00
2.167197707353880176e+00
2.091660483933921899e+00
2.173516878438157107e+00
1.923139357887127199e+00
2.099751373094465468e+00
1.738218932784403981e+00
1.851387659817968601e+00
1.758006511732957300e+00
1.768173048337832620e+00
1.838848751941858373e+00
1.641435344494900139e+00
1.912982945674746249e+00
1.908095141584123855e+00
1.772645885868617821e+00
1.874351402261509536e+00
1.638567825216346474e+00
1.912632864006879929e+00
2.071324641489092233e+00
2.049449110144205832e+00
2.069442586855989585e+00
2.078131103781424294e+00
2.034254682315108642e+00
2.203649384921551047e+00
2.338353978291075386e+00
1.833536289543214348e+00
1.855525026589957216e+00
1.805435276518328802e+00
1.838941051932067694e+00
1.941287042146508934e+00
1.869142783105139483e+00
2.003000215695732056e+00
1.870206058694493523e+00
2.004141216492452582e+00
1.936419527343129721e+00
1.799468687966624403e+00
1.810833631393988563e+00
1.980701529861362609e+00
2.103628671314940579e+00
2.129269007433628236e+00
2.015935151877334075e+00
2.228910677184103406e+00
2.066639547079469175e+00
2.137918109841379533e+00
2.160998073541200881e+00
2.105375917412179110e+00
2.171745137286223315e+00
2.027563458983109523e+00
1.887765166619927104e+00
1.897321095498162746e+00
1.843991985321548510e+00
1.917466169564733924e+00
1.366529129980665003e+00
1.323838894664101984e+00
1.342313604629366441e+00
1.277315752967615126e+00
1.407163099384780569e+00
1.111738788759767171e+00
1.691403529238761694e+00
1.185378533250028399e+00
1.420927101684932081e+00
1.595552506787202285e+00
1.301104343851501532e+00
1.315282204470743954e+00
1.314960419245374545e+00
1.203380655579342040e+00
1.314105058485004696e+00
1.637170966469983613e+00
1.578140257686031056e+00
1.949958720930943246e+00
1.780632560090593008e+00
1.949389291448411665e+00
1.837962539933659212e+00
1.839653361731889536e+00
1.755045595657889423e+00
1.707883021951606350e+00
1.819326166665716560e+00
1.943862673838288924e+00
1.745134467723417515e+00
1.741059304117628326e+00
1.880003594992214699e+00
1.804079846762464356e+00
1.964891093415539469e+00
1.834537621569469756e+00
1.945562074988435031e+00
1.810049612994270918e+00
1.561498455822022402e+00
1.552029190373282130e+00
1.779264792429723352e+00
1.725953515719134357e+00
1.685634329531289222e+00
1.526656280748725392e+00
1.619410247578180195e+00
1.655054444865564189e+00
1.751390820330683606e+00
1.861253904920762148e+00
1.964197295724736669e+00
2.118517240558785097e+00
2.151968754593710287e+00
1.585396575132247188e+00
1.620272901925666753e+00
1.874918267814907669e+00
2.009988319083343633e+00
1.813875619718047005e+00
1.814804903671766612e+00
1.891295135901617686e+00
2.143218523478112036e+00
1.991337049640047985e+00
1.732528922360376367e+00
2.129131616850914899e+00
1.922041433375140995e+00
1.908041724210082002e+00
1.976686696730257209e+00
1.475175505621507011e+00
1.441197942303974910e+00
1.146738553680797024e+00
1.807666108361164259e+00
1.610864392392196809e+00
1.548630538195159057e+00
1.641249456620182068e+00
1.936793901369431303e+00
1.919075491710306558e+00
2.029809689964398700e+00
2.029179435952018551e+00
2.028367345233782260e+00
2.002343684240277089e+00
2.082723710431956032e+00
2.175138260405260482e+00
1.310757798865572532e+00
1.763834308882340940e+00
2.321510952502463976e+00
1.944515542813927134e+00
2.060440295261554589e+00
1.417850214959671673e+00
1.636148465846019917e+00
1.453883766999728433e+00
1.730730066506457110e+00
1.743074453722866402e+00
1.631120453783146074e+00
1.594528646628634361e+00
1.585748471072630839e+00
2.021178041792515589e+00
1.946694316623760912e+00
2.010325475820362584e+00
2.123718830017810699e+00
2.007933132901340123e+00
2.051044245270031041e+00
2.058257832300587786e+00
1.991463815374124424e+00
1.925640219212081394e+00
1.666276567554028309e+00
1.533887213810054995e+00
