1.773083022457594193e+00
1.775791746118103420e+00
1.937632617425530057e+00
1.709669017423468551e+00
1.857402315141381877e+00
2.107488808071241504e+00
1.778208993515032699e+00
2.004558155687855781e+00
1.837984787249723695e+00
1.814988487194761690e+00
2.026998009975318649e+00
1.811531785360442903e+00
1.979509909307740623e+00
1.993554581662031033e+00
1.764120289930003471e+00
2.011772670068509239e+00
2.101257877632610960e+00
1.909171741735331551e+00
1.855873215018206013e+00
1.942757735035807398e+00
2.097929391887793038e+00
2.100601661868279901e+00
1.776005279860916053e+00
1.823373226826759952e+00
1.919232253178194458e+00
1.984137493932754071e+00
1.812649948022841739e+00
2.054378326607451122e+00
2.101122026378207774e+00
1.860336627709441748e+00
1.887424338803705304e+00
2.108871666662980537e+00
1.962464074906236089e+00
1.811638888102382161e+00
1.744157410919910278e+00
1.821170802743732109e+00
2.095902218145671903e+00
1.947290854400780757e+00
2.167562021654287019e+00
2.042635346780572903e+00
2.073673078244546275e+00
2.103629157851204301e+00
2.144609117514909347e+00
2.079046286338871674e+00
1.922172220689496447e+00
1.921024691805792939e+00
2.227337499157028944e+00
2.070279328690494580e+00
2.079224405133114129e+00
2.109958643362929376e+00
2.152678490545203438e+00
2.161045131320341373e+00
2.006991079897869401e+00
2.160343047422784934e+00
1.837836041885680283e+00
1.890019705219362134e+00
1.628109083026710202e+00
1.730877436946007375e+00
1.787668836864312993e+00
1.743625134914943198e+00
2.086532724562915497e+00
1.984550651737778004e+00
1.848135313785475686e+00
1.976773190485435983e+00
1.718910801606871708e+00
1.907109143504109650e+00
2.007207979791175045e+00
2.042666076447075874e+00
2.171415443349358210e+00
2.143541922779172104e+00
2.134630169952291379e+00
2.393666628139551111e+00
2.308155234739837969e+00
1.812978163772527074e+00
1.857711447272512473e+00
1.780668899226228952e+00
1.859353622315212951e+00
1.948563056411949379e+00
1.974017240048361543e+00
2.098346556957669140e+00
1.947796858922155039e+00
2.107579890695444380e+00
1.984815350873631701e+00
1.908397687336135462e+00
1.849899312921372108e+00
1.941395750139986776e+00
2.161034071318249428e+00
2.058151945016464257e+00
2.036694246621247650e+00
2.189631123114706313e+00
2.106232875903402579e+00
2.085940787257871243e+00
2.315311595743724915e+00
2.175802822670464653e+00
2.173107184060361519e+00
2.186456827431862315e+00
2.154311411999542347e+00
2.021703048221898058e+00
2.134864762749457689e+00
1.825814461147831524e+00
1.792194209656851722e+00
1.945938815192182814e+00
1.819127248274414299e+00
1.722739769265561272e+00
1.914803099643893836e+00
1.789984202869751462e+00
2.053838610984237700e+00
1.824222053144880507e+00
1.755160428440435627e+00
1.822355472878567584e+00
1.942040611070720235e+00
1.898462525841362547e+00
1.802225570260821419e+00
2.006367588635623367e+00
2.085231228686649008e+00
1.872183404833916098e+00
1.841167949658196745e+00
1.998538213869391456e+00
1.852014075272161886e+00
1.885945085586496983e+00
1.820822496048081440e+00
1.967901402999670868e+00
1.941384978360850111e+00
1.823027596915812287e+00
2.066848443643617639e+00
1.922816570868040698e+00
1.742126385195341687e+00
1.886860105427825784e+00
2.022013164974261645e+00
1.853957972421727662e+00
2.098781835366811510e+00
1.989549689785186093e+00
2.038308766115263460e+00
1.724580490672559918e+00
1.957231004859578904e+00
2.065776615368700497e+00
1.869003331779011345e+00
1.881677602078087874e+00
1.790477662824393468e+00
2.167723600865785194e+00
1.856646455015485309e+00
2.044752217514719472e+00
2.188004229012655344e+00
2.056444905715077986e+00
2.118504324317213250e+00
2.126775564781982375e+00
2.212691253312319528e+00
1.913759195596191898e+00
1.820423484675812942e+00
2.021923074871567749e+00
2.061995523350300452e+00
1.906993404561071248e+00
2.057483682811533043e+00
1.930663606517521336e+00
2.193554826854116069e+00
2.201516580920507060e+00
1.988515697582579289e+00
2.121181268995830926e+00
1.937012568255322753e+00
1.928327257421143637e+00
1.919724492537892457e+00
1.811086002614275214e+00
1.809163115822155943e+00
1.804126502887757999e+00
2.082814642459502874e+00
2.027774887972463080e+00
1.990336739223235174e+00
2.003903636507341268e+00
2.001880865289871192e+00
1.891790161454651731e+00
1.934491398159080999e+00
2.064922600443930278e+00
2.125760433268212957e+00
2.062559171517524437e+00
2.081242732539376306e+00
2.266246040715956145e+00
2.097238285668992397e+00
2.343496691428393675e+00
2.379230684488382153e+00
2.162914008087284845e+00
2.202448071962309850e+00
2.036632946284043566e+00
2.055411683833845871e+00
2.016182929883567176e+00
1.832241921749031333e+00
1.943024278731231957e+00
1.812786594206119206e+00
1.791965151693677649e+00
1.730400252405715822e+00
2.035739448991171319e+00
1.916506010038811159e+00
2.021256038264906518e+00
2.127384298016209652e+00
2.047634761362351341e+00
2.121584609962841039e+00
2.050803042085791450e+00
2.043855372205289012e+00
2.245288125095934895e+00
2.235253557785388701e+00
2.098766042152881983e+00
