1.602242679914581691e+00
1.498981986998421112e+00
1.415538908988374533e+00
1.499698454122273095e+00
1.429146021718487036e+00
1.524271481602513356e+00
1.699687788775394282e+00
1.726252114052032605e+00
1.643057246079876021e+00
1.504631342344475931e+00
1.619867341269630945e+00
1.680159630083545519e+00
1.679879324644458771e+00
1.753981761022837871e+00
1.933995082947027377e+00
1.626251113968098849e+00
1.666401877027714695e+00
1.809566070886903244e+00
1.591597228430103650e+00
1.782897290556644254e+00
1.762579065949075652e+00
1.845094990250804479e+00
1.859957130624306787e+00
1.678909900601149863e+00
1.711324984053053555e+00
1.741746974137019954e+00
1.726431602292428646e+00
1.946560878165935371e+00
1.731230482953362459e+00
2.002122837867397198e+00
1.693613308650259386e+00
1.580917518914817688e+00
1.513496819878634048e+00
1.739941319432244615e+00
1.737069486955053810e+00
1.798686184024833157e+00
1.811390574359770689e+00
1.526281357196087374e+00
1.470201787203228694e+00
1.578711850048036824e+00
1.798185456345537281e+00
1.676775587005861379e+00
1.706506855937744538e+00
1.683542231191311744e+00
1.698099578324613779e+00
1.798849147317996167e+00
1.732158981693630251e+00
1.695053350744131215e+00
1.884615036503216823e+00
1.705834571699506252e+00
1.689133350499554265e+00
1.456061713383933531e+00
1.629398469628482671e+00
1.459125187495877274e+00
1.443152327792909695e+00
1.719721418290369730e+00
1.659269591263336840e+00
1.620169656868656993e+00
1.517982711056359513e+00
1.600320092002017303e+00
1.647823946297564346e+00
1.606489233849704101e+00
1.582924677842575845e+00
1.657757416115143823e+00
1.656237612420282002e+00
1.851017615721069598e+00
1.707534734854288194e+00
1.603382623404700613e+00
1.649375695861881486e+00
1.787759673752684186e+00
1.853981407037976981e+00
1.781374811241650535e+00
1.824695873067343932e+00
1.427683987352980299e+00
1.603314926171377275e+00
1.864743066724361631e+00
1.745346522364853437e+00
1.967656139529180059e+00
1.683982219785428613e+00
1.743898107158087019e+00
1.606279908797966893e+00
1.671632338024394926e+00
1.676828079916313330e+00
1.680389717998622467e+00
1.652087540762938511e+00
1.867420513726301134e+00
1.789905866166321191e+00
1.944208200598330993e+00
1.853246196381794109e+00
1.436637662069241372e+00
1.574864578104395507e+00
1.550462613143314350e+00
1.424660027533859008e+00
1.650715584424551352e+00
1.723462655307025360e+00
1.714155264448874672e+00
1.787400398283952363e+00
1.728286680417367771e+00
1.930760477572721179e+00
1.748751694418471336e+00
