2.184479346239155184e+00
2.159789458228352999e+00
2.275063824093338294e+00
2.143075334296208112e+00
2.117857343447876239e+00
2.116050390133916714e+00
2.095116240416964093e+00
2.413598418767291864e+00
2.087201023483945317e+00
2.213562578712095608e+00
2.009588319028928982e+00
1.980888436754985715e+00
2.283226430031977561e+00
2.278874432726526678e+00
2.039005188682072589e+00
2.226356092190241220e+00
2.488339224686864526e+00
1.943276005551203278e+00
2.401734230479044552e+00
1.912001253837265713e+00
2.031801504920193402e+00
2.203313150328264136e+00
2.516400976939325851e+00
2.431617922483892968e+00
2.264800886652483136e+00
2.332578998781134949e+00
2.029637416988354648e+00
2.011319841491237437e+00
2.451198477901713524e+00
2.196110382987519927e+00
2.221797163937663466e+00
2.412299796686761866e+00
2.156697715653669967e+00
2.059335642591621607e+00
2.336582358209348342e+00
2.407063829496806751e+00
2.359577259665939231e+00
2.347182346589011370e+00
2.402088859692593559e+00
1.992121905728279962e+00
2.142397327689468778e+00
2.355496591430302544e+00
2.134729846607136494e+00
2.486699082242693759e+00
2.025303016713261961e+00
2.493543347355895001e+00
2.135191087227841678e+00
2.458994567841746637e+00
2.386237181419649911e+00
2.177205170589040062e+00
2.435590120357824073e+00
2.330480279892896522e+00
2.301194627088440914e+00
2.232804667371695917e+00
2.218413408978427093e+00
2.266513220232238002e+00
2.331433364624744708e+00
2.100392495062056497e+00
2.250926030690280744e+00
2.122902023884246869e+00
2.426067321942271704e+00
2.041508204057895792e+00
2.307106371968043135e+00
2.208525030355638741e+00
2.456458939606287029e+00
2.402754268331309895e+00
2.198593631813499094e+00
2.124401634444430087e+00
2.189261332276226213e+00
2.368688739095424545e+00
2.255866116420472522e+00
2.472027194097499159e+00
2.453687623913931581e+00
2.252208624528567515e+00
2.395110154050516638e+00
2.298544827052649175e+00
2.322515245937007755e+00
2.279120940604314693e+00
2.288681332703260018e+00
2.336202925259895480e+00
2.401572057871891985e+00
2.305379862060121354e+00
2.393927643863817956e+00
2.415022881873208682e+00
2.346735386197269957e+00
2.423455211968470024e+00
2.192302909561559154e+00
2.528907033437724827e+00
2.540410908625351460e+00
2.477976826830981860e+00
2.292439985084818943e+00
2.267220183271654310e+00
2.217713036315965169e+00
2.278883685695450634e+00
2.258456159659874452e+00
2.342429878036955682e+00
2.323360175487166668e+00
2.443120780382596724e+00
2.265161969613771475e+00
2.180365999190416293e+00
2.341239380679537074e+00
2.457552707086000154e+00
2.520170871156349968e+00
2.553366761329670886e+00
2.457900267617119994e+00
2.500289251898239584e+00
2.431425429649842318e+00
2.406437823122717479e+00
2.412461584618792898e+00
2.475912028093209205e+00
2.445885649078427537e+00
2.389991946070074036e+00
2.330163123064682651e+00
2.508114559590097326e+00
2.350517654571418369e+00
2.292729742053821074e+00
2.316634358933503002e+00
1.928628612891409189e+00
2.526798970951618983e+00
2.322966766392073446e+00
2.664083431471143903e+00
2.537103344711234776e+00
2.436314160290006470e+00
2.484793732482841300e+00
2.450097871196481147e+00
2.266917996590145368e+00
2.562148890534889922e+00
2.471117514058475795e+00
2.558049953158228362e+00
2.442625620087446325e+00
2.325182079464645835e+00
2.272432074623124798e+00
2.438265967311785687e+00
2.356185589642209699e+00
2.147779782180579300e+00
2.492748145525756520e+00
2.313006439354378774e+00
2.534684494338191652e+00
2.262700179074547346e+00
2.236511473415117912e+00
2.176949691594877390e+00
2.230674229481828252e+00
2.217400634174276242e+00
2.277687332529022335e+00
1.906743268458400475e+00
1.995539437861258314e+00
1.837167463166222037e+00
1.998367354655904204e+00
2.174860159783359226e+00
2.183840384655793887e+00
2.181038810559850383e+00
1.701746742754986830e+00
1.935608250676318365e+00
2.227145253030704097e+00
2.296160085933524275e+00
2.417057882694431559e+00
2.465148345588326961e+00
2.237206046780664703e+00
2.436008544307942003e+00
2.239007200572354250e+00
2.187001763081703132e+00
2.318126263268795118e+00
2.579075008611147357e+00
2.525316849177178913e+00
2.462973095154819880e+00
2.194186909243691197e+00
2.370783761337617701e+00
2.478799670701805624e+00
2.528033095835528599e+00
2.402186596057926948e+00
2.578355323742383298e+00
2.558908411902024227e+00
2.613743401548544565e+00
2.595429431769614492e+00
2.618656788857493645e+00
2.393594259274001601e+00
2.459859737395842849e+00
2.569750493992160045e+00
2.508421017848051715e+00
2.721820018678872799e+00
2.677764433289893553e+00
2.690641265343072686e+00
2.500452747611467963e+00
2.449818690902760387e+00
2.502331853328973121e+00
2.195532689839521545e+00
2.391247192413755940e+00
2.403918832613635370e+00
2.028815081557920230e+00
2.292696617508553469e+00
2.085513075386624671e+00
2.405699651569560338e+00
2.265104620999792484e+00
2.083013588273389338e+00
2.402419785909284400e+00
2.129289870877428381e+00
2.280485600774191379e+00
2.184706418844629461e+00
2.418792840023803237e+00
2.435457866529475268e+00
2.342121042562484767e+00
2.456058085676544600e+00
2.425837207109278193e+00
2.443963288066886452e+00
2.480470987744576750e+00
2.435658878520341908e+00
2.309101170120467117e+00
2.004530150628762275e+00
2.229366271355153195e+00
2.123957694520437922e+00
2.213913519109543593e+00
2.324346965426532741e+00
2.169240012777284399e+00
2.314732074448397459e+00
2.287545713027088645e+00
2.336255125234007135e+00
2.506667819499480476e+00
2.313252191525796864e+00
2.336486811057816304e+00
2.622982012432117926e+00
2.600842312474930917e+00
2.270486577130635730e+00
2.675161289739269588e+00
2.374126730223691695e+00
2.425638051843240550e+00
2.432126237964925330e+00
2.417779531016782890e+00
2.448611815652315560e+00
2.493902833214646453e+00
2.471404644620540658e+00
2.699125334731667269e+00
2.555025978998677338e+00
2.512612384524544051e+00
2.450262956317859953e+00
2.538294284378133980e+00
2.545377666650649129e+00
2.485735986151563548e+00
2.648022659189150918e+00
2.528887896790602774e+00
2.509181931560084511e+00
2.830749568724970189e+00
2.417625966086700107e+00
2.470598292218922243e+00
2.445748385956515669e+00
2.394322636210428623e+00
2.412144035552103549e+00
2.463324238092752694e+00
2.576465974016477478e+00
1.965725257906726808e+00
2.317574366716930179e+00
1.967018706291994601e+00
2.184147917428488572e+00
2.210202896677480489e+00
2.213909309723784524e+00
2.176845292732592529e+00
2.094057595089952262e+00
2.096922874098322787e+00
2.338408612667665309e+00
2.213398560439141960e+00
2.007014273825356021e+00
2.006646463757273846e+00
2.109366076705934567e+00
2.344936630030174385e+00
2.255398242056840807e+00
1.917715471592204901e+00
2.369046822999874902e+00
1.940841154170034999e+00
2.233564042942674188e+00
2.190911960363270072e+00
2.547753331603094473e+00
2.061695430183382971e+00
2.125446181188358263e+00
2.415398438615014687e+00
2.314693706743931489e+00
2.125065532681162495e+00
2.213444883712187394e+00
2.398150588516321235e+00
2.241560116860402907e+00
2.257519500554818315e+00
2.296397255833554585e+00
2.231642665093616973e+00
2.357929897520384621e+00
2.399484920459808546e+00
2.417972588510056475e+00
2.510327884723986269e+00
2.159740804499510336e+00
2.131486637659318450e+00
2.154924103611072894e+00
2.187069744415819805e+00
2.602444358290080473e+00
2.480588729490404987e+00
2.396489252658949631e+00
2.219911048875955917e+00
2.292551444214947054e+00
2.434579850223720587e+00
2.402466825847123122e+00
2.248797860020942618e+00
2.177777274266456953e+00
2.238745327854066325e+00
2.195870388856433930e+00
2.257595157435123845e+00
2.194302096447701800e+00
1.979898290774168457e+00
2.427826117727202693e+00
2.044305769811827656e+00
2.343132227084497199e+00
2.058304548566352032e+00
2.277140908191873425e+00
2.471050375780604380e+00
2.076323834096398979e+00
2.326968358610197019e+00
2.086443715512066532e+00
2.142511490793846729e+00
2.123245897029394147e+00
2.416788761300092236e+00
2.227062830026768747e+00
2.185743957372937807e+00
2.424294229131255918e+00
2.230046255410230049e+00
2.428977008189123765e+00
2.344163725988416047e+00
2.309327756912337382e+00
2.146677118254733951e+00
2.261749852422833218e+00
2.466440743928117296e+00
2.270291140012052900e+00
2.295608967076154805e+00
2.361686395705571595e+00
2.360769476201212136e+00
2.354439139883803378e+00
2.426118922999251026e+00
2.309761639323580251e+00
2.433245591900674132e+00
2.364677637413176381e+00
2.214094553144299482e+00
2.393180369064729529e+00
2.503511514538260041e+00
2.350787147308603497e+00
2.501579964001987566e+00
2.089950565304987684e+00
2.461648398880356581e+00
2.369198370723226699e+00
2.123473196555794473e+00
2.123399674870252607e+00
2.133279491268834871e+00
2.242192375833717666e+00
2.308556284756447585e+00
2.507064466239369960e+00
2.289173570761663612e+00
2.588034177716757700e+00
2.104552638000098952e+00
2.140546691106499644e+00
2.336059462680053045e+00
2.392897127754475051e+00
2.372103075284310414e+00
2.526310463213096380e+00
2.539698595161831829e+00
2.445432119151357497e+00
2.523363139448577819e+00
2.579988028407700362e+00
2.548335453643480353e+00
2.469967929547861818e+00
2.481527498990606428e+00
2.482682981508758324e+00
2.536273572424115663e+00
2.358784436978608401e+00
2.152214062413600359e+00
2.363535288561507297e+00
2.413436157860595621e+00
2.410469276147082063e+00
2.299193111920643240e+00
2.500214466154644377e+00
2.452141562658547436e+00
2.462932593659640901e+00
2.459014337655502924e+00
2.581685312720357395e+00
2.747884828395299017e+00
2.376240965091129365e+00
2.321542051128136830e+00
2.542408785613045286e+00
2.412562227187091235e+00
2.504750003091545274e+00
2.378114421890079822e+00
2.461233253280957101e+00
2.679833545051621080e+00
2.514900749591752138e+00
2.339161202704293618e+00
2.629814237369256347e+00
2.264843982382249710e+00
2.351527058747731491e+00
2.194841923488020985e+00
2.359255756279395655e+00
2.294196322762648954e+00
2.205507921433165208e+00
2.411706354391572660e+00
2.439147393472286929e+00
2.527591908096995521e+00
2.013679538894254772e+00
2.173635268796301201e+00
2.153841097339139310e+00
2.215177399705248629e+00
2.003313780943800193e+00
2.123558101313342661e+00
2.243976928419435524e+00
1.998510404097450177e+00
2.065050634705570154e+00
1.913107400716053341e+00
1.925549048141593556e+00
2.145676874374259135e+00
2.079811810740762379e+00
2.008022399319837614e+00
2.026992090925737067e+00
2.057297619415900058e+00
1.986455887776679363e+00
2.525306136086088671e+00
2.513169478601342988e+00
2.361317749652494857e+00
2.226399809482395131e+00
2.272126165810719911e+00
2.385643411436728645e+00
2.329585039596987261e+00
2.555368345350823578e+00
2.374036791267240432e+00
2.195858854387372716e+00
2.262956377616315518e+00
2.355967907825864405e+00
2.344349492531385248e+00
2.336562675443474735e+00
2.475546277248487748e+00
2.439134663161376171e+00
2.492473849687476761e+00
2.378572311743478274e+00
2.485043375585821668e+00
2.481794023629626977e+00
2.518039643432782970e+00
2.468951984705022529e+00
2.465063588833148689e+00
2.577971841531982555e+00
2.628677619603945637e+00
2.421192937811744272e+00
2.596403837190088826e+00
2.661467587749452246e+00
2.533958089063411467e+00
2.427590566532038530e+00
2.509991594453644836e+00
2.498325096258851907e+00
2.755305757776091102e+00
2.747946622328702126e+00
2.521693377470886510e+00
2.527895622864419156e+00
2.509797364521477281e+00
2.472702848593456348e+00
2.250054497713538382e+00
2.437001557030165966e+00
2.382274591413546805e+00
2.437886537401959597e+00
2.378294546507713658e+00
2.488808871193670669e+00
2.485654568507716267e+00
2.492663090260886172e+00
2.174145097102441859e+00
2.314929311745981266e+00
2.171322066275677365e+00
2.252488255418901630e+00
2.345651450659558268e+00
2.269983118814129508e+00
2.273284704963283165e+00
2.319327115838472064e+00
2.200026460011465179e+00
2.255334366861362572e+00
2.290727502931008353e+00
2.063808472258036097e+00
2.184251107499120437e+00
2.227596998479626667e+00
2.084203771259740101e+00
2.246658345488770081e+00
2.189080926170608787e+00
2.317527413043271700e+00
2.462079905035803318e+00
2.323357279661553143e+00
2.566218196316522260e+00
2.370105266831653790e+00
2.457395337131452528e+00
2.458317537558694532e+00
2.473355797656819011e+00
2.556914122617357954e+00
2.445894360688720681e+00
2.410315542302622127e+00
2.562885066993708438e+00
2.600788870412461762e+00
2.577226862770607418e+00
2.797344235595988327e+00
2.541032071241720036e+00
2.435290453320153148e+00
2.397582412137519547e+00
2.302200380872124086e+00
2.269806531460193622e+00
2.390192710803148213e+00
2.418348992928074814e+00
2.272633880514997706e+00
