1.843563836605649486e+00
1.860013485013944479e+00
1.935595701457218931e+00
1.779880563984824304e+00
1.807118110859647686e+00
2.100479810553324000e+00
1.777422615127264960e+00
2.005966252921199899e+00
1.777808509795548719e+00
1.865938941651684280e+00
1.966665233575247917e+00
1.985018448221925524e+00
1.926933191480990626e+00
1.989052894809708594e+00
1.695151844752761594e+00
1.895363970360271821e+00
2.074163121059049431e+00
1.982221456321497044e+00
1.873609134952519240e+00
1.900973692827595762e+00
2.111589073217464474e+00
2.051952284470183407e+00
1.804954456985207401e+00
1.914693075142842149e+00
1.891195119176155126e+00
2.002505307312361982e+00
1.905091637116239855e+00
2.076262073958615950e+00
2.128774148071934658e+00
1.939569452565615526e+00
1.886965988313472176e+00
2.092388309533514512e+00
1.942724762311750286e+00
1.844059485139951660e+00
1.780553373766579517e+00
1.760205330588300088e+00
2.128031801649935773e+00
1.873809661057772580e+00
2.138548143860156348e+00
2.166495384972756622e+00
2.129331971546233326e+00
2.209100111228013308e+00
2.058207196179219434e+00
2.048637499704777820e+00
1.902597500461505220e+00
1.903486284193296019e+00
2.289839460883439592e+00
2.019208577507753954e+00
2.143781596811512369e+00
2.154929115771449855e+00
2.048190014086899602e+00
2.207254166505073112e+00
2.069896600048986457e+00
2.106444679899345473e+00
1.770887942827216843e+00
1.832075297758716026e+00
1.747598679220887963e+00
1.750093911821239967e+00
1.877477069323369996e+00
1.714358472934470079e+00
1.939051216902737185e+00
2.016200767483843581e+00
1.807712681239333596e+00
1.855832444688944038e+00
1.735513211303370662e+00
1.813184609319089979e+00
1.958414449371580268e+00
1.935552845905564423e+00
2.075868952557445191e+00
2.159944146839486212e+00
2.210234802184226854e+00
2.371864771046063414e+00
2.273560387166868590e+00
1.864279844737604774e+00
1.837728911253321495e+00
1.722072741400228368e+00
1.820696322918711640e+00
1.886048090262249177e+00
1.898705843242864733e+00
2.018083730323851466e+00
1.889516709119743565e+00
2.041576584148955931e+00
1.913603429167210823e+00
1.729383443355245520e+00
1.761901531137930688e+00
1.906390528470771839e+00
2.053747035226411999e+00
2.074319903412471966e+00
1.992013359567750941e+00
2.137728841306186567e+00
2.084055381252233108e+00
2.115787249890729971e+00
2.234480828456791190e+00
2.120934196315229059e+00
2.232180057821166574e+00
2.274942822891516947e+00
2.044656443905392251e+00
2.025751950263632306e+00
2.083274697920460827e+00
1.954514816075579642e+00
1.803396564082324627e+00
1.932611832659138384e+00
1.855419628051103942e+00
1.746887249048542978e+00
1.917842447210104551e+00
1.757322431034393340e+00
2.088401016512428487e+00
1.794195502580217871e+00
1.752443589177580918e+00
1.942080625031604280e+00
1.997309260074315862e+00
1.816947254170374837e+00
1.885226353302401625e+00
2.004553603588544952e+00
2.050483029248054923e+00
1.915071324880778469e+00
1.820045135423679294e+00
1.994189277337707678e+00
1.777273323867362809e+00
1.802556209613249250e+00
1.794897985736024104e+00
1.844357873882527921e+00
1.937493123188780864e+00
1.781144633376249731e+00
1.871103031607079359e+00
1.912283730539704463e+00
1.750775876971130574e+00
1.839939934169520175e+00
1.997958896054884415e+00
1.917969971427430753e+00
1.999938508098824119e+00
1.910778001020547290e+00
2.017635634656596011e+00
1.818951907953705982e+00
1.943878095650503068e+00
1.935626269313854841e+00
1.849791383040192416e+00
1.816358109334550441e+00
1.687978585693450828e+00
2.093587905282668693e+00
1.734060065730072431e+00
2.155330566478915522e+00
2.143672914212329417e+00
2.156655932389637709e+00
2.140643915300032063e+00
2.109343646360234636e+00
2.112299326968384516e+00
1.781428737190267286e+00
1.741674021076554668e+00
1.961907140403861494e+00
2.001815346000690443e+00
1.798420020380632423e+00
2.135035748487768004e+00
1.779620169136288066e+00
2.121887159149565605e+00
2.081928143956287780e+00
1.988434503464236336e+00
2.048291241421217546e+00
1.773941226405094440e+00
1.767075984463219562e+00
1.830684046878541915e+00
1.704233617724999039e+00
1.720025022244124235e+00
1.701211383624276152e+00
1.893449051211747003e+00
1.818117335606152185e+00
1.938590047469014088e+00
1.834438224684873830e+00
1.830207920535551480e+00
1.766451217437217558e+00
1.866015655202851953e+00
1.885630333271989700e+00
2.168516480859846940e+00
2.003996649604037561e+00
1.988504148736668808e+00
2.185526856252875127e+00
2.093599364767954718e+00
2.282711271708865564e+00
2.276396444897565097e+00
2.049392553339196343e+00
2.237184967826141513e+00
2.018952393007504398e+00
1.879349756396998750e+00
1.952641155973745990e+00
1.748050323045802878e+00
1.796806637860592915e+00
1.717701785867354669e+00
1.626492381817154387e+00
1.643463334607178084e+00
1.898012227211195446e+00
1.843691588063415043e+00
1.971868545497506453e+00
2.093170787839237157e+00
2.020206205887156159e+00
2.102017375622882600e+00
2.092682843311886920e+00
2.085405755123348914e+00
2.199588104639863317e+00
2.162967294105910820e+00
2.058851947609406707e+00
