2.038312528945353641e+00
2.053443960485242137e+00
2.301269162324720785e+00
2.087390823393633799e+00
2.209916999771315282e+00
2.119128757860922807e+00
2.098167246660072927e+00
2.402952806825143561e+00
2.063967565829223361e+00
2.031390175088338967e+00
2.019746955765302054e+00
1.926611092590822638e+00
2.064473140106361182e+00
2.204270930682827867e+00
1.995892092894292702e+00
2.022054849515265040e+00
2.428925118458593602e+00
1.967591184511726876e+00
2.312022395420787468e+00
1.896584647337496099e+00
2.073717316102395181e+00
1.996450744903953245e+00
2.551796742588392952e+00
2.217818011981811388e+00
2.028043371579312470e+00
2.178585180275748989e+00
2.160788760106116868e+00
2.066891436970086815e+00
2.305938409834126013e+00
2.098971414615296904e+00
2.088174983828523068e+00
2.070492882707725801e+00
2.197182800839748928e+00
2.143914420932826470e+00
2.330970491955723922e+00
2.410905597954294599e+00
2.329026596840213958e+00
2.407519439446597520e+00
2.486306716888566193e+00
2.016837392052591937e+00
2.048450722735061014e+00
2.251536398932156402e+00
1.987130207492149081e+00
2.366359350227062563e+00
1.989501641022667577e+00
2.432613542987744459e+00
2.234138894142251086e+00
2.283661861234201229e+00
2.220846822796418429e+00
2.152563794270244468e+00
2.220890017945734041e+00
2.334516099262612165e+00
2.148553656283547220e+00
2.213609931436310685e+00
2.110011659102805748e+00
2.172115570772585880e+00
2.229303011392347322e+00
2.032549743705861722e+00
2.157942344190527884e+00
2.071915407631562456e+00
2.411105776403404288e+00
2.038155594113230773e+00
2.183238239701492667e+00
2.176031432608090288e+00
2.174228646744340576e+00
2.503329447964546262e+00
2.277707834666531372e+00
2.046254243695162511e+00
2.312587335785499132e+00
2.344404158070129363e+00
2.379431133722131442e+00
2.513760561725271625e+00
2.570180884760728812e+00
2.304156078473831748e+00
2.370811941640599052e+00
2.350745350752387886e+00
2.390749703926297265e+00
2.303640818378607236e+00
2.547867853914055569e+00
2.331556369159735187e+00
2.372940094271410505e+00
2.368957009181850371e+00
2.406285847517049881e+00
2.393786760482053744e+00
2.318601361671629224e+00
2.345988788596111263e+00
2.114101373722959476e+00
2.389410802082194252e+00
2.531522309840524620e+00
2.363208689143549535e+00
2.285478561410045462e+00
2.184917567766166968e+00
2.166515944701004059e+00
2.125787649802200363e+00
2.235852851893215476e+00
2.202260062864092482e+00
2.259670611008885110e+00
2.489730176824809682e+00
2.257847310562536958e+00
2.190233685268565100e+00
2.353815090778229813e+00
2.374984258162410100e+00
2.550288249810602093e+00
2.671529959412590749e+00
2.553364661652934853e+00
2.425405671485900250e+00
2.576383428076596704e+00
2.410751375792713258e+00
2.522156820360648588e+00
2.448400929828740136e+00
2.469316838475707598e+00
2.226160199241859150e+00
2.231352716895279809e+00
2.293414661683538025e+00
2.173351653744660439e+00
2.255177768041078945e+00
2.295894563952024736e+00
1.831863868273206686e+00
2.501947246905499522e+00
2.153361766186073112e+00
2.571485079856470346e+00
2.509337827176898905e+00
2.438938159821769869e+00
2.482724615522812428e+00
2.475817891358480072e+00
2.393500944250530171e+00
2.646248982402903849e+00
2.239845258989644705e+00
2.435220671309650697e+00
2.563643018909233628e+00
2.285401599130445494e+00
2.415943224865915173e+00
2.543516541119797303e+00
2.414883533858946940e+00
2.317935914786859897e+00
2.595000877564413777e+00
2.518963245270610773e+00
2.660171991055819252e+00
1.945486893257750927e+00
2.063174973931394263e+00
2.038298705769306274e+00
1.979597925077420495e+00
2.016748332076758299e+00
2.212868750156825381e+00
2.081764990177480179e+00
2.033495930219190839e+00
1.971878730645619582e+00
2.009979084502867774e+00
2.118409386229651581e+00
2.156289622156660979e+00
2.000086410495088174e+00
2.010199083878217330e+00
1.995044928593285638e+00
1.905991911327497235e+00
2.209937717972919824e+00
2.396986773611528232e+00
2.253081391656717614e+00
2.222462255553275146e+00
2.458234242929986380e+00
2.169857409143351568e+00
2.133786138698850809e+00
2.109762187044019299e+00
2.474029367785640421e+00
2.595345192654404443e+00
2.585956163999976631e+00
2.005207023116578835e+00
2.259024497344370275e+00
2.261369690708081137e+00
2.426160343991503154e+00
2.299796615100101693e+00
2.585264225536560101e+00
2.389893869966252637e+00
2.535469799244743250e+00
2.579521832745885757e+00
2.504633307770362194e+00
2.257375279863457873e+00
2.534938051238126100e+00
2.328405793124642464e+00
2.507411722268993781e+00
2.570601589207486271e+00
2.558815481058435815e+00
2.572845661394944639e+00
2.399111718846390851e+00
2.486320162355543761e+00
2.512621317410701938e+00
2.105907017154683647e+00
2.196844275441448779e+00
2.329116693914861980e+00
1.881701391577532467e+00
2.140011407896089235e+00
2.008113086344310183e+00
2.305428279289556848e+00
2.115970788882610698e+00
2.001854469121957525e+00
2.323312566094487774e+00
2.118735585912251640e+00
2.206261850008884640e+00
2.082478714466863057e+00
2.281935311988989579e+00
2.263832332416435111e+00
2.119516368960604691e+00
2.350067037654457458e+00
2.275457244542014035e+00
2.296265597159947713e+00
2.404280454758110253e+00
2.293134707532176630e+00
2.237793739826651862e+00
1.875919871334408739e+00
2.141245321870592022e+00
2.067972019521382432e+00
2.105125456603432976e+00
2.129236423561081448e+00
2.130193422230162614e+00
2.195827153646518148e+00
2.168991985009225854e+00
2.356941060092815121e+00
2.388922710242427083e+00
2.204021501688496087e+00
2.308203819018708192e+00
2.560494136843631363e+00
2.453753905938056867e+00
2.302784996263523620e+00
2.529412129338399762e+00
2.331875172630755610e+00
2.282401274721904461e+00
2.371084456555896391e+00
2.423376249421445916e+00
2.260006555896722169e+00
2.414634895268595649e+00
2.427593521196298454e+00
2.659095118159508164e+00
2.549470064501123900e+00
2.500880577997318444e+00
2.435440669647968459e+00
2.561763624144513862e+00
2.661037385665030897e+00
2.327300513976690688e+00
2.675324582048754785e+00
2.310431161670064348e+00
2.456768469898463980e+00
2.732643928620190010e+00
2.382653039062303080e+00
2.358462720485810848e+00
2.387025849705706193e+00
2.323112489607179310e+00
2.351774743249599453e+00
2.225625161225547100e+00
2.529552426103345741e+00
2.085052399482949959e+00
2.360499910549854086e+00
2.042124975543924137e+00
2.228090777652045773e+00
2.219788216837579320e+00
2.214985717899155215e+00
2.193380484616773263e+00
2.112189443432752611e+00
2.113580948762358691e+00
2.181586272655026804e+00
2.266871955571995834e+00
2.070879518112556550e+00
2.025432171838702722e+00
2.064946344971882564e+00
2.347205428669652871e+00
2.189694643282429354e+00
1.984279609059222294e+00
2.331053410955625793e+00
1.974146146455415751e+00
2.286172903763235009e+00
2.143736599654043840e+00
2.578937071627806610e+00
2.110189082525222304e+00
2.159014350415288330e+00
2.351776892169362032e+00
2.311822415550886411e+00
2.087607188818160431e+00
2.301225379128513104e+00
2.368415352594117174e+00
2.232462941289167446e+00
2.325911851454313783e+00
2.346803699948063482e+00
2.193597335980459917e+00
2.312626137293006590e+00
2.469325527991055313e+00
2.570563824063531566e+00
2.381711770488889712e+00
2.238764106614305138e+00
2.217442786697603641e+00
2.229128154348866353e+00
2.390401819578249931e+00
2.508905326348060516e+00
2.442769346373451445e+00
2.354744956698515246e+00
2.271274204643863648e+00
2.265248474471078133e+00
2.393258309398376582e+00
2.428030426111882800e+00
2.362189611521293919e+00
2.308260862083037157e+00
2.239187616500899924e+00
2.239855104614214998e+00
2.163628882614067273e+00
2.145948316137566092e+00
1.973441044291045499e+00
2.160373808966895126e+00
2.068475405174447168e+00
2.289951864557831840e+00
2.050844691275390819e+00
2.103846955824152154e+00
2.344148937452404269e+00
2.120207416989420945e+00
2.421379538795465525e+00
1.999345627243629187e+00
2.232479264890728121e+00
2.192120115061014562e+00
2.309643537416782078e+00
2.310365014035139719e+00
2.132203092087763707e+00
2.354122567867797500e+00
2.136173299213105725e+00
2.446271208075406101e+00
2.251061040177415595e+00
2.371191459053815009e+00
2.218821617265044566e+00
2.244992570719088310e+00
2.479287143188897424e+00
2.115779424464561576e+00
2.268625079103964381e+00
2.393145299816951788e+00
2.462160484927566451e+00
2.302816869296399727e+00
2.275411136504331022e+00
2.216941577672511432e+00
2.265110420038009664e+00
2.080266008598750105e+00
2.263304278890576171e+00
2.308212707018902687e+00
2.382614969174319253e+00
2.354240390158034657e+00
2.408056846957029151e+00
2.177959863450692257e+00
2.275649171466134657e+00
2.454712592226663492e+00
2.190971603568582449e+00
2.123212356369498899e+00
2.117916269339632507e+00
2.013481193612326248e+00
2.115223686486889854e+00
2.473922045800813319e+00
2.298108606546474419e+00
2.611124277109220682e+00
2.140609904513481432e+00
2.095525264740932148e+00
2.119210001260747323e+00
2.358132928343574797e+00
2.420647279921878781e+00
2.447254161223770819e+00
2.528240327323797665e+00
2.419445616645814923e+00
2.452786577171146565e+00
2.570585043463093911e+00
2.576246782581404382e+00
2.497359036665596221e+00
2.490455591084064668e+00
2.421425651117299349e+00
2.476013429441745739e+00
2.291753648670653565e+00
2.068281797813590561e+00
2.520159919189066233e+00
2.336807899691425661e+00
2.520832467975152369e+00
2.300120758897467255e+00
2.365959063918316563e+00
2.477237360613341988e+00
2.487562599506726979e+00
2.313224809066586118e+00
2.572280595724806496e+00
2.697087289370898144e+00
2.193430154275095578e+00
2.329780989761764509e+00
2.509186683229101877e+00
2.527129773713315153e+00
2.581487460692852842e+00
2.449228899643561608e+00
2.399428993620590589e+00
2.647349007807530796e+00
2.371169806285680526e+00
2.266300522416334395e+00
2.444043174239758809e+00
2.192376547456748259e+00
2.411189827015323583e+00
2.198821619793783544e+00
2.539599370979147785e+00
2.239629748793420916e+00
2.175848539957916827e+00
2.566951746885426822e+00
2.488491635496949517e+00
2.568011108435926726e+00
1.967296240919210959e+00
1.993711791571016745e+00
2.043079252649277144e+00
2.119045831783985978e+00
1.967172511339745133e+00
2.089253613389817410e+00
2.157315939169873076e+00
2.109418664551488742e+00
1.891427422270364866e+00
1.919247732888118563e+00
2.021631035746707994e+00
2.057861357749293241e+00
2.119736675007323434e+00
1.936755402783895574e+00
2.094465008342977441e+00
2.213144913379556211e+00
1.896959593216150930e+00
2.385214544578253992e+00
2.328520048811920873e+00
2.377456283921570712e+00
2.173462305258692329e+00
2.126301984715484927e+00
2.353281776735293818e+00
2.265690375598063966e+00
2.353047268869540964e+00
2.326852207840077291e+00
1.928510240286023025e+00
2.272886449725243452e+00
2.398650986146883213e+00
2.227301952505199800e+00
2.412563787345603394e+00
2.508514877450549907e+00
2.507895094776682043e+00
2.400769535056083370e+00
2.322771278188966892e+00
2.672561780832884093e+00
2.289050940965146275e+00
2.585754126895936977e+00
2.374962103147052250e+00
2.540147016733971252e+00
2.420726027877063924e+00
2.661488904574835335e+00
2.385499855519256585e+00
2.536068283413372537e+00
2.629035037792741836e+00
2.594623821403857278e+00
2.202669563494443761e+00
2.413238518808208610e+00
2.443639200693660030e+00
2.678435275262471826e+00
2.681362779665394047e+00
2.548809572994052530e+00
2.390864399351941394e+00
2.422874911858494240e+00
2.532094988984587403e+00
2.247075820754084408e+00
2.270683025257329568e+00
2.327450836172725968e+00
2.143185570345946367e+00
2.289216176618024789e+00
2.386417661802463286e+00
2.455668860979693946e+00
2.440605192845406002e+00
2.185615285952190234e+00
2.225724794243605142e+00
1.984038129365268688e+00
2.190925651175631206e+00
2.213460034097050499e+00
2.151629047427244590e+00
2.075243118680849541e+00
2.112456193169755192e+00
2.047395350010103421e+00
2.106105490993766427e+00
2.196121998858164392e+00
1.864312129824292175e+00
2.198963244844205800e+00
2.270629696025635802e+00
2.010750906377984482e+00
2.195186463254255038e+00
2.093102641903739070e+00
2.262406840281278253e+00
2.414003495066217031e+00
2.302680658754483023e+00
2.467996981467553308e+00
2.363896091254781506e+00
2.371787739614085844e+00
2.435657060899409032e+00
2.277149961471417683e+00
2.564965544648002638e+00
2.399280024302636427e+00
2.388847959162028634e+00
2.670439490866550081e+00
2.694102146619863358e+00
2.510117044518917151e+00
2.743564244339501190e+00
2.380620422129971381e+00
2.123277147873919191e+00
2.401802350742963110e+00
2.336870491153935969e+00
1.987444305463902383e+00
2.106203152727492256e+00
2.303183778678847382e+00
2.109454836923053023e+00
