1.696374168485440315e+00
1.465015339402073513e+00
1.434564962982429970e+00
1.460981847040575987e+00
1.412625462121202657e+00
1.456166265329031262e+00
1.659738565493543927e+00
1.676063710210314639e+00
1.566642194433176982e+00
1.548524698913480657e+00
1.663889285351673353e+00
1.642883594688855142e+00
1.597964005529973530e+00
1.638790849396412064e+00
1.790400576394245435e+00
1.677182836712561631e+00
1.565769400722811788e+00
1.775563295686898746e+00
1.543259322998630889e+00
1.618575277280473124e+00
1.695390458428877478e+00
1.675412544345801225e+00
1.676855120499782359e+00
1.665837110841863700e+00
1.651031431881480716e+00
1.715798840472875897e+00
1.526024975859474608e+00
1.807630084300887230e+00
1.595800811133734509e+00
1.820054258899022503e+00
1.659785371073683846e+00
1.653060835654299954e+00
1.577865077536234395e+00
1.672568336722001447e+00
1.505126165724802290e+00
1.711144585979151866e+00
1.733287132534073738e+00
1.534573122603474005e+00
1.498313136259333600e+00
1.592429230019704267e+00
1.741013324001879914e+00
1.544707903153718087e+00
1.582356294242358574e+00
1.668686514798046749e+00
1.621330285095011980e+00
1.690829071512298887e+00
1.518225825377148119e+00
1.559519597348859143e+00
1.784128262330118231e+00
1.641958260205435449e+00
1.752614422248550019e+00
1.507821009309004090e+00
1.639072055651666915e+00
1.472806932684239012e+00
1.444686525935495958e+00
1.687239485683182494e+00
1.610386150104145653e+00
1.595982124251020373e+00
1.629882045203626229e+00
1.644708099299231119e+00
1.613587569538823097e+00
1.497810210066681025e+00
1.442894887604071252e+00
1.573760649927931743e+00
1.625985131171859610e+00
1.768741115091468696e+00
1.616580130804805560e+00
1.575851355337715365e+00
1.560023429976328480e+00
1.791795691348596842e+00
1.721753029863017481e+00
1.697978574748766789e+00
1.649665417147928137e+00
1.468505065231195950e+00
1.590801628951337143e+00
1.740587716830447773e+00
1.643481959910185974e+00
1.815652788554724006e+00
1.665101480614533225e+00
1.706550928645922172e+00
1.554778909104572504e+00
1.537625496978709538e+00
1.620971415603411847e+00
1.507775503494902081e+00
1.480802535107242690e+00
1.550648079638024202e+00
1.806794341524230463e+00
1.839542657582325935e+00
1.720367233275979402e+00
1.449837056760472365e+00
1.629139985970609050e+00
1.579600115987879638e+00
1.491656346509601994e+00
1.543439704237322463e+00
1.578013147609347300e+00
1.669760618807260677e+00
1.680479928453009419e+00
1.554571586711767539e+00
1.756981767081411627e+00
1.622190527957292128e+00
