2.104098091759235345e+00
2.117382663090555450e+00
2.215895172500389254e+00
2.254724270445296330e+00
2.249649951849491014e+00
2.217220572544357449e+00
2.417895774375137918e+00
2.316611711841569665e+00
2.164935265573683321e+00
2.105565557929261367e+00
2.106397546751202388e+00
2.039819035669667269e+00
2.160100537456242531e+00
2.217661421261396981e+00
2.081708233490774163e+00
2.118127739547217114e+00
2.265565006354410826e+00
2.028881580126282280e+00
2.313827292457390605e+00
2.000187014072830394e+00
2.064644061372981731e+00
2.157215242874060745e+00
2.354878262452397841e+00
2.349866544874249730e+00
2.071139328588840200e+00
2.308582295474372881e+00
2.138202342198760597e+00
2.195653864487716156e+00
2.388902649626407193e+00
2.131489949432964437e+00
2.112010275202668819e+00
2.450747979805580012e+00
2.133333525435161970e+00
2.139787984496424489e+00
2.345736955838907178e+00
2.368402994522732730e+00
2.416843174880591416e+00
2.337806001908709685e+00
2.398934228334523411e+00
1.968233931499796086e+00
1.984669408877957952e+00
2.222712949174946662e+00
2.071029726360689160e+00
2.423291408158826155e+00
2.085613110275699622e+00
2.401948820667001883e+00
2.133651048825023100e+00
2.304975767573897993e+00
2.122346114925115490e+00
2.160688815421725639e+00
2.338731054554727518e+00
2.336090585459833058e+00
2.190455359922110379e+00
2.162281182765605880e+00
2.173264258395422921e+00
2.082810731384871605e+00
2.229944677672846431e+00
2.042967890522383811e+00
2.140201859103795012e+00
2.061338853865918086e+00
2.275552651687709815e+00
1.886257432337151263e+00
2.184538332426386287e+00
2.026117570643489518e+00
2.220369705605168331e+00
2.211679785249153429e+00
2.067430572397626509e+00
1.972108912316961948e+00
2.057452150522774748e+00
2.216064395146724486e+00
2.048474113778106176e+00
2.323847674159002175e+00
2.312173330641413393e+00
2.198904257484176394e+00
2.214355985833614149e+00
2.125892599714248821e+00
2.109460997619998945e+00
2.128159119019688461e+00
2.200416667051489306e+00
2.237378624929978077e+00
2.217159076253812700e+00
2.155738940846378515e+00
2.068552342711051040e+00
2.012426348660406816e+00
2.101084311957202466e+00
2.159914885762017622e+00
2.068809889176055350e+00
2.202130797023818864e+00
2.256469658976899773e+00
2.327422311727868287e+00
2.292801169213956936e+00
2.207497866291966204e+00
2.162444781179441833e+00
2.067802604388187415e+00
2.029934798307245991e+00
2.239840236642942628e+00
2.201848573948195220e+00
2.332881488810575554e+00
2.126485751072551444e+00
2.099918951486153595e+00
2.214207196201598116e+00
2.386332869546960556e+00
2.406856208036324052e+00
2.379502773082054379e+00
2.396124564797469159e+00
2.222758128220679197e+00
2.400605749914088261e+00
2.235623678057559349e+00
2.285939008203111023e+00
2.437973997668149817e+00
2.450313619593615044e+00
2.219174715509792506e+00
2.262636059365450425e+00
2.251577113631510585e+00
2.283984703261440430e+00
2.322653326835249388e+00
2.198216647312559502e+00
1.882525275961848266e+00
2.356100157125218697e+00
2.058039401251521738e+00
2.608980883233559922e+00
2.612506673898668641e+00
2.300443046985033657e+00
2.424816434647190100e+00
2.438743729965536122e+00
2.411168858843830254e+00
2.596950696003153869e+00
2.292265572461391621e+00
2.430509841444394414e+00
2.415693110354509621e+00
2.197086461908984489e+00
2.145284422263297852e+00
2.157763174413584562e+00
2.171643973419798979e+00
2.134946280395682461e+00
2.201719451348098211e+00
2.033492334199949791e+00
2.387714308094948112e+00
2.184676295004186031e+00
2.072993566323764636e+00
2.040795301539108930e+00
2.061098873608522730e+00
2.028502102454126987e+00
2.202197599068119516e+00
2.090472146855138824e+00
2.005123273067508372e+00
2.062995573988346543e+00
2.040674485222141232e+00
2.162312297539309647e+00
2.033909417669582886e+00
2.063447664903033107e+00
2.039778457967631020e+00
2.066871050392858233e+00
1.982845742859202343e+00
2.177495769038313878e+00
2.225501083043815331e+00
2.286868005322542530e+00
2.133052781699595890e+00
2.209012441604703447e+00
2.070520895503972003e+00
2.077815821594152901e+00
2.222264326733613071e+00
2.250561121184085245e+00
2.351574575565745118e+00
2.385624047305106910e+00
1.987941210315813390e+00
2.026891868460176660e+00
2.165095579758622435e+00
2.141613069149727266e+00
2.052320807422906235e+00
2.236104716201964049e+00
2.042064184069571908e+00
2.366221130602558009e+00
2.298923774004325793e+00
2.219604426113696682e+00
2.221440328362265237e+00
2.260419910473340011e+00
2.243440965132883935e+00
2.109974197538437846e+00
2.650339111743861054e+00
2.549798167694690587e+00
2.627547530305037515e+00
2.304183179946311277e+00
2.304844543769561049e+00
2.368359150096515986e+00
2.091138130687578478e+00
2.181433794337412913e+00
2.131555330859173925e+00
1.998724334577504536e+00
2.134025126306752895e+00
1.993937957367550418e+00
2.191051520422697241e+00
2.092458459683454564e+00
2.015755477240856575e+00
2.136224213800900440e+00
1.987482860911470972e+00
2.145560479256340081e+00
2.099192269998993776e+00
2.366259845388157590e+00
2.158906177828357364e+00
2.154011662030401286e+00
2.323723182568262047e+00
2.238565813286838679e+00
2.274909162143597730e+00
2.259805018282132316e+00
2.272017748167839191e+00
2.103802944080743753e+00
1.793763469421540746e+00
2.083831210941519796e+00
1.921707581152014788e+00
2.080029749485847734e+00
2.208380765472055085e+00
2.040458379747058348e+00
2.149917163117895491e+00
1.991063816213305193e+00
2.157148786804897078e+00
2.327537310137843374e+00
2.142822951840325896e+00
2.186519882124484671e+00
2.451452505329037912e+00
2.357921746673445007e+00
2.145372069800956183e+00
2.611163261571968874e+00
2.180087450987853170e+00
2.161552087168368885e+00
2.200231655164424094e+00
2.291619128392573312e+00
2.228007704498726760e+00
2.238869603349446624e+00
2.327380277237597550e+00
2.451068141894738872e+00
2.355592338497453309e+00
2.377006119566226428e+00
2.226338688811632771e+00
2.387587795257381185e+00
2.489603445672456061e+00
2.346454741809847366e+00
2.453894247926160510e+00
2.362016914177513360e+00
2.195131075717394076e+00
2.569006059536382391e+00
2.301311786228970480e+00
2.093634091123219854e+00
2.225659017783499838e+00
2.263904162202647452e+00
2.269901280359473361e+00
2.022760806938389777e+00
2.028837718431205417e+00
1.980532378766054036e+00
2.076293953159279670e+00
2.039484320098489345e+00
2.167183214135442793e+00
2.208964163911188106e+00
2.288782566271696517e+00
2.226531022383007929e+00
2.185097459375259010e+00
2.189330998596326960e+00
2.333637480726834745e+00
2.207952657682772823e+00
2.092585628112466178e+00
2.071917127753867049e+00
2.099224155903721023e+00
2.250151760219047059e+00
2.144646183656631955e+00
2.070239841297826011e+00
2.459207809926903021e+00
2.002541047186611411e+00
2.175928924473234716e+00
2.144069903920634346e+00
2.397561494736331067e+00
2.137988570624841600e+00
2.201318942515266830e+00
2.270182628062517693e+00
2.532277266309000741e+00
2.102855109541483358e+00
2.239082662618345321e+00
2.341916929836942440e+00
2.137585906558153059e+00
2.257184707715482741e+00
2.192303032673387442e+00
2.137028509307199897e+00
2.310534160477150767e+00
2.349008740449465282e+00
2.344777501956948118e+00
2.364914369669425920e+00
2.026206710380432874e+00
2.013398960406663107e+00
2.040055707287803610e+00
2.051920691918595718e+00
2.354146903500982546e+00
2.317825323659596926e+00
2.355251685306742448e+00
2.081956630396000207e+00
2.094546980889375298e+00
2.369936164815124702e+00
2.434635186430160303e+00
2.246992105687670715e+00
2.103881893286203120e+00
2.138992611583979908e+00
2.260643977171561847e+00
2.089645098679759894e+00
2.092822362277547477e+00
1.991590403458931124e+00
2.138349060412842562e+00
2.001566531988282716e+00
2.187329602446396404e+00
1.967828784373286011e+00
2.065136610408028428e+00
2.144419243089508154e+00
1.975029596214603611e+00
2.430202934650715907e+00
1.905401614702100677e+00
2.006176871202420831e+00
2.009974219497276948e+00
2.146865145998580360e+00
2.137758853239032586e+00
1.944410609556851854e+00
2.264685673260149024e+00
1.918010314831488650e+00
2.172721447673383377e+00
2.065469951527150183e+00
2.064255101547375126e+00
2.091285632628182345e+00
2.087556208556395454e+00
2.214898367993514139e+00
1.821185380643546958e+00
2.219201387064865916e+00
2.108458597270225443e+00
2.296949731298556951e+00
1.939176154574879130e+00
1.961722125582964660e+00
2.088205684405768370e+00
1.962282744924945144e+00
1.984919697029898344e+00
2.044306500921983183e+00
2.283287364711629852e+00
2.216716575067790185e+00
2.205643213035353156e+00
2.332718511842645448e+00
2.046009486442990521e+00
2.195924363433054083e+00
2.095847091012661423e+00
2.137160928954239036e+00
2.130590094720655525e+00
2.120159791687751483e+00
2.090159063273918871e+00
2.103789919583697099e+00
2.161531508611667540e+00
2.051669512545083229e+00
2.312375506567923455e+00
2.195742835278101435e+00
2.079580507340746287e+00
2.102738401766669707e+00
2.014341604366409744e+00
2.067383926530720117e+00
2.270229813663438900e+00
2.341984155759909481e+00
2.221165816186236430e+00
2.179774552035201651e+00
2.256765821149937512e+00
2.235654726247589430e+00
2.337908918686530946e+00
2.442691982335259304e+00
2.274552336320704082e+00
2.213169440349180839e+00
2.079939951486290628e+00
2.100375730892237058e+00
2.143719052818677362e+00
2.212988810066569556e+00
2.156957398425336070e+00
2.109325630235021620e+00
2.197855424306346173e+00
2.218959621566238827e+00
2.268565919668536601e+00
2.220077387401940605e+00
2.297677042736292030e+00
2.361372555732505152e+00
2.084369406634301036e+00
2.253919369041969656e+00
2.356720414508537864e+00
2.386423494401258782e+00
2.439937314097487597e+00
2.399804893621086066e+00
2.015422998503798357e+00
2.612297860858682874e+00
2.255380191850371308e+00
2.273546964500765988e+00
2.329708277528228955e+00
2.070152775329521244e+00
2.075675595425509279e+00
2.006326013163359345e+00
2.427944566452933550e+00
2.027658366846478266e+00
2.070428151418863827e+00
2.470448291565442656e+00
2.338983876789956451e+00
2.276861303740381093e+00
1.994466474313037363e+00
2.073845555256833340e+00
2.019407874013404047e+00
2.173168161399003484e+00
2.043014387616794991e+00
2.108304759061232492e+00
2.177685063747955674e+00
2.143859177404634497e+00
2.094623191199619594e+00
2.027238986327076109e+00
1.984373696563254352e+00
2.136589285632298996e+00
1.967668381589311899e+00
2.045934814067897012e+00
1.962286485404632241e+00
2.204244973938467300e+00
1.926711249073152388e+00
2.183804437811650789e+00
2.162682402619929167e+00
2.201787465366237484e+00
2.185148163051741754e+00
2.085364646152101820e+00
2.209278366996971332e+00
2.007528301919391467e+00
2.136022425674487302e+00
2.209623787407817286e+00
2.001743364796429780e+00
2.229572556275697170e+00
1.987742382793056928e+00
1.909513500730768198e+00
2.065987836248735388e+00
2.304563906605782364e+00
2.257359357727180438e+00
1.949176185195945932e+00
2.143301909831682561e+00
2.308312098173862292e+00
2.011654141424673803e+00
2.322700601771617634e+00
2.147478744835064290e+00
2.370816211726983092e+00
2.190674452849212805e+00
2.437110202119989744e+00
2.200989467283657408e+00
2.255050255797846237e+00
2.310693315370142553e+00
2.402255361461265615e+00
2.234607689615371928e+00
2.279755383992344342e+00
1.918444099846824180e+00
2.632467107390249694e+00
2.645295796409874889e+00
2.337718680128272108e+00
2.204896595500784873e+00
2.315817260650907539e+00
2.337178268383973023e+00
2.014776176680053155e+00
2.127295575681393380e+00
2.324804031775884461e+00
2.073617478850291906e+00
2.249391229573211248e+00
2.258093788237029997e+00
2.253400134083435979e+00
2.270899549896583824e+00
2.157485806586201704e+00
2.196254594398169946e+00
2.001941076482699255e+00
2.123975714416263205e+00
2.127551292060664512e+00
2.032108607262825828e+00
2.076539024706778758e+00
2.073736368800861207e+00
1.985058045289493700e+00
2.103876319164581954e+00
2.093058088591112753e+00
1.865139799033029400e+00
2.028134356535922667e+00
2.054591440619846221e+00
2.001720295782271730e+00
2.150917884417649528e+00
2.056299710146755721e+00
2.205184133169944438e+00
2.252218839158255381e+00
2.080463312485508975e+00
2.426921409450229827e+00
2.202750562656513367e+00
2.159162493391174387e+00
2.234152566108637217e+00
2.162436494909538709e+00
2.293440682924325902e+00
2.249756700300931556e+00
2.248361467276352776e+00
2.461751345995738749e+00
2.324571748276020422e+00
2.470882702874123815e+00
2.596458533950675385e+00
2.061223170076594613e+00
2.092843602343599674e+00
2.157378991422060022e+00
2.024884021449468108e+00
1.865743806030616847e+00
1.976313931067787522e+00
2.047417604089970311e+00
1.768049058769030069e+00
