2.031879179149338022e+00
2.016128171258299240e+00
2.144744757547713210e+00
2.096577960838943877e+00
1.992624688649374143e+00
2.047151192550041632e+00
2.280738091681815405e+00
2.176595768179225399e+00
1.985032963108472215e+00
1.876084643660378193e+00
1.905067879313224966e+00
1.864532161849559166e+00
2.016194804855582667e+00
1.914089661935622244e+00
1.958361687517787608e+00
2.056325526677665660e+00
2.151529578191591519e+00
1.823212195059459306e+00
2.283228949236417726e+00
1.843963254391153717e+00
1.972146655944613913e+00
2.023573575013194681e+00
2.425182994760455291e+00
2.280269939631637932e+00
2.092895875452865262e+00
2.213617202988734434e+00
2.025757624965295101e+00
1.913198520610466469e+00
2.387181945980584086e+00
2.059078373283572905e+00
2.167363334689259791e+00
2.269906775225496887e+00
2.010536481558908850e+00
1.980639475078920908e+00
2.285844678567721111e+00
2.409102605501648675e+00
2.319736965093309067e+00
2.352521973879257100e+00
2.466472332023172509e+00
1.872683325061435422e+00
1.878654872141300336e+00
2.204589940490990330e+00
2.121739517262664965e+00
2.480462178054649858e+00
1.938923914725832143e+00
2.340401799821857587e+00
2.139286414289497618e+00
2.315979097321277269e+00
2.230081634154644554e+00
2.210472388635322805e+00
2.318363484583491729e+00
2.426777273893887532e+00
2.266161509577536481e+00
2.230072120291836324e+00
2.192902301455651237e+00
2.159364644789016019e+00
2.315062804203995128e+00
2.017631858263775779e+00
2.108568411880281879e+00
1.997498501814670258e+00
2.352621918438792203e+00
1.892519192859171806e+00
2.162757287962191910e+00
2.107352068458198779e+00
2.300315153125826573e+00
2.472288411531913255e+00
2.138203551707884564e+00
2.040698104007666380e+00
2.162996771426120457e+00
2.344331545681990203e+00
2.203770243032919129e+00
2.504448351567877928e+00
2.475216359174822411e+00
2.204931502737960791e+00
2.408395281341809469e+00
2.449328362450945651e+00
2.293101237707840134e+00
2.282090413348836222e+00
2.518704222824546868e+00
2.311321672606220012e+00
2.386327036636247900e+00
2.451473870527332455e+00
2.139919369405144600e+00
2.231576965877218210e+00
2.215878749355541633e+00
2.237828747059658063e+00
2.127121493301849409e+00
2.228448634279095231e+00
2.451921468151294192e+00
2.374920685405099263e+00
2.442143311043031506e+00
2.462576998503717807e+00
2.274057766097874467e+00
2.095130584751848879e+00
2.141001028326483979e+00
2.547905911529779299e+00
2.397033365966996232e+00
2.611603559680337749e+00
2.140161308707932974e+00
2.183705930013752017e+00
2.416973956198658069e+00
2.494203595700787091e+00
2.608253041565050889e+00
2.667668353203976661e+00
2.548832627605030154e+00
2.494519454933433522e+00
2.651976767353759534e+00
2.477471833546621927e+00
2.491128053031923972e+00
2.516186906382486654e+00
2.487600611915769200e+00
2.377390319092400617e+00
2.322925164361562711e+00
2.385436076222259061e+00
2.253605092120804176e+00
2.416474227991615820e+00
2.316781391768577336e+00
1.909610596080725031e+00
2.589356357613404658e+00
2.127961197418799966e+00
2.633182233807086714e+00
2.446849455662827300e+00
2.216841562156089296e+00
2.388561982062054057e+00
2.459672854907020589e+00
2.391366050996677650e+00
2.599945819319104956e+00
2.273125109113141917e+00
2.582104487490634259e+00
2.458240099615522034e+00
2.378615218055289304e+00
2.330326858792262534e+00
2.588854406308882083e+00
2.499429657308258612e+00
2.288189696699706843e+00
2.596176317153505941e+00
2.566845109846856765e+00
2.526364457688706100e+00
2.211440300671296821e+00
2.235438396678258943e+00
2.237155599817733709e+00
2.083593619087955151e+00
2.175286660985263687e+00
2.358805259647519303e+00
1.946385079714028077e+00
1.977779178267798255e+00
1.673914688054684907e+00
1.880339050186003114e+00
2.010033193680675012e+00
2.092906690221227883e+00
2.063376512737047364e+00
1.630036170043656751e+00
1.843049861451985239e+00
2.007099867272095217e+00
2.369000366153446446e+00
2.506085789770889249e+00
2.512574451304200096e+00
2.368834603460391097e+00
2.481821626526223845e+00
2.277424675553585409e+00
2.199576301659089239e+00
2.192881751022470294e+00
2.424575356096060119e+00
2.662309756820897100e+00
2.631957936510028073e+00
2.044473784798940041e+00
2.346902720030358047e+00
2.321690412300043693e+00
2.449614512226645946e+00
2.323374267282252159e+00
2.644786044325066143e+00
2.324986167123561209e+00
2.541169148671981848e+00
2.572784719592202229e+00
2.335214705496237109e+00
2.225377997860646495e+00
2.612578160617073930e+00
2.597397753895111183e+00
2.643731652983142055e+00
2.622627635387520417e+00
2.695126093263669809e+00
2.636111000841425689e+00
2.547593307063229950e+00
2.636712475307106285e+00
2.615959866971227843e+00
2.129600751808817805e+00
2.275481213722379437e+00
2.325245539126375771e+00
1.937267929146601730e+00
2.137632787989147243e+00
1.869612491446743796e+00
2.449506620871916951e+00
2.139283050566338940e+00
1.968084233866368660e+00
2.450885265524081369e+00
1.995279562335584123e+00
2.184716655385007478e+00
2.170947958767710517e+00
2.341028570277430720e+00
2.364800834526919360e+00
2.225360638734185326e+00
2.497539018300177105e+00
2.368522409198304146e+00
2.280150330516189427e+00
2.579651073250948112e+00
2.464237598085465386e+00
2.240026949323824290e+00
1.912752008423200589e+00
2.155260173726309514e+00
2.089097357788041176e+00
2.289983099660681809e+00
2.373914528329047702e+00
2.175901542986073078e+00
2.347451927655252568e+00
2.214687466117938097e+00
2.222924911123418834e+00
2.538043882367914339e+00
2.368073294925100658e+00
2.368505209648263055e+00
2.527458626785689777e+00
2.525140517036227994e+00
2.399689488394523007e+00
2.569478504227031834e+00
2.401431524542013918e+00
2.324709393579406758e+00
2.420322523900352518e+00
2.527141321236140215e+00
2.358104941196724536e+00
2.308135295127838660e+00
2.481978471176853773e+00
2.674261343738880914e+00
2.573219663095948295e+00
2.683580951061655284e+00
2.609884394818398956e+00
2.680014778441103473e+00
2.668137339242615536e+00
2.460876295882634679e+00
2.583863423747340793e+00
2.438940827727001714e+00
2.455135144835145944e+00
2.691429176699071668e+00
2.446204096731368960e+00
2.499472942084951743e+00
2.483675230496552810e+00
2.456505953608571602e+00
2.345737920143544653e+00
2.569537454672194521e+00
2.593827730409500099e+00
1.682693403586548619e+00
1.940570306427367164e+00
1.958969227646697453e+00
2.172779140788278163e+00
2.158189211878371871e+00
2.122306452329921100e+00
2.143054582090517801e+00
2.120422436488436535e+00
1.980058077729912158e+00
2.024490642319648703e+00
2.136714191624291992e+00
1.903150521338389911e+00
1.889843600993951878e+00
2.054486871547653859e+00
2.223375267711047432e+00
2.010136473487346365e+00
1.699305989778067350e+00
2.335312975549244552e+00
1.795704773213780525e+00
2.101302630566502128e+00
2.055110845650268470e+00
2.436234588725200378e+00
2.051694125006974012e+00
2.011201798366601512e+00
2.222234963659577733e+00
2.394977567381020744e+00
1.979349896050690560e+00
2.093145872472040203e+00
2.321499854161090504e+00
2.108059648393646235e+00
2.115510530410894763e+00
2.130457604511463376e+00
2.089619131347921321e+00
2.330229235073055349e+00
2.265442433290860702e+00
2.251794450215093946e+00
2.441950930634109618e+00
1.826291355294830776e+00
1.802107754448707411e+00
1.807871698485010059e+00
1.734721097831707359e+00
1.780453220222837363e+00
2.323139568208078209e+00
2.091308738137406031e+00
1.832431134231647274e+00
2.284247200066270356e+00
2.357899558065492229e+00
2.657989092003033349e+00
2.317027309984703631e+00
2.242999181699158573e+00
2.222603573817123035e+00
2.188172632886241420e+00
2.180497099661828475e+00
2.104013836659412995e+00
1.973467919275227356e+00
2.300032876780790936e+00
1.975662934973691831e+00
2.313794470472402942e+00
1.876837555396465795e+00
2.132663209431524542e+00
2.398972685550899708e+00
1.937393392110734691e+00
2.429762165115610717e+00
1.975894300687647265e+00
2.360852525593608586e+00
1.971851834079842991e+00
2.337686926892788453e+00
2.228927012678703967e+00
1.974336512454986758e+00
2.491693234670466328e+00
2.194168060444848134e+00
2.356276501007148028e+00
2.173270476701500531e+00
2.546200243476467229e+00
2.289054174503549977e+00
2.242974825935105443e+00
2.485492355139248932e+00
2.049145157982589005e+00
2.302983123333278925e+00
2.312928031211514579e+00
2.506605019986769989e+00
2.184183630646594043e+00
2.093130749650318201e+00
2.222033521998364680e+00
2.194287060125850619e+00
2.098570779451916390e+00
2.189949491748990784e+00
2.247169763378315643e+00
2.293409372568996130e+00
2.218841595157657665e+00
2.349469391699419596e+00
2.128702033198421439e+00
2.380520122934286054e+00
2.585775492914029083e+00
2.189731125695746794e+00
2.153732166744100507e+00
2.105298014694716002e+00
2.424442496657934765e+00
2.334674241510049431e+00
2.561020145584634644e+00
2.427795726684434552e+00
2.561962564139746323e+00
1.940804262369587807e+00
2.413090559266926949e+00
2.427550282970820650e+00
2.526942965565118104e+00
2.513765846681564664e+00
2.551700786219580852e+00
2.590915259382239544e+00
2.580482732144079971e+00
2.507374146266278192e+00
2.655462245897057816e+00
2.582630762907974553e+00
2.523675010997933121e+00
2.506144998414654879e+00
2.317524864309382426e+00
2.348917927032815989e+00
2.290293020395686163e+00
2.217500291701898441e+00
2.285798746550318672e+00
2.241468311782450318e+00
2.480942414442154575e+00
2.219136917067301429e+00
2.260683282822526508e+00
2.393914915374657948e+00
2.407823948162973071e+00
2.261518840799589647e+00
2.496804705027814375e+00
2.504488935618338186e+00
2.346913847420793342e+00
2.330904249297246267e+00
2.557925909669555686e+00
2.414204466468083066e+00
2.515059551680843608e+00
2.390104797019177774e+00
2.322042559991247312e+00
2.632601334588482889e+00
2.572512908898412221e+00
2.358826741754628475e+00
2.533997749483808626e+00
2.226774208179383319e+00
2.362120822407813847e+00
2.259346568867407257e+00
2.576989928904183547e+00
2.516430494803092444e+00
2.252939120842282428e+00
2.596476407739632286e+00
2.502332384765414641e+00
2.596563159438086021e+00
2.051869645670805653e+00
2.111218966812195230e+00
2.099843910964291016e+00
2.273355174929375000e+00
2.059068960214830657e+00
2.154684952707510703e+00
2.383506067578722298e+00
1.986812697879571266e+00
2.025535715103118584e+00
1.857693685637237468e+00
1.920062342530863830e+00
1.973837483472007603e+00
1.987725830842404839e+00
2.059144204893869734e+00
1.988411759529570721e+00
2.024424160671477679e+00
1.866242149305071374e+00
2.482623717856579315e+00
2.630184988293979398e+00
2.658960409902725974e+00
2.463943296934449467e+00
2.445091506967177253e+00
2.508288829179765589e+00
2.177548304789115097e+00
2.373789063288799461e+00
2.290852345605600693e+00
2.219798251495905816e+00
2.453328114810275018e+00
2.355032662500742280e+00
2.272171132678796557e+00
2.400475594136191049e+00
2.505853926515801078e+00
2.556627000229878099e+00
2.477764662056219258e+00
2.359246011993302528e+00
2.666333329061020496e+00
2.328146163841438021e+00
2.696381486464320520e+00
2.376263371850146910e+00
2.540143127518139199e+00
2.435400744015600694e+00
2.596656884373511609e+00
2.472024199298318514e+00
2.579690571354090967e+00
2.648995012608850619e+00
2.656299632331164506e+00
2.396844581449604661e+00
2.557215978514552734e+00
2.529361607940195267e+00
2.702586557948441826e+00
2.629724213999477644e+00
2.477781816935216597e+00
2.557779662396638898e+00
2.609302112766233250e+00
2.674762360673770267e+00
2.218084738647637000e+00
2.198016369024755612e+00
2.377437395350195271e+00
2.293650580471054301e+00
2.417882321803609180e+00
2.525819498453988565e+00
2.666830369234467923e+00
2.675636029269945038e+00
1.965234027056466326e+00
2.074415334856152704e+00
1.865241471402286244e+00
2.049655625612976984e+00
2.297331874548647068e+00
1.876567472633220213e+00
2.229404617386603782e+00
2.018108651992796432e+00
2.191543929204789354e+00
2.167206575871766905e+00
2.210499528350376330e+00
2.113081620124903193e+00
2.275891380811151610e+00
2.308769571399498677e+00
2.168378896734018735e+00
2.309811340785632439e+00
2.342868624094305741e+00
2.467234994015719884e+00
2.547365144384642566e+00
2.424006196537953794e+00
2.570364025043426981e+00
2.455100004597546182e+00
2.516345177332926841e+00
2.495042784817068426e+00
2.374985517389376355e+00
2.623925569402696834e+00
2.641729111138465758e+00
2.586432588182067782e+00
2.712856697435690023e+00
2.559755847310045684e+00
2.468837858300868326e+00
2.586705676621255723e+00
2.515801344949978535e+00
2.362655302765374277e+00
2.416643072624011346e+00
2.221572963541248225e+00
2.238829831195644271e+00
2.354512005015685805e+00
2.452027485416358399e+00
2.394276905954879631e+00
