2.006814831082992079e+00
1.771115502655153495e+00
1.753500206989992538e+00
1.623806920421134281e+00
1.643681287680428982e+00
1.870666874368273946e+00
1.678091408369373205e+00
1.821616839879779404e+00
1.638564891262068501e+00
1.767780141470532973e+00
1.763110200854342891e+00
1.846851846192314683e+00
1.745491091108652970e+00
1.826902182958711096e+00
1.531260906676473743e+00
1.579857108067648674e+00
1.763761630724721918e+00
1.616647462754187803e+00
1.505491099312197489e+00
1.770893804720939935e+00
1.772554346293654604e+00
1.714191434367921207e+00
1.715764225692374190e+00
1.656567280462175829e+00
1.796476667093370727e+00
1.733414046919445228e+00
1.679418457675811993e+00
1.778953522670134291e+00
1.664052006171520715e+00
1.645320992050975262e+00
1.848634229696120457e+00
1.832132887654448705e+00
1.758536775750316528e+00
1.701365452831669289e+00
1.689647435079251192e+00
1.682549905826202785e+00
1.829058816359843576e+00
1.775005863632246994e+00
1.718374313162755351e+00
1.818393282195196026e+00
1.725840066882528445e+00
1.786765330599982660e+00
1.841388987260951016e+00
1.778806672673249434e+00
1.631676695447483949e+00
1.807864246453580348e+00
1.837711896817384671e+00
1.640992641593821855e+00
1.627870303759965775e+00
1.706734684538367741e+00
1.786123873452673649e+00
1.927877130491134183e+00
1.688663471462237498e+00
1.936724945721105540e+00
1.526252070052234622e+00
1.615639329221312481e+00
1.596302776192720874e+00
1.766566955647434156e+00
1.713273970584945793e+00
1.567857772055723187e+00
1.852512730325760693e+00
1.720438985650244001e+00
1.643099073940587518e+00
1.795829149408156855e+00
1.572171038971203139e+00
1.689959381283244078e+00
1.783173056417625579e+00
1.796731881132877628e+00
1.784638159008286040e+00
1.797968352208166420e+00
1.817118701224256228e+00
1.977061902245333291e+00
1.903016358489675985e+00
1.723809363527689653e+00
1.733106770799363039e+00
1.620233870657702191e+00
1.641121704647799495e+00
1.722131939755635166e+00
1.818817338593882837e+00
1.861051129450361996e+00
1.796864839225443156e+00
1.859105436956091539e+00
1.703104399368680077e+00
1.786471614897227722e+00
1.627852894342386891e+00
1.809942017683971116e+00
1.715317326036895684e+00
1.862346370527720785e+00
1.951334934550684741e+00
1.900757830218289479e+00
1.961676971026887539e+00
1.973607247255735775e+00
1.787301727063693280e+00
1.765247429326424422e+00
2.050096805950020862e+00
2.004941523892216804e+00
1.681585032046365003e+00
1.516627642858947800e+00
1.535632419930130999e+00
1.759983037960153540e+00
1.559899978385381303e+00
1.790929517835393225e+00
1.765970953263646281e+00
1.580111267804070518e+00
1.725258875415946136e+00
1.618369137957845538e+00
1.718505616524762747e+00
1.671277657266217576e+00
1.548721954521690813e+00
1.729609499808428819e+00
1.813146176026500855e+00
1.711015784995166822e+00
1.611643309134712876e+00
1.829499658079391633e+00
1.914384580746434805e+00
1.575971041919965732e+00
1.333929932241712635e+00
1.582489079406626420e+00
1.478014776126231222e+00
1.563912344427378809e+00
1.529717370731178194e+00
1.626609900680377585e+00
1.653562641802696298e+00
1.537428185192367014e+00
1.676795955714900366e+00
1.605788868472340480e+00
1.557778529635441611e+00
1.781805925529191148e+00
1.683507926334587124e+00
1.576573922086765167e+00
1.737527667117115149e+00
1.638072568360667614e+00
1.583917056249383615e+00
1.587632288938743974e+00
1.672027173626337015e+00
1.624529542973888629e+00
1.574413051353091175e+00
1.582347538753358540e+00
1.600229066652664844e+00
1.734715287657037308e+00
1.653399426573229913e+00
1.826338331432138640e+00
1.741788192838571891e+00
1.820674173803789264e+00
1.683221188668802881e+00
1.779423864297420721e+00
1.697124877714965452e+00
1.481632276101143342e+00
1.503005882050394426e+00
1.600457384681104100e+00
1.693557456272339445e+00
1.087016995317590329e+00
7.527209231880537255e-01
1.388891622477239407e+00
1.529131777657836588e+00
1.766833974896323101e+00
1.667927806438588956e+00
1.979286043660919203e+00
1.627338752373612030e+00
1.556382348624546719e+00
1.645585735137364614e+00
nan
1.188894905068850427e+00
nan
1.549162697974921343e+00
1.523060724304309277e+00
1.697162245427214611e+00
1.497138524750526445e+00
1.331574674768684297e+00
1.436407510333360893e+00
1.732403970150915962e+00
1.741131977029440447e+00
1.699557614064770350e+00
1.828852348633254410e+00
1.685637706798274182e+00
1.732992049113862842e+00
1.632559145135329848e+00
1.740686499832758916e+00
1.951350938021141346e+00
1.704466109506832527e+00
2.000613145901108947e+00
1.708378699719915739e+00
1.542525347023613325e+00
1.550049834528759218e+00
1.377376237811202886e+00
1.126193599795932032e+00
7.253001671645714632e-01
1.178469772460085663e+00
1.376204259393974061e+00
1.499527347631325780e+00
1.651745160987925454e+00
1.661426473468741838e+00
1.777109286061739235e+00
1.860063950884717210e+00
1.847104231047573819e+00
1.690475619976285593e+00
1.725911576400164238e+00
2.001330414756585796e+00
1.698443875125396518e+00
1.541614888134127614e+00
