1.940995404721717277e+00
1.902781920362991874e+00
2.118838879257287200e+00
1.959932305305787104e+00
2.074876316397030074e+00
1.902521908367733605e+00
1.667478494755644691e+00
2.172095318397261998e+00
1.882711575530206627e+00
1.570600474500879251e+00
1.727615964851401564e+00
1.793569330309874310e+00
1.954517077026359129e+00
2.063022510658290010e+00
1.796736604590557951e+00
1.822274795595948182e+00
1.602887973388572140e+00
1.527389525022176731e+00
2.095532596710011131e+00
1.755627129982649803e+00
1.956666864916938309e+00
2.033392784808428999e+00
1.704650110303885358e+00
1.608144928370376148e+00
1.917764786357968765e+00
2.136589325802510153e+00
1.905929080298552902e+00
2.183024046350962699e+00
2.170104763631601319e+00
2.007341152249710436e+00
2.073982088880758745e+00
1.880866612771247892e+00
2.065670146782959904e+00
1.933335305375758706e+00
2.044310027056319701e+00
2.095469288596229163e+00
2.075267574198750964e+00
2.010040386403319612e+00
2.028905894821253053e+00
1.735121810120155095e+00
1.717713705496910048e+00
1.628184776306770942e+00
1.823622551067029418e+00
1.681144958406766143e+00
1.704768570942470696e+00
1.846161519782934191e+00
1.995130847646344074e+00
1.798977327387314418e+00
1.915785839794929446e+00
1.811494705259725224e+00
1.744987930870487869e+00
1.880604707376431817e+00
1.794100571470448324e+00
1.812767575190288527e+00
1.843004044419985332e+00
1.894178571668927225e+00
1.831028916786996419e+00
1.784948006679470067e+00
1.868706981172330028e+00
1.829767344431550979e+00
1.878859751668881861e+00
1.783041174096134052e+00
1.861693205047894262e+00
1.820821641559013715e+00
1.810706413970487594e+00
1.814688215658575077e+00
1.891699399089815881e+00
1.830845307274388878e+00
1.586485355231708860e+00
1.880686631631266925e+00
1.641680337574648707e+00
1.829744852373927033e+00
1.909279548927351078e+00
1.774376852385425529e+00
1.889637513356206000e+00
1.956499313461741441e+00
1.587774301378948705e+00
1.846221673465522128e+00
1.810674258319306729e+00
1.805045975180774365e+00
1.948325288405847511e+00
1.775447760055776980e+00
1.641589010237889390e+00
1.819683417870678221e+00
1.802006669773252190e+00
1.666205700392503486e+00
2.001864206824543135e+00
2.187303576324589383e+00
2.134727790151207838e+00
2.198666485004293403e+00
2.077084096536366165e+00
1.905332227186326222e+00
1.771043174666602882e+00
1.907117295324729955e+00
1.736654333564761732e+00
1.903545906180982739e+00
1.853099022171111443e+00
1.787824318616735741e+00
1.642951201017929463e+00
1.834670352179461394e+00
1.783040022383845180e+00
1.850949064770999408e+00
1.825221390287965262e+00
1.719334913245888163e+00
1.853914230441211064e+00
1.919555169413299067e+00
1.843831662203403887e+00
1.934277212093150178e+00
1.875364645387286977e+00
1.938496569170226946e+00
1.951767783814413626e+00
1.990448467626878326e+00
1.800995560668052775e+00
1.814141099950547176e+00
1.866892744655907377e+00
1.778782684265015623e+00
2.076303599865924276e+00
1.967019918242044696e+00
2.142609643815180931e+00
1.864015716809596324e+00
1.981808394227486669e+00
1.900630580894515420e+00
1.895087170329490034e+00
1.842607156758471865e+00
1.809753246291014861e+00
1.827650351565284659e+00
2.013494974544454141e+00
1.907008538942516873e+00
1.926537981906081276e+00
1.860044758630770234e+00
1.561841006337943094e+00
1.713851293828676070e+00
1.856168331837066976e+00
1.685543699919304084e+00
1.625052518117867884e+00
1.826001849636391228e+00
1.647094824000230995e+00
1.992494912981590094e+00
1.741358038281553888e+00
1.830860183424571463e+00
1.874193197113542375e+00
1.810284933564370258e+00
1.711488978365889535e+00
1.889435033436269951e+00
1.913476222689171058e+00
1.902949031702811489e+00
1.693736912377520110e+00
1.927307314364683721e+00
1.969363251284294902e+00
1.965562790913727653e+00
1.931023457215129913e+00
1.414019252937933180e+00
1.888329902291546514e+00
2.012234117215918161e+00
1.948850282238490328e+00
1.939673695834803979e+00
1.884629062518240028e+00
1.755331058443906800e+00
1.960588903319802734e+00
1.756901573070594358e+00
1.777433259760598405e+00
1.875030360391223505e+00
2.028128421641022694e+00
1.882831658334728431e+00
1.836408252584491585e+00
1.773738279933006590e+00
1.901197797626183350e+00
1.925693545325147582e+00
1.844802379059423458e+00
1.872030408070398888e+00
1.898746102921023304e+00
1.885022187328290189e+00
1.885850992683890226e+00
1.889101624874391261e+00
1.901084391402573681e+00
1.910918037816259130e+00
1.826133487143539735e+00
1.771368121018902286e+00
1.724927425748188803e+00
2.066725799506542227e+00
1.655350016942387814e+00
1.846465101250224450e+00
1.944564529398260522e+00
1.924978353605640402e+00
1.866957868142577359e+00
1.930108905986499979e+00
1.989789929692460158e+00
2.033826074645947113e+00
1.902699321220747475e+00
2.002632816924629022e+00
1.816522095711119222e+00
2.030500732616242754e+00
2.083381365076373282e+00
1.964198680717995193e+00
2.055874372566700359e+00
1.979854964081554591e+00
2.109704358324164808e+00
2.058024978513407266e+00
2.106423920107260983e+00
1.934028661371211211e+00
2.071194599799847325e+00
2.078798508621027441e+00
1.976469735866917654e+00
1.917830788592700397e+00
1.983811112632275941e+00
1.896867636853850181e+00
1.949172059929862311e+00
1.729502324137323299e+00
1.817574728939473694e+00
1.827965709269509409e+00
1.815071998061055236e+00
1.745983076175413373e+00
1.953533307947676656e+00
1.810981593527642763e+00
1.854476014446031273e+00
1.966653015389950410e+00
1.830655969818520967e+00
1.792231561987851940e+00
1.985611805218423065e+00
1.968294694992514193e+00
1.858899922597273990e+00
1.798824382855616966e+00
1.933493091830441823e+00
1.973544798146459334e+00
1.894050313286297582e+00
2.042117036046593448e+00
1.942556199166317166e+00
1.897297312387379309e+00
1.826133369583479160e+00
1.888473363560822182e+00
1.942512448229827937e+00
1.929050649791889338e+00
1.823322665608896997e+00
1.852180391283264838e+00
1.939161148930232947e+00
1.970585413205828251e+00
1.663082641357950253e+00
1.685243004874153794e+00
1.703783191061373881e+00
1.782082846531706455e+00
1.779968483476668473e+00
1.697077657290765318e+00
1.601852130585006639e+00
1.775039055317260583e+00
1.616357573002231929e+00
1.799288307844880919e+00
1.627060446273140615e+00
1.594354809677121176e+00
1.396678111075981166e+00
1.494576245835417483e+00
1.887915426878834735e+00
2.022003405364663831e+00
1.896207894015133677e+00
2.108880133673898705e+00
1.772885094201971379e+00
1.920307854577152362e+00
1.934543401008723462e+00
1.705860353531276630e+00
2.093910767873752743e+00
1.654156661743025225e+00
1.695329966630223284e+00
1.805610705138158023e+00
2.181888053215490508e+00
1.979410172278407654e+00
1.489962319635522947e+00
1.785268429848257288e+00
1.537530806781150394e+00
2.092841557419474086e+00
1.951419984600637925e+00
1.843989384339274951e+00
2.006816339016038953e+00
1.970339936998893426e+00
2.173745627421871163e+00
1.758476048315844809e+00
1.888655589301554416e+00
2.084782097136617995e+00
2.147333791559618454e+00
2.033723206440984921e+00
2.091153530678341088e+00
2.067793361223997817e+00
2.231049737461624272e+00
2.098336623090151676e+00
2.133554002537860761e+00
2.025620063066428944e+00
2.120397805235865185e+00
1.847262823862787284e+00
1.836710695876609289e+00
1.898003824212716850e+00
1.804388734620070878e+00
1.740846704718518767e+00
1.725374270268156707e+00
1.784170690765697120e+00
1.898679409234713233e+00
1.963848503779414889e+00
1.860950757024529389e+00
1.895540938949987986e+00
1.809087088521738940e+00
1.811244931300331817e+00
1.825913248162036817e+00
1.860965204331117562e+00
1.863866779782421323e+00
1.858279095892964472e+00
1.782153339292742666e+00
1.827119594437870864e+00
1.798370602752450642e+00
1.656330890738844097e+00
1.756954919638066492e+00
1.815894591736880725e+00
1.904705688943326924e+00
1.784070271923145157e+00
1.808888013796708272e+00
1.819292229979849518e+00
1.710743899054972594e+00
1.780484327383929477e+00
1.883061112817025151e+00
1.880624099363891411e+00
1.782001175329057885e+00
1.888422566493917598e+00
1.628125076664559856e+00
1.883895230293929357e+00
1.620183512457650910e+00
1.797821920649038452e+00
1.779650428078716207e+00
1.778004748476005314e+00
1.841822373078478403e+00
1.532656728433310578e+00
1.832228156907811378e+00
1.895692519928150688e+00
1.881948239849137616e+00
1.818946950198126800e+00
1.487574173307735226e+00
1.648515621707606460e+00
1.773693387081580752e+00
1.681317974657952075e+00
1.968678184669464759e+00
2.153559786563491674e+00
2.136735997440384338e+00
2.105791269574813551e+00
2.110928914913624777e+00
1.872870169858262379e+00
2.118663523223284884e+00
2.089505965900626538e+00
1.876987192922837666e+00
1.819658414446233996e+00
1.777296540034434491e+00
1.891942004686448353e+00
1.978910654855992046e+00
2.167906169582279663e+00
1.978168200088573414e+00
1.832916839328336600e+00
1.851635519871391189e+00
1.794939226740852600e+00
1.860686921310577668e+00
1.653686710053905440e+00
1.981083576030403526e+00
1.952033181753252800e+00
1.950090405841904184e+00
1.934915643699671506e+00
1.906542781835905531e+00
1.810214033961248026e+00
1.864738411588141354e+00
1.838890048779581177e+00
1.844399142769486355e+00
1.891802555445553979e+00
1.851590163870136863e+00
1.989827846072610429e+00
1.940063017976014992e+00
1.833157915922190018e+00
1.872800052994823661e+00
1.930650411872935512e+00
1.963533020004230467e+00
1.938889953061912585e+00
1.902148812652671550e+00
1.894684880137963434e+00
2.033433682251352348e+00
1.512243304938369892e+00
2.189340920402512047e+00
1.581913967924036823e+00
1.521420107791692677e+00
1.677670513734949687e+00
1.759054560795834110e+00
1.834601971931062003e+00
1.818716335588559163e+00
1.782343421931082972e+00
1.940315605681062872e+00
1.701297295953814626e+00
1.615510897729575568e+00
1.736502059834129863e+00
1.669471278958991833e+00
1.708472603863473438e+00
1.542841773221601542e+00
1.636438565215945884e+00
1.587954930625789851e+00
1.573182418063877375e+00
1.771742025452982316e+00
1.884577652633566913e+00
1.840696712339791929e+00
1.674890492425160193e+00
1.787264906595815717e+00
1.830258968435907185e+00
1.835229005070967201e+00
1.486041817457167458e+00
1.674333700155819837e+00
1.729271841317840730e+00
1.842845804740255389e+00
1.685421122646767467e+00
1.682037911476025105e+00
1.825543873433874920e+00
1.832921101565543553e+00
1.866340004080017545e+00
1.936130009566090715e+00
1.822393697514490096e+00
1.728798431631296539e+00
1.794046571922924160e+00
2.032997876236210200e+00
1.913099669241712597e+00
1.957117911978440095e+00
1.874830209112557045e+00
1.804918468904358475e+00
2.008655379836081778e+00
1.960337658914198977e+00
2.091581941522341559e+00
1.832879486134080693e+00
1.707089657036433117e+00
1.797129022025636402e+00
1.850124082211891618e+00
1.795339021840640870e+00
1.808616430738788416e+00
1.858672670325469234e+00
1.840267222922401968e+00
1.800834454233627424e+00
1.785200075918708329e+00
1.812393987982654275e+00
1.768574945953897526e+00
1.811083297694876748e+00
1.794761738540259888e+00
1.819570378062852267e+00
1.829294555245068787e+00
1.845592570152742695e+00
1.791798056419975138e+00
1.845819367343409123e+00
1.886787319465065949e+00
1.817019427928873387e+00
1.814353531284321752e+00
1.754810175221398483e+00
1.807951638165659736e+00
1.577226052683490698e+00
1.985561898373930934e+00
1.561635601696003794e+00
1.780538921178232092e+00
1.689191962361104915e+00
1.703599952292538910e+00
1.964356826431078007e+00
2.121484426804617129e+00
2.071667728640826045e+00
1.994172935956223247e+00
2.065976341941385463e+00
2.097321285141176883e+00
2.096326184977716167e+00
1.980748494299740203e+00
1.863873407928918979e+00
1.915250753977367770e+00
1.804282458010273871e+00
1.984368953724745532e+00
2.028675710358661455e+00
1.920354375320776130e+00
2.088134925523368768e+00
1.966134137987094022e+00
1.942674581688001556e+00
1.994203952842043215e+00
1.936591142185355219e+00
1.800757622614431952e+00
1.842605390431000467e+00
1.808983336947775467e+00
1.653344103951248645e+00
1.717598065899535342e+00
1.615498496611730062e+00
1.852853608794432283e+00
1.703388864315288131e+00
1.668325604286275521e+00
1.866053914562049831e+00
1.894203077747348862e+00
1.714066251160389243e+00
1.874404714377459813e+00
1.860762727600368871e+00
1.918378924150681897e+00
1.797746924339517438e+00
1.797347515201966006e+00
1.823882381058807400e+00
1.639582988137933350e+00
1.928431309375485903e+00
1.721995562375084221e+00
1.584414215435224094e+00
1.445803097767540235e+00
1.594372940875334432e+00
1.657157581189466544e+00
1.598449564334896378e+00
1.503115616289427248e+00
1.453266038810040017e+00
1.554302593511810215e+00
