1.754431352028931190e+00
1.517658029524384666e+00
1.477399259675760135e+00
1.508110371060608301e+00
1.472514329050501392e+00
1.496584046202777518e+00
1.667996095528224698e+00
1.728221309144633455e+00
1.599647274826116572e+00
1.467448085918091172e+00
1.460921398608082233e+00
1.510222811875318927e+00
1.586705027388997991e+00
1.655964100157732766e+00
1.809256870193626465e+00
1.685108451032735211e+00
1.556419550091003412e+00
1.807609320094168970e+00
1.536694414555078270e+00
1.709882348859957935e+00
1.714923478896049014e+00
1.881679740072747853e+00
1.738059240474236322e+00
1.614018953607927465e+00
1.614562331931364891e+00
1.655973924865202562e+00
1.568633426485493532e+00
1.810421397242810260e+00
1.708254053029874653e+00
1.903310562795924810e+00
1.751095334746268328e+00
1.665489220591086506e+00
1.594296175227832846e+00
1.639593938584243071e+00
1.722800038729031646e+00
1.791124477558264427e+00
1.686126610371638135e+00
1.543808727233261902e+00
1.412167570638680703e+00
1.514139277361196578e+00
1.740135840096490139e+00
1.680305879626017962e+00
1.676534552380504195e+00
1.710581858058970228e+00
1.702868415110146749e+00
1.696802896825060358e+00
1.562189243992588183e+00
1.461357293194404772e+00
1.807156778347267290e+00
1.668940701841213015e+00
1.740975901281713201e+00
1.506941913037596281e+00
1.669021261019403291e+00
1.475333920824652534e+00
1.471221133504756251e+00
1.618401000170246684e+00
1.717009003278422430e+00
1.643102610774468841e+00
1.463454652494970309e+00
1.644284639127012504e+00
1.638469110957084585e+00
1.533825997480057657e+00
1.505502591419002556e+00
1.650831196715043747e+00
1.642038407009249745e+00
1.838901332064138305e+00
1.759847976614540954e+00
1.589016959527862705e+00
1.585794326460828074e+00
1.819510714474686708e+00
1.821776778407334207e+00
1.830821889750251952e+00
1.828670375519402924e+00
1.420406461264112297e+00
1.569348168313792868e+00
1.901372583123330129e+00
1.717404549416908566e+00
1.979492933368973029e+00
1.717337808286204304e+00
1.736652843470156027e+00
1.597266067381257981e+00
1.679334192560552941e+00
1.733772358623955068e+00
1.659036151980420870e+00
1.679009041813392056e+00
1.910938945611547535e+00
1.786314382768771081e+00
1.917112848149521209e+00
1.780622216091303223e+00
1.469980081166627706e+00
1.625813999982586466e+00
1.590281525781122252e+00
1.442057181169486002e+00
1.714672896548372627e+00
1.734620257883129346e+00
1.753720372909860936e+00
1.865228061163325624e+00
1.862670647849379524e+00
1.817462903115197870e+00
1.695978526102619899e+00
