1.591429044456600828e+00
1.465524135682326090e+00
1.435442785173516311e+00
1.490055012821186020e+00
1.441182780512127559e+00
1.558471620401729041e+00
1.703602799759343700e+00
1.669403889490345128e+00
1.596486909495890671e+00
1.482972454138957952e+00
1.558304777741115421e+00
1.553054164321040487e+00
1.607173761634527409e+00
1.592320854339323466e+00
1.639219723325288536e+00
1.619552692274455419e+00
1.580021711121889716e+00
1.731871992853486031e+00
1.528430797028028865e+00
1.627933808923782255e+00
1.621482560330020029e+00
1.694478397260659408e+00
1.652110673882954961e+00
1.651268315473118253e+00
1.597370004664211862e+00
1.603088071353668820e+00
1.517356535776493764e+00
1.726891517676902188e+00
1.552852738431375057e+00
1.796941523620738668e+00
1.607554053514800296e+00
1.571822594155644737e+00
1.547898602222669506e+00
1.611656076768436918e+00
1.559128930535639501e+00
1.573890433866808714e+00
1.682512286170086524e+00
1.449929576189635583e+00
1.482977940809431683e+00
1.574300202179969022e+00
1.736019695372529981e+00
1.545988918586237659e+00
1.568630970700795491e+00
1.643531594476165258e+00
1.640314943916756363e+00
1.640006848965616770e+00
1.581539028617923393e+00
1.532603946018936680e+00
1.739122581269633594e+00
1.546116139781505971e+00
1.779465937902382944e+00
1.522164483938784452e+00
1.681771589864715866e+00
1.486491490762830603e+00
1.432346470209692413e+00
1.600208271259909498e+00
1.640949280008660693e+00
1.612167430824956726e+00
1.515992810387185807e+00
1.590182960132466850e+00
1.564410720288050616e+00
1.423229985224547356e+00
1.386160368580069635e+00
1.498918440593867585e+00
1.536075899980684056e+00
1.601783714276709958e+00
1.684187486486699914e+00
1.469035985495833252e+00
1.588017591868063016e+00
1.737152040227318173e+00
1.648703218921186098e+00
1.644221603333747783e+00
1.588097854608371273e+00
1.502062367843135515e+00
1.556962096251552907e+00
1.767962902223449984e+00
1.592679280672800068e+00
1.825390210222422871e+00
1.692203654023369586e+00
1.788114780566226303e+00
1.571051571690825543e+00
1.610241619372434263e+00
1.584171511463295712e+00
1.493614012129655277e+00
1.464331924573097243e+00
1.510111686174788304e+00
1.727233421319376516e+00
1.796415537154824937e+00
1.613002568293201433e+00
1.502110681525472113e+00
1.657384351622662955e+00
1.531837470097320297e+00
1.482608893459085087e+00
1.568277835493608219e+00
1.575091516901315325e+00
1.712931228190140098e+00
1.651328180642780641e+00
1.526753217672259799e+00
1.868817251072138141e+00
1.636267958020442004e+00
