1.763099077451502961e+00
1.822150949607826975e+00
1.898870076495168924e+00
1.693384383084745481e+00
1.689420830509401839e+00
1.948565290204323786e+00
1.772393218655466507e+00
1.993702421346989828e+00
1.693271982961211286e+00
1.827332974458405479e+00
1.914477815118285298e+00
1.777615531787451797e+00
1.974554909144264681e+00
2.008309929341550948e+00
1.768164426191559002e+00
1.926196288779772781e+00
2.091626598499876533e+00
1.983018131479778567e+00
1.923905304511642100e+00
1.949168842761964671e+00
2.136195365930183332e+00
2.154075702726426567e+00
1.882166770742317308e+00
1.882950234732592376e+00
1.916317929071751136e+00
2.054091081832447596e+00
1.900341907631769800e+00
2.175929687766093856e+00
2.184903218162883576e+00
1.970513853997427400e+00
1.874642308698365012e+00
2.025466778285033076e+00
2.082862950137964742e+00
1.869079392964855701e+00
1.784110867286789359e+00
1.865691782169748514e+00
2.172858489879263999e+00
1.944608038207177314e+00
2.271218987867692718e+00
2.109500221466770853e+00
2.160578729808145582e+00
2.178633495753574678e+00
2.167413906746653129e+00
2.025611757986251149e+00
1.961273006636260918e+00
1.972666489496786468e+00
2.318409098865083173e+00
2.031383707671104322e+00
2.110642075904336501e+00
2.121761943645347426e+00
2.089446809451919851e+00
2.247845288268428998e+00
2.055859482312667463e+00
2.225690695784726003e+00
1.790997882510477979e+00
1.884160720918083287e+00
1.753475582147223211e+00
1.804019807745538939e+00
1.859688799695757178e+00
1.693350844544249778e+00
2.090907922759763338e+00
2.062727556223757031e+00
1.860465311176258574e+00
2.016257162125179025e+00
1.749881274484385685e+00
1.848576573149334656e+00
1.963589781795944234e+00
2.043720502275076178e+00
2.191811692394174838e+00
2.229663054059616289e+00
2.229010891551171714e+00
2.369465635010234994e+00
2.202234882907762259e+00
1.842642649428199331e+00
1.888603274833333456e+00
1.795349338156711827e+00
1.879083281425262486e+00
2.011234561272215782e+00
2.000066039212053060e+00
2.030572021878604527e+00
1.952168210095074130e+00
2.091101513913522059e+00
1.952674412656874026e+00
1.881125286332978819e+00
1.842969742559369184e+00
1.918241418796266418e+00
2.096687128982317461e+00
2.090588787489905176e+00
2.050367959506785187e+00
2.164109693554978175e+00
2.084782745931542447e+00
2.167181866424759740e+00
2.208702450422377339e+00
2.113026493593312072e+00
2.238749806525372144e+00
2.250029752556803597e+00
2.124483582656302882e+00
2.031765919097078044e+00
2.193909635166868544e+00
1.861236205854604808e+00
1.794318373681123013e+00
1.871069544091227499e+00
1.831146170463351597e+00
1.682759769304532638e+00
1.892156415448675855e+00
1.774466173428188798e+00
1.971860652723252949e+00
1.819654263589614462e+00
1.674135608512692608e+00
1.844404852317192089e+00
1.958336376877700458e+00
1.847627049856783277e+00
1.769033298710583457e+00
2.020492680098567195e+00
2.065127860449420094e+00
1.981109469177680049e+00
1.827637897417607071e+00
2.078428058172225423e+00
1.865852343762635979e+00
1.974785477521449506e+00
1.861658267438319525e+00
1.961893093936923682e+00
2.084011680733699468e+00
1.843062150421110879e+00
2.049804776861793520e+00
1.996615559153488206e+00
1.768082331319535072e+00
1.899415367368385121e+00
2.067718144271474490e+00
1.910658119149440504e+00
2.123886127924373923e+00
1.912262988658606888e+00
2.031004457814587383e+00
1.824349692786174426e+00
1.955165976248068649e+00
2.006690173772358143e+00
1.895437572062687481e+00
1.910623720511285706e+00
1.877963373884854237e+00
2.206456929515878684e+00
1.952327986033858487e+00
2.155823040420226988e+00
2.177267840625451090e+00
2.109921000724429785e+00
2.192476495629827493e+00
2.201485637138250073e+00
2.224551182771759894e+00
1.935873334022051528e+00
1.866793090789030884e+00
1.967310323183789400e+00
2.204763742737934518e+00
1.866029036871737379e+00
2.074253886428721660e+00
1.942342611498677929e+00
2.216585294487054547e+00
2.105489709316989533e+00
1.963974564389015409e+00
2.232779126636061928e+00
1.901253699303335098e+00
1.891034608651667392e+00
1.921899025185808796e+00
1.830623423327475408e+00
1.853257759851838715e+00
1.759374544085833714e+00
2.066792595261142118e+00
2.012950847688141032e+00
2.101346979330879439e+00
1.955866981771320567e+00
1.920845341801033168e+00
1.888293029192206429e+00
1.956722424164753393e+00
1.990565527629775788e+00
2.188109668281781772e+00
2.042180224408788547e+00
2.091859345897371991e+00
2.317715776372683223e+00
2.173561723658115508e+00
2.416839862746444911e+00
2.340302263043380293e+00
2.113317494713682354e+00
2.201391182895828802e+00
2.053379114505409220e+00
2.089621164513872476e+00
2.099636259358726331e+00
1.807697363310040828e+00
1.911900273969587394e+00
1.778382231969183103e+00
1.820022507925207700e+00
1.802188209202411295e+00
2.023068182868038800e+00
1.925546426687246182e+00
2.008969912102026800e+00
2.095751275534050606e+00
2.068996118542986373e+00
2.127922464677985293e+00
2.161925916088500266e+00
2.105648024060124079e+00
2.259327573963943792e+00
2.273581282389028679e+00
2.204624486625370139e+00
