1.765277502825250755e+00
1.794282761696565309e+00
1.941008375433205924e+00
1.731127274556567119e+00
1.743686197456701281e+00
1.985671609571391771e+00
1.778087845976374037e+00
2.066188469594609334e+00
1.835367645234249778e+00
1.887550197410588826e+00
1.993477167027758901e+00
1.897225969150890590e+00
2.012019232896729459e+00
1.981886930374954670e+00
1.690038746291604665e+00
1.839592635330529191e+00
1.968691529920740813e+00
1.920229584080002327e+00
1.781369447387950000e+00
1.862902302449227054e+00
2.050176378627850848e+00
2.042895760112577008e+00
1.782427694098049686e+00
1.749817648442760776e+00
1.820811094701062505e+00
1.880469031567513216e+00
1.771125799643589849e+00
1.968959168344165178e+00
2.094945908348685215e+00
1.835127449886688078e+00
1.841477814899673993e+00
2.048681975187070847e+00
2.003904817780898018e+00
1.815334657083822911e+00
1.738843342929083047e+00
1.751944695817904130e+00
2.132014500949863667e+00
1.856970361513825551e+00
2.091626060009225796e+00
2.048801811323781141e+00
2.008271729019249108e+00
2.074848880055145450e+00
2.065688708310693400e+00
1.971083132464107601e+00
1.902291880686960646e+00
1.973975836515817317e+00
2.175094731172064311e+00
1.880923865700716568e+00
1.982280783980391536e+00
2.063251481136696430e+00
1.910331450643145468e+00
2.117335844076632778e+00
1.947589565593659255e+00
2.087040560018728286e+00
1.695094794160671325e+00
1.712471670651771749e+00
1.662356133097848021e+00
1.679797584373444952e+00
1.707253885391218473e+00
1.612037652032536794e+00
2.054429446100524803e+00
1.978130029038601023e+00
1.836315692451031323e+00
1.843714357562847406e+00
1.594875351001917574e+00
1.784316507295675258e+00
1.920494791330758622e+00
1.941686554679911580e+00
2.142099790933342351e+00
2.084198571849159354e+00
2.174978664892273539e+00
2.364568939690043337e+00
2.186874385639865803e+00
1.737094317950908406e+00
1.881957312599606746e+00
1.714978062288446958e+00
1.881610240742571660e+00
1.945154833297067398e+00
1.898188613014848203e+00
2.026024970232928712e+00
1.875341944368092317e+00
2.109657917064034827e+00
1.846489622703870292e+00
1.746298089588224745e+00
1.673115081275457161e+00
1.796558986999211571e+00
2.040296898089037470e+00
1.904587972232027804e+00
1.918977103646608340e+00
2.023535242224954622e+00
1.971635038737589607e+00
1.982259385586887745e+00
2.166620686273985186e+00
1.969050152937899645e+00
2.137619928189262275e+00
2.239952694177712811e+00
2.060442092257066982e+00
1.923552187421794013e+00
2.000482155127186079e+00
1.783104249807633268e+00
1.811909998533940191e+00
1.726377109768947760e+00
1.829373866351888367e+00
1.723400699518568890e+00
1.919389077580264669e+00
1.779595712425993126e+00
2.019827394570502754e+00
1.852344612984737626e+00
1.770706793405616652e+00
1.861664414644665255e+00
2.010804571610311342e+00
1.943057054538803730e+00
1.827556618720791004e+00
2.035177299617203062e+00
2.010871128141861863e+00
1.834373648013202907e+00
1.793734404728431597e+00
1.958942678892027223e+00
1.737920626136281399e+00
1.893023470432151578e+00
1.779829229058941475e+00
1.867475899897817593e+00
1.952939237145788542e+00
1.824939926388873701e+00
1.908934873422729606e+00
2.044312800197859215e+00
1.777413070927513328e+00
1.879579646649906399e+00
1.921105860661380893e+00
1.900618941392037353e+00
1.992399237622291208e+00
1.875938466744033084e+00
1.989272021164374848e+00
1.811950085556229606e+00
1.982937518726979320e+00
1.990456564723392940e+00
1.853538322864279664e+00
1.865058659407586195e+00
1.813138081519318767e+00
2.076451691688517176e+00
1.841021528440941024e+00
1.981423906102621313e+00
2.060201260852967398e+00
2.011524687274248713e+00
2.038796296132019403e+00
2.050617987018265254e+00
2.100599548115495541e+00
1.928712022344834187e+00
1.853027278139979916e+00
1.920081627032883764e+00
2.027752231208332478e+00
1.815901687090475836e+00
1.986402493220476240e+00
1.819413838633763270e+00
2.075179759895400267e+00
2.186604295581191959e+00
1.950415085227707346e+00
2.090001187695679441e+00
1.818269995568475128e+00
1.830563141523896986e+00
1.773966438437889037e+00
1.797077635565794695e+00
1.807974080225414282e+00
1.777284464737610259e+00
1.966614836595474758e+00
1.972786272869753832e+00
1.960935883155854320e+00
1.875564725282134360e+00
1.872641456118745884e+00
1.754881857267484691e+00
1.827875088307221452e+00
1.871020169034030234e+00
2.068996926819780757e+00
1.898208794585113157e+00
1.944320653309296487e+00
2.182596237286018148e+00
2.169547635884384373e+00
2.355508302710878965e+00
2.291678986149191743e+00
2.043749391387679637e+00
2.134192195050175656e+00
2.032530597925207072e+00
2.010267242730769066e+00
2.079239221853409703e+00
1.754539569596701654e+00
1.839575221836190266e+00
1.716826290660766086e+00
1.765188013127910960e+00
1.754723469573866934e+00
1.901197682916582199e+00
1.737631719634639360e+00
1.891765922644122577e+00
2.092076568584516849e+00
1.934063171267078163e+00
1.996020272851516397e+00
1.889093193217999733e+00
1.899568865058082423e+00
2.218366447665229391e+00
2.191036127647187470e+00
2.097987874828222132e+00
