2.052386840916706756e+00
2.146666621854186552e+00
2.106399574613029291e+00
2.070185486500486061e+00
2.013700313194935809e+00
2.013984039751576471e+00
2.001126499862254882e+00
2.172107251287625829e+00
1.931871700226124755e+00
1.993121681844566506e+00
1.880183679928480345e+00
1.907641494247455549e+00
1.907816547104116189e+00
2.053137310008739558e+00
1.926533319231393149e+00
1.908288811033058918e+00
2.176362535163431922e+00
1.801708535295624802e+00
2.139597795505517652e+00
1.842535549073147649e+00
1.956974859858626070e+00
1.959504168378941813e+00
2.290383015483780760e+00
2.457468055617799685e+00
1.956388459748834130e+00
2.060588071915793407e+00
1.981822330270449406e+00
1.907334387794326735e+00
2.125423537051119194e+00
1.944826237865896479e+00
2.052104108595914855e+00
2.347954292428467316e+00
2.066836582893015084e+00
2.023232755297409202e+00
2.208318730916298822e+00
2.042636649958114337e+00
2.198296022817585627e+00
2.369100387415703501e+00
2.258771963907621583e+00
1.904410335654955100e+00
1.843070183050234068e+00
2.083353501523340423e+00
2.059057135727375254e+00
2.274337386213083789e+00
1.869286968550338379e+00
2.350404758311543496e+00
2.184284693644598541e+00
2.343049503666914113e+00
2.085875006270084153e+00
2.120420779983535731e+00
2.158387008491382986e+00
2.332971703749321168e+00
2.131415421839092161e+00
2.138106589360246002e+00
2.123689921500471200e+00
2.087097879295739311e+00
2.164293979803743273e+00
1.946804469782158709e+00
2.060854374970742420e+00
1.876548293172517035e+00
2.259574800991754451e+00
1.805239756806863882e+00
2.011432331210089686e+00
1.925690386030550982e+00
2.181656570646853144e+00
2.325629992286877723e+00
1.975680157783011426e+00
1.967720721817575846e+00
1.988631330169316591e+00
2.172147167971510306e+00
2.094060441552489493e+00
2.219985098727794259e+00
2.417210424114397682e+00
2.107648370787944980e+00
2.285746509612530009e+00
2.126825701175557803e+00
2.069225814395186713e+00
2.172725675945314627e+00
2.196906246893529424e+00
2.234697985220382765e+00
2.252392130506586376e+00
2.136837997230868869e+00
1.962518825451339044e+00
2.057741157992676762e+00
2.151696880487693253e+00
2.097478188956807266e+00
2.088546276115956335e+00
2.178917930117499679e+00
2.288021399437583980e+00
2.106910244527613330e+00
2.105798918392971952e+00
1.965666455301061211e+00
2.066029196261410128e+00
2.052491747452537041e+00
2.138948011708273977e+00
2.101636547766533969e+00
2.073123464756058354e+00
2.298496223291950358e+00
2.048883494039968500e+00
2.071943809696021876e+00
2.110625509174283820e+00
2.145351705814833476e+00
2.386363967564666400e+00
2.218342976014339829e+00
2.385585928478666240e+00
2.449334346286690778e+00
2.072963813086624807e+00
2.350008793551842334e+00
2.292016008432273377e+00
2.361454157789424801e+00
2.260570822641366107e+00
2.120291475165792416e+00
2.209564918044920834e+00
2.185857690826738864e+00
2.141453883145593817e+00
2.206964654761885747e+00
2.102397017143985192e+00
1.860736229910177508e+00
2.406062959339796414e+00
2.060117364107858950e+00
2.494579214354685437e+00
2.471303214941866777e+00
2.247399821835528666e+00
2.472200695760616629e+00
2.348007768791433136e+00
2.319230408748811811e+00
2.526938995091706719e+00
2.068150131371955691e+00
2.276062737258170987e+00
2.357048514924731553e+00
2.118905710240537754e+00
2.128526327382260330e+00
2.508652201290260564e+00
2.143338871878246454e+00
2.067174004298452328e+00
2.513806883782425672e+00
2.210261312758515118e+00
2.423568173356143607e+00
2.096575994991225489e+00
1.985885756714245387e+00
2.086826706921188990e+00
2.051397031560781237e+00
1.998887274878006881e+00
2.130370424263935636e+00
1.978012717290998479e+00
2.124646596307185664e+00
1.803071665357215192e+00
1.918903968514103608e+00
2.099260254645335166e+00
2.062323654678886342e+00
2.120745125788585206e+00
1.853675389380841310e+00
1.830513696553350611e+00
2.048112966846252103e+00
1.952306886628392135e+00
2.264650051977398881e+00
2.182549796356067606e+00
2.076004922030924238e+00
2.108553236113247298e+00
2.075379865668395940e+00
1.982837220180596827e+00
2.091602412294593094e+00
2.294932735568163018e+00
2.484289727145384763e+00
2.213597738040156582e+00
2.117242427634193014e+00
2.062910108399737652e+00
2.006312173957549572e+00
2.005825953577574872e+00
1.968054274545691262e+00
2.146938556642620455e+00
2.042032466438212346e+00
2.333960475078766805e+00
2.089310456057962284e+00
2.055620990780971713e+00
2.186422710651111601e+00
2.330786343399759986e+00
2.321740121048094796e+00
2.256651975583141123e+00
2.605751798232801786e+00
2.666928525174320885e+00
2.664641255906257555e+00
2.225084505374344435e+00
2.239080938137538279e+00
2.319281548155336825e+00
2.119402017593713161e+00
2.181139571377483488e+00
2.141198098258461080e+00
1.936663884042721717e+00
2.085043784347302420e+00
1.948910377954859774e+00
2.206914007760931273e+00
2.115551081922196985e+00
1.968280590353526538e+00
2.199416294063975652e+00
2.030581562085373548e+00
2.127243433196562616e+00
2.105512711595763253e+00
2.031815178300484082e+00
2.158983647035726872e+00
2.109921261944030402e+00
2.111576329507048655e+00
2.007120290451541056e+00
2.311541307795854649e+00
2.095431116731049315e+00
2.170550899017943181e+00
2.125021449362492820e+00
1.782642575887547487e+00
1.893576315375611330e+00
1.926817874102880523e+00
2.090345650545498923e+00
2.269154984729382374e+00
1.963046885188320045e+00
1.957342721670098928e+00
2.052295398092384815e+00
2.105352477446912118e+00
2.328277750503089827e+00
2.062640773566476682e+00
2.105758688813954560e+00
2.213208574686805097e+00
2.436337955198018879e+00
2.070198872649899435e+00
2.492438708676505410e+00
2.157373582342629437e+00
2.089808910845437406e+00
2.187307433764677622e+00
2.219199722788011808e+00
2.127220434214370126e+00
2.050074235687866064e+00
2.179668027436351796e+00
2.216329965149256509e+00
2.439385550987994034e+00
2.069415873716138776e+00
2.107805104732621171e+00
2.260467049454595312e+00
2.512377822013184936e+00
2.219497482530255805e+00
2.365387142880885030e+00
2.292098889253280980e+00
2.173173569546075434e+00
2.694847129085891968e+00
2.193733513204888741e+00
2.152131602270649147e+00
2.084359524587234613e+00
2.212498991507170221e+00
2.169945840579447616e+00
2.158423315972439305e+00
2.070488119041661967e+00
1.774172874939516475e+00
2.098424566858946960e+00
1.853869411064435813e+00
2.192052362204172322e+00
2.098943764812178259e+00
2.092671274470939924e+00
2.058072802974644677e+00
2.123028106781980728e+00
2.026870128316365705e+00
1.999824873315420026e+00
2.134434327246478524e+00
1.920733203318383486e+00
1.969268287334823286e+00
2.031290942843051894e+00
2.126285302863747617e+00
2.021278233083176001e+00
1.844171859582981909e+00
2.214025881474598556e+00
1.907943037221159432e+00
2.098525549599152384e+00
2.043772504287720171e+00
2.301833786635161694e+00
2.029491884729993423e+00
2.027630575021153625e+00
2.117496134922455475e+00
2.472151665379495711e+00
1.976606854544935343e+00
2.129672466654285223e+00
2.213192589995644610e+00
2.091017619088312074e+00
2.128093008480393955e+00
2.034351505376048586e+00
2.031072598639326987e+00
2.192078364206649699e+00
2.279094219364111495e+00
2.326057736289010691e+00
2.373325040048994250e+00
1.966844904258022941e+00
1.943685781608685659e+00
1.951115756535272583e+00
2.034966508833154109e+00
2.377271255782125170e+00
2.339551288703335175e+00
2.351335667158632514e+00
1.994745648529681059e+00
2.053432703849025653e+00
2.255731972924956530e+00
2.297109785156033812e+00
2.211027973220057508e+00
2.123857481664213953e+00
2.085936103183905654e+00
2.126311759984905958e+00
2.081732520474109283e+00
2.021318089415806263e+00
1.878625965295766642e+00
2.061876194158892339e+00
1.860450683278556783e+00
2.106407968176416290e+00
1.860872531901365035e+00
1.948834603905002627e+00
2.052162125518480984e+00
1.910350393138666059e+00
2.246090250757079243e+00
1.867772816459090102e+00
2.143426678501419325e+00
2.001790113312645669e+00
2.167755768866648225e+00
2.049216740660278369e+00
2.088641910625662401e+00
2.120722166583873580e+00
1.987361999534804413e+00
2.223737078710066317e+00
2.057519939304647050e+00
2.224925175560070745e+00
2.248942139496429071e+00
2.150873344647358021e+00
2.369511849295305339e+00
1.963266482669020263e+00
2.269844845930946153e+00
2.158906715164381485e+00
2.240590405372455240e+00
2.098785848494358675e+00
2.037974097559599240e+00
2.159188621502036387e+00
2.095392171498672074e+00
2.135073501370818416e+00
2.107526221493788654e+00
2.109850941070608776e+00
2.145193214325164632e+00
2.121935458622706161e+00
2.128783774386282968e+00
2.064726565219187737e+00
2.186002639485448373e+00
2.129210411386916135e+00
1.988517068938338683e+00
1.982461368579794714e+00
1.975481131505829158e+00
2.127810760637534049e+00
2.061887790414024479e+00
2.304593104643399837e+00
1.962414769223671085e+00
2.463167796416529942e+00
1.961368644182143406e+00
2.038314802017948679e+00
2.124238020992133880e+00
2.217262812663829408e+00
2.137780085391573159e+00
2.424054309118115480e+00
2.305478456157711964e+00
2.253487596685048278e+00
2.277775037639978795e+00
2.242287723692165446e+00
2.377297474436320002e+00
2.467653583765492264e+00
2.232394723768670541e+00
2.225451915028949568e+00
2.156184981909362808e+00
2.021235106421302774e+00
1.992052695765928805e+00
2.126055539713876286e+00
2.202574507768057632e+00
2.115448179617152480e+00
2.219457491099205537e+00
2.228330152946889076e+00
2.122747495548336527e+00
2.243777192181307445e+00
2.090717640550755707e+00
2.386845788582308003e+00
2.400923649423394313e+00
2.095096801155732713e+00
2.001114630053371535e+00
2.320034042294124799e+00
2.241833452583575248e+00
2.361076326856917706e+00
2.257422549000000611e+00
1.985346871491365350e+00
2.528079409050631554e+00
2.246048588191277506e+00
2.132232230141541507e+00
2.333712596861103883e+00
2.081327132552122094e+00
2.112190238679044541e+00
2.115502899914714074e+00
2.355131301814266997e+00
2.113066358471697548e+00
2.041176781573299071e+00
2.396463495861083537e+00
2.362751706953681641e+00
2.530454438290017816e+00
1.903048640421987736e+00
1.889173034421427033e+00
1.834977444703393301e+00
1.926240475259515028e+00
1.774288584699959204e+00
2.010295623003311771e+00
2.151329673132499121e+00
1.971343004185347692e+00
1.986730378605584990e+00
1.818877231786283355e+00
1.852605046320748183e+00
2.035458765389488889e+00
2.047976297716974869e+00
1.961974923611695454e+00
1.981615570616383382e+00
1.936281092109357616e+00
1.794810091922808049e+00
2.257648836447744944e+00
2.174551059660047247e+00
2.162803559035067380e+00
2.132687287045532010e+00
2.086413812098981246e+00
2.147385229382265948e+00
2.139413923178647092e+00
2.214603779272139583e+00
2.192023565602276847e+00
1.865623367330787818e+00
2.135226444815848001e+00
2.038228588447934975e+00
1.945705588492682825e+00
2.143151012677522615e+00
2.221380741308915940e+00
2.015773817116126576e+00
1.978089223653096029e+00
1.957723875424017379e+00
2.440423457434926835e+00
1.997876582602923889e+00
2.110063453731171101e+00
2.168450597716182759e+00
2.314891850203468326e+00
1.972086999320968648e+00
2.126869921202590330e+00
2.082823178012613852e+00
2.353044261390390801e+00
2.403750618118707383e+00
2.363762361569153647e+00
2.210127566747114969e+00
2.257770872171083631e+00
2.321340876058239466e+00
2.653867883585203646e+00
2.667710923775855392e+00
2.286923025855003289e+00
2.239972142234694985e+00
2.257143121857720036e+00
2.370172561444498616e+00
1.890145898745976716e+00
2.062230306247238687e+00
1.986859204129381107e+00
2.168646272289860288e+00
1.985214740608219008e+00
2.093059012331624835e+00
2.060859070745110877e+00
2.089121476130669564e+00
2.005070468634655434e+00
2.031864713370446385e+00
1.916499795054972699e+00
2.009143339276600937e+00
2.103560716826590848e+00
2.021145835432211602e+00
2.029924287038719743e+00
2.002801724341314316e+00
1.943962696266984036e+00
2.031203108458706108e+00
1.931414239204292782e+00
1.763537049901190423e+00
2.022306049703566533e+00
2.074957750873977602e+00
1.877390181864229124e+00
2.136422448099414950e+00
1.974059808102969660e+00
2.137265411002535753e+00
2.231475865760919497e+00
2.061657341724560055e+00
2.318321337469550159e+00
2.249215828338480438e+00
2.199476940131024350e+00
2.231211586025661386e+00
2.151490268365379599e+00
2.293813609921830921e+00
2.107757567732860160e+00
2.194794777885965775e+00
2.413399359081104922e+00
2.359689668219114633e+00
2.333567963056982109e+00
2.604245613696689610e+00
2.087434285211895890e+00
2.030969872062596604e+00
2.180363538858687278e+00
2.021131589285395602e+00
1.887035851008932452e+00
2.007951647680399354e+00
2.125425489098286214e+00
1.923689306007578814e+00
