2.066577320648665506e+00
2.110933589885429562e+00
2.162938673051825411e+00
2.065700158351621241e+00
2.164806494953770866e+00
2.099011470818999747e+00
2.078905942918705563e+00
2.271142441303645843e+00
2.104212048753641984e+00
2.141511961129354713e+00
1.957804125456703348e+00
2.026072467130980659e+00
2.104353869408389865e+00
2.143796477339361406e+00
2.144640860086761691e+00
2.042050120876361063e+00
2.173146363019620164e+00
2.016976493726359010e+00
2.404245056489291876e+00
1.955663107667239053e+00
2.085922505446807129e+00
2.024144691174094568e+00
2.529199923463321564e+00
2.445184402525168554e+00
2.042594646987624607e+00
2.260704494883866378e+00
2.081394501470805292e+00
2.121774097887465960e+00
2.459834168136119104e+00
2.113502604179221755e+00
2.199242548609553261e+00
2.515070333705784478e+00
2.084110207456383534e+00
2.074629941079254358e+00
2.369948731888444016e+00
2.418502077650101167e+00
2.374870555042124298e+00
2.402940765951576019e+00
2.375432404850972290e+00
2.031362456679826511e+00
1.900208506441052769e+00
1.989099475849343657e+00
2.086275418926489156e+00
2.313558839309933113e+00
1.966650195843847815e+00
2.371370121727356839e+00
2.257663706291388017e+00
2.414306788942095050e+00
2.112412940704611053e+00
2.297558043848944909e+00
2.266005329492565945e+00
2.330804958674519423e+00
2.322392222866351830e+00
2.294011895087607389e+00
2.187042157360422401e+00
2.106527122393934359e+00
2.216727164601973055e+00
1.972584413900214884e+00
2.183414452665309202e+00
2.047936636465904403e+00
2.248564173241025088e+00
2.051896532807769180e+00
2.122447430786452482e+00
2.017176703893234446e+00
2.342685388973899663e+00
2.276358828722201633e+00
2.174140488943460348e+00
2.010853802317836170e+00
2.160818467652539709e+00
2.368280431016769771e+00
2.155937730287794452e+00
2.416574694325730910e+00
2.452141740007081072e+00
2.308351457316995425e+00
2.475566005837368078e+00
2.295210618113498580e+00
2.263357933035696323e+00
2.288894023468366345e+00
2.412648567913177278e+00
2.345814173553746329e+00
2.484930540879473959e+00
2.277584129998669216e+00
2.156301381305474330e+00
2.207969382002161307e+00
2.383367616614817219e+00
2.244175406151720509e+00
2.143634932186434305e+00
2.358099769481587504e+00
2.531502648302286662e+00
2.421566915618470262e+00
2.349034023641979108e+00
2.257326434800858816e+00
2.071954768952052994e+00
2.036085852680168617e+00
2.180160920190864715e+00
2.366281967369974648e+00
2.226263615370507765e+00
2.498686785416636358e+00
2.082445972485895247e+00
2.156854685749858280e+00
2.144479664459514101e+00
2.388934715480952153e+00
2.578464674362756615e+00
2.580468333005595305e+00
2.556444267629924827e+00
2.544279129427008179e+00
2.642319619818091603e+00
2.544871487041285185e+00
2.487562532480289690e+00
2.491069233288991658e+00
2.479847361503592751e+00
2.261738010054830994e+00
2.386976580485934640e+00
2.278411620631912715e+00
2.259602240764810865e+00
2.344402179455109092e+00
2.327094925406215875e+00
1.989988008326587732e+00
2.583889937564539885e+00
2.092208384090521900e+00
2.677481344413209285e+00
2.521388661400635556e+00
2.307278462273252284e+00
2.411632048672694317e+00
2.416587332375177866e+00
2.448249971448691387e+00
2.662663963939048362e+00
2.278507330718152701e+00
2.543242236541075396e+00
2.577386340298930545e+00
2.342820119745221863e+00
2.338492585177630811e+00
2.455862530846153913e+00
2.341016964811803991e+00
2.206040551293520835e+00
2.552858927803884459e+00
2.429441217106033335e+00
2.519742523561436798e+00
2.091269389411801072e+00
2.038871035636016238e+00
2.077530577925405186e+00
1.984054828870635889e+00
2.111614307576278549e+00
2.187187224590172452e+00
1.922466866169552979e+00
2.084210864851454126e+00
1.896948832904176818e+00
1.991916974383115102e+00
2.102768091535506034e+00
2.222573315141016081e+00
2.223111022773353707e+00
1.901362076990601224e+00
1.919532540641075924e+00
2.155870503422380846e+00
2.311611196517944666e+00
2.345381224086087624e+00
2.343997546489821726e+00
2.185393779065345932e+00
2.408820974121615777e+00
2.043791597798156445e+00
1.936439714133237233e+00
2.117316657006961922e+00
2.563978441045321688e+00
2.597700302917471227e+00
2.634519940690310147e+00
1.971593391636844661e+00
2.337614817685453872e+00
2.337052207756923572e+00
2.495936457181265222e+00
2.348935740945793604e+00
2.526959093376867749e+00
2.380901976255197727e+00
2.544330775458683469e+00
2.562180396707178343e+00
2.579429717632288011e+00
2.303010797033476997e+00
2.409061371710455202e+00
2.338435280591064647e+00
2.432515181039319074e+00
2.637387862819401629e+00
2.616895789367155167e+00
2.658675430192874334e+00
2.441349128468203844e+00
2.523954882687933665e+00
2.496281011543794115e+00
2.177122446883569040e+00
2.268358036074222817e+00
2.449650836495281148e+00
2.128769344576578515e+00
2.299160020256919346e+00
2.110211083938842158e+00
2.423277804860858087e+00
2.159628953626401948e+00
2.153600737883524907e+00
2.413716688165162161e+00
2.160735738921044202e+00
2.246835605121291657e+00
2.164203156299536079e+00
2.327574166483604490e+00
2.210799687253421908e+00
2.221212107286716808e+00
2.373270158294412902e+00
2.228256015068140083e+00
2.279590793128521309e+00
2.447825014652927678e+00
2.343088088148745030e+00
2.105112162157923184e+00
1.783204425890091871e+00
1.979808762023126389e+00
2.038874734225596175e+00
2.141921077800167605e+00
2.364099194507847113e+00
2.040843424654400273e+00
2.212672395542124359e+00
2.200033857509450019e+00
2.301747632323147830e+00
2.477954327038400351e+00
2.233933699547054896e+00
2.248836571427361708e+00
2.607981731147531068e+00
2.433698155755046777e+00
2.309458650376373878e+00
2.600743954612068531e+00
2.318544324378932764e+00
2.336084707912124969e+00
2.396454252229728965e+00
2.394481719943968745e+00
2.306141497713253941e+00
2.394643361155652350e+00
2.418073433533749927e+00
2.661473813254270571e+00
2.582820801476191530e+00
2.588762543769526303e+00
2.373425264944938995e+00
2.636720991580059792e+00
2.615311040008912347e+00
2.503901715500424618e+00
2.526925977157321146e+00
2.483123494404364084e+00
2.408141154334195733e+00
2.791642948138949532e+00
2.290887839829378159e+00
2.361760797564247394e+00
2.367185397834751459e+00
2.371296156418398304e+00
2.360635684531023681e+00
2.292660954312726318e+00
2.470203495729821341e+00
1.847239553613178042e+00
2.123928887767737361e+00
2.028323307081119076e+00
2.124463946917447554e+00
2.127606670208541662e+00
2.281762708903841919e+00
2.138086494188804032e+00
2.188930648639650034e+00
2.124499187037363512e+00
2.166311802891471405e+00
2.177503757025436748e+00
2.030859275615762627e+00
2.090692865642266973e+00
2.200742747068896943e+00
2.278929264212687489e+00
2.175789399094810062e+00
2.058357204904899262e+00
2.435612052361060709e+00
2.022780032529170935e+00
2.222948334033627571e+00
2.182146991931432023e+00
2.586905690292381266e+00
2.122115514646846002e+00
2.172902377061310730e+00
2.394338778762236775e+00
2.401987495705300901e+00
2.141622778649909797e+00
2.308433814051071842e+00
2.481425242243204377e+00
2.215752397227392034e+00
2.318846992306500265e+00
2.345852721105138539e+00
2.163489992026213837e+00
2.383529195062162653e+00
2.453377444114281936e+00
2.469883890346965760e+00
2.349797377873585447e+00
2.019770215991491202e+00
1.997784751710957263e+00
2.066124531220623783e+00
2.065895401793257591e+00
2.503495897919750579e+00
2.345675107501592027e+00
2.332696977831898888e+00
2.048936880736805577e+00
2.224112553887509947e+00
2.299259942529026102e+00
2.319356822771226678e+00
2.280616455178409829e+00
2.237943758127313387e+00
2.136014373984586268e+00
2.291337975726762455e+00
2.285876365765051599e+00
2.233189255496448311e+00
2.046469066935490133e+00
2.240848915834833921e+00
1.967032242971831213e+00
2.314827082676847336e+00
1.960706814891897798e+00
2.253680638828777116e+00
2.419425630885881251e+00
1.907915841425904313e+00
2.499001818517647244e+00
1.968784148148217117e+00
2.301345997702231472e+00
2.012962696706260157e+00
2.367139660085677111e+00
2.292443417504097081e+00
2.164446982313225742e+00
2.380995889981345037e+00
2.120253432625441636e+00
2.495025609751566620e+00
2.095878951771793730e+00
2.495609556819910146e+00
2.288337144189918071e+00
2.296728351205363339e+00
2.490011202496157594e+00
2.005555276833844491e+00
2.244741871506546360e+00
2.420196609570569368e+00
2.373806336032687536e+00
2.234219580380076842e+00
2.176380050160519275e+00
2.189701258098260883e+00
2.241617812513832408e+00
2.046870883606220826e+00
2.247148363676953586e+00
2.320034959478499914e+00
2.465812072574555813e+00
2.322969244341130945e+00
2.518607626216009088e+00
2.189677354816702781e+00
2.292740481283428888e+00
2.235816748680533816e+00
2.270375102902294273e+00
1.946044387223377248e+00
2.200698684290176566e+00
2.177382263018168729e+00
2.301150261650169782e+00
2.230252392041178311e+00
2.328770913805464193e+00
2.454393682641818231e+00
2.173512590880483319e+00
2.230447597345625255e+00
2.372550327497374045e+00
2.400495885946824615e+00
2.371121416322588438e+00
2.349536303170723262e+00
2.633698205859076324e+00
2.403423070307229459e+00
2.534202764559117416e+00
2.510706219350933743e+00
2.571467848479757290e+00
2.479700996882804986e+00
2.394187660124661665e+00
2.516792804024367669e+00
2.533182227841597633e+00
2.307686659022640807e+00
2.145628511271708838e+00
2.252551264736410097e+00
2.178034675177698443e+00
2.367844674060606280e+00
2.281182529197252506e+00
2.385268932040633505e+00
2.424769865684111014e+00
2.458935694365950386e+00
2.335839249836119791e+00
2.442233473730752280e+00
2.618320972294835070e+00
2.215785220933391475e+00
2.278277850499298651e+00
2.347116506390951596e+00
2.398467634584561470e+00
2.469084155513234791e+00
2.358637159467650957e+00
2.071014293118153216e+00
2.665552914082785829e+00
2.457990187445231900e+00
2.299477132990316974e+00
2.459897757113870931e+00
2.346620802929234362e+00
2.300268783120081206e+00
2.196213908232481415e+00
2.556764545635008101e+00
2.205490470032283934e+00
2.144404431084446117e+00
2.567540110034778778e+00
2.513481697499395651e+00
2.584742530996570142e+00
1.995099693315560696e+00
2.030263662279641501e+00
2.034199262803966679e+00
2.039123608743284688e+00
1.886392476729692680e+00
2.184332081545901527e+00
2.090380545931874501e+00
2.116055759971967820e+00
2.061114140086400148e+00
1.889183175864256992e+00
1.984989247333203366e+00
2.151513698292277343e+00
2.061095391603022797e+00
2.065534558393005149e+00
2.133083117497641457e+00
2.089541363500210469e+00
1.996882649371778173e+00
2.445830703366192793e+00
2.550945757497796063e+00
2.426980710823928966e+00
2.193400237720075197e+00
2.217992002282019204e+00
2.431817069902683759e+00
2.287674983025947739e+00
2.494968952655303163e+00
2.247987941287695968e+00
1.985756305789666998e+00
2.221252465274828669e+00
2.321472438075903089e+00
2.228608884488742614e+00
2.275405159539941824e+00
2.526744189918447514e+00
2.412470573426078513e+00
2.432762804318443273e+00
2.027075142257400486e+00
2.492003077189814952e+00
2.225205438193045726e+00
2.504585801745191631e+00
2.084185202453137542e+00
2.394996232898503052e+00
2.486675833233463973e+00
2.611046750289057083e+00
2.419180767376328145e+00
2.641891703553419735e+00
2.690452588690222413e+00
2.503506947981816833e+00
2.271602523249093064e+00
2.448427622304389484e+00
2.376723136256264191e+00
2.692979700637117002e+00
2.656537416136255825e+00
2.361037802627341531e+00
2.445943660083906401e+00
2.466148054923475552e+00
2.511368561746552430e+00
2.238461381245960169e+00
2.331532085194525816e+00
2.325977218567075067e+00
2.281816854575223985e+00
2.389917250085473288e+00
2.341978995419696119e+00
2.404080250964894638e+00
2.435005356503487484e+00
2.134714661382098644e+00
2.235225744398912084e+00
2.123697596853058922e+00
2.141458907623722485e+00
2.311251153630752508e+00
2.092315701921563686e+00
2.260976194312214638e+00
2.133107726133738780e+00
2.137092618099199814e+00
2.165406339160980576e+00
2.184676440183957347e+00
1.948727289091317871e+00
2.184924453985342740e+00
2.279564110377149344e+00
1.954238181761506432e+00
2.307183785000904930e+00
2.135325224769591745e+00
2.231375766289241724e+00
2.485571065388407774e+00
2.335502787352322862e+00
2.469855672067339025e+00
2.174844024157207567e+00
2.420759454400233324e+00
2.331170759328914599e+00
2.204376578708964640e+00
2.528145844561301647e+00
2.456971793713316643e+00
2.429865171053668949e+00
2.573507394329400899e+00
2.539611119698427899e+00
2.611007471231666432e+00
2.634145978788556608e+00
2.428186776031297178e+00
2.260955495835292428e+00
2.397115770188877448e+00
2.280303329802369827e+00
2.054744064582885166e+00
2.304256723385472494e+00
2.407590102691457012e+00
2.301176094490793744e+00
