1.717143310208711693e+00
1.556386510763719144e+00
1.558323335472363791e+00
1.561584914375471422e+00
1.530840715853007739e+00
1.604247452486359693e+00
1.699120204161278735e+00
1.785408961387448645e+00
1.584046503484512591e+00
1.448281308067929096e+00
1.603669851279652114e+00
1.602827100450431752e+00
1.651025888502424044e+00
1.732259643773905067e+00
1.892243766853466180e+00
1.753285324865651917e+00
1.638166101839716449e+00
1.844821347647013887e+00
1.609919254515806530e+00
1.762889393675925565e+00
1.818760308277750148e+00
1.766545118892314470e+00
1.822451896325055998e+00
1.672488524062647697e+00
1.730982091002104983e+00
1.752893526225922871e+00
1.653482864738368585e+00
1.885736649459617720e+00
1.774467983134892846e+00
1.964523824176914069e+00
1.629819814389262822e+00
1.629406889716481510e+00
1.558001142701167518e+00
1.772516606787644333e+00
1.596289599934841874e+00
1.723788726742666588e+00
1.710056008953395379e+00
1.437854945856748667e+00
1.438455972668874372e+00
1.515257683289509494e+00
1.786967624823637024e+00
1.598380156813719033e+00
1.637477069228141513e+00
1.637883023423603701e+00
1.621790051788560172e+00
1.815039190755445286e+00
1.792643551971912164e+00
1.685515231082558074e+00
1.682611666176779153e+00
1.616488985780795806e+00
1.772928795235060306e+00
1.608266294285939813e+00
1.691950347270453570e+00
1.585014465903518355e+00
1.562166151625559385e+00
1.718253505557363559e+00
1.756140016718920727e+00
1.706026621254154385e+00
1.530464412891546333e+00
1.566813285089118768e+00
1.589761105140341968e+00
1.606693682279220381e+00
1.658472321614092637e+00
1.654643262225796496e+00
1.667621658054953215e+00
1.842813724371944462e+00
1.744781218024310077e+00
1.583662987409618417e+00
1.579113273968766329e+00
1.815353103498318577e+00
1.851226374625044357e+00
1.793442281051016884e+00
1.831079748637707283e+00
1.453859284654077433e+00
1.545102453029228329e+00
1.852536543791985846e+00
1.748033739141072740e+00
1.973380392727282162e+00
1.619231276528413366e+00
1.719992176943206053e+00
1.580926734569375824e+00
1.670064648121993844e+00
1.623500254074225824e+00
1.581176268728782253e+00
1.634109783491243695e+00
1.868097298516273819e+00
1.719381516329266057e+00
1.880136638596514365e+00
1.825053456486217973e+00
1.462623348333620177e+00
1.575956738226809595e+00
1.436338614652972634e+00
1.430977421503716762e+00
1.581494038294741555e+00
1.635437201951974950e+00
1.647318600654407383e+00
1.763265960054962056e+00
1.734953125732070278e+00
1.714535752502612809e+00
1.620921646294239737e+00
