2.168725320594130590e+00
2.125523506584282796e+00
2.294495200146159153e+00
2.103477012367612087e+00
2.147956317179793295e+00
2.101002202171796895e+00
2.314465494524703182e+00
2.307806585586527959e+00
2.020753868119445240e+00
2.042331761225324005e+00
1.981132498110219853e+00
1.967465066757363878e+00
2.010254423347156649e+00
2.180650534520196526e+00
2.071987913646986090e+00
2.014650870517421311e+00
2.215166589032511180e+00
1.950514625159698090e+00
2.298882175280562823e+00
1.941555866935839925e+00
2.065387443705850590e+00
2.122045946762346702e+00
2.451649355589356372e+00
2.181052796555593698e+00
2.069006757932069007e+00
2.290584427588635563e+00
2.075414522189017230e+00
1.956342376528827698e+00
2.249998163957094288e+00
2.131422434636634389e+00
2.169659506720088782e+00
2.297828510056519224e+00
2.106976568149503404e+00
2.075683763059175568e+00
2.279018849136273062e+00
2.239129651835488399e+00
2.376369707702955303e+00
2.408440513258724103e+00
2.437872958472796725e+00
1.898752278936563398e+00
1.854473024563967565e+00
2.238326177522538707e+00
1.991484812126400161e+00
2.322484427879262459e+00
1.912636043998628077e+00
2.232741945677648054e+00
2.190735956683976582e+00
2.138629997494709833e+00
2.033639890493328384e+00
2.035391545295845095e+00
2.154885911283903166e+00
2.214355604450542359e+00
2.108650695255086305e+00
2.042072454171474316e+00
1.938170759356437456e+00
2.033208330788991436e+00
2.142053498027156166e+00
1.888172191976513536e+00
2.139219704707503666e+00
1.969913487444556299e+00
2.119541677942520241e+00
2.027821142642463936e+00
2.052523188357179063e+00
2.136662193583109381e+00
2.050589962056923010e+00
2.326529420497830181e+00
2.189669750043694130e+00
2.002517122792527804e+00
2.111826225826388903e+00
2.150792016955524577e+00
2.200845650817421895e+00
2.309146708083662958e+00
2.481760326972676900e+00
2.155649907784957797e+00
2.207675504804532896e+00
2.203517127785201257e+00
2.228603461049681211e+00
2.215218733720836664e+00
2.534102462550767765e+00
2.224262137342712276e+00
2.305988423142615318e+00
2.428983552663945833e+00
2.141199008923486247e+00
2.278325121449757074e+00
2.241529466100428802e+00
2.243185366713201567e+00
2.141143160766703080e+00
2.273418578866190032e+00
2.403094751582198096e+00
2.324454907631841039e+00
2.193293963643226263e+00
2.076749370470342804e+00
2.111209549356702908e+00
1.973554738719922819e+00
2.001327041580923005e+00
2.147712371994494163e+00
2.032781107581016045e+00
2.428619679283640309e+00
2.082721350741103539e+00
2.079687017634188617e+00
2.102183228904853429e+00
2.112339747963008829e+00
2.494925521085063380e+00
2.553789445897222787e+00
2.395687264740801847e+00
2.284470657294991103e+00
2.391419280737290265e+00
2.216001604648087930e+00
2.220695904058919812e+00
2.294173601571743326e+00
2.275501007657268371e+00
2.156406081652261442e+00
2.226687617948812647e+00
2.233082661105594724e+00
2.186551002100428853e+00
2.271144346813867898e+00
2.249623337141740009e+00
1.918554332876001522e+00
2.206904293364396974e+00
1.994919274369295836e+00
2.611729934358922645e+00
1.920172837746334293e+00
2.045378989980499718e+00
2.134171997249835862e+00
2.325349006864219970e+00
2.244249596791452195e+00
2.620834909160136839e+00
2.141788831979476004e+00
2.460902840668300229e+00
2.304453724042498930e+00
2.189935430842972597e+00
2.201511638646614699e+00
2.386999168757399037e+00
2.272549054978755034e+00
2.224503024608512458e+00
2.459593967132806647e+00
2.418541543299849828e+00
2.536476802885373250e+00
2.182877707599590877e+00
2.093489368330205824e+00
2.107245429295447448e+00
2.076487511776626604e+00
2.045486048973414572e+00
2.175654987250559724e+00
1.960366575836522740e+00
2.099915396919093791e+00
1.908913257154116305e+00
1.945872075901469600e+00
2.033825836095340289e+00
2.156625127340961789e+00
2.160844531350279762e+00
1.812028028901129906e+00
1.973516529669987696e+00
1.961294983796516123e+00
2.157880965593165890e+00
2.349537736709093494e+00
2.256604623257105313e+00
2.097528315862988713e+00
2.264631244276919642e+00
2.104618300627454808e+00
2.073243038717678122e+00
1.955002328642320597e+00
2.515512434665936325e+00
2.347982585317703652e+00
2.451598541608485338e+00
1.983726608195381047e+00
2.178917968716359788e+00
2.139966285631196730e+00
2.324250413186947473e+00
2.132219606693348979e+00
2.492878441489148056e+00
2.206253372526470358e+00
2.324074619169090195e+00
2.421473921699607956e+00
2.220885530257223905e+00
2.178528655187678797e+00
2.576772593088979324e+00
2.596976760456942923e+00
2.371226258103216189e+00
2.596559740954618167e+00
2.559533863211842508e+00
2.388663739870655611e+00
2.355786863747523885e+00
2.511386976516607028e+00
2.476807967285106660e+00
2.126619651564357394e+00
2.279175691653794189e+00
2.440278365419081830e+00
2.015309531116380892e+00
2.219381866855816732e+00
2.053120677387589410e+00
2.313021155625876624e+00
2.105438952079319304e+00
1.993504854770110413e+00
2.296215616422558892e+00
2.074556643793406874e+00
2.098706401324404336e+00
2.022403656255439497e+00
2.244242764856479333e+00
2.250265839032397519e+00
2.169567551001803540e+00
2.307184564944730898e+00
2.196169762807625325e+00
2.127640771219601934e+00
2.375373597913484236e+00
2.263346434331773516e+00
2.211555115478208933e+00
1.846743664409100205e+00
1.989320470506563687e+00
1.984059628192614388e+00
2.065955328324801776e+00
2.158438042345070862e+00
1.961092300728986881e+00
2.097797205297489143e+00
2.086853628466737387e+00
2.268020330148745600e+00
2.355926277680222114e+00
2.054097563386300784e+00
2.238301415392566884e+00
2.587590400108705335e+00
2.310499934411572642e+00
2.300256504340413954e+00
2.447382967935714415e+00
2.315149144222546695e+00
2.078087924479487647e+00
2.317819938157813731e+00
2.468728975574967066e+00
2.148639338453810499e+00
2.124493478848480610e+00
2.263083731893816175e+00
2.486938800469383981e+00
2.407292622259317394e+00
2.338191519301975330e+00
2.175987283661749316e+00
2.546080933440952876e+00
2.612027574236539529e+00
2.395848303302801963e+00
2.621535357537047251e+00
2.423619440020997828e+00
2.301387333819715053e+00
2.695163364482506818e+00
2.405487755423032947e+00
2.361348635888637748e+00
2.223010320669085438e+00
2.213520716669875821e+00
2.236146176467133095e+00
2.430785833728450918e+00
2.328526548973956167e+00
1.815369080702301963e+00
1.936945861807920721e+00
1.951488671411064635e+00
2.172540072282846957e+00
2.151079827370143693e+00
2.094508332258306460e+00
2.239149024455819426e+00
2.125537291855833288e+00
2.079338632583443758e+00
2.120300778078511694e+00
2.242971854527010755e+00
2.016433963126569306e+00
2.006232066687685389e+00
2.081193828657312395e+00
2.305562784687388955e+00
2.063732795622475358e+00
1.950163576762760753e+00
2.130952974568337321e+00
1.967585597208682646e+00
2.224598193062659490e+00
2.110192178435636556e+00
2.614459931734701481e+00
2.054267279083128450e+00
2.086449531013912395e+00
2.298733560749717242e+00
2.160558970719098415e+00
2.029059771447779159e+00
2.195107576434061958e+00
2.390831940696306557e+00
2.217639863072328854e+00
2.301442905963505758e+00
2.108774064615386745e+00
2.129373212403794291e+00
2.389717977215792821e+00
2.448031059744924853e+00
2.407736419060203303e+00
2.468662241669687063e+00
2.128333016392209398e+00
2.109871500956343127e+00
2.076386929604303155e+00
2.168198966054425636e+00
2.548050938084511330e+00
2.383747863564703362e+00
2.358533013432105196e+00
2.196474599712010090e+00
2.155394092403102757e+00
2.222340532192078388e+00
2.185107080452336703e+00
2.318155702073816826e+00
2.200495218763534933e+00
2.097650661818935891e+00
2.216845958934184235e+00
2.047623896158334844e+00
2.119605935763316129e+00
1.941477838484569007e+00
2.111521317602820247e+00
2.027463105328354054e+00
2.231621403190510833e+00
2.019169174197236849e+00
2.011931628546902218e+00
2.162214886818346393e+00
2.017284213833173467e+00
2.342022463443774960e+00
1.973525065243519894e+00
2.153789135556648748e+00
2.079945818121923473e+00
2.205488416153677633e+00
2.136303176529433134e+00
2.087992502151063690e+00
2.217699783058494578e+00
2.151994372458675642e+00
2.214704881609104614e+00
2.128309978777886080e+00
2.423530768158089543e+00
2.213181566677902889e+00
2.148522038283206204e+00
2.411050264624015060e+00
2.027785833635406654e+00
2.367142581000126089e+00
2.346116106166945325e+00
2.498608703403600195e+00
2.236785998565783640e+00
2.237678279528530823e+00
2.250378048814291709e+00
2.222223038729886468e+00
2.042472139309964962e+00
2.117395847479645266e+00
2.394243152719606638e+00
2.273223106611104161e+00
2.170542428143029667e+00
2.429934779926082644e+00
2.165269005166748251e+00
2.304215878099794335e+00
2.386259018991795156e+00
2.133975983183576286e+00
1.968495250807891006e+00
2.064873115670967874e+00
2.093756285263729922e+00
2.060940865881324857e+00
2.468845494212501990e+00
2.137459099397541973e+00
2.569084071056147334e+00
2.066076831469120911e+00
2.087393665772249385e+00
2.192989502733296625e+00
2.167663441867114571e+00
2.308834014290529257e+00
2.471550895484853072e+00
2.523631723416917882e+00
2.378569050928620143e+00
2.200760829385262074e+00
2.378414073525968231e+00
2.194503690830933884e+00
2.336388480649831401e+00
2.127530914534119688e+00
2.236455777420572222e+00
2.200014510211938834e+00
2.146925493975805566e+00
2.065490623442395535e+00
2.341578920787573459e+00
2.131867734107337764e+00
2.259104554390025221e+00
2.243440619802396174e+00
2.246922465161984572e+00
2.329822588516099025e+00
2.238815242544638817e+00
2.356541575404525801e+00
2.395756411736013725e+00
2.693846560349393737e+00
2.185106745241624626e+00
2.204336891001948739e+00
2.309612254603944148e+00
2.396130381832695999e+00
2.478417798746499034e+00
2.283509998153071763e+00
2.090955192792226303e+00
2.555682439842737352e+00
2.421532479142421312e+00
2.243491598355744632e+00
2.449846746079100690e+00
2.109732395327374999e+00
2.064118418399875754e+00
2.064576717010834450e+00
2.371894874727320079e+00
2.108015518154255030e+00
2.091892929384745248e+00
2.453263940876294846e+00
2.471494644157305132e+00
2.481854847792344110e+00
2.060096050731980544e+00
2.143198136662393782e+00
2.032076923539098079e+00
2.120664949294785995e+00
2.005886954832141633e+00
2.112922562408156679e+00
2.110143957953629190e+00
2.043314663973940348e+00
1.829789279712675354e+00
1.791777949632042510e+00
1.939873665575907458e+00
2.109343170763227526e+00
2.046520463331283235e+00
2.041153248349524052e+00
2.056477485784640624e+00
1.996356160240322364e+00
2.019657247570016967e+00
2.168483883335667439e+00
2.224794142161147015e+00
2.201301811409520415e+00
2.177134270519444303e+00
2.142143640266719995e+00
2.278766960838789046e+00
2.274578137289532620e+00
2.324934646672253358e+00
2.293399234421520827e+00
2.026369488543889652e+00
2.174509368637665752e+00
2.194258521395734629e+00
2.145658534912072923e+00
2.144373498655077537e+00
2.440891330259834291e+00
2.107115354673293250e+00
2.080911656608603444e+00
2.097235983333931131e+00
2.243725277062615930e+00
2.096050509351332636e+00
2.067600976083916020e+00
2.113053502034359266e+00
2.135930134058802832e+00
2.212620461496610513e+00
2.433286232575910368e+00
2.229522934412049295e+00
2.374547949610747111e+00
2.477236108565210149e+00
2.432424964749752672e+00
2.455100974257967916e+00
2.521786779524724853e+00
2.399842210890060556e+00
2.596489064024977811e+00
2.488044694415995295e+00
2.292770189681907045e+00
2.402659692363912303e+00
2.414979752397142576e+00
2.473747517971331966e+00
2.032628859273044597e+00
2.189296575183577342e+00
2.157184066886691287e+00
2.080998497287695592e+00
2.330755214131452924e+00
2.164344540215757728e+00
2.457905396992885905e+00
2.334992995069546051e+00
2.081603299066726365e+00
2.210785492574107725e+00
2.130387926897503004e+00
2.243090219879770864e+00
2.427486951780957636e+00
2.173389283002417294e+00
2.207104991262419880e+00
2.117716902806951573e+00
2.026833989764506239e+00
2.077171824594546301e+00
2.225632434761755984e+00
1.963796717624279209e+00
2.161350433606895827e+00
2.221929379029222495e+00
2.005187808080834078e+00
2.057038154079761316e+00
2.036651462636526855e+00
2.197188263064131952e+00
2.327805553319929999e+00
2.142328664033269714e+00
2.353206053880078752e+00
2.276987218979940941e+00
2.397942191005300483e+00
2.312078712691771454e+00
2.117603227764945917e+00
2.481566922419724097e+00
2.300740007091597317e+00
2.247007389269472633e+00
2.550629004148726064e+00
2.630108407068076914e+00
2.514558848632652666e+00
2.592201660488130166e+00
2.325457656315011334e+00
2.328060749328267232e+00
2.195993294692006437e+00
2.209803311683905314e+00
2.237492305480212718e+00
2.299883049726752837e+00
2.192376053901400113e+00
2.194194433527347776e+00
