1.669669486195042518e+00
1.729142688011244156e+00
1.857864872121490540e+00
1.660600301427229253e+00
1.688867476090710973e+00
1.815134502044764453e+00
1.663938790824575298e+00
1.897798544103860063e+00
1.698414278071800787e+00
1.877508613824744987e+00
1.863820223649014896e+00
1.761006961355298550e+00
1.806554078988215295e+00
1.886956475974343572e+00
1.639115812521722670e+00
1.847810946711661018e+00
2.055266443053465508e+00
1.874262124192115575e+00
1.815424836684205623e+00
1.789985496437684676e+00
1.873915739966699689e+00
2.067075195095118278e+00
1.650919322106518594e+00
1.682116150843736557e+00
1.752809675116072663e+00
1.888652785753513363e+00
1.758377081884836546e+00
2.066035548751478768e+00
2.120490264693966953e+00
1.878478675354622540e+00
1.797096021485048878e+00
1.989146793504624311e+00
2.068185486602530876e+00
1.783836905930685779e+00
1.651286607693534192e+00
1.649503185851018516e+00
2.132679944086389945e+00
1.830616055609652459e+00
2.110344843156404249e+00
2.092222545500076691e+00
1.939710432503538362e+00
1.953217442982416063e+00
1.971796537190716458e+00
1.921550754550001683e+00
1.881196342527408305e+00
1.944538041192387823e+00
2.164339545189597480e+00
1.900375680285397495e+00
1.998874180644750531e+00
2.046396470314537641e+00
1.917838682687565521e+00
2.020630312421404451e+00
2.013576102899328646e+00
2.127144011197322548e+00
1.737932682767754367e+00
1.775459192669355701e+00
1.584081293328847728e+00
1.666025009884240848e+00
1.814199445467754801e+00
1.615551724436952385e+00
1.899504987914182319e+00
1.968144707442975205e+00
1.765230932676036479e+00
1.897561675611241006e+00
1.673216882902271108e+00
1.851074689929693262e+00
1.842357929628093194e+00
1.901463782077180031e+00
2.122340616760503007e+00
2.037254063257113668e+00
2.111239755914940730e+00
2.117002024424512907e+00
2.019111413150855849e+00
1.767378937476463019e+00
1.780657100154026562e+00
1.674611819356667697e+00
1.767392467723735150e+00
1.862507131318776654e+00
1.950872690654176900e+00
1.972541341616982580e+00
1.836726504341724020e+00
2.067453748412050984e+00
1.853505939473139463e+00
1.747943617926803084e+00
1.777902318133070869e+00
1.860429522245563128e+00
1.995745142235001879e+00
1.900742107187052943e+00
1.879710464809788428e+00
2.044640861078665939e+00
1.977060510498583890e+00
1.977593826736520066e+00
2.099341310775221014e+00
1.947741560892461754e+00
1.997911203879587427e+00
2.169509093210240103e+00
1.967197036319447312e+00
1.834122192539082485e+00
1.980480930734888734e+00
1.704625646752444990e+00
1.684306639947447337e+00
1.765006125547933014e+00
1.767122399205844463e+00
1.620039987280996963e+00
1.752002345096330016e+00
1.665200058225833057e+00
1.824211630671932483e+00
1.721546165102301407e+00
1.596734291444833698e+00
1.921272489931858285e+00
1.855221875342063065e+00
1.758699063431638843e+00
1.731372788185737255e+00
1.975302464640403377e+00
1.946873800643766916e+00
1.776460322157589644e+00
1.707140110972875213e+00
1.857107347483116122e+00
1.709603717005865109e+00
1.680816509694320615e+00
1.713516714647794092e+00
1.716845266810832049e+00
1.996588889376367248e+00
1.630342838537668149e+00
1.801713737430872486e+00
2.163781756836984815e+00
1.619851814153861369e+00
1.759437199864196888e+00
1.919245394883572597e+00
1.807454151077127813e+00
2.084241023027491924e+00
1.892367806291994192e+00
2.052012379586305002e+00
1.781582996861028834e+00
1.819492491935884360e+00
1.857280703283678669e+00
1.690716412196874963e+00
1.744580008328048715e+00
1.687454882866839867e+00
2.057171067609274928e+00
1.716523988861908379e+00
2.004266417909538411e+00
2.045157321973343656e+00
2.013503025036984084e+00
1.945332188116229988e+00
1.837729089988162645e+00
1.900844050355219306e+00
1.674554623737210646e+00
1.639775402542815064e+00
1.861935019867472230e+00
1.837136802975340100e+00
1.815296285072627747e+00
2.012913724506393276e+00
1.787581117643578077e+00
1.948815556501103607e+00
2.064040010762041355e+00
1.925865672464348588e+00
1.983287737562180242e+00
1.734382451509748790e+00
1.789403074734777999e+00
1.803101808186650334e+00
1.673514575476953814e+00
1.614466599641850353e+00
1.615832035235641229e+00
1.773581594384644244e+00
1.689947755864577239e+00
1.779505881306167936e+00
1.788631058684846620e+00
1.838545555220645111e+00
1.698621382740151065e+00
1.694189452331402501e+00
1.779122967108439202e+00
1.938175623760991284e+00
1.790149161698664892e+00
1.783665741595253262e+00
1.797393715433606154e+00
2.026171197603714447e+00
2.156183585666420655e+00
2.061706568985047117e+00
2.044126618006078200e+00
1.980839018606896040e+00
1.872237325811374475e+00
1.656546478522493704e+00
1.727730794168945927e+00
1.698259055224218717e+00
1.753470700055921316e+00
1.686906680524893565e+00
1.626098247463623192e+00
1.598899401192058978e+00
1.854970621672574094e+00
1.878616860226852037e+00
1.915022716782254220e+00
1.990722351166842374e+00
1.922989913637537907e+00
1.974207437591055880e+00
1.807738781378716464e+00
1.757709494708036946e+00
2.118193115698683737e+00
2.013159910147467091e+00
1.957233804786666420e+00
