1.672166750013634795e+00
1.460029442046168358e+00
1.424817825067428601e+00
1.482675336162863955e+00
1.399929009641516897e+00
1.435371946658433595e+00
1.648637250790766062e+00
1.631880618410939121e+00
1.506149019404444678e+00
1.554410847305165655e+00
1.695640246194161760e+00
1.685903723230489204e+00
1.632619742036174770e+00
1.668309301949168377e+00
1.804419183892970402e+00
1.662269239643257235e+00
1.596553196487553672e+00
1.766545268388756806e+00
1.574470517150863058e+00
1.622835740534180893e+00
1.707391309712490646e+00
1.722378879864518098e+00
1.705180547152173931e+00
1.680555606617544440e+00
1.663435998942599525e+00
1.736207134430968635e+00
1.546950328286058385e+00
1.829570594168544062e+00
1.643845526933019219e+00
1.870326000528844235e+00
1.675198541613475367e+00
1.640574912075518865e+00
1.573858719661304750e+00
1.676729237200548006e+00
1.555027165804278022e+00
1.706822887262055444e+00
1.745810865873626883e+00
1.537475801879482518e+00
1.489949863784618911e+00
1.575404102430500553e+00
1.732419427738328910e+00
1.561697928965226634e+00
1.607616719456130605e+00
1.696302660921057859e+00
1.650146242837130739e+00
1.718246529830317115e+00
1.569462517840793048e+00
1.587296605308653685e+00
1.732701614248338462e+00
1.617419813089651770e+00
1.724458583630520403e+00
1.511446271176609457e+00
1.628006992931359420e+00
1.471664499311748697e+00
1.436329865110551829e+00
1.597943100986198850e+00
1.620535391931163360e+00
1.580995494076491870e+00
1.507062345156994887e+00
1.648588478587280859e+00
1.623517129962442462e+00
1.508985932923970763e+00
1.458102748747035493e+00
1.590396847359976995e+00
1.623294885171320256e+00
1.783598229179759187e+00
1.608942291731971341e+00
1.568314560332802143e+00
1.584886803761783369e+00
1.768224279944648591e+00
1.706054490464465667e+00
1.702488189393835061e+00
1.676618020314257995e+00
1.452440911109665445e+00
1.573601993220395734e+00
1.769402364014612594e+00
1.680852688581634169e+00
1.829563109778674868e+00
1.674238167875840233e+00
1.710502527763005931e+00
1.564912343093207925e+00
1.563819144546672923e+00
1.636337284145036319e+00
1.499540615527028109e+00
1.473484447827219990e+00
1.567523622734464217e+00
1.744588354261979557e+00
1.870288073866470002e+00
1.750558540992662060e+00
1.436833704383969179e+00
1.609903927724223305e+00
1.556233495253716237e+00
1.469523027752062339e+00
1.531013978941524689e+00
1.568364467797135564e+00
1.720603824426820250e+00
1.720410878351228856e+00
1.568556897401193861e+00
1.746432750309202753e+00
1.609104269926450836e+00
