2.193585177934374908e+00
2.110591263094259595e+00
2.215596955015760372e+00
2.197967859953713798e+00
2.156344515127095463e+00
2.137569761748239650e+00
2.356035245340716511e+00
2.254616937863495263e+00
2.175368671345769833e+00
1.921350825344724012e+00
2.084172457074854989e+00
1.964270115299170394e+00
2.120794639279719007e+00
2.226803272976970671e+00
2.062870627396415024e+00
2.145897746979990028e+00
2.326993503459277246e+00
1.998926861829907198e+00
2.383774995083276060e+00
1.992471803791294294e+00
2.162713035832270148e+00
2.097511808992326365e+00
2.405592520057270534e+00
2.460214994637934360e+00
2.057077436078620813e+00
2.300734592382956301e+00
2.078421945118304581e+00
2.004491983584613557e+00
2.469375621553911770e+00
2.129282029635333195e+00
2.202280555501018089e+00
2.433294400020442172e+00
2.137411853871291179e+00
2.076372425618992157e+00
2.344264216990201710e+00
2.502600401809087050e+00
2.396460921127869348e+00
2.443751759063487405e+00
2.478211861667463989e+00
1.979620085651473627e+00
1.997956394481986475e+00
2.199048028792520260e+00
2.257268270832300860e+00
2.509815375410703986e+00
1.951900460490170630e+00
2.487429843484812331e+00
2.294300005240737406e+00
2.409096482705847198e+00
2.323825679535805655e+00
2.285719513150646254e+00
2.454406208042269277e+00
2.411288385066221451e+00
2.221399343262477011e+00
2.245137208940341633e+00
2.286626562009920427e+00
2.245293228527272422e+00
2.358591083315294767e+00
2.141706036038249827e+00
2.162654347139370881e+00
2.110180663283403479e+00
2.512891562785071642e+00
2.031630427750956258e+00
2.301159348849054265e+00
2.113296880988531967e+00
2.489667556442895169e+00
2.437040110083165345e+00
2.182113592787550793e+00
2.108531809667709034e+00
2.280518535531761870e+00
2.479832754651108750e+00
2.306548589315543740e+00
2.479464738144942615e+00
2.579647660056220815e+00
2.203321489823926616e+00
2.458134774796731037e+00
2.344272571188101395e+00
2.207252665589789498e+00
2.286312955591360385e+00
2.373312697760718404e+00
2.309488686229464349e+00
2.456010832875294536e+00
2.290201134421963491e+00
2.217331968022874022e+00
2.428406265591624535e+00
2.295418015796609534e+00
2.195573900351073249e+00
2.157273098480986029e+00
2.323016095823452254e+00
2.542457233308923925e+00
2.425567238844690277e+00
2.382162956312217528e+00
2.223156154207049262e+00
2.252369026375983907e+00
2.272690683220421004e+00
2.297254666197122486e+00
2.317130251850399336e+00
2.326759107050967224e+00
2.457298915725749655e+00
2.196928369578444951e+00
2.285186596893629130e+00
2.393615704159023583e+00
2.404728487235127776e+00
2.479898536413776000e+00
2.591174690876346887e+00
2.624727327702337742e+00
2.555222662299184488e+00
2.408473291506128877e+00
2.446248481886817761e+00
2.464818752558869619e+00
2.489879200434222284e+00
2.529347855878805618e+00
2.385954469134239808e+00
2.353084323814834899e+00
2.467936392638809373e+00
2.342012526663976413e+00
2.467811002998224090e+00
2.370685474283581229e+00
1.943628994255193865e+00
2.602471072819319886e+00
2.295792004675378806e+00
2.705474238823864841e+00
2.566459530605653239e+00
2.349765223495593691e+00
2.488568314356392364e+00
2.537770440032529162e+00
2.476752797078068724e+00
2.646910363562564150e+00
2.380757564658905423e+00
2.576445847743467077e+00
2.599406995727198133e+00
2.368628659097139710e+00
2.422570459136639709e+00
2.552684007291220247e+00
2.438793556683326091e+00
2.347555326446016277e+00
2.546560806446631631e+00
2.470367312395592929e+00
2.657387657565805306e+00
2.261277106211819099e+00
2.231696017232108975e+00
2.229788683085794254e+00
2.126314357177641945e+00
2.162712810743466552e+00
2.295144912266498416e+00
1.876214112688945557e+00
2.103201682395505756e+00
1.825778771791080057e+00
1.988376058354708986e+00
2.193967596914349727e+00
2.133029647828516229e+00
2.241609138372202104e+00
1.870685088141331720e+00
1.853815405692432527e+00
2.201819646972768219e+00
2.317848928865367419e+00
2.489454987363189264e+00
2.453308593585873609e+00
2.290108154467235480e+00
2.389137416626363919e+00
2.238069373581621058e+00
2.164053159540643367e+00
2.277611956013171568e+00
2.524162805531640075e+00
2.452580611445183134e+00
2.479841743567217538e+00
2.125634165947088761e+00
2.365014667216250643e+00
2.417911876452374376e+00
2.485786092268477798e+00
2.436253642890470861e+00
2.676743344553055515e+00
2.462740340204328859e+00
2.577635618383708138e+00
2.640452870018262566e+00
2.429732680466498262e+00
2.334404322550190258e+00
2.571248454184558163e+00
2.583643474931348827e+00
2.566901775291638987e+00
2.706976204490290527e+00
2.773826495459853714e+00
2.732014543973033671e+00
2.497368508923416996e+00
2.565955683055944458e+00
2.579842355441945401e+00
2.150036792352979731e+00
2.401274997573781711e+00
2.493751100697492173e+00
2.022733073124207692e+00
2.253757208398241563e+00
2.013048903336928763e+00
2.365313863943784956e+00
2.241118820590303873e+00
2.111339837192475422e+00
2.445702646020722071e+00
2.178608921554864075e+00
2.288663030427428691e+00
2.213160370464498872e+00
2.440489601829703759e+00
2.396782777695935174e+00
2.371708378923563121e+00
2.520714920411278204e+00
2.409827256957862485e+00
2.397013286988201042e+00
2.563668540774015181e+00
2.459073024981259792e+00
2.272678975550246339e+00
1.967431799859700403e+00
2.142276661028227558e+00
2.083834341962661263e+00
2.230970605609941426e+00
2.262572418830265164e+00
2.129964363649789583e+00
2.342544467326014512e+00
2.281183458699282518e+00
2.293431588499031282e+00
2.472986431353825676e+00
2.378329716007702377e+00
2.345677034801567640e+00
2.604189111681896929e+00
2.507987383529847847e+00
2.449539982743664801e+00
2.612068304956390197e+00
2.440520912791703356e+00
2.300413554801707949e+00
2.369338248082490495e+00
2.486542639477557604e+00
2.254754117227253385e+00
2.248558734524633618e+00
2.377589152751347967e+00
2.612460992311748331e+00
2.568172159101788754e+00
2.409385110749650227e+00
2.334569748992546323e+00
2.586106707339684618e+00
2.665068908818524207e+00
2.480135680044952551e+00
2.600033865723606841e+00
2.498695642773510084e+00
2.627882951029232306e+00
2.810008758683638419e+00
2.489682195469073100e+00
2.595293945843666794e+00
2.506114225483676350e+00
2.440654032138048990e+00
2.426406150478100709e+00
2.650999006654206624e+00
2.517233103909556569e+00
1.822203922172621837e+00
2.102502033788646418e+00
1.881090403991732440e+00
2.077345889714690585e+00
2.217731783602797879e+00
2.120046618018275097e+00
2.230021565817192464e+00
2.139268836331449819e+00
2.057339471231159234e+00
2.185658919859756466e+00
2.163105113844084215e+00
2.014265351042221042e+00
2.007514838797614498e+00
2.164132438022246419e+00
2.263551644497783233e+00
2.105720441237050267e+00
1.868239405922926810e+00
2.423799473753016187e+00
1.916001409508134579e+00
2.206270670730595018e+00
2.112066496215250222e+00
2.555438836181770146e+00
2.099382213553313559e+00
2.070207178558890693e+00
2.398891002070204781e+00
2.299322630270111301e+00
2.017103652344228948e+00
2.297759185096372114e+00
2.445077126810323076e+00
2.202607612717477625e+00
2.355185677513386810e+00
2.189509431984932863e+00
2.196204377694655374e+00
2.431356397823926763e+00
2.408042820881938439e+00
2.409830055287403017e+00
2.508377621742353014e+00
2.144147230517659430e+00
2.233007398887537853e+00
2.234741497796283838e+00
2.355597004424163643e+00
2.572865462055438979e+00
2.460533666347374471e+00
2.372035818769666626e+00
2.210699439201112337e+00
2.232383990069862989e+00
2.434395642849120467e+00
2.449324911005132055e+00
2.351056624206015577e+00
2.244110309144008664e+00
2.241570748856712925e+00
2.277259435293123246e+00
2.221556753319825717e+00
2.141964603443836879e+00
2.033392811706982162e+00
2.255924553114089459e+00
2.066206294115922049e+00
2.371865211200406165e+00
2.083203659386884343e+00
2.196071394373237951e+00
2.340861173092021463e+00
2.199190412358576374e+00
2.473821900499440396e+00
2.076161047823343875e+00
2.329262874118966486e+00
2.156378820295267840e+00
2.433058568947460198e+00
2.276679463748489063e+00
2.132338627327821534e+00
2.336398228154248358e+00
2.119279712806518390e+00
2.440807248224703407e+00
2.245666938614185426e+00
2.392995008007745561e+00
2.278875929646881904e+00
2.231882247121300011e+00
2.539819807551470632e+00
2.049644032408622252e+00
2.280986488920582200e+00
2.391879016804175695e+00
2.301338439959502935e+00
2.379907300318889973e+00
2.275539235420516171e+00
2.166753592418219743e+00
2.232034431605466995e+00
2.103732574501335328e+00
2.114264954265130836e+00
2.211763587845777312e+00
2.432931813476985727e+00
2.436363508747173778e+00
2.508335029575932573e+00
2.119657109864816480e+00
2.362824409431085737e+00
2.540525551387400771e+00
2.236025933762527895e+00
2.226132283428060799e+00
2.114668836367240345e+00
2.266396285495779317e+00
2.181926928107681185e+00
2.549552147766174226e+00
2.462942928860814007e+00
2.579180277357656426e+00
2.165572706114483381e+00
2.173197275243526683e+00
2.268390072418360770e+00
2.513837993020890504e+00
2.399814535398435478e+00
2.526439858257348625e+00
2.624938016370483407e+00
2.463027438289790094e+00
2.514607577518289894e+00
2.482589362736360883e+00
2.462343373494338739e+00
2.477603360846081237e+00
2.519046221061111535e+00
2.485814198705008859e+00
2.457348214253252561e+00
2.449815343587908867e+00
2.196950137456520125e+00
2.238514937584393572e+00
2.341136484989418065e+00
2.525001235387347887e+00
2.333471020131647755e+00
2.367542752504786296e+00
2.631442276834027982e+00
2.516937584522049853e+00
2.372960399130925602e+00
2.549363726730752955e+00
2.683489899583632265e+00
2.215566532338469674e+00
2.383580403942550774e+00
2.537680413468401674e+00
2.512111432135052169e+00
2.571919363298963201e+00
2.485800340212637405e+00
2.298917834235847391e+00
2.671793872089447852e+00
2.449224621670323732e+00
2.325267732692644973e+00
2.563056072646132666e+00
2.268500255073722993e+00
2.476660472239122779e+00
2.317183184278563512e+00
2.584431022121719046e+00
2.344341331766944148e+00
2.292824782045280063e+00
2.626331855827020778e+00
2.623462317214016792e+00
2.704545264649601766e+00
2.155919387387622344e+00
2.161185270471215780e+00
2.156708862408856398e+00
2.321218026331083983e+00
2.097739333421406727e+00
2.119489820500297661e+00
2.330835883555947508e+00
2.071851178643041802e+00
1.977394376326499170e+00
1.728595412346026539e+00
1.948874366980247519e+00
2.132553066930232610e+00
2.042757251414309305e+00
2.067094659827056091e+00
2.087549464084769824e+00
2.199372588787310789e+00
2.033900211519246159e+00
2.506420478528601503e+00
2.432945351188045446e+00
2.523110090950549722e+00
2.361466572226970317e+00
2.327982813118992134e+00
2.506627389662508865e+00
2.258242499281628124e+00
2.475929846212835184e+00
2.325209384224825815e+00
2.150391009372949469e+00
2.385039650164768599e+00
2.325337942224740218e+00
2.290375756560771858e+00
2.395415809762723391e+00
2.594220079946727875e+00
2.413323500627370333e+00
2.414563498659561880e+00
2.323818691909643963e+00
2.581757687669246071e+00
2.373406273188945370e+00
2.658176800779808779e+00
2.350295150681653400e+00
2.461834888392026688e+00
2.429538546564637524e+00
2.615115720198964322e+00
2.395654261015881747e+00
2.545916392735863010e+00
2.610614885796731510e+00
2.466580688678837507e+00
2.432808105289230305e+00
2.573462558331881311e+00
2.581675352802188517e+00
2.740020784058935011e+00
2.703674714931392220e+00
2.513795024248810961e+00
2.429615654126597857e+00
2.511001202464288262e+00
2.592018983009583444e+00
2.271500235062917206e+00
2.275801317637152099e+00
2.369465046708898015e+00
2.240654396744460541e+00
2.399498442177744106e+00
2.439315684063731560e+00
2.671156214505299165e+00
2.532186908711646200e+00
2.225059516515538682e+00
2.310264348216238606e+00
2.142541815758808088e+00
2.249890987615515314e+00
2.380107885586643768e+00
2.242266675711332979e+00
2.288470485138133448e+00
2.324428567575079096e+00
2.264425355935395068e+00
2.313359095378651809e+00
2.262492606077512569e+00
1.970905021218963826e+00
2.232550724710986145e+00
2.266285376995255341e+00
2.130063128263626648e+00
2.194313834835156296e+00
2.203424020612000600e+00
2.365266497060130035e+00
2.365749675139267261e+00
2.356999950208820582e+00
2.409964333232765377e+00
2.365334884518750069e+00
2.445181440407607543e+00
2.474910102919510191e+00
2.317242312121739367e+00
2.566610747156108374e+00
2.330969309239319109e+00
2.362824513395113790e+00
2.573693294462884307e+00
2.543932324547512724e+00
2.561474561967852726e+00
2.726236476569245504e+00
2.520413130615736463e+00
2.426884249437204488e+00
2.390296758290956891e+00
2.423399458458498135e+00
2.345199556788160944e+00
2.362996556653658597e+00
2.456071264327021275e+00
2.343956323681101406e+00
