1.654649310205893897e+00
1.537968285303036975e+00
1.459158313209222735e+00
1.492922935024738607e+00
1.475486361448365091e+00
1.500619391851078621e+00
1.696544347896202565e+00
1.659616045091387715e+00
1.575178841777979510e+00
1.542328151852280671e+00
1.709067536855743086e+00
1.712360010994521620e+00
1.681895491066733417e+00
1.835803501600209220e+00
1.954672874604712396e+00
1.693990030650616818e+00
1.629636527313326866e+00
1.876038831675791219e+00
1.605037392201679847e+00
1.844940575427049811e+00
1.897593988450788860e+00
1.836898487005884872e+00
1.891722508773004074e+00
1.702657344697245279e+00
1.805302436080170159e+00
1.856517903694794525e+00
1.692857341281245320e+00
1.877328275324915863e+00
1.772690622857451492e+00
2.006429203753413493e+00
1.679356642496280250e+00
1.706606662262567520e+00
1.540585029780992432e+00
1.779555339985857243e+00
1.712725361030244420e+00
1.768120670250632909e+00
1.811174270467001968e+00
1.525077865754053796e+00
1.421071430157547555e+00
1.527479176949962048e+00
1.773612425733490650e+00
1.702799871099750284e+00
1.692582196199870603e+00
1.640433421613528786e+00
1.681349472878279183e+00
1.823991000055134926e+00
1.852114677808208709e+00
1.774399231432237434e+00
1.760086518478380047e+00
1.749413745607337312e+00
1.735409296235535415e+00
1.546269410981389036e+00
1.696890313596823185e+00
1.535068986778389544e+00
1.510897973097517388e+00
1.651555326015274883e+00
1.668221701132647450e+00
1.664744420716229190e+00
1.682676024055005382e+00
1.695262808016308798e+00
1.660445235487045146e+00
1.574828653371926901e+00
1.617165726963978756e+00
1.718787410286229944e+00
1.695600878884966134e+00
1.833534863722808383e+00
1.692618327851533211e+00
1.605394735133532702e+00
1.626965177229978687e+00
1.884123833571681450e+00
1.889879689856993616e+00
1.952278796179840015e+00
1.879891692835117256e+00
1.493052666298003484e+00
1.630064672350181265e+00
1.902490747039326413e+00
1.794904481516803152e+00
1.970623882028552432e+00
1.647504199796592683e+00
1.765515544305442885e+00
1.660045264244794483e+00
1.736132473791683228e+00
1.696164785470827940e+00
1.672533425882699820e+00
1.722060944002841598e+00
1.901569780403163490e+00
1.908993606572912727e+00
1.947469638921452084e+00
1.811455619608900891e+00
1.604795164890310710e+00
1.652243816371089968e+00
1.587662324196363661e+00
1.484888250172661239e+00
1.691841053768411873e+00
1.699490421882453584e+00
1.694841182428466819e+00
1.846496682851360704e+00
1.808168076048703554e+00
1.888124698856443517e+00
1.722439037471111156e+00
