2.026362931042852367e+00
2.097942951899740116e+00
2.301469810364969337e+00
2.039193194400592990e+00
2.131145067397126613e+00
2.120567510145419110e+00
2.067214702266557680e+00
2.331498124641609326e+00
2.089309843963922386e+00
2.063552241457784042e+00
1.980306416542038761e+00
1.975325220067852605e+00
2.065537167907861793e+00
2.261023929511797537e+00
2.062077426853258899e+00
2.074467130478442556e+00
2.405616167094439817e+00
1.950921429305149557e+00
2.356469348964451704e+00
1.945054209512199650e+00
2.032025173342577595e+00
2.077548447517552965e+00
2.498034878114071766e+00
2.522737905913420509e+00
2.040718616872934987e+00
2.254654749816840997e+00
2.131237878675287245e+00
1.908322928972938204e+00
2.372985122510105516e+00
2.081515325065567357e+00
2.179435961550946210e+00
2.434431295513910243e+00
2.116276858343686396e+00
2.076135757657850522e+00
2.409703359093195552e+00
2.356123557183678940e+00
2.444269763176722066e+00
2.439044095647544985e+00
2.531244200458179883e+00
1.983402230440752367e+00
2.133597020477551176e+00
2.365610259761218526e+00
2.275234884558540838e+00
2.458263309457373591e+00
2.124083810557243268e+00
2.470412497870266844e+00
2.271124298400021946e+00
2.454185811512437976e+00
2.332669151001857788e+00
2.287998765926721134e+00
2.421054481549341997e+00
2.298559021817967007e+00
2.262855320779744606e+00
2.264317502242117808e+00
2.279967255489742328e+00
2.220088016820807031e+00
2.398173373802670483e+00
2.096163132065004042e+00
2.216094500570723103e+00
2.121802674303932879e+00
2.606493099886326714e+00
2.040613016725030260e+00
2.322680531877432841e+00
2.171994913879740530e+00
2.493924569163168847e+00
2.380022090819443825e+00
2.184809113851761797e+00
2.087383015600500880e+00
2.261978888245575803e+00
2.469504859577345446e+00
2.370023085204846058e+00
2.423941030386597362e+00
2.512565249044358850e+00
2.283304572942214783e+00
2.506779185931019782e+00
2.323356896012190642e+00
2.271805305107189366e+00
2.325113692627312378e+00
2.413893196261144514e+00
2.404982876541905235e+00
2.490382045544369483e+00
2.350278065478346168e+00
2.240564806186912339e+00
2.318640772291579832e+00
2.394886999666828942e+00
2.290749474498765537e+00
2.204491471726234497e+00
2.285975586082905853e+00
2.595288246679620769e+00
2.504464811618651421e+00
2.459979793488341393e+00
2.394923413503817322e+00
2.154628185691403353e+00
2.272469555599239577e+00
2.324389548920997584e+00
2.471417813563704602e+00
2.396950284064959025e+00
2.548503538043805250e+00
2.250578137583912230e+00
2.258552678597153029e+00
2.351678726915626072e+00
2.484928150971686289e+00
2.674851165470352843e+00
2.598443425596765888e+00
2.587685443431759325e+00
2.634284474252064800e+00
2.624283755931203110e+00
2.597424694173652959e+00
2.529308177244059319e+00
2.514940679577332361e+00
2.641695795201624897e+00
2.374372307213169719e+00
2.369523062541720293e+00
2.332556567102898715e+00
2.324701345835629152e+00
2.293340082749756537e+00
2.353491744436110533e+00
1.914878387433913476e+00
2.527880273407479450e+00
2.292761119838850448e+00
2.752492369291389185e+00
2.559507051426502588e+00
2.450924619096710888e+00
2.545869060167953002e+00
2.454981738944788106e+00
2.435137403068602158e+00
2.565864040509475696e+00
2.397671087856850569e+00
2.649629493037681360e+00
2.643468254129363260e+00
2.410287056572707254e+00
2.365210384531274190e+00
2.520539044375202042e+00
2.397287281668923242e+00
2.248697536282162179e+00
2.483614100272179659e+00
2.515877004190042676e+00
2.598931419562370504e+00
2.175695592635742415e+00
2.089665145080318531e+00
2.091566676856697615e+00
2.147102458082272847e+00
2.123126364263702825e+00
2.252499591787167965e+00
2.090890863071509287e+00
2.022203253083560970e+00
1.921400216305299002e+00
1.948753727369514133e+00
2.098508139349132939e+00
2.248623050660766509e+00
2.161451906528046418e+00
1.846198450943026259e+00
1.881506870301995926e+00
2.031604816914420741e+00
2.434571328189090167e+00
2.361665164597253952e+00
2.513435855178971501e+00
2.262156530873876026e+00
2.527516031804228458e+00
2.299691125216682064e+00
2.179559056266863415e+00
2.360319464078315388e+00
2.385346170989364190e+00
2.551887206704757549e+00
2.566454161139485546e+00
2.118256070177296557e+00
2.330023997858122531e+00
2.347142754006975363e+00
2.493040804718941406e+00
2.357178038322690128e+00
2.542387460979190994e+00
2.381148065282745474e+00
2.577747649883647796e+00
2.604096862072108554e+00
2.503723480480692931e+00
2.368595280823334814e+00
2.566629770735879834e+00
2.660262964656233464e+00
2.586104480711893139e+00
2.577363916028386992e+00
2.731665462166854130e+00
2.668295935547656317e+00
2.568490126859358291e+00
2.568300504414036123e+00
2.551945272942963250e+00
2.176334962704268516e+00
2.347643819053953251e+00
2.371936782296897750e+00
1.976479043572455296e+00
2.231320522579227195e+00
2.067004523303047403e+00
2.392987804792708229e+00
2.250370509907554162e+00
2.105941486008900743e+00
2.353673773860410101e+00
2.242639169831305956e+00
2.287609920320744727e+00
2.239609887963210699e+00
2.418697006627416268e+00
2.405030841572922018e+00
2.386859281066130212e+00
2.453957732805017056e+00
2.374439173777697754e+00
2.412065590600554810e+00
2.537743794957145749e+00
2.500155835319189723e+00
2.126389414253290866e+00
1.909924818370485111e+00
2.181452395909066144e+00
2.119453556164123231e+00
2.168643266335374520e+00
2.284201995015528563e+00
2.245632047945785192e+00
2.255891842132005998e+00
2.207699719719971032e+00
2.320865920717640307e+00
2.457717144238348528e+00
2.310923806445893902e+00
2.345073204101605580e+00
2.565490226185643152e+00
2.475121520612735271e+00
2.413562446230367975e+00
2.507685339828387150e+00
2.334527722002785133e+00
2.341848434430201298e+00
2.393226093026454393e+00
2.446873553261104561e+00
2.339370496164109525e+00
2.523001340116924673e+00
2.404415523033608615e+00
2.661014081868983361e+00
2.633425176101234388e+00
2.557354852006556545e+00
2.477169214135385822e+00
2.581871463767620778e+00
2.653830087073636879e+00
2.467743008049588127e+00
2.672216756897412004e+00
2.495363086244253736e+00
2.414821784412360284e+00
2.822700104944530608e+00
2.463998433038390612e+00
2.450103784642384319e+00
2.493780077203406886e+00
2.541775849866702242e+00
2.379643474883435417e+00
2.522556082511445918e+00
2.631267885855982147e+00
1.827112817898530750e+00
2.200176519372756268e+00
1.910219262549150976e+00
2.127686765500589328e+00
2.155086030617560766e+00
2.143943756249777177e+00
2.027197091963376163e+00
2.104388666428425481e+00
2.054711088109868911e+00
1.996916371429480419e+00
2.146129033316808155e+00
1.985163192738683247e+00
1.899674157897130122e+00
2.050678442781198818e+00
2.402708637971183059e+00
2.115850531035230908e+00
1.951048971194221382e+00
2.217531889302168047e+00
1.874779841215096221e+00
2.126048211911745422e+00
2.217149763138906771e+00
2.610527337605188514e+00
2.035032285567016874e+00
2.042445092138941654e+00
2.337344582178113583e+00
2.204037059517371944e+00
2.013480948887479194e+00
2.227689017912956260e+00
2.340639343598939437e+00
2.162763043338193469e+00
2.246792892114528151e+00
2.135727543168439269e+00
2.166016160626663911e+00
2.360614555398845571e+00
2.366138849905433883e+00
2.429566526948964800e+00
2.443757673408264441e+00
2.105322366651237953e+00
2.131210418613753266e+00
2.194842023946390608e+00
2.377328009473969939e+00
2.583357616164016157e+00
2.537930055598823120e+00
2.399390860706394069e+00
2.262865673593996707e+00
2.277783823567126831e+00
2.485549877362929649e+00
2.448588699871907082e+00
2.340432061240107942e+00
2.263110035286404198e+00
2.210730868347579925e+00
2.323101040881810686e+00
2.227488578852501178e+00
2.278332917254224821e+00
2.044692869343096575e+00
2.189559584188367491e+00
2.187660973035479461e+00
2.447090690191858098e+00
2.123038180961290156e+00
2.247101158452503356e+00
2.354411092358019708e+00
2.090558045182519642e+00
2.515869492445960365e+00
2.099216598453229388e+00
2.297473484957330392e+00
2.186528985060435470e+00
2.394929375823841244e+00
2.199376589293289719e+00
2.170664114547241397e+00
2.490473206413732932e+00
2.145283782061091493e+00
2.479772158448255048e+00
2.207062488663636746e+00
2.425487637810271213e+00
2.317986751226511988e+00
2.280712130414542127e+00
2.527850358015836463e+00
2.070867237992985554e+00
2.358768834082621169e+00
2.394454290488124304e+00
2.522362720082829135e+00
2.266860767001459998e+00
2.354627667914185540e+00
2.262101393177992747e+00
2.232144366536524149e+00
2.178717520245554873e+00
2.167728543808007835e+00
2.467460877614815029e+00
2.389034011301498062e+00
2.355896289433160540e+00
2.509543475660490852e+00
2.237234986331865905e+00
2.364135788629994739e+00
2.426277154174588890e+00
2.254583111080500579e+00
2.077205773975008274e+00
2.314517627623988716e+00
2.226751220006814691e+00
2.327960019143201720e+00
2.411712526292344450e+00
2.578979244485538835e+00
2.634893042758190251e+00
2.204289767612264139e+00
2.234820426607435184e+00
2.376582819272249569e+00
2.496915617342452709e+00
2.520027009188095413e+00
2.617405420308958508e+00
2.564908950586229697e+00
2.499985206561693207e+00
2.579935330317466136e+00
2.577935755270175378e+00
2.583930142542531172e+00
2.542791058766263657e+00
2.559006969157739508e+00
2.455119288116407006e+00
2.451036039773729858e+00
2.313059370155899241e+00
2.195629426057195133e+00
2.355709715317083841e+00
2.296740472730478544e+00
2.419608708408799824e+00
2.249087941796039658e+00
2.322503073898929848e+00
2.437199843957012835e+00
2.547157645775456558e+00
2.350731553164380205e+00
2.600189795347935817e+00
2.723599641879777433e+00
2.327047614751329263e+00
2.383773445640863908e+00
2.550900850282847188e+00
2.480864373104360254e+00
2.577534800089567479e+00
2.526905560143650753e+00
2.342891458406248795e+00
2.640619351142345028e+00
2.546431088745555016e+00
2.329967004477442760e+00
2.528609748350506337e+00
2.266653591377272736e+00
2.349580511014625284e+00
2.160424174817475063e+00
2.608624546762338792e+00
2.381562092764011762e+00
2.144300059688124982e+00
2.618435096202975210e+00
2.625259791366374440e+00
2.659741550828414791e+00
1.946265681910938961e+00
2.014088918269751449e+00
1.982851095807381281e+00
2.140773427913174931e+00
1.964993595470061916e+00
2.213772237399408205e+00
2.205014756556173516e+00
2.044258956858777676e+00
2.044564457629294729e+00
1.857900328998000061e+00
1.899637302571416164e+00
2.103049442005041403e+00
2.056633404825761069e+00
2.021378618968930674e+00
1.858360174028504508e+00
2.117952609357264482e+00
1.928801848175374367e+00
2.478397376636091831e+00
2.370075797207449320e+00
2.477209597310512379e+00
2.333559393624568212e+00
2.225650814010441625e+00
2.491272775348138069e+00
2.346630476053844561e+00
2.452980840362694259e+00
2.300086709455122946e+00
2.140623520099584898e+00
2.307386524056842081e+00
2.372341158225613089e+00
2.231663386707762431e+00
2.315498025716319574e+00
2.499612381799821925e+00
2.448073191836793949e+00
2.415966252228205491e+00
2.365275350453640790e+00
2.514245487843889126e+00
2.358593922362083539e+00
2.502745793007100428e+00
2.416224106586141396e+00
2.495642979175718423e+00
2.457439053049261357e+00
2.682280009669592680e+00
2.563180499109187771e+00
2.679690030156407055e+00
2.750497617535787143e+00
2.477713883640414672e+00
2.445345286435326226e+00
2.604171003556662534e+00
2.510810965480488655e+00
2.811573212348494444e+00
2.723686018492530447e+00
2.550753706090457484e+00
2.484113710412326093e+00
2.486825725835228873e+00
2.568966986520760276e+00
2.208745469669732397e+00
2.364776409993115447e+00
2.438010994312151958e+00
2.357992551492277933e+00
2.384946519054666592e+00
2.470361911659146870e+00
2.566864040190062202e+00
2.571857984120788920e+00
2.145096436927066197e+00
2.208174527936190845e+00
2.075455546011662378e+00
2.080994660073062441e+00
2.393485069696194678e+00
2.123086945016749105e+00
2.253010291963994050e+00
2.192909152822892782e+00
2.232511510239905572e+00
2.238469641340798955e+00
2.124470304017895828e+00
1.934146895393414223e+00
2.184114568741505114e+00
2.275479832828145366e+00
2.011202881111741725e+00
2.298669750412331680e+00
2.137935524404442678e+00
2.341226095015504161e+00
2.476763314854583786e+00
2.346527470361606138e+00
2.511948754507304926e+00
2.413889107313154536e+00
2.415345269076954793e+00
2.457552429292543472e+00
2.474075802910197019e+00
2.494919114358083334e+00
2.551978944729433874e+00
2.478317020231281198e+00
2.636194543163900672e+00
2.635877096518054241e+00
2.596903311548239834e+00
2.753647963605539317e+00
2.487999507203852989e+00
2.387718760633350534e+00
2.549599580290866641e+00
2.320931675201320044e+00
2.268100980601245098e+00
2.463538633237792208e+00
2.505194766660790329e+00
2.399782757788748278e+00
