2.102514688091595918e+00
2.079838766413108608e+00
2.173027381723235951e+00
2.115400074882615389e+00
2.096452015605587249e+00
2.053225933122167834e+00
2.074299573920938666e+00
2.268711718517468334e+00
1.975692909300886591e+00
2.066083328271616004e+00
1.920632819775861755e+00
1.925706637540440580e+00
2.000087907200110759e+00
2.102887656100488556e+00
2.024473655278657969e+00
2.063930920245452771e+00
2.057756841641567913e+00
1.779535487676818573e+00
2.248968333844913126e+00
1.874667844786777726e+00
2.014631212611199373e+00
2.085559251342285148e+00
2.549116301632980530e+00
2.241618854959413820e+00
2.000925531193979978e+00
2.170508935449269039e+00
1.957423429984408658e+00
1.954028659187136752e+00
2.352995460743891876e+00
2.034743340141513812e+00
2.152642138610422418e+00
2.351420025360287269e+00
2.023518427706297640e+00
2.133411928648902389e+00
2.343787723878677731e+00
2.379883762202564590e+00
2.412128721681514598e+00
2.455266102412685836e+00
2.443392108722406864e+00
1.824711229351412278e+00
1.970999919026060532e+00
2.022413042047312981e+00
1.966744940022169263e+00
2.263699864136375250e+00
2.016321177244607910e+00
2.237436322058450333e+00
2.119111142039254325e+00
2.079376079143743450e+00
1.912878623709945769e+00
2.066564832504641291e+00
2.190724394026814625e+00
2.264223101427975227e+00
2.033547263299185115e+00
2.045218926430171003e+00
1.995736698765769424e+00
2.117192962333775519e+00
2.225110548999587046e+00
1.977333220397720304e+00
2.207448269450709155e+00
2.091802111661343666e+00
2.384526074833113629e+00
2.056985094503782641e+00
2.144156158893073538e+00
2.086458549142901742e+00
2.462085035805830824e+00
2.361379289236037682e+00
2.236039994803240116e+00
2.101450496726592565e+00
2.282419640252219661e+00
2.409184543344755625e+00
2.258104686584424314e+00
2.533922037197857691e+00
2.479925274583369532e+00
2.253977162019216607e+00
2.443048676451614387e+00
2.538719538124304176e+00
2.301903700266834107e+00
2.338840300936581684e+00
2.573722057222787907e+00
2.463270362215173925e+00
2.451828191241743671e+00
2.475805193628381584e+00
2.197778730337328401e+00
2.216815261443097818e+00
2.388797722003292989e+00
2.367312627679267756e+00
2.104148398008387932e+00
2.138629276318056771e+00
2.394319342550713436e+00
2.331511459881701498e+00
2.348066346524963155e+00
2.211121835509080036e+00
2.485554403960373193e+00
2.367729968159901777e+00
2.308810416043277414e+00
2.439214922113111861e+00
2.315306240333964372e+00
2.595141329102627736e+00
2.208354534746433284e+00
2.384227939558005716e+00
2.313025256968462617e+00
2.612535990146077403e+00
2.715465472130235813e+00
2.701166013579708647e+00
2.665299434834225156e+00
2.441549893000486637e+00
2.459528146205135712e+00
2.370285498326604401e+00
2.450818405707815284e+00
2.495172324316949020e+00
2.451500034448735210e+00
2.056231485781786716e+00
2.069255322033588751e+00
2.073425506232871474e+00
2.172448846763459063e+00
2.471399780168252569e+00
2.248412837834136813e+00
1.787438974596197827e+00
2.529959555804965454e+00
2.172860246265766904e+00
2.517355665377193130e+00
2.474998668969387694e+00
2.220352498472632607e+00
2.327235431346527328e+00
2.517389222219002409e+00
2.301450914223192257e+00
2.639713347907866492e+00
2.445828854582609679e+00
2.548262425735885461e+00
2.613947183623273052e+00
2.357294136594708434e+00
2.339528853065431679e+00
2.534031660714089806e+00
2.380458404751736090e+00
2.262154693546482243e+00
2.547055830317774827e+00
2.532189551088921409e+00
2.599298037545014761e+00
2.104507037731033314e+00
1.916962944532109248e+00
2.162963874836147937e+00
1.983634930127731177e+00
2.186674553164175361e+00
2.293005872479206175e+00
1.702327771655061106e+00
1.921559552317677833e+00
1.525285844312212369e+00
1.828437599145668280e+00
1.848851801639012749e+00
2.094058079747862955e+00
1.987693447767045374e+00
1.770210655537162392e+00
1.806288609875703832e+00
2.212369921736956790e+00
2.242021543343170720e+00
2.398593376863276561e+00
2.340657810539519712e+00
2.388864031161406221e+00
2.263165749060380705e+00
2.079742525944547893e+00
2.174209464684903281e+00
2.022418409348889057e+00
2.188369294498898388e+00
2.449723361066128646e+00
2.602309973763072826e+00
2.020524339420270099e+00
2.284885199392057142e+00
2.376990159148200110e+00
2.314623395563041086e+00
2.262133275570372248e+00
2.503689731164133292e+00
2.363713323529677446e+00
2.351877259833186962e+00
2.522247709431606477e+00
2.445472011040562776e+00
2.268587902751908469e+00
2.494521586371318822e+00
2.582616775073898641e+00
2.505474587121890639e+00
2.641813509471274024e+00
2.542847317660112516e+00
2.687747537526721242e+00
2.495304343514595402e+00
2.572191211298654245e+00
2.501215896340343470e+00
1.976927412590368638e+00
2.121328249328119142e+00
2.142310723531791528e+00
1.749917516466311440e+00
2.028432667171343962e+00
1.792538803884928145e+00
2.115411869094610875e+00
2.002708342100275818e+00
1.948108121991460884e+00
2.279751444651709757e+00
2.006084168756351982e+00
2.129144311369203013e+00
2.040079229474672573e+00
2.318949708575249069e+00
2.180440222734229661e+00
2.153038360882036706e+00
2.414779454940396697e+00
2.231368429030975875e+00
2.234930763569236589e+00
2.331381493967394025e+00
2.258702791003692756e+00
2.195666377801285929e+00
1.816359889310258824e+00
2.068614497796260832e+00
2.124173484911956233e+00
2.179920301182847187e+00
2.276509587478784180e+00
2.143908307356460874e+00
2.291688509568397869e+00
2.204761072636506558e+00
2.234896609729263073e+00
2.450207025841504738e+00
2.308688499496167168e+00
2.351102428102925579e+00
2.461774170390029770e+00
2.414857115149242173e+00
2.390271866980921978e+00
2.568935086886006580e+00
2.495127926302489918e+00
2.412310471356104102e+00
2.450813093300101109e+00
2.574801112451905016e+00
2.379977319676048086e+00
2.315151304949629285e+00
2.489757442075421601e+00
2.568034484642069959e+00
2.485096008809501100e+00
2.452796257724792817e+00
2.406378879509849966e+00
2.637108891722173443e+00
2.655254162059152101e+00
2.405106344961794651e+00
2.660183989328712695e+00
2.321358167875184453e+00
2.422332003458413929e+00
2.702792268620140437e+00
2.394776076246593277e+00
2.441714285005230689e+00
2.411657420823555942e+00
2.355375960354517684e+00
2.350179465832903603e+00
2.461289179093794743e+00
2.479333161403924013e+00
1.825088994194725256e+00
2.071651935548025403e+00
1.949525797547186023e+00
2.134769143152142057e+00
2.132272719045054554e+00
2.138380573566646348e+00
2.121693669605516419e+00
2.058320136367682185e+00
2.000151273115456707e+00
2.124177952523383262e+00
2.123123299194642044e+00
1.968842631054151360e+00
1.974918828219903943e+00
2.025617949769266790e+00
2.253398701626291079e+00
2.016544967020975410e+00
1.917795383543364096e+00
2.210740158068077665e+00
1.926695825972458032e+00
2.039950388207696363e+00
2.066999134558403561e+00
2.531049369385955039e+00
2.052637548598167161e+00
2.080393633998356417e+00
2.339465402623962742e+00
2.248183272588395010e+00
2.067767004562106159e+00
2.129393335017343514e+00
2.315856673986854908e+00
2.208491833382103753e+00
2.229305757497115792e+00
2.228452378587946203e+00
2.104934665048594056e+00
2.340539241721917296e+00
2.463763475708872441e+00
2.438581389115132669e+00
2.387520975968262960e+00
2.019561201671051798e+00
2.042896410265428120e+00
2.105609847925764555e+00
2.158340652208444954e+00
2.443667357462969925e+00
2.434843357698969424e+00
2.384754792811451196e+00
2.109103208207566471e+00
2.114329038032396912e+00
2.203352707459798054e+00
2.100320630368717634e+00
2.301457143800448968e+00
2.118566825992450386e+00
1.993651038042632440e+00
2.146880527638263203e+00
2.114020818921409361e+00
2.090085243791428127e+00
2.085453121840588064e+00
2.183982376651067092e+00
2.279926142016398316e+00
2.468939442413608631e+00
2.184056862745811234e+00
2.073074267590742537e+00
2.397647687825876339e+00
2.388823204630085684e+00
2.462063224800194572e+00
2.130385403272168521e+00
2.381882474495185864e+00
2.253880428091652899e+00
2.350752299405048706e+00
2.443588924363340187e+00
2.171101955472649614e+00
2.538041751777228683e+00
2.266459661912582302e+00
2.449334166398269286e+00
2.286980942996297284e+00
2.560145457812283976e+00
2.370076941026860506e+00
2.313160440648097449e+00
2.517581463855056434e+00
2.185104220378618400e+00
2.351839675652288797e+00
2.334161448011845330e+00
2.612828848470305498e+00
2.258974610525683602e+00
2.207094239911155054e+00
2.291772229131300076e+00
2.239056864124948643e+00
2.174617756234532351e+00
2.177368621950224181e+00
2.224385931113159742e+00
2.203572859228139613e+00
2.162672529604681593e+00
2.414004442515358395e+00
2.068842248190284838e+00
2.296022143759716805e+00
2.312632578404755890e+00
2.447936718972566261e+00
2.430259067863222100e+00
2.294823244207808255e+00
2.295238585253371877e+00
2.271924295659104143e+00
2.435088172224352920e+00
2.253471938180662715e+00
2.528792918974583248e+00
2.373391281898549643e+00
2.457793550414845818e+00
2.468571754224689219e+00
2.694133074502154557e+00
2.487147550117125849e+00
2.566323924529260392e+00
2.674747614621538983e+00
2.642255689148575115e+00
2.489579634217900406e+00
2.389663859512773048e+00
2.429713088616692218e+00
2.423802863611760561e+00
2.384087331763366624e+00
2.413757111220010909e+00
2.293294436055065333e+00
2.103794076811089653e+00
1.983405334437641443e+00
2.263299223427271301e+00
1.968330549806393437e+00
2.168794349714252334e+00
2.094085091410817778e+00
2.161377773564166382e+00
2.333857307332488862e+00
2.479291472989273437e+00
2.319714873059484983e+00
2.396494088525975563e+00
2.673625345375598261e+00
2.143010237134646445e+00
2.157149547159427527e+00
2.393128570475544059e+00
2.453518980145059647e+00
2.427671354089205646e+00
2.413899312287540067e+00
2.240302355740365847e+00
2.586271900258306999e+00
2.528088210141987702e+00
2.360412610243210363e+00
2.579218931255654379e+00
2.337251922930702275e+00
2.363765474863106064e+00
2.214164126714385894e+00
2.573450109422793730e+00
2.515656782354778187e+00
2.276684021314218320e+00
2.649112855504816899e+00
2.500225743159083081e+00
2.606606226479281307e+00
2.199411909745329297e+00
2.194866025425205702e+00
2.135561309671856645e+00
2.238621210680227680e+00
2.132232481831694226e+00
2.177895520323720469e+00
2.260170811281779990e+00
1.950310494792889093e+00
1.992127066020817017e+00
1.838356886481037122e+00
1.903851766105078891e+00
2.124908074767189792e+00
2.008116770298846276e+00
2.039071421776589510e+00
2.109163861119943029e+00
2.116768740213105904e+00
1.897147642470622841e+00
2.262385623471068197e+00
2.244569151198108070e+00
2.455364696385015755e+00
2.350530635168632809e+00
2.282463524478892669e+00
2.383820533722544432e+00
2.174372745915955640e+00
2.179019571687173418e+00
2.252298064355093388e+00
2.010995277383287316e+00
2.266404130152730900e+00
2.223794402234607226e+00
2.210858990641096700e+00
2.323657844180252230e+00
2.343894021513837078e+00
2.248177867130744190e+00
2.225609033447081941e+00
2.285789138818082211e+00
2.416100714671765015e+00
2.411241876837012299e+00
2.369191110703248171e+00
2.310677719153828580e+00
2.218784418903022360e+00
2.440814212604678346e+00
2.373629082251135891e+00
2.367630214199528904e+00
2.412902206250432169e+00
2.479349295546478871e+00
2.455545391830517676e+00
2.235086616289553962e+00
2.434938043090010051e+00
2.530161333604288298e+00
2.682072262438522259e+00
2.609099149417454910e+00
2.458625620757867836e+00
2.498562295635459396e+00
2.490235869971946681e+00
2.534887858783406500e+00
2.043582709026884547e+00
2.123946044328271388e+00
2.108473162141496715e+00
2.046865055639705666e+00
2.276108771307399969e+00
2.358135487985529632e+00
2.517060939633471772e+00
2.482274134242099972e+00
2.130333761100567713e+00
2.154796995765232204e+00
1.984452028732049955e+00
2.062051966058167984e+00
2.078372277052495498e+00
1.977181238998251489e+00
1.997862600567043234e+00
1.993310084520805825e+00
2.015256110074670204e+00
2.001678811002557623e+00
2.279285526603903378e+00
1.961717035719478419e+00
2.190985447597178393e+00
2.225380668019047103e+00
2.088715296036640634e+00
2.101870712460744084e+00
2.165542838170603002e+00
2.330827761951949739e+00
2.353731468571485852e+00
2.332589235768476321e+00
2.390167542947519319e+00
2.405844595038217015e+00
2.437066499816214371e+00
2.538679132764869451e+00
2.327920099227906992e+00
2.574086300649027326e+00
2.375125971432028305e+00
2.442747608621245181e+00
2.659276457735472388e+00
2.616875204803546406e+00
2.435828870273136104e+00
2.690357153934511469e+00
2.482447751773995126e+00
2.269211720734198856e+00
2.471417200630878774e+00
2.377378659227288082e+00
2.287844811832877134e+00
2.384314316764216013e+00
2.473025548138092056e+00
2.416747150128854216e+00
