1.669510761819446909e+00
1.529348293406195713e+00
1.484388160279340507e+00
1.524304868943512137e+00
1.484556771874599113e+00
1.599269075475166613e+00
1.736178392118390645e+00
1.780652296939617463e+00
1.661250454971828994e+00
1.525898051315018433e+00
1.683548604998093445e+00
1.696590456735548758e+00
1.681887666475837761e+00
1.709717065676405579e+00
1.804846426720189356e+00
1.675416842861074063e+00
1.636017094721955889e+00
1.851879054353513077e+00
1.577066026657620412e+00
1.792660877409488540e+00
1.769182149582920083e+00
1.852284135568670331e+00
1.775914647967503202e+00
1.708011686726036427e+00
1.709369249961647741e+00
1.768270587471051813e+00
1.637216525884571894e+00
1.852571673534014751e+00
1.678523717020343309e+00
1.912985018001909010e+00
1.593191989075541048e+00
1.629155200621934307e+00
1.568296048175354063e+00
1.737902082974776441e+00
1.687657806501271729e+00
1.817315096183010237e+00
1.795259938714601100e+00
1.536931497341404329e+00
1.471382309859023296e+00
1.540891522464850283e+00
1.836023495407032025e+00
1.661315178507224655e+00
1.704049405849963561e+00
1.610430983260755733e+00
1.663489782143585893e+00
1.801713835198981428e+00
1.775189455482999445e+00
1.710833522426899123e+00
1.841609874167078553e+00
1.743309712428249725e+00
1.618560328626124978e+00
1.549910754469782548e+00
1.688037420467039418e+00
1.564012537211754816e+00
1.533601052309597756e+00
1.682480730336548103e+00
1.666608258154229194e+00
1.761034505708931164e+00
1.630192915943774912e+00
1.611937110389158656e+00
1.615140475350118843e+00
1.556493444858972008e+00
1.567786351747247231e+00
1.650406254427287722e+00
1.649108161470132838e+00
1.826529615785800642e+00
1.680279252870248596e+00
1.602234052760797223e+00
1.653061929380255757e+00
1.811213921987108177e+00
1.778944072100619112e+00
1.913190644743754554e+00
1.759692921399749199e+00
1.539295985344810491e+00
1.616936899264548311e+00
1.881140199385872291e+00
1.721581865890666085e+00
1.925639467030110019e+00
1.586586018869219350e+00
1.753823278716569511e+00
1.629441934937774894e+00
1.751459328983476116e+00
1.636311232723151932e+00
1.603116213314426330e+00
1.679747554386025632e+00
1.829886665646024424e+00
1.902717249182936277e+00
1.914826089288033772e+00
1.846569634223331757e+00
1.595886102109764337e+00
1.642807167999607243e+00
1.614261915142261916e+00
1.547470968162133254e+00
1.561759136889694144e+00
1.583510477199077560e+00
1.667042838709678287e+00
1.773337980902880195e+00
1.705560474394874015e+00
1.873061669125041684e+00
1.767129646163865919e+00
