1.798464832423531279e+00
1.641929379195163463e+00
1.588634130513725484e+00
1.590781634271401401e+00
1.588682511137991415e+00
1.673698530605789658e+00
1.753961671427758828e+00
1.750354535796167621e+00
1.666054878382632110e+00
1.606236571453471429e+00
1.773630195724518188e+00
1.756849676050127096e+00
1.773784133558314657e+00
1.884353261033622884e+00
1.942569802119356259e+00
1.806149583527181468e+00
1.691605907829120126e+00
1.881118094914619121e+00
1.642848486134061980e+00
1.828710698858885264e+00
1.872989833625784417e+00
1.847339632576178392e+00
1.967853669836883812e+00
1.769493231520904875e+00
1.907558157470985893e+00
1.854758339265272671e+00
1.747925269165602868e+00
1.870837622670165290e+00
1.771444663607733006e+00
1.997574581642552305e+00
1.733238233883084956e+00
1.736744588170485271e+00
1.703025403641698965e+00
1.759450128480598785e+00
1.734116752929702132e+00
1.875340166780794737e+00
1.801717630670288894e+00
1.584993132797177573e+00
1.523951492824277665e+00
1.657830061332360883e+00
1.951178925773137562e+00
1.733152721434535692e+00
1.744089185497746941e+00
1.681856182032776870e+00
1.690096864967692181e+00
1.857412605221708146e+00
1.872900676901436023e+00
1.812589628043053569e+00
1.890210695816255670e+00
1.802992453779603821e+00
1.753190342681719471e+00
1.576935397962354157e+00
1.686410767598753191e+00
1.590607620587099813e+00
1.522552762248162717e+00
1.739402914546968937e+00
1.653413243136891531e+00
1.639708382770866280e+00
1.526382755757569543e+00
1.624169962755489749e+00
1.639558645909101164e+00
1.626826750703928681e+00
1.737917102763932409e+00
1.710823711753533205e+00
1.673210224742525787e+00
1.855050919512894136e+00
1.622206241015157202e+00
1.559123515874942356e+00
1.636916618804761470e+00
1.865705872592464898e+00
1.832754498235142249e+00
1.861052637984671687e+00
1.869574396619039014e+00
1.432016401712019382e+00
1.584950755505466047e+00
1.892658562554849100e+00
1.771951037089434244e+00
1.940034012981057154e+00
1.737627888291327860e+00
1.754496315116264693e+00
1.600800486516644083e+00
1.694863393515237515e+00
1.698592012775035354e+00
1.652099959098784376e+00
1.709533487979800093e+00
1.869151535830792632e+00
1.810535683197808776e+00
1.925135029898306760e+00
1.848908741074704265e+00
1.588766199578648397e+00
1.704239924793990779e+00
1.497623168516382330e+00
1.422898103157272942e+00
1.684799572642222687e+00
1.653535674720463478e+00
1.705561739402865706e+00
1.829665179119525975e+00
1.810884477035212381e+00
1.900354883186488708e+00
1.655648548801438080e+00
